-5.044999999999999485e-01
-8.646000000000000352e-01
-4.249999999999999889e-01
-2.687999999999999834e-01
8.655000000000000471e-01
1.295999999999999930e-01
4.599999999999999922e-02
8.383000000000000451e-01
-2.570999999999999952e-01
7.927999999999999492e-01
-6.229000000000000092e-01
8.665000000000000480e-01
9.955000000000000515e-01
4.519000000000000239e-01
4.760000000000000342e-02
-8.970000000000000195e-02
-5.061999999999999833e-01
-8.688000000000000167e-01
3.249000000000000221e-01
7.712999999999999856e-01
1.140000000000000041e-01
-7.720000000000000195e-01
-5.395999999999999686e-01
3.109000000000000097e-01
2.192000000000000060e-01
8.078999999999999515e-01
8.510999999999999677e-01
-9.824000000000000510e-01
-5.969999999999999751e-01
-1.179999999999999938e-01
7.500999999999999890e-01
-9.977000000000000313e-01
-2.978000000000000091e-01
1.650999999999999968e-01
-3.059000000000000052e-01
1.930000000000000118e-02
6.491000000000000103e-01
4.305999999999999828e-01
-5.716999999999999860e-01
7.844999999999999751e-01
-6.320000000000000617e-02
-5.054999999999999494e-01
-1.000000000000000021e-03
9.969000000000000083e-01
2.833999999999999853e-01
-5.194999999999999618e-01
3.400000000000000244e-02
5.627999999999999670e-01
-9.357999999999999652e-01
-7.531999999999999806e-01
-3.593000000000000083e-01
-4.676000000000000156e-01
-9.872999999999999554e-01
6.353999999999999648e-01
-8.766000000000000458e-01
1.810000000000000150e-02
6.242999999999999661e-01
6.750000000000000444e-01
9.260000000000000453e-01
-7.399000000000000021e-01
-3.814000000000000168e-01
-6.589000000000000412e-01
-2.389999999999999902e-01
1.812000000000000000e-01
-2.275999999999999968e-01
5.345999999999999641e-01
4.631000000000000116e-01
-7.335000000000000409e-01
1.370000000000000037e-02
4.484000000000000208e-01
6.539000000000000368e-01
-4.489000000000000212e-01
-6.894000000000000128e-01
7.380999999999999783e-01
7.058999999999999719e-01
-9.908000000000000140e-01
6.239000000000000101e-01
-1.059999999999999970e-01
8.799000000000000155e-01
-2.248999999999999888e-01
6.626999999999999558e-01
3.425000000000000266e-01
-6.040999999999999703e-01
3.251000000000000001e-01
6.012999999999999456e-01
4.600000000000000200e-01
6.226000000000000423e-01
-2.230000000000000038e-01
-5.362999999999999989e-01
-8.101000000000000423e-01
7.940000000000000391e-01
5.774000000000000243e-01
1.471000000000000085e-01
-4.149999999999999800e-01
-6.538000000000000478e-01
3.625999999999999779e-01
9.700000000000000289e-02
-4.573999999999999733e-01
3.729000000000000092e-01
-2.519000000000000128e-01
