-3.610000000000000014e-02
2.922000000000000153e-01
-7.409999999999999920e-02
-5.744000000000000217e-01
8.786000000000000476e-01
4.147000000000000131e-01
-4.062000000000000055e-01
3.783000000000000251e-01
-1.867999999999999938e-01
-6.683000000000000052e-01
4.746000000000000218e-01
-7.134000000000000341e-01
8.540000000000000369e-02
9.700000000000000289e-02
-3.352999999999999869e-01
3.185999999999999943e-01
9.360000000000000542e-01
-5.644000000000000128e-01
9.953999999999999515e-01
1.622999999999999998e-01
-8.368999999999999773e-01
-3.422000000000000042e-01
5.169000000000000261e-01
-2.018000000000000071e-01
-2.325000000000000122e-01
-5.040000000000000036e-01
-8.389999999999999680e-01
-8.729999999999999982e-01
-9.555000000000000160e-01
-5.834000000000000297e-01
2.908000000000000029e-01
-2.399000000000000021e-01
5.396999999999999575e-01
-8.041000000000000369e-01
-8.938000000000000389e-01
1.165000000000000063e-01
8.750000000000000000e-01
2.675000000000000155e-01
5.597999999999999643e-01
6.032999999999999474e-01
3.168000000000000260e-01
-5.679999999999999494e-01
-1.975000000000000089e-01
-7.670000000000000151e-01
-9.725000000000000311e-01
3.936999999999999944e-01
-7.334000000000000519e-01
2.394999999999999907e-01
-2.786000000000000143e-01
8.208999999999999631e-01
7.923999999999999932e-01
-2.697999999999999843e-01
8.249999999999999556e-01
-6.807999999999999607e-01
-5.032999999999999696e-01
-1.713000000000000078e-01
5.823000000000000398e-01
3.270000000000000129e-01
-9.382000000000000339e-01
-9.716000000000000192e-01
1.995000000000000107e-01
-4.621000000000000107e-01
-4.801000000000000267e-01
-2.737999999999999878e-01
5.170000000000000290e-02
-1.943000000000000005e-01
2.114000000000000046e-01
1.593999999999999861e-01
4.423000000000000265e-01
-9.667999999999999927e-01
3.403999999999999804e-01
9.566999999999999948e-01
-5.514999999999999902e-01
-7.034000000000000252e-01
5.760999999999999455e-01
2.965999999999999748e-01
6.320000000000000062e-01
-1.257000000000000062e-01
6.995999999999999996e-01
8.284000000000000252e-01
6.248000000000000220e-01
9.108000000000000540e-01
-1.860999999999999877e-01
-1.988000000000000045e-01
-6.329000000000000181e-01
3.760000000000000148e-02
2.325000000000000122e-01
1.978999999999999926e-01
-5.513000000000000123e-01
5.162999999999999812e-01
1.632000000000000117e-01
-7.314000000000000501e-01
6.081999999999999629e-01
-6.848999999999999533e-01
3.835000000000000075e-01
-5.591000000000000414e-01
8.843999999999999639e-01
-5.927000000000000046e-01
-2.021000000000000019e-01
5.858999999999999764e-01
