-3.256000000000000005e-01
1.587999999999999967e-01
-7.682999999999999829e-01
1.640000000000000138e-02
3.093000000000000194e-01
-9.348999999999999533e-01
7.090999999999999526e-01
-1.887999999999999956e-01
-6.946999999999999842e-01
9.861999999999999655e-01
9.334999999999999964e-01
-2.832999999999999963e-01
-9.408999999999999586e-01
6.157000000000000250e-01
6.181999999999999718e-01
3.698000000000000176e-01
5.350000000000000311e-01
-4.860999999999999766e-01
9.063999999999999835e-01
-9.596000000000000085e-01
-5.475999999999999757e-01
-8.367999999999999883e-01
-7.291999999999999593e-01
7.459999999999999964e-01
7.711000000000000076e-01
-1.711999999999999911e-01
9.751999999999999558e-01
4.001000000000000112e-01
6.090999999999999748e-01
3.266999999999999904e-01
-2.273000000000000020e-01
1.383999999999999952e-01
6.078000000000000069e-01
-3.341999999999999971e-01
-1.239999999999999991e-01
-8.575000000000000400e-01
3.336000000000000076e-01
7.471999999999999753e-01
-6.128000000000000114e-01
-9.989000000000000101e-01
-7.680000000000000160e-01
2.343000000000000083e-01
-8.401999999999999469e-01
-4.889000000000000012e-01
1.217000000000000026e-01
-3.181999999999999829e-01
-5.048000000000000265e-01
9.526000000000000023e-01
-7.200999999999999623e-01
-1.796000000000000096e-01
-1.773000000000000131e-01
4.452999999999999736e-01
-2.612999999999999767e-01
1.549999999999999989e-02
-6.541000000000000147e-01
9.145999999999999686e-01
-2.769999999999999893e-02
-3.552000000000000157e-01
-9.296999999999999709e-01
-7.911000000000000254e-01
5.061999999999999833e-01
4.870000000000000023e-02
9.401000000000000467e-01
9.123999999999999888e-01
-2.592999999999999750e-01
2.770000000000000240e-01
1.862999999999999934e-01
5.885000000000000231e-01
5.604999999999999982e-01
5.709999999999999520e-01
6.803000000000000158e-01
4.565000000000000169e-01
-7.663999999999999702e-01
-2.160999999999999865e-01
1.519999999999999997e-02
2.358000000000000096e-01
7.382999999999999563e-01
3.065999999999999837e-01
1.925999999999999934e-01
-6.700000000000000400e-02
1.393000000000000071e-01
6.863000000000000211e-01
9.316999999999999726e-01
-8.586000000000000298e-01
7.828000000000000513e-01
-4.434000000000000163e-01
3.533999999999999919e-01
9.314000000000000057e-01
-5.591000000000000414e-01
-2.687999999999999834e-01
-2.629000000000000226e-01
6.937999999999999723e-01
-2.548000000000000265e-01
-1.859000000000000097e-01
5.493999999999999995e-01
3.129000000000000115e-01
-4.154999999999999805e-01
7.842999999999999972e-01
-3.691999999999999726e-01
-4.578999999999999737e-01
