-3.467999999999999972e-01
-4.023999999999999799e-01
-1.947000000000000119e-01
1.277999999999999969e-01
-1.718000000000000083e-01
7.560000000000000053e-01
-3.362999999999999878e-01
-3.610999999999999766e-01
2.001999999999999891e-01
1.723000000000000087e-01
-7.964999999999999858e-01
-6.835999999999999854e-01
-5.139000000000000234e-01
9.715000000000000302e-01
-1.060000000000000005e-02
-7.436000000000000387e-01
7.944999999999999840e-01
5.605999999999999872e-01
5.415999999999999703e-01
-6.996999999999999886e-01
-3.252999999999999781e-01
-8.780000000000000304e-02
-8.649000000000000021e-01
5.353999999999999870e-01
4.335999999999999854e-01
9.475999999999999979e-01
-5.829999999999999627e-01
7.818000000000000504e-01
-1.547999999999999932e-01
7.000000000000000146e-03
-9.714000000000000412e-01
-4.313000000000000167e-01
1.826000000000000123e-01
-5.016000000000000458e-01
5.816000000000000059e-01
-3.109999999999999987e-01
8.211000000000000520e-01
-1.995000000000000107e-01
-9.327999999999999625e-01
-2.469999999999999973e-02
-8.179999999999999771e-02
-8.889000000000000234e-01
1.726000000000000034e-01
-1.192000000000000004e-01
1.328999999999999904e-01
-5.977999999999999980e-01
-2.280000000000000082e-01
4.838000000000000078e-01
6.671000000000000263e-01
4.981999999999999762e-01
-1.430000000000000021e-02
-2.954999999999999849e-01
-9.232000000000000206e-01
3.219999999999999946e-02
5.695999999999999952e-01
-8.190000000000000058e-02
-1.754999999999999893e-01
-9.857000000000000206e-01
-1.356999999999999873e-01
-8.568000000000000060e-01
8.377999999999999892e-01
-4.599999999999999922e-02
-1.769000000000000017e-01
-2.306999999999999884e-01
-4.428000000000000269e-01
6.219999999999999835e-02
2.349999999999999867e-01
3.962999999999999856e-01
1.102000000000000063e-01
4.904999999999999916e-01
2.903999999999999915e-01
-2.812999999999999945e-01
1.980000000000000093e-01
6.980000000000000093e-02
-9.683000000000000496e-01
2.949999999999999845e-02
-9.344000000000000083e-01
6.640000000000000346e-01
-9.294999999999999929e-01
-3.295000000000000151e-01
2.659000000000000252e-01
-3.330000000000000321e-02
3.126999999999999780e-01
-2.965999999999999748e-01
4.082000000000000073e-01
-9.134999999999999787e-01
-9.110000000000000042e-02
-8.589999999999999858e-01
8.027999999999999581e-01
9.903999999999999471e-01
-7.593999999999999639e-01
8.542999999999999483e-01
-4.449000000000000177e-01
7.760000000000000231e-01
-9.993999999999999551e-01
-4.406999999999999806e-01
-6.430000000000000160e-01
1.295000000000000040e-01
-5.112999999999999767e-01
1.250000000000000000e-01
