5.022999999999999687e-01
1.050999999999999990e-01
-9.829999999999999849e-02
5.626999999999999780e-01
2.096000000000000085e-01
-3.678000000000000158e-01
4.734999999999999765e-01
-5.092999999999999750e-01
8.571999999999999620e-01
8.409999999999999420e-02
-1.329999999999999932e-02
-8.390999999999999570e-01
5.090999999999999970e-01
-5.986000000000000210e-01
-2.948000000000000065e-01
-9.787000000000000144e-01
-6.228000000000000203e-01
-7.243000000000000549e-01
-6.599999999999999964e-03
-7.755999999999999561e-01
-3.327999999999999847e-01
3.523000000000000020e-01
6.775999999999999801e-01
4.083999999999999853e-01
6.993000000000000327e-01
-9.483000000000000318e-01
-9.032000000000000028e-01
-6.402999999999999803e-01
3.014000000000000012e-01
-7.508000000000000229e-01
2.916000000000000258e-01
3.113000000000000211e-01
-9.022000000000000020e-01
4.793999999999999928e-01
-9.920999999999999819e-01
9.978000000000000203e-01
-5.409000000000000474e-01
-2.901000000000000245e-01
-1.711999999999999911e-01
-6.152999999999999581e-01
3.619999999999999885e-01
-7.682999999999999829e-01
-1.009000000000000036e-01
8.305000000000000160e-01
3.751999999999999780e-01
8.317999999999999838e-01
8.496000000000000218e-01
-1.669999999999999957e-02
-6.514999999999999680e-01
-8.249999999999999556e-01
2.939999999999999836e-01
8.419999999999999707e-01
-2.427999999999999881e-01
-5.976000000000000201e-01
9.943999999999999506e-01
-3.482999999999999985e-01
4.929999999999999660e-02
-4.174999999999999822e-01
-3.191999999999999837e-01
4.946999999999999731e-01
2.723999999999999755e-01
3.674999999999999933e-01
8.500999999999999668e-01
6.584999999999999742e-01
2.308000000000000052e-01
-6.584999999999999742e-01
3.988999999999999768e-01
6.582999999999999963e-01
4.299999999999999933e-01
-9.493000000000000327e-01
1.343999999999999917e-01
-1.633999999999999897e-01
-6.798999999999999488e-01
9.854000000000000536e-01
5.430000000000000382e-01
-2.354999999999999871e-01
4.300999999999999823e-01
4.474000000000000199e-01
-8.129999999999999449e-01
7.109999999999999654e-01
7.109999999999999654e-02
-8.941000000000000059e-01
-7.665999999999999481e-01
-9.758000000000000007e-01
3.412999999999999923e-01
-7.952000000000000179e-01
3.432999999999999940e-01
-3.261999999999999900e-01
-6.475999999999999535e-01
-6.005000000000000338e-01
3.426000000000000156e-01
-9.011000000000000121e-01
3.356999999999999984e-01
4.842000000000000193e-01
5.197000000000000508e-01
-1.875000000000000000e-01
7.629000000000000226e-01
-2.838999999999999857e-01
2.170000000000000054e-02
6.142999999999999572e-01
