-1.935999999999999943e-01
6.133999999999999453e-01
-7.256000000000000227e-01
5.340000000000000302e-02
4.163999999999999924e-01
4.949000000000000066e-01
-1.429999999999999882e-01
1.827000000000000013e-01
5.455999999999999739e-01
-4.718999999999999861e-01
-5.439999999999999697e-02
-7.758000000000000451e-01
5.721000000000000529e-01
-1.779000000000000026e-01
-4.348000000000000198e-01
4.025000000000000244e-01
-4.620000000000000218e-01
-6.622000000000000108e-01
-4.264000000000000012e-01
-4.354000000000000092e-01
6.052999999999999492e-01
2.554000000000000159e-01
8.546000000000000263e-01
5.914000000000000368e-01
7.337000000000000188e-01
9.947000000000000286e-01
1.799999999999999864e-02
9.448999999999999622e-01
5.473000000000000087e-01
2.607999999999999763e-01
8.709999999999999964e-01
-1.700000000000000122e-02
8.004000000000000004e-01
2.939999999999999905e-02
3.161999999999999811e-01
-2.285999999999999976e-01
-3.104999999999999982e-01
8.730999999999999872e-01
-3.700999999999999845e-01
9.253000000000000114e-01
1.526000000000000134e-01
6.675999999999999712e-01
-5.397999999999999465e-01
2.389000000000000012e-01
-4.406999999999999806e-01
-9.905000000000000471e-01
6.506999999999999451e-01
-5.506999999999999673e-01
3.761999999999999789e-01
-4.784999999999999809e-01
-1.758000000000000118e-01
-4.405000000000000027e-01
6.124000000000000554e-01
2.958999999999999964e-01
2.800000000000000058e-02
-1.593999999999999861e-01
-8.270999999999999464e-01
-5.489000000000000545e-01
7.907999999999999474e-01
-2.021999999999999909e-01
1.161999999999999977e-01
-8.530000000000000082e-02
2.212000000000000077e-01
8.477999999999999980e-01
-1.119999999999999989e-02
-7.410999999999999810e-01
-5.457999999999999519e-01
-3.739000000000000101e-01
-3.599999999999999728e-02
-6.044000000000000483e-01
4.853999999999999981e-01
3.891999999999999904e-01
4.097000000000000086e-01
8.359999999999999376e-02
-6.061999999999999611e-01
4.734999999999999765e-01
9.800000000000000377e-02
1.034000000000000058e-01
-4.960999999999999854e-01
6.980000000000000093e-02
2.505000000000000004e-01
-9.001000000000000112e-01
-5.264999999999999680e-01
-7.530000000000000027e-01
-3.755000000000000004e-01
6.294999999999999485e-01
-3.418999999999999817e-01
6.481999999999999984e-01
-9.362000000000000322e-01
-3.291999999999999926e-01
-3.714000000000000079e-01
-2.767000000000000015e-01
-4.307000000000000273e-01
5.489999999999999741e-02
8.711999999999999744e-01
1.335000000000000075e-01
-8.035999999999999810e-01
-5.264999999999999680e-01
-9.293000000000000149e-01
1.098999999999999977e-01
