-7.602999999999999758e-01
-4.898000000000000131e-01
6.084000000000000519e-01
-1.008000000000000007e-01
3.776999999999999802e-01
-7.549999999999999767e-02
5.157000000000000473e-01
-3.200999999999999956e-01
1.507999999999999896e-01
-7.401999999999999691e-01
-1.423000000000000098e-01
-9.961999999999999744e-01
9.112000000000000099e-01
-7.448000000000000176e-01
-9.580999999999999517e-01
1.194000000000000061e-01
4.455999999999999961e-01
-9.908000000000000140e-01
-7.810000000000000275e-01
7.975999999999999757e-01
6.479999999999999649e-02
-8.057999999999999607e-01
-4.108999999999999875e-01
-7.631000000000000005e-01
8.314000000000000279e-01
1.047000000000000014e-01
-6.357000000000000428e-01
6.962000000000000410e-01
-5.022999999999999687e-01
4.849999999999999867e-01
1.716999999999999915e-01
7.669000000000000261e-01
-1.260999999999999899e-01
-2.197000000000000064e-01
6.119999999999999885e-01
3.493999999999999884e-01
8.751999999999999780e-01
-4.487999999999999767e-01
5.380000000000000338e-01
7.580999999999999961e-01
4.661000000000000143e-01
-1.698999999999999955e-01
-8.649000000000000021e-01
-4.657999999999999918e-01
7.428000000000000158e-01
-2.881000000000000227e-01
6.956999999999999851e-01
-2.354999999999999871e-01
7.942000000000000171e-01
9.678999999999999826e-01
6.600000000000000311e-01
-4.568999999999999728e-01
-5.290000000000000258e-02
4.297000000000000264e-01
-6.246000000000000441e-01
5.551000000000000378e-01
-6.414999999999999591e-01
8.166999999999999815e-01
9.030000000000000526e-02
8.899999999999999925e-03
8.588000000000000078e-01
1.050999999999999990e-01
8.058999999999999497e-01
-3.672000000000000264e-01
6.176000000000000378e-01
9.357999999999999652e-01
-1.854999999999999982e-01
4.806000000000000272e-01
-6.427000000000000490e-01
-6.099999999999999867e-02
8.578000000000000069e-01
-2.400000000000000050e-02
1.998000000000000054e-01
5.590000000000000524e-01
4.946999999999999731e-01
-7.642999999999999794e-01
-9.770999999999999686e-01
-9.623000000000000442e-01
1.720000000000000001e-02
3.921000000000000041e-01
-8.385000000000000231e-01
3.592000000000000193e-01
-2.954999999999999849e-01
3.249000000000000221e-01
6.240999999999999881e-01
-8.490000000000000324e-02
-7.459999999999999964e-01
-9.790000000000000091e-02
1.096000000000000030e-01
5.250000000000000222e-01
8.252000000000000446e-01
6.439000000000000279e-01
-2.644000000000000239e-01
-5.957999999999999963e-01
-7.448000000000000176e-01
7.378000000000000114e-01
8.919000000000000261e-01
1.744999999999999885e-01
-7.986999999999999655e-01
-9.084999999999999742e-01
