-7.168999999999999817e-01
-7.900000000000000772e-03
2.701999999999999957e-01
8.447000000000000064e-01
7.809000000000000385e-01
8.598999999999999977e-01
-9.627000000000000002e-01
-8.416000000000000147e-01
7.138999999999999790e-01
-3.392000000000000015e-01
-8.659000000000000030e-01
8.100000000000000255e-02
5.739999999999999547e-01
8.792999999999999705e-01
-2.997000000000000219e-01
-2.629000000000000226e-01
2.691000000000000059e-01
-4.334999999999999964e-01
-7.047999999999999821e-01
-7.842000000000000082e-01
4.738999999999999879e-01
5.403000000000000025e-01
-6.342999999999999750e-01
-6.246000000000000441e-01
-1.918999999999999873e-01
4.692000000000000060e-01
-4.598999999999999755e-01
2.896000000000000241e-01
2.797000000000000042e-01
6.068000000000000060e-01
6.272999999999999687e-01
-7.539000000000000146e-01
-2.412999999999999867e-01
8.082000000000000295e-01
-9.199000000000000510e-01
-8.679000000000000048e-01
-6.130000000000000032e-02
1.293999999999999873e-01
-3.604999999999999871e-01
-7.677000000000000490e-01
9.818000000000000060e-01
2.528000000000000247e-01
8.590999999999999748e-01
3.342999999999999861e-01
-1.420000000000000082e-02
4.848000000000000087e-01
2.659999999999999865e-02
-6.804999999999999938e-01
3.649999999999999911e-01
5.607999999999999652e-01
5.150000000000000133e-01
-3.318999999999999728e-01
-9.312000000000000277e-01
2.051999999999999935e-01
-8.678000000000000158e-01
-4.602999999999999869e-01
-2.273999999999999910e-01
7.109999999999999654e-01
8.911999999999999922e-01
-4.222000000000000197e-01
5.612000000000000322e-01
-3.281999999999999917e-01
7.410999999999999810e-01
5.876000000000000112e-01
-4.717999999999999972e-01
-8.748000000000000220e-01
3.955000000000000182e-01
-2.983000000000000096e-01
-4.067999999999999949e-01
-9.670999999999999597e-01
-6.819999999999999674e-02
2.792000000000000037e-01
3.740999999999999881e-01
-3.280000000000000138e-01
2.722999999999999865e-01
1.449000000000000010e-01
-1.469999999999999953e-02
-2.811000000000000165e-01
9.665000000000000258e-01
-9.896000000000000352e-01
3.699999999999999817e-02
-9.759999999999999787e-01
-9.064999999999999725e-01
-2.129999999999999949e-02
9.382000000000000339e-01
-8.343000000000000416e-01
8.586000000000000298e-01
-4.505000000000000115e-01
9.690000000000000002e-02
-2.346000000000000030e-01
8.066999999999999726e-01
-2.275999999999999968e-01
-3.235000000000000098e-01
-4.889999999999999902e-02
-6.042999999999999483e-01
2.590000000000000080e-01
1.219999999999999973e-01
7.743999999999999773e-01
-3.852999999999999758e-01
1.577000000000000068e-01
