-3.685999999999999832e-01
1.841000000000000136e-01
6.129999999999999893e-01
6.913000000000000256e-01
3.932999999999999829e-01
-3.715999999999999859e-01
3.160999999999999921e-01
-6.934000000000000163e-01
-1.155999999999999944e-01
-8.290999999999999481e-01
-9.795000000000000373e-01
3.479999999999999760e-01
2.286999999999999866e-01
2.786000000000000143e-01
-2.999999999999999889e-01
5.780999999999999472e-01
-7.290999999999999703e-01
-2.353999999999999981e-01
3.968999999999999750e-01
-9.234999999999999876e-01
1.330999999999999961e-01
8.939999999999999336e-02
5.784000000000000252e-01
-5.285999999999999588e-01
6.566999999999999504e-01
8.418999999999999817e-01
9.189999999999999558e-02
-9.719999999999999474e-02
-1.158000000000000002e-01
-8.625000000000000444e-01
-7.466000000000000414e-01
6.616999999999999549e-01
5.214999999999999636e-01
1.456999999999999962e-01
-3.411000000000000143e-01
-6.739000000000000545e-01
-1.600999999999999923e-01
-5.887999999999999901e-01
-1.723999999999999977e-01
3.190999999999999948e-01
-9.439999999999999780e-02
7.940000000000000391e-01
7.681000000000000050e-01
2.742999999999999883e-01
3.156999999999999806e-01
-4.176000000000000267e-01
6.401000000000000023e-01
6.594999999999999751e-01
-3.902999999999999803e-01
-1.574000000000000121e-01
-1.019000000000000045e-01
-6.568000000000000504e-01
8.268999999999999684e-01
-3.956999999999999962e-01
-9.913999999999999480e-01
-4.702000000000000068e-01
-6.983000000000000318e-01
-5.080000000000000071e-01
4.042000000000000037e-01
-9.587999999999999856e-01
-3.815000000000000058e-01
-4.410000000000000031e-01
3.479999999999999760e-02
-5.059000000000000163e-01
-2.622999999999999776e-01
6.898999999999999577e-01
6.618000000000000549e-01
2.681999999999999940e-01
-7.282999999999999474e-01
2.817999999999999949e-01
4.834999999999999853e-01
-7.981000000000000316e-01
-9.415000000000000036e-01
3.870999999999999996e-01
2.434999999999999942e-01
-9.088000000000000522e-01
-2.520000000000000018e-02
-8.282000000000000473e-01
5.580000000000000515e-01
-5.853000000000000425e-01
5.944000000000000394e-01
6.350000000000000089e-01
9.510999999999999455e-01
-1.446000000000000063e-01
5.081999999999999851e-01
9.659999999999999698e-01
8.650999999999999801e-01
8.154000000000000137e-01
3.961000000000000076e-01
7.130000000000000226e-02
4.743999999999999884e-01
-8.850000000000000089e-01
-9.514000000000000234e-01
5.090000000000000080e-02
-9.779999999999999805e-02
5.040000000000000036e-01
-9.375000000000000000e-01
7.137000000000000011e-01
1.155999999999999944e-01
1.307999999999999996e-01
