-3.849000000000000199e-01
3.665999999999999814e-01
-5.697999999999999732e-01
9.376999999999999780e-01
5.234999999999999654e-01
6.346000000000000529e-01
7.487000000000000322e-01
3.427000000000000046e-01
-1.000000000000000056e-01
-4.631000000000000116e-01
4.224999999999999867e-01
-2.713999999999999746e-01
6.369000000000000217e-01
-9.799999999999999822e-01
8.852999999999999758e-01
3.030000000000000054e-02
-3.214000000000000190e-01
-1.053999999999999937e-01
9.538999999999999702e-01
1.419999999999999873e-01
7.431999999999999718e-01
-6.041999999999999593e-01
-7.694999999999999618e-01
4.637999999999999901e-01
-2.259999999999999856e-02
-8.190000000000000058e-02
4.235999999999999766e-01
-3.024000000000000021e-01
4.132000000000000117e-01
-2.798999999999999821e-01
-3.486000000000000210e-01
5.262999999999999901e-01
1.650000000000000078e-01
2.088000000000000134e-01
-5.064999999999999503e-01
8.577000000000000179e-01
-2.726999999999999980e-01
-6.986999999999999877e-01
-3.537000000000000144e-01
-9.418999999999999595e-01
-9.470000000000000639e-02
9.879999999999999893e-02
6.327000000000000401e-01
-5.014999999999999458e-01
6.309000000000000163e-01
-8.399999999999999481e-03
-1.802999999999999881e-01
8.576000000000000290e-01
-9.135999999999999677e-01
-3.700999999999999845e-01
3.483999999999999875e-01
8.214000000000000190e-01
9.377999999999999670e-01
-6.845999999999999863e-01
-8.800000000000000044e-01
-5.455999999999999739e-01
4.025000000000000244e-01
-1.582999999999999963e-01
1.766000000000000070e-01
3.134000000000000119e-01
9.336999999999999744e-01
-3.358999999999999764e-01
-9.812999999999999501e-01
-3.464999999999999747e-01
-1.935000000000000053e-01
-1.948999999999999899e-01
8.151000000000000467e-01
2.351000000000000034e-01
-1.198000000000000037e-01
-4.915999999999999814e-01
-2.958999999999999964e-01
9.897000000000000242e-01
9.573000000000000398e-01
4.627999999999999892e-01
-4.209999999999999853e-02
4.420000000000000040e-01
-3.227999999999999758e-01
2.570000000000000062e-01
4.420000000000000040e-01
5.792000000000000481e-01
-2.011999999999999900e-01
2.043000000000000094e-01
5.069000000000000172e-01
3.438999999999999835e-01
3.906999999999999917e-01
-7.802000000000000046e-01
-3.563000000000000056e-01
9.219000000000000528e-01
-9.343000000000000194e-01
-4.107999999999999985e-01
-4.496999999999999886e-01
2.295000000000000095e-01
3.689999999999999947e-01
-4.848000000000000087e-01
-3.659999999999999920e-01
6.908999999999999586e-01
5.363999999999999879e-01
2.957000000000000184e-01
-1.385000000000000120e-01
4.433000000000000274e-01
