6.556999999999999496e-01
5.037000000000000366e-01
2.888999999999999901e-01
-7.409000000000000030e-01
7.420000000000000207e-02
4.526999999999999913e-01
-5.430000000000000104e-02
3.608000000000000096e-01
1.401999999999999913e-01
9.550000000000000155e-02
-8.715000000000000524e-01
-3.643000000000000127e-01
-7.840000000000000302e-01
8.192000000000000393e-01
-9.375999999999999890e-01
-9.768999999999999906e-01
6.872000000000000330e-01
3.316000000000000059e-01
4.646000000000000130e-01
-4.321999999999999731e-01
1.067000000000000032e-01
-7.358999999999999986e-01
-8.290999999999999481e-01
2.031000000000000028e-01
9.231000000000000316e-01
-1.612000000000000099e-01
1.980000000000000163e-02
-9.969000000000000083e-01
-5.460000000000000270e-02
-9.323000000000000176e-01
4.193999999999999950e-01
-8.722999999999999643e-01
-5.399000000000000465e-01
4.510000000000000120e-01
-3.603999999999999981e-01
5.423999999999999932e-01
-3.388999999999999790e-01
-5.869999999999999662e-01
2.948999999999999955e-01
-4.994999999999999996e-01
7.889000000000000457e-01
-7.292999999999999483e-01
6.181999999999999718e-01
1.512999999999999901e-01
-9.193999999999999950e-01
2.932000000000000162e-01
7.810000000000000275e-01
-5.756000000000000005e-01
-3.400000000000000244e-02
3.680999999999999828e-01
5.152999999999999803e-01
-7.812000000000000055e-01
-1.607999999999999985e-01
6.964000000000000190e-01
-8.204000000000000181e-01
7.026999999999999913e-01
-6.719999999999999585e-02
7.375000000000000444e-01
3.469999999999999751e-01
4.264999999999999902e-01
-8.665000000000000480e-01
-6.542999999999999927e-01
7.400000000000000328e-03
-7.167000000000000037e-01
7.617000000000000437e-01
-5.961999999999999522e-01
5.583000000000000185e-01
-1.683999999999999941e-01
2.393000000000000127e-01
7.023000000000000353e-01
-5.779999999999999721e-02
7.651000000000000023e-01
4.245999999999999774e-01
7.973000000000000087e-01
3.860000000000000236e-02
3.810000000000000053e-01
-5.717999999999999750e-01
-5.736999999999999877e-01
1.933999999999999886e-01
5.723000000000000309e-01
-9.758000000000000007e-01
1.920000000000000040e-01
9.088000000000000522e-01
4.118999999999999884e-01
-6.262999999999999678e-01
-2.619000000000000217e-01
2.030000000000000138e-01
-6.502000000000000002e-01
-2.671000000000000041e-01
-8.185000000000000053e-01
-6.308000000000000274e-01
7.701000000000000068e-01
-7.344000000000000528e-01
-1.474000000000000032e-01
4.250000000000000305e-02
6.743000000000000105e-01
-7.682999999999999829e-01
7.864999999999999769e-01
-4.257000000000000228e-01
2.439000000000000057e-01
