1.337000000000000133e-01
-7.549999999999999767e-02
9.347999999999999643e-01
-2.227000000000000091e-01
-1.000000000000000021e-03
1.000999999999999945e-01
-1.824000000000000066e-01
1.194999999999999951e-01
2.026000000000000023e-01
6.151999999999999691e-01
3.770999999999999908e-01
-1.102000000000000063e-01
8.434000000000000385e-01
8.129999999999999727e-02
-5.914000000000000368e-01
-1.620999999999999941e-01
-3.604999999999999871e-01
3.220000000000000084e-01
1.504999999999999949e-01
7.739000000000000323e-01
-3.194000000000000172e-01
9.078000000000000513e-01
-8.034999999999999920e-01
-2.129999999999999949e-02
-5.927999999999999936e-01
-4.887000000000000233e-01
3.673000000000000154e-01
-5.313999999999999835e-01
-9.767000000000000126e-01
8.927000000000000490e-01
5.662000000000000366e-01
-4.858000000000000096e-01
-3.200999999999999956e-01
-3.170999999999999930e-01
7.648000000000000353e-01
4.710000000000000298e-02
4.215999999999999748e-01
-6.788999999999999480e-01
8.227999999999999758e-01
1.010000000000000064e-01
-5.916000000000000147e-01
-3.930000000000000160e-01
-2.384000000000000008e-01
-7.188999999999999835e-01
-4.036000000000000143e-01
7.819000000000000394e-01
1.214999999999999969e-01
-7.215000000000000302e-01
-1.786999999999999977e-01
-6.674999999999999822e-01
-5.544000000000000039e-01
2.013999999999999957e-01
7.070999999999999508e-01
1.746999999999999942e-01
-7.463999999999999524e-01
-7.577000000000000401e-01
-1.855999999999999872e-01
-7.158999999999999808e-01
7.862999999999999989e-01
1.066000000000000003e-01
-9.678999999999999826e-01
1.244999999999999996e-01
7.987999999999999545e-01
-4.461999999999999855e-01
-3.667000000000000259e-01
1.675999999999999990e-01
5.332000000000000073e-01
7.999000000000000554e-01
-6.260999999999999899e-01
2.938000000000000056e-01
7.372999999999999554e-01
1.603999999999999870e-01
-7.489999999999999991e-01
7.820000000000000284e-01
1.355000000000000093e-01
4.672999999999999932e-01
9.320000000000000506e-02
-5.806000000000000050e-01
-9.429999999999999494e-02
6.659000000000000474e-01
-5.699999999999999512e-01
-3.830000000000000071e-02
-3.125000000000000000e-01
-8.726000000000000423e-01
-7.953000000000000069e-01
-4.576000000000000068e-01
-6.488000000000000433e-01
-2.277000000000000135e-01
-4.111000000000000210e-01
4.295999999999999819e-01
4.329999999999999960e-01
2.710000000000000187e-01
-9.629999999999999671e-01
9.245999999999999774e-01
3.660000000000000059e-02
-5.073999999999999622e-01
-1.779999999999999916e-01
9.590999999999999526e-01
-6.959999999999999520e-02
8.630000000000000171e-02
