3.356999999999999984e-01
8.832999999999999741e-01
-7.351999999999999647e-01
4.119999999999999774e-01
-5.054999999999999494e-01
7.533999999999999586e-01
-8.524000000000000465e-01
5.449000000000000510e-01
-2.474000000000000088e-01
1.766000000000000070e-01
-3.632000000000000228e-01
8.518000000000000016e-01
7.687000000000000499e-01
2.374999999999999889e-01
-4.128999999999999893e-01
-7.476000000000000423e-01
-8.326999999999999957e-01
-7.219999999999999751e-01
-5.332000000000000073e-01
8.359999999999999654e-01
-8.089999999999999969e-02
2.142999999999999905e-01
-8.201000000000000512e-01
5.623000000000000220e-01
-8.205999999999999961e-01
2.670000000000000151e-02
8.658000000000000140e-01
7.502999999999999670e-01
1.917999999999999983e-01
-8.512999999999999456e-01
3.426000000000000156e-01
-6.019999999999999657e-02
-1.773000000000000131e-01
6.999999999999999929e-04
8.326999999999999957e-01
9.102999999999999980e-01
4.354000000000000092e-01
-5.786000000000000032e-01
-9.442000000000000393e-01
-8.846000000000000529e-01
8.439999999999999725e-01
6.143999999999999462e-01
2.291999999999999871e-01
2.286999999999999866e-01
8.391999999999999460e-01
6.995000000000000107e-01
-6.140000000000000319e-02
-5.904000000000000359e-01
5.494999999999999885e-01
2.787999999999999923e-01
9.284000000000000030e-01
-9.126999999999999558e-01
3.880000000000000115e-02
-2.126000000000000112e-01
-6.747999999999999554e-01
-3.664999999999999925e-01
-4.087000000000000077e-01
-9.479999999999999538e-02
-9.640999999999999570e-01
-4.346999999999999753e-01
-1.283999999999999864e-01
8.951000000000000068e-01
9.355999999999999872e-01
6.455999999999999517e-01
7.113000000000000433e-01
-3.412999999999999923e-01
1.069999999999999944e-02
1.595999999999999919e-01
-6.472999999999999865e-01
-7.342999999999999527e-01
1.524000000000000077e-01
-9.655000000000000249e-01
-4.532999999999999807e-01
7.073000000000000398e-01
9.423000000000000265e-01
5.562000000000000277e-01
-7.176000000000000156e-01
-1.297000000000000097e-01
2.888000000000000012e-01
1.414999999999999869e-01
1.315999999999999948e-01
9.786000000000000254e-01
7.617000000000000437e-01
-5.890000000000000097e-02
-9.060000000000000275e-01
-6.501000000000000112e-01
-2.340000000000000066e-02
5.368000000000000549e-01
8.366999999999999993e-01
-7.610000000000000098e-02
8.203000000000000291e-01
4.329999999999999821e-02
8.967000000000000526e-01
2.893999999999999906e-01
8.941999999999999948e-01
-7.304000000000000492e-01
2.709999999999999909e-02
-9.529999999999999583e-01
9.514000000000000234e-01
-4.884000000000000008e-01
