-3.520000000000000212e-02
4.540000000000000285e-02
-3.412000000000000033e-01
5.934000000000000385e-01
-2.797999999999999932e-01
6.810000000000000497e-01
-4.369999999999999996e-01
-8.660999999999999810e-01
-7.614999999999999547e-01
-3.859000000000000208e-01
-9.301000000000000378e-01
3.211999999999999855e-01
-9.781999999999999584e-01
3.867999999999999772e-01
-5.878999999999999782e-01
2.879999999999999921e-02
-6.815999999999999837e-01
1.102999999999999953e-01
-8.309999999999999332e-02
-6.114000000000000545e-01
-3.905000000000000138e-01
-3.649999999999999772e-02
-4.248999999999999999e-01
7.239999999999999769e-01
9.786000000000000254e-01
7.077999999999999847e-01
-8.324000000000000288e-01
-1.754000000000000004e-01
8.195999999999999952e-01
7.475000000000000533e-01
2.381000000000000061e-01
-3.635999999999999788e-01
-4.223999999999999977e-01
-4.091000000000000192e-01
5.051999999999999824e-01
-6.370000000000000107e-01
9.755000000000000338e-01
2.500999999999999890e-01
-2.263000000000000012e-01
-5.354999999999999760e-01
1.482999999999999874e-01
9.455000000000000071e-01
-5.818999999999999728e-01
2.797999999999999932e-01
-4.370000000000000273e-02
5.578999999999999515e-01
-2.144999999999999962e-01
9.569999999999999618e-01
-1.890000000000000013e-01
1.708999999999999964e-01
-7.610000000000000098e-02
7.805999999999999606e-01
-6.081999999999999629e-01
5.078000000000000291e-01
-8.047999999999999599e-01
-9.489999999999999825e-02
-9.796000000000000263e-01
3.660999999999999810e-01
-4.255999999999999783e-01
-8.639000000000000012e-01
1.184999999999999942e-01
7.286000000000000254e-01
4.934999999999999942e-01
2.018999999999999961e-01
1.307999999999999996e-01
2.769999999999999893e-02
9.357999999999999652e-01
2.230999999999999928e-01
1.502999999999999892e-01
-4.777000000000000135e-01
-5.524999999999999911e-01
-5.118000000000000327e-01
-1.940999999999999948e-01
2.114999999999999936e-01
-9.933999999999999497e-01
2.938000000000000056e-01
-6.700000000000000400e-02
5.410000000000000364e-01
2.303000000000000047e-01
6.653999999999999915e-01
5.689999999999999919e-02
-1.010000000000000064e-01
-9.690000000000000002e-02
8.574000000000000510e-01
-5.380000000000000060e-02
-2.854999999999999760e-01
5.999999999999999778e-02
-3.552000000000000157e-01
-8.703999999999999515e-01
9.405000000000000027e-01
-2.939999999999999905e-02
1.353999999999999926e-01
6.086000000000000298e-01
4.037000000000000033e-01
9.478999999999999648e-01
-8.693999999999999506e-01
3.857999999999999763e-01
-8.319999999999999618e-02
7.100999999999999535e-01
6.623999999999999888e-01
2.000000000000000096e-04
5.274999999999999689e-01
4.516999999999999904e-01
7.550999999999999934e-01
-7.639999999999999569e-02
-2.099999999999999870e-03
-3.556000000000000272e-01
4.224999999999999867e-01
-1.832000000000000017e-01
1.089999999999999997e-02
-9.276999999999999691e-01
7.330999999999999739e-01
-5.175999999999999490e-01
-9.988000000000000211e-01
-1.976999999999999869e-01
4.934999999999999942e-01
-9.486999999999999877e-01
3.123000000000000220e-01
5.769999999999999574e-01
6.726999999999999647e-01
7.209999999999999742e-02
-4.040000000000000258e-01
3.914000000000000257e-01
7.280000000000000360e-02
6.687999999999999501e-01
2.823999999999999844e-01
-7.344000000000000528e-01
-5.221000000000000085e-01
6.140999999999999792e-01
6.048999999999999932e-01
5.985000000000000320e-01
2.849999999999999756e-01
-4.529999999999999999e-02
-1.537999999999999923e-01
7.720000000000000195e-01
2.308000000000000052e-01
-4.722999999999999976e-01
8.166999999999999815e-01
-2.625000000000000111e-01
7.758000000000000451e-01
-9.226999999999999647e-01
-3.381000000000000116e-01
-4.474000000000000199e-01
1.499000000000000055e-01
-2.472000000000000031e-01
-2.109999999999999931e-01
-4.100000000000000172e-02
-5.685999999999999943e-01
5.784000000000000252e-01
2.713999999999999746e-01
9.371000000000000441e-01
3.064999999999999947e-01
8.565000000000000391e-01
-6.375999999999999446e-01
7.388000000000000123e-01
5.876000000000000112e-01
1.585000000000000020e-01
5.914000000000000368e-01
-8.179999999999999494e-01
6.991000000000000547e-01
-3.980000000000000204e-01
-3.120999999999999885e-01
-8.229999999999999538e-01
-1.088999999999999968e-01
6.261999999999999789e-01
3.543000000000000038e-01
-9.587999999999999856e-01
-7.754999999999999671e-01
-5.147000000000000464e-01
4.726000000000000201e-01
1.038000000000000034e-01
4.759999999999999787e-01
4.072999999999999954e-01
-2.139999999999999958e-01
2.439999999999999947e-01
-8.913999999999999702e-01
-8.931999999999999940e-01
-5.554999999999999938e-01
2.500000000000000000e-01
5.637999999999999678e-01
9.518999999999999684e-01
8.619999999999999885e-01
-4.289999999999999925e-01
-6.152999999999999581e-01
8.660999999999999810e-01
2.268999999999999906e-01
-6.915999999999999925e-01
3.209000000000000186e-01
-3.869999999999999829e-02
5.399999999999999939e-02
-8.300000000000000433e-02
-7.848000000000000531e-01
3.124000000000000110e-01
-6.673000000000000043e-01
-8.754999999999999449e-01
-7.465000000000000524e-01
-4.035000000000000253e-01
2.712999999999999856e-01
9.688999999999999835e-01
-6.342999999999999750e-01
