1.471999999999999975e-01
-4.600000000000000200e-01
-1.363999999999999935e-01
-1.300999999999999934e-01
5.063999999999999613e-01
-1.060000000000000005e-02
-5.623000000000000220e-01
9.136999999999999567e-01
-7.557000000000000384e-01
-1.048000000000000043e-01
6.895000000000000018e-01
-7.630000000000000671e-02
-5.164999999999999591e-01
-2.008999999999999952e-01
-5.021999999999999797e-01
-2.779999999999999832e-02
7.204000000000000403e-01
-5.411000000000000254e-01
2.545000000000000040e-01
8.552999999999999492e-01
3.239999999999999825e-02
-6.706999999999999629e-01
1.711999999999999911e-01
-5.899999999999999689e-02
1.081000000000000016e-01
4.622999999999999887e-01
6.746999999999999664e-01
8.949999999999999623e-02
-9.957000000000000295e-01
4.862000000000000210e-01
-5.897999999999999909e-01
-1.713999999999999968e-01
4.325999999999999845e-01
-7.177000000000000046e-01
-9.251000000000000334e-01
-2.368000000000000105e-01
-9.245999999999999774e-01
-6.118000000000000105e-01
9.516999999999999904e-01
-3.168000000000000260e-01
-9.918000000000000149e-01
2.048000000000000098e-01
2.990999999999999770e-01
-9.890999999999999792e-01
9.923999999999999488e-01
-7.560000000000000053e-01
-1.633000000000000007e-01
-3.976999999999999980e-01
7.230999999999999650e-01
2.315000000000000113e-01
-7.338000000000000078e-01
1.889000000000000123e-01
-9.340000000000000524e-01
8.048999999999999488e-01
-6.484999999999999654e-01
-2.896000000000000241e-01
-1.226000000000000006e-01
4.469999999999999668e-02
9.745000000000000329e-01
-5.310000000000000275e-01
2.550000000000000044e-01
-7.115000000000000213e-01
9.959999999999999964e-01
-8.764999999999999458e-01
9.510000000000000397e-02
-1.718999999999999972e-01
-9.402000000000000357e-01
-7.250999999999999668e-01
-6.766999999999999682e-01
1.426000000000000045e-01
-7.056999999999999940e-01
8.206999999999999851e-01
1.705000000000000127e-01
4.590000000000000191e-01
-6.389000000000000234e-01
-9.092999999999999972e-01
-5.201999999999999957e-01
-7.728000000000000425e-01
-7.953999999999999959e-01
-9.494000000000000217e-01
2.119999999999999940e-01
2.829999999999999877e-02
5.725000000000000089e-01
6.921000000000000485e-01
-9.024999999999999689e-01
9.985000000000000542e-01
-9.053999999999999826e-01
7.753999999999999782e-01
-8.534000000000000474e-01
8.374000000000000332e-01
8.157999999999999696e-01
9.836000000000000298e-01
-5.417999999999999483e-01
-2.189000000000000112e-01
5.999999999999999778e-02
-5.140000000000000124e-02
6.549000000000000377e-01
-8.123000000000000220e-01
2.980000000000000010e-02
9.532000000000000473e-01
-2.554000000000000159e-01
-7.504999999999999449e-01
2.510000000000000078e-02
-7.282999999999999474e-01
3.024000000000000021e-01
4.404000000000000137e-01
4.082999999999999963e-01
-4.963000000000000189e-01
3.420000000000000123e-02
-1.147999999999999993e-01
-2.762999999999999901e-01
6.535999999999999588e-01
6.601000000000000201e-01
-3.161999999999999811e-01
4.739999999999999769e-01
6.900000000000000577e-02
7.289999999999999813e-01
-8.118999999999999551e-01
5.298000000000000487e-01
8.213000000000000300e-01
1.895999999999999908e-01
-7.760000000000000231e-01
5.967999999999999972e-01
5.069000000000000172e-01
9.137999999999999456e-01
-7.889999999999999791e-02
1.824999999999999956e-01
-5.659999999999999476e-01
3.311999999999999944e-01
-4.794999999999999818e-01
-4.580000000000000043e-02
-9.337999999999999634e-01
7.439000000000000057e-01
9.589999999999999636e-01
6.239000000000000101e-01
-5.696999999999999842e-01
-7.517000000000000348e-01
-2.605000000000000093e-01
-9.567999999999999838e-01
-3.788000000000000256e-01
-9.467999999999999750e-01
-2.530000000000000027e-01
-1.150999999999999940e-01
-7.459999999999999964e-01
-9.062000000000000055e-01
5.708999999999999631e-01
-9.513000000000000345e-01
-7.789000000000000368e-01
8.882999999999999785e-01
-4.738999999999999879e-01
-4.627999999999999892e-01
2.626999999999999891e-01
4.516999999999999904e-01
9.387999999999999678e-01
5.506999999999999673e-01
-1.350000000000000089e-01
-2.030000000000000138e-01
-8.353000000000000425e-01
2.386000000000000065e-01
-8.626000000000000334e-01
9.040000000000000258e-01
7.810000000000000275e-02
5.785000000000000142e-01
5.010999999999999899e-01
-7.576000000000000512e-01
7.309999999999999831e-01
-4.188000000000000056e-01
-2.016999999999999904e-01
2.929999999999999827e-01
6.099999999999999867e-02
-6.640000000000000346e-01
-3.951999999999999957e-01
3.245000000000000107e-01
-7.586000000000000520e-01
8.409999999999999420e-02
-6.752000000000000224e-01
1.549999999999999989e-02
7.789999999999999702e-02
6.720000000000000417e-01
6.915000000000000036e-01
8.818000000000000282e-01
9.557999999999999829e-01
5.240000000000000213e-02
3.346000000000000085e-01
1.890999999999999903e-01
-9.260000000000000175e-02
-9.529999999999999583e-01
-6.585999999999999632e-01
-7.819000000000000394e-01
-9.959999999999999964e-01
2.172000000000000042e-01
-3.074000000000000066e-01
-3.997999999999999887e-01
5.365999999999999659e-01
2.016000000000000014e-01
4.588999999999999746e-01
1.461000000000000076e-01
3.473999999999999866e-01
-4.259000000000000008e-01
-1.469999999999999918e-01
