1.741999999999999937e-01
2.657999999999999807e-01
1.779000000000000026e-01
3.840999999999999970e-01
-8.884999999999999565e-01
-3.292999999999999816e-01
2.359999999999999876e-01
6.569000000000000394e-01
-5.372999999999999998e-01
9.040000000000000258e-01
3.506000000000000227e-01
4.114999999999999769e-01
-8.538999999999999924e-01
9.913999999999999480e-01
1.112999999999999962e-01
2.011999999999999900e-01
9.637999999999999901e-01
-7.989999999999999880e-02
-2.607999999999999763e-01
1.865999999999999881e-01
-6.210999999999999854e-01
4.581999999999999962e-01
-7.397000000000000242e-01
-2.713999999999999746e-01
2.359999999999999945e-02
-5.360000000000000181e-02
-8.092000000000000304e-01
9.009999999999999953e-02
-7.717000000000000526e-01
-1.728999999999999981e-01
1.343999999999999917e-01
-3.786999999999999811e-01
9.364000000000000101e-01
2.960000000000000131e-02
1.652000000000000135e-01
-7.594999999999999529e-01
-1.867999999999999938e-01
1.511000000000000121e-01
-5.800999999999999490e-01
5.836999999999999966e-01
3.166999999999999815e-01
9.455999999999999961e-01
-7.027999999999999803e-01
-2.823999999999999844e-01
8.050000000000000488e-01
3.978999999999999759e-01
-4.131000000000000227e-01
7.662999999999999812e-01
-5.729999999999999677e-02
8.989999999999999380e-02
-9.006999999999999451e-01
5.422000000000000153e-01
8.838000000000000300e-01
9.566999999999999948e-01
4.023999999999999799e-01
6.172999999999999599e-01
-5.237000000000000544e-01
1.673000000000000043e-01
-3.222999999999999754e-01
-4.284999999999999920e-01
-6.794000000000000039e-01
-7.258999999999999897e-01
-7.923000000000000043e-01
-1.217000000000000026e-01
-3.064000000000000057e-01
5.380000000000000060e-02
-7.007999999999999785e-01
-5.703000000000000291e-01
-1.458000000000000129e-01
-4.812000000000000166e-01
-6.887999999999999678e-01
-2.177999999999999936e-01
4.375999999999999890e-01
3.836999999999999855e-01
3.870999999999999996e-01
9.719999999999999474e-02
-4.521999999999999909e-01
1.050000000000000065e-02
8.962999999999999856e-01
-9.115999999999999659e-01
8.214000000000000190e-01
-1.885999999999999899e-01
5.457999999999999519e-01
3.024000000000000021e-01
1.194999999999999951e-01
2.545000000000000040e-01
-9.900999999999999801e-01
-7.569000000000000172e-01
5.375999999999999668e-01
4.884000000000000008e-01
9.542000000000000481e-01
-8.323000000000000398e-01
-6.302999999999999714e-01
7.475000000000000533e-01
5.734000000000000208e-01
6.066000000000000281e-01
6.488000000000000433e-01
-2.910000000000000087e-02
-4.012000000000000011e-01
8.287999999999999812e-01
-3.599999999999999867e-01
3.780000000000000027e-02
-6.431000000000000050e-01
-8.708000000000000185e-01
-3.972999999999999865e-01
9.420000000000000595e-02
-1.689999999999999836e-02
7.030000000000000138e-02
-1.127999999999999975e-01
-8.959999999999999909e-02
5.582000000000000295e-01
2.808999999999999830e-01
9.217999999999999527e-01
3.865000000000000102e-01
2.480999999999999872e-01
5.439999999999999697e-02
-9.300000000000000488e-01
-6.653999999999999915e-01
-8.599999999999999312e-02
6.532999999999999918e-01
-1.877000000000000057e-01
-8.309999999999999609e-01
-3.447000000000000064e-01
7.350999999999999757e-01
1.302999999999999992e-01
-7.082000000000000517e-01
5.003999999999999559e-01
6.786999999999999700e-01
-2.555999999999999939e-01
2.359999999999999945e-02
9.395000000000000018e-01
6.682000000000000162e-01
9.041000000000000147e-01
9.595000000000000195e-01
3.242999999999999772e-01
-1.938000000000000000e-01
-6.106000000000000316e-01
6.300000000000000044e-02
4.277000000000000246e-01
7.876999999999999558e-01
3.422999999999999932e-01
-1.207000000000000017e-01
7.715999999999999526e-01
-1.010999999999999954e-01
-8.982999999999999874e-01
-4.351999999999999758e-01
-1.776999999999999968e-01
-5.435999999999999721e-01
8.394000000000000350e-01
-7.860000000000000320e-01
-9.928000000000000158e-01
-7.095000000000000195e-01
-4.934999999999999942e-01
-7.483999999999999542e-01
-5.928999999999999826e-01
-3.719000000000000083e-01
-9.403000000000000247e-01
1.870999999999999885e-01
4.230999999999999761e-01
7.088999999999999746e-01
-1.082999999999999935e-01
-8.245999999999999996e-01
8.558999999999999941e-01
3.635999999999999788e-01
6.475999999999999535e-01
-1.759999999999999898e-01
8.982999999999999874e-01
-7.632999999999999785e-01
1.507999999999999896e-01
-7.524999999999999467e-01
-6.759999999999999343e-02
3.459999999999999881e-02
-6.464999999999999636e-01
8.119999999999999440e-02
5.389000000000000457e-01
7.419000000000000039e-01
5.953000000000000513e-01
-9.348999999999999533e-01
9.928000000000000158e-01
2.019999999999999921e-02
8.702999999999999625e-01
4.485999999999999988e-01
9.209000000000000519e-01
7.769000000000000350e-01
-7.285000000000000364e-01
8.999999999999999667e-02
9.043999999999999817e-01
-7.945999999999999730e-01
2.197999999999999954e-01
3.931999999999999940e-01
-3.740000000000000269e-02
5.903000000000000469e-01
-2.157000000000000028e-01
-9.604000000000000314e-01
9.443000000000000282e-01
-1.050000000000000065e-02
-8.822999999999999732e-01
-5.764000000000000234e-01
3.202999999999999736e-01
5.508999999999999453e-01
7.250999999999999668e-01
-6.673999999999999932e-01
-6.378000000000000336e-01
4.534000000000000252e-01
7.642999999999999794e-01
-4.915999999999999814e-01
-3.852999999999999758e-01
1.375000000000000111e-01
8.091000000000000414e-01
5.114999999999999547e-01
