-8.493000000000000549e-01
-5.734000000000000208e-01
-1.129999999999999928e-02
-7.729999999999999372e-02
4.410000000000000031e-02
5.407999999999999474e-01
-2.500000000000000000e-01
-9.566000000000000059e-01
-1.691999999999999893e-01
-5.530000000000000193e-02
-1.310000000000000053e-01
-9.991999999999999771e-01
8.549999999999999822e-01
9.180000000000000659e-02
-4.340000000000000108e-02
-5.330000000000000016e-02
-6.417000000000000481e-01
8.494000000000000439e-01
7.365000000000000435e-01
5.744000000000000217e-01
7.076999999999999957e-01
2.967000000000000193e-01
6.556999999999999496e-01
9.483000000000000318e-01
4.808000000000000052e-01
9.815000000000000391e-01
2.750000000000000014e-02
3.785000000000000031e-01
2.073000000000000120e-01
-8.085999999999999854e-01
1.197000000000000008e-01
7.050999999999999490e-01
-9.509999999999999565e-01
-6.904000000000000137e-01
-3.240999999999999992e-01
-6.762000000000000233e-01
-5.842000000000000526e-01
5.151000000000000023e-01
1.492999999999999883e-01
-3.563999999999999946e-01
9.144999999999999796e-01
-2.389000000000000012e-01
8.172000000000000375e-01
5.265999999999999570e-01
-5.836000000000000076e-01
5.879999999999999671e-01
8.489999999999999769e-01
9.749999999999999778e-01
-3.958999999999999742e-01
-5.819999999999999618e-01
-2.567999999999999727e-01
-8.061000000000000387e-01
1.277000000000000079e-01
2.288999999999999924e-01
8.403000000000000469e-01
6.169999999999999790e-02
-8.588000000000000078e-01
4.274000000000000021e-01
-6.030999999999999694e-01
2.776000000000000134e-01
4.092999999999999972e-01
2.703999999999999737e-01
-7.052000000000000490e-01
-9.978000000000000203e-01
-4.150000000000000216e-02
6.928999999999999604e-01
-8.478999999999999870e-01
2.421999999999999986e-01
7.763999999999999790e-01
-6.451000000000000068e-01
-6.771000000000000352e-01
-7.498000000000000220e-01
5.376999999999999558e-01
7.639000000000000234e-01
-5.060000000000000053e-01
7.642999999999999794e-01
6.917999999999999705e-01
-9.335999999999999854e-01
-9.279999999999999361e-02
-1.917999999999999983e-01
-6.848999999999999533e-01
-9.995000000000000551e-01
-1.953000000000000014e-01
-3.539999999999999813e-01
8.048999999999999488e-01
6.956999999999999851e-01
-6.050999999999999712e-01
9.206999999999999629e-01
5.294999999999999707e-01
1.706999999999999906e-01
9.889999999999999902e-01
-4.278000000000000136e-01
-6.513999999999999790e-01
-8.530000000000000082e-02
3.039999999999999994e-02
4.702000000000000068e-01
9.529999999999999583e-01
-4.780000000000000221e-02
2.696000000000000063e-01
-5.110999999999999988e-01
-3.599999999999999728e-02
-7.571999999999999842e-01
-4.354000000000000092e-01
7.798000000000000487e-01
-1.773000000000000131e-01
1.223000000000000059e-01
7.489999999999999436e-02
5.739999999999999547e-01
9.826000000000000290e-01
-7.000000000000000146e-03
9.839999999999999858e-01
2.227000000000000091e-01
9.137999999999999456e-01
1.975000000000000089e-01
5.852000000000000535e-01
4.798000000000000043e-01
-9.469999999999999529e-01
2.323999999999999955e-01
-7.089999999999999636e-01
1.970999999999999974e-01
-4.289999999999999925e-01
-3.871999999999999886e-01
-7.291999999999999593e-01
-1.464000000000000024e-01
-7.403999999999999471e-01
-1.910000000000000031e-01
4.414000000000000146e-01
3.667000000000000259e-01
4.156000000000000250e-01
8.994999999999999662e-01
-1.985999999999999988e-01
-7.510000000000000009e-02
-6.183999999999999497e-01
7.694999999999999618e-01
1.303999999999999881e-01
8.310999999999999499e-01
9.306999999999999718e-01
-2.240999999999999936e-01
-2.467999999999999916e-01
-1.430000000000000021e-02
7.030000000000000138e-02
7.056000000000000050e-01
-8.110000000000000542e-01
-7.019999999999999851e-02
5.997999999999999998e-01
-8.169999999999999485e-02
1.434999999999999887e-01
-2.489999999999999991e-01
8.008999999999999453e-01
-8.446000000000000174e-01
-6.187000000000000277e-01
4.218999999999999972e-01
8.188999999999999613e-01
-5.799999999999999600e-01
-1.895999999999999908e-01
3.508999999999999897e-01
-1.748999999999999999e-01
-7.534999999999999476e-01
1.014000000000000040e-01
5.100000000000000089e-01
6.864000000000000101e-01
-5.951999999999999513e-01
-2.964999999999999858e-01
7.893000000000000016e-01
4.899999999999999842e-03
-1.900999999999999912e-01
-4.632999999999999896e-01
8.569999999999999840e-02
9.233999999999999986e-01
4.394000000000000128e-01
5.543000000000000149e-01
-1.910999999999999921e-01
5.991999999999999549e-01
-5.460000000000000409e-01
-9.556000000000000050e-01
5.040000000000000036e-02
-7.238999999999999879e-01
-6.268000000000000238e-01
4.514000000000000234e-01
-1.262999999999999956e-01
2.882000000000000117e-01
3.200000000000000153e-03
-5.093999999999999639e-01
-4.137000000000000122e-01
9.083999999999999853e-01
-3.487000000000000099e-01
1.552999999999999936e-01
4.255999999999999783e-01
3.422999999999999932e-01
-8.387000000000000011e-01
6.622000000000000108e-01
-8.937000000000000499e-01
7.864999999999999769e-01
3.426000000000000156e-01
2.589999999999999941e-02
-3.089999999999999969e-01
-3.987999999999999878e-01
7.548000000000000265e-01
-1.613999999999999879e-01
2.005000000000000115e-01
-3.710999999999999854e-01
-5.094999999999999529e-01
-1.178000000000000019e-01
-9.100000000000000450e-03
4.843000000000000083e-01
7.189999999999999725e-01
4.571999999999999953e-01
6.926999999999999824e-01
-9.796000000000000263e-01
8.590000000000000413e-02
