-3.821999999999999842e-01
-9.667000000000000037e-01
-7.902000000000000135e-01
-4.578999999999999737e-01
9.536999999999999922e-01
-1.393000000000000071e-01
-9.021000000000000130e-01
-2.205999999999999905e-01
1.658999999999999919e-01
2.454000000000000070e-01
-7.002000000000000446e-01
6.985999999999999988e-01
-2.424000000000000044e-01
-7.962000000000000188e-01
-6.591000000000000192e-01
3.359999999999999792e-02
-1.418000000000000094e-01
-1.074999999999999983e-01
3.836999999999999855e-01
-1.652000000000000135e-01
-8.624000000000000554e-01
-9.236999999999999655e-01
5.796000000000000041e-01
-4.858999999999999986e-01
9.456999999999999851e-01
1.915999999999999925e-01
8.781999999999999806e-01
3.649000000000000021e-01
-7.314000000000000501e-01
-2.669000000000000261e-01
7.937999999999999501e-01
5.456999999999999629e-01
6.885000000000000009e-01
-8.240000000000000102e-02
-4.087000000000000077e-01
4.310999999999999832e-01
5.527999999999999581e-01
-2.949999999999999845e-01
-7.324000000000000510e-01
1.743000000000000105e-01
6.011999999999999567e-01
5.909999999999999976e-02
9.078000000000000513e-01
-9.807000000000000162e-01
2.636999999999999900e-01
-8.418999999999999817e-01
8.087999999999999634e-01
1.208000000000000046e-01
6.143999999999999462e-01
6.572000000000000064e-01
9.465000000000000080e-01
-6.111999999999999655e-01
7.711000000000000076e-01
8.004999999999999893e-01
1.491000000000000103e-01
-6.592999999999999972e-01
-9.439999999999999780e-02
8.119999999999999440e-02
-7.910000000000000364e-02
7.782000000000000028e-01
-4.415999999999999925e-01
5.750999999999999446e-01
8.608000000000000096e-01
6.469999999999999363e-02
6.942000000000000393e-01
-2.699999999999999969e-02
3.239999999999999825e-02
1.170000000000000068e-01
5.162999999999999812e-01
4.338000000000000189e-01
9.768999999999999906e-01
-3.079000000000000070e-01
2.449000000000000066e-01
-1.683999999999999941e-01
-1.635999999999999954e-01
1.082999999999999935e-01
-1.531000000000000139e-01
3.795000000000000040e-01
-1.145999999999999935e-01
6.253999999999999559e-01
4.012999999999999901e-01
9.811999999999999611e-01
-8.643999999999999462e-01
9.936000000000000387e-01
8.739000000000000101e-01
-7.456000000000000405e-01
-9.679999999999999716e-02
1.899999999999999953e-02
-8.652999999999999581e-01
8.157999999999999696e-01
-4.532999999999999807e-01
6.166000000000000369e-01
-6.863000000000000211e-01
-7.941000000000000281e-01
2.619000000000000217e-01
-5.080000000000000071e-01
-4.460000000000000075e-01
3.812999999999999723e-01
9.484000000000000208e-01
6.408000000000000362e-01
9.256999999999999673e-01
-1.504999999999999949e-01
-1.112999999999999962e-01
9.687999999999999945e-01
6.816999999999999726e-01
-5.537999999999999590e-01
-7.127999999999999892e-01
-7.030000000000000138e-02
-1.593999999999999861e-01
1.945000000000000062e-01
2.670000000000000151e-01
-2.318000000000000060e-01
2.725000000000000200e-01
-5.722000000000000419e-01
8.636000000000000343e-01
9.520999999999999464e-01
-2.172999999999999932e-01
-5.477999999999999536e-01
2.421000000000000096e-01
5.703000000000000291e-01
3.458999999999999853e-01
-7.206000000000000183e-01
-5.123999999999999666e-01
-1.010999999999999954e-01
9.851999999999999647e-01
7.076000000000000068e-01
-6.028999999999999915e-01
5.490000000000000435e-01
-2.758999999999999786e-01
7.770000000000000240e-01
-3.422999999999999932e-01
-4.319999999999999951e-01
7.440999999999999837e-01
-2.177000000000000046e-01
-4.270999999999999797e-01
-5.072999999999999732e-01
-4.351999999999999758e-01
-3.422999999999999932e-01
1.763000000000000123e-01
-2.091999999999999971e-01
8.528999999999999915e-01
5.602000000000000313e-01
9.729999999999999760e-01
9.644000000000000350e-01
5.680000000000000326e-02
5.275999999999999579e-01
4.700000000000000185e-03
-2.129999999999999949e-02
-1.680999999999999994e-01
9.749999999999999778e-01
-7.638000000000000345e-01
1.519000000000000072e-01
9.916000000000000369e-01
-7.002000000000000446e-01
7.660000000000000142e-02
-8.740000000000000546e-02
8.283000000000000362e-01
-2.620000000000000107e-01
2.318999999999999950e-01
-7.917999999999999483e-01
8.081000000000000405e-01
5.215999999999999526e-01
-3.980000000000000204e-02
2.550999999999999934e-01
1.454000000000000015e-01
-8.682999999999999607e-01
4.368000000000000216e-01
2.509000000000000119e-01
3.932999999999999829e-01
-6.680000000000000382e-01
9.808000000000000052e-01
-2.803999999999999826e-01
8.692999999999999616e-01
-4.722000000000000086e-01
1.400000000000000133e-01
4.112000000000000099e-01
5.635000000000000009e-01
-8.441999999999999504e-01
-4.944000000000000061e-01
6.199999999999999956e-01
4.804999999999999827e-01
-2.620000000000000107e-01
3.900000000000000133e-01
-2.923000000000000043e-01
-8.964999999999999636e-01
-1.547999999999999932e-01
4.469000000000000195e-01
9.022000000000000020e-01
-3.784000000000000141e-01
6.756999999999999673e-01
-4.983000000000000207e-01
-7.813999999999999835e-01
-8.939999999999999336e-02
-7.388000000000000123e-01
-8.148999999999999577e-01
5.796000000000000041e-01
6.865999999999999881e-01
-4.460000000000000075e-01
-8.740000000000000546e-02
-9.460000000000000353e-02
3.840999999999999970e-01
-7.024000000000000243e-01
-1.006999999999999978e-01
4.504000000000000226e-01
-2.538000000000000256e-01
-3.922999999999999821e-01
4.645000000000000240e-01
2.661000000000000032e-01
-3.186999999999999833e-01
-2.620000000000000107e-02
