-8.297999999999999821e-01
-1.370999999999999996e-01
7.668000000000000371e-01
-9.834000000000000519e-01
-9.705000000000000293e-01
-8.870000000000000107e-01
-5.858999999999999764e-01
-8.822999999999999732e-01
2.874999999999999778e-01
8.834999999999999520e-01
-4.304000000000000048e-01
2.217999999999999972e-01
1.499999999999999944e-01
6.693999999999999950e-01
-5.866999999999999993e-01
-2.354999999999999871e-01
5.100000000000000366e-03
3.513999999999999901e-01
-2.715000000000000191e-01
3.326000000000000068e-01
-3.136999999999999789e-01
3.798000000000000265e-01
-9.949000000000000066e-01
-9.133999999999999897e-01
-7.299999999999999545e-02
-3.912999999999999812e-01
-1.962000000000000133e-01
-7.420999999999999819e-01
-1.048999999999999932e-01
7.909000000000000474e-01
3.625999999999999779e-01
8.264000000000000234e-01
-3.052000000000000268e-01
6.187000000000000277e-01
-1.844000000000000083e-01
1.305999999999999939e-01
-2.781000000000000139e-01
6.697999999999999510e-01
5.514000000000000012e-01
-9.698999999999999844e-01
-3.173000000000000265e-01
-1.902999999999999969e-01
-3.292999999999999816e-01
-4.052999999999999936e-01
8.074999999999999956e-01
-9.329999999999999405e-02
-9.481000000000000538e-01
-7.445000000000000506e-01
-5.328000000000000513e-01
6.088000000000000078e-01
5.650000000000000161e-02
-4.976999999999999758e-01
8.437000000000000055e-01
8.089999999999999969e-02
-9.068000000000000504e-01
-8.885999999999999455e-01
7.388000000000000123e-01
-7.799000000000000377e-01
-5.396999999999999575e-01
7.821000000000000174e-01
-3.383999999999999786e-01
7.392999999999999572e-01
2.489999999999999852e-02
-2.320000000000000118e-01
-1.159999999999999920e-02
-1.960999999999999965e-01
2.837000000000000077e-01
-8.891000000000000014e-01
-6.829999999999999960e-02
-1.244999999999999996e-01
6.605999999999999650e-01
-8.088999999999999524e-01
4.547999999999999821e-01
-6.713999999999999968e-01
-2.452000000000000013e-01
4.314999999999999947e-01
-3.230000000000000232e-02
5.413000000000000034e-01
-7.416000000000000369e-01
-4.254000000000000004e-01
6.599999999999999964e-03
3.321999999999999953e-01
-1.550999999999999879e-01
2.439999999999999947e-01
-5.544999999999999929e-01
3.694999999999999951e-01
9.391000000000000458e-01
-4.082999999999999963e-01
-1.019999999999999934e-01
4.023999999999999799e-01
-9.302000000000000268e-01
-4.662999999999999923e-01
-4.304999999999999938e-01
-1.728000000000000091e-01
9.912999999999999590e-01
-1.822000000000000008e-01
-6.971000000000000529e-01
-7.693999999999999728e-01
-3.820999999999999952e-01
-3.516000000000000236e-01
1.592000000000000082e-01
7.012000000000000455e-01
-9.244999999999999885e-01
6.460000000000000187e-01
-1.965999999999999970e-01
2.520000000000000018e-01
5.079999999999999793e-02
-5.372000000000000108e-01
9.133000000000000007e-01
-1.948999999999999899e-01
9.281000000000000361e-01
4.531999999999999917e-01
-1.082000000000000045e-01
5.473000000000000087e-01
-3.917999999999999816e-01
9.243000000000000105e-01
-6.303999999999999604e-01
5.639999999999999458e-01
3.709999999999999964e-01
5.933000000000000496e-01
6.208000000000000185e-01
5.630000000000000282e-02
4.769999999999999796e-01
-2.772000000000000020e-01
9.320000000000000506e-02
8.920000000000000151e-01
-3.940000000000000169e-01
4.860999999999999766e-01
-7.770000000000000240e-01
-1.330000000000000071e-01
-5.639999999999999458e-01
-3.045999999999999819e-01
5.766999999999999904e-01
2.076000000000000068e-01
3.789000000000000146e-01
6.775999999999999801e-01
-4.351999999999999758e-01
4.060000000000000275e-01
-7.282999999999999474e-01
4.230999999999999761e-01
-8.759000000000000119e-01
-6.289000000000000146e-01
-5.815000000000000169e-01
-9.599999999999999159e-03
-1.960999999999999965e-01
4.102000000000000091e-01
-1.414999999999999869e-01
-7.399999999999999634e-02
-7.328999999999999959e-01
-6.452999999999999847e-01
-3.173000000000000265e-01
9.065999999999999615e-01
-9.707000000000000073e-01
-4.168000000000000038e-01
-3.966000000000000081e-01
4.655000000000000249e-01
8.806000000000000494e-01
-9.681999999999999496e-01
-2.446000000000000119e-01
4.146000000000000241e-01
-3.361000000000000099e-01
1.845999999999999863e-01
8.027999999999999581e-01
9.344999999999999973e-01
8.239999999999999547e-01
-1.779999999999999985e-02
-2.250999999999999945e-01
2.725000000000000200e-01
3.538000000000000034e-01
-8.770000000000000018e-02
-2.797000000000000042e-01
6.824999999999999956e-01
4.616000000000000103e-01
-9.586999999999999966e-01
6.254999999999999449e-01
-8.443000000000000504e-01
-1.690000000000000113e-01
-2.500000000000000139e-02
-1.809999999999999942e-01
5.973000000000000531e-01
3.740000000000000269e-02
-3.874000000000000221e-01
5.785000000000000142e-01
-9.118000000000000549e-01
-9.325999999999999845e-01
6.481999999999999984e-01
3.730999999999999872e-01
2.489999999999999991e-01
5.592000000000000304e-01
9.797000000000000153e-01
-5.190000000000000169e-02
-9.667000000000000037e-01
9.420000000000000595e-02
-5.351000000000000201e-01
8.615000000000000435e-01
1.494000000000000050e-01
-5.638999999999999568e-01
8.084999999999999964e-01
-7.205000000000000293e-01
5.077000000000000401e-01
1.250000000000000000e-01
5.512000000000000233e-01
-6.743000000000000105e-01
6.074000000000000510e-01
-3.114000000000000101e-01
7.026000000000000023e-01
4.429999999999999910e-02
7.040000000000000424e-02
-2.404999999999999916e-01
5.905000000000000249e-01
