8.247999999999999776e-01
-8.958000000000000407e-01
-7.442999999999999616e-01
-5.917999999999999927e-01
-1.660999999999999976e-01
6.298000000000000265e-01
-6.830000000000000515e-01
-9.119000000000000439e-01
-7.023000000000000353e-01
1.438000000000000111e-01
-1.363000000000000045e-01
-2.936000000000000276e-01
-3.479999999999999760e-02
3.835000000000000075e-01
3.124000000000000110e-01
2.896000000000000241e-01
-6.442999999999999838e-01
-6.431000000000000050e-01
-7.749000000000000332e-01
-1.020000000000000073e-02
-4.487999999999999767e-01
-5.635000000000000009e-01
9.584000000000000297e-01
5.977000000000000091e-01
-6.169000000000000039e-01
2.574000000000000177e-01
-8.420999999999999597e-01
2.801000000000000156e-01
-7.006999999999999895e-01
6.673000000000000043e-01
6.561000000000000165e-01
-7.388000000000000123e-01
5.292000000000000037e-01
7.701000000000000068e-01
9.146999999999999575e-01
1.860999999999999877e-01
-8.043000000000000149e-01
3.857999999999999763e-01
-2.174999999999999989e-01
6.434999999999999609e-01
9.559999999999999609e-01
6.599000000000000421e-01
7.167000000000000037e-01
5.724000000000000199e-01
-9.979999999999999982e-01
9.190000000000000391e-01
6.338000000000000300e-01
6.465999999999999526e-01
-4.220999999999999752e-01
-5.829999999999999627e-01
-9.859999999999999876e-01
1.787999999999999867e-01
-1.484000000000000041e-01
6.989999999999999547e-01
-2.829999999999999877e-02
-2.260000000000000064e-01
5.692000000000000393e-01
-2.793999999999999817e-01
-8.200000000000000691e-03
8.810999999999999943e-01
-5.034999999999999476e-01
5.794000000000000261e-01
2.765000000000000235e-01
7.098999999999999755e-01
-7.639000000000000234e-01
-1.615000000000000047e-01
2.879999999999999782e-01
-4.903000000000000136e-01
-3.306000000000000050e-01
7.970000000000000417e-01
-1.145000000000000046e-01
2.698999999999999733e-01
-5.802000000000000490e-01
1.602999999999999980e-01
-2.786000000000000143e-01
-9.085999999999999632e-01
-7.227999999999999980e-01
-7.530000000000000027e-01
-8.368999999999999773e-01
6.627999999999999448e-01
7.539999999999999480e-02
3.115999999999999881e-01
2.990999999999999770e-01
-2.992000000000000215e-01
1.892999999999999960e-01
8.398999999999999799e-01
-4.601000000000000090e-01
-3.749000000000000110e-01
-9.429999999999999494e-02
-5.872000000000000552e-01
4.888000000000000123e-01
-9.566000000000000059e-01
8.624000000000000554e-01
4.494000000000000217e-01
-2.404000000000000026e-01
3.895000000000000129e-01
1.490000000000000005e-02
3.289000000000000257e-01
5.413000000000000034e-01
-3.966000000000000081e-01
7.701000000000000068e-01
6.626999999999999558e-01
-3.540000000000000091e-02
-1.093999999999999972e-01
1.378000000000000058e-01
1.887999999999999956e-01
6.563999999999999835e-01
4.853000000000000091e-01
7.000999999999999446e-01
-3.526000000000000245e-01
8.961000000000000076e-01
-7.059999999999999609e-01
7.856999999999999540e-01
-6.328000000000000291e-01
9.419999999999999485e-01
-9.636000000000000121e-01
-7.410999999999999810e-01
-5.899999999999999863e-03
-1.325000000000000067e-01
7.465000000000000524e-01
-1.068000000000000060e-01
5.565999999999999837e-01
-3.548000000000000043e-01
-8.639999999999999902e-01
-7.217999999999999972e-01
5.859999999999999654e-01
6.392999999999999794e-01
-3.816999999999999837e-01
-9.708999999999999853e-01
-6.264999999999999458e-01
8.102000000000000313e-01
-3.583999999999999964e-01
5.951999999999999513e-01
8.349999999999999645e-01
-2.313999999999999946e-01
2.411999999999999977e-01
2.962000000000000188e-01
8.504000000000000448e-01
-3.693000000000000171e-01
4.771000000000000241e-01
6.057000000000000162e-01
1.275000000000000022e-01
-3.180000000000000188e-02
-9.760000000000000620e-02
-7.359999999999999876e-01
5.113999999999999657e-01
-7.929000000000000492e-01
-3.839999999999999664e-02
-8.615000000000000435e-01
-6.294999999999999485e-01
5.268000000000000460e-01
-5.859999999999999654e-01
7.307000000000000162e-01
-5.193999999999999728e-01
3.968999999999999750e-01
5.994000000000000439e-01
-1.097999999999999948e-01
8.128999999999999559e-01
5.955000000000000293e-01
9.959000000000000075e-01
-6.589000000000000412e-01
-1.980999999999999983e-01
-7.489999999999999991e-01
-9.062999999999999945e-01
-8.154000000000000137e-01
-4.746000000000000218e-01
1.587000000000000077e-01
-3.971000000000000085e-01
8.657000000000000250e-01
3.239999999999999825e-02
-2.763999999999999790e-01
8.115999999999999881e-01
-1.516000000000000125e-01
-7.999000000000000554e-01
4.758000000000000007e-01
9.982999999999999652e-01
2.637999999999999790e-01
-3.683000000000000163e-01
-2.610999999999999988e-01
-5.991999999999999549e-01
3.620000000000000301e-02
-2.330000000000000127e-02
-3.119000000000000106e-01
9.332000000000000295e-01
2.000000000000000042e-03
2.480999999999999872e-01
-6.340999999999999970e-01
-9.291000000000000369e-01
9.210000000000000131e-02
-9.598999999999999755e-01
-1.590000000000000094e-02
-7.861000000000000210e-01
-2.142999999999999905e-01
-3.184000000000000163e-01
-7.004000000000000226e-01
9.696000000000000174e-01
9.458999999999999631e-01
6.831000000000000405e-01
-3.245000000000000107e-01
-6.435999999999999499e-01
-6.856999999999999762e-01
9.297999999999999599e-01
3.053000000000000158e-01
-2.200000000000000011e-01
4.799999999999999580e-03
2.441000000000000114e-01
-8.309999999999999332e-02
7.609000000000000208e-01
-7.749999999999999944e-02
-8.910000000000000142e-01
