-1.700000000000000122e-02
3.921999999999999931e-01
9.945000000000000506e-01
4.339999999999999969e-01
7.130999999999999561e-01
-3.306000000000000050e-01
2.869999999999999774e-01
-3.613000000000000100e-01
8.930000000000000160e-01
-8.619999999999999885e-01
-7.821000000000000174e-01
3.971999999999999975e-01
-1.575999999999999901e-01
3.267999999999999794e-01
3.670999999999999819e-01
4.040000000000000258e-01
5.911999999999999478e-01
-9.195999999999999730e-01
-8.286999999999999922e-01
-7.256000000000000227e-01
7.639999999999999569e-02
-8.429999999999999716e-01
7.966999999999999638e-01
2.711999999999999966e-01
8.675000000000000488e-01
-9.560999999999999499e-01
-2.393000000000000127e-01
5.262999999999999901e-01
1.517999999999999905e-01
-5.283999999999999808e-01
-6.735999999999999766e-01
-4.682999999999999940e-01
8.518999999999999906e-01
-6.251999999999999780e-01
3.039999999999999925e-01
5.898999999999999799e-01
-1.290999999999999925e-01
-4.520000000000000129e-01
-4.722000000000000086e-01
4.823999999999999955e-01
-3.473999999999999866e-01
1.842000000000000026e-01
3.131999999999999784e-01
5.341000000000000192e-01
8.837000000000000410e-01
-8.196999999999999842e-01
-6.503999999999999782e-01
7.751000000000000112e-01
-3.579999999999999849e-01
2.426999999999999991e-01
-1.915999999999999925e-01
3.493999999999999884e-01
-8.064000000000000057e-01
-6.711000000000000298e-01
-3.857999999999999763e-01
-7.906999999999999584e-01
-5.360000000000000181e-02
-7.855999999999999650e-01
7.237000000000000099e-01
6.441000000000000059e-01
-6.010000000000000064e-02
-2.363000000000000100e-01
-8.168999999999999595e-01
9.416999999999999815e-01
3.252999999999999781e-01
4.829999999999999849e-01
7.965999999999999748e-01
6.772000000000000242e-01
-1.011999999999999983e-01
-4.163999999999999924e-01
3.091999999999999749e-01
9.361000000000000432e-01
9.042999999999999927e-01
3.094999999999999973e-01
7.877999999999999448e-01
-1.957000000000000128e-01
2.484999999999999987e-01
-3.239000000000000212e-01
2.802999999999999936e-01
5.182999999999999829e-01
-3.444999999999999729e-01
-7.678000000000000380e-01
4.539000000000000257e-01
-6.343999999999999639e-01
3.045999999999999819e-01
-2.777999999999999914e-01
-9.816000000000000281e-01
-5.042999999999999705e-01
5.181999999999999940e-01
-3.457000000000000073e-01
-1.507000000000000006e-01
-1.160999999999999949e-01
9.451000000000000512e-01
8.169999999999999485e-02
-5.431000000000000272e-01
-8.300000000000000086e-03
-3.149000000000000132e-01
6.311999999999999833e-01
-5.102999999999999758e-01
6.200999999999999845e-01
-8.468999999999999861e-01
-2.267000000000000126e-01
-7.610000000000000098e-02
-3.532000000000000139e-01
-2.313000000000000056e-01
-2.681000000000000050e-01
-7.885999999999999677e-01
-1.899000000000000132e-01
-1.827999999999999903e-01
1.602999999999999980e-01
4.100000000000000346e-03
-2.528000000000000247e-01
-6.439000000000000279e-01
-1.396000000000000019e-01
3.706999999999999740e-01
-3.574999999999999845e-01
4.189999999999999974e-02
1.600000000000000077e-03
-3.854000000000000203e-01
6.270000000000000573e-02
8.801999999999999824e-01
-5.383000000000000007e-01
-3.678000000000000158e-01
-1.562000000000000055e-01
-3.642000000000000237e-01
8.529999999999999805e-01
-2.748999999999999777e-01
-9.455000000000000071e-01
5.153999999999999693e-01
-8.625000000000000444e-01
2.828999999999999848e-01
-3.202999999999999736e-01
1.078000000000000069e-01
-7.365000000000000435e-01
-9.607999999999999874e-01
7.681000000000000050e-01
-8.407999999999999918e-01
-6.409000000000000252e-01
3.090000000000000038e-02
-4.907000000000000250e-01
-3.410000000000000253e-01
-7.995999999999999774e-01
-1.952000000000000124e-01
-9.670999999999999597e-01
-6.825999999999999845e-01
7.229999999999999760e-01
9.956000000000000405e-01
-7.919000000000000483e-01
5.796000000000000041e-01
-6.622000000000000108e-01
7.495000000000000551e-01
-5.967000000000000082e-01
-1.209999999999999964e-01
9.585000000000000187e-01
4.721000000000000196e-01
1.736000000000000043e-01
7.067999999999999838e-01
-1.000000000000000021e-02
-1.771999999999999964e-01
1.139000000000000012e-01
7.191999999999999504e-01
-9.485999999999999988e-01
-6.986999999999999877e-01
-8.820000000000000062e-01
-6.473999999999999755e-01
6.672000000000000153e-01
-2.204000000000000126e-01
-6.737999999999999545e-01
-7.329999999999999849e-01
3.470000000000000168e-02
-4.375000000000000000e-01
7.224000000000000421e-01
-1.656999999999999862e-01
-2.819999999999999937e-02
-5.873000000000000442e-01
2.242999999999999994e-01
7.623999999999999666e-01
-2.988000000000000100e-01
-6.833000000000000185e-01
-1.255000000000000004e-01
-3.659999999999999920e-01
-5.461000000000000298e-01
-2.245999999999999941e-01
5.212999999999999856e-01
7.310999999999999721e-01
-6.238000000000000211e-01
-7.174000000000000377e-01
1.202000000000000013e-01
4.019999999999999962e-02
9.992999999999999661e-01
5.233999999999999764e-01
-7.533999999999999586e-01
-7.124000000000000332e-01
3.386000000000000121e-01
-3.279000000000000248e-01
6.506999999999999451e-01
5.662000000000000366e-01
3.269000000000000239e-01
-9.687000000000000055e-01
4.677999999999999936e-01
6.320000000000000617e-02
-6.441999999999999948e-01
3.654999999999999916e-01
-6.089999999999999858e-01
-8.120000000000000551e-01
-3.214000000000000190e-01
7.648000000000000353e-01
-2.572999999999999732e-01
8.290000000000000147e-02
2.018000000000000071e-01
