-5.330000000000000016e-02
-9.052999999999999936e-01
-4.839999999999999858e-01
-6.256000000000000449e-01
-6.737999999999999545e-01
8.741999999999999771e-01
-4.227000000000000202e-01
9.386999999999999789e-01
5.643000000000000238e-01
-4.769999999999999796e-01
4.102999999999999980e-01
-7.467000000000000304e-01
2.862000000000000099e-01
5.192999999999999838e-01
9.659999999999999698e-01
-2.466000000000000136e-01
-6.199999999999999956e-01
3.428999999999999826e-01
-1.570000000000000007e-01
8.770000000000000018e-01
-3.180999999999999939e-01
4.250000000000000305e-02
5.000000000000000000e-01
-2.778999999999999804e-01
-3.251000000000000001e-01
8.358999999999999764e-01
-4.038999999999999813e-01
2.419999999999999929e-02
-4.485999999999999988e-01
4.818000000000000060e-01
-9.035999999999999588e-01
-6.727999999999999536e-01
3.409999999999999837e-02
-5.453000000000000069e-01
2.999999999999999889e-01
-6.808999999999999497e-01
-7.421999999999999709e-01
-7.374000000000000554e-01
5.575999999999999845e-01
-6.038999999999999924e-01
-5.483000000000000096e-01
9.370000000000000551e-02
2.970000000000000070e-02
1.464999999999999913e-01
9.435000000000000053e-01
9.090000000000000302e-01
4.146000000000000241e-01
6.131999999999999673e-01
-6.885999999999999899e-01
-9.515000000000000124e-01
3.130000000000000143e-02
2.023999999999999966e-01
-3.120999999999999885e-01
-1.313999999999999890e-01
7.855999999999999650e-01
8.218999999999999639e-01
-8.488999999999999879e-01
7.917999999999999483e-01
4.405000000000000027e-01
1.522000000000000020e-01
1.975000000000000089e-01
-7.975999999999999757e-01
8.957000000000000517e-01
-5.849999999999999645e-01
7.936999999999999611e-01
-8.679000000000000048e-01
-6.892000000000000348e-01
6.350000000000000089e-01
3.070000000000000159e-02
-4.290000000000000063e-02
-7.214000000000000412e-01
-8.616000000000000325e-01
-4.712999999999999967e-01
-5.653000000000000247e-01
7.637000000000000455e-01
9.889000000000000012e-01
-9.789999999999999813e-01
-9.650000000000000244e-02
-5.138000000000000345e-01
-6.925000000000000044e-01
-2.301999999999999880e-01
5.958999999999999853e-01
-9.155999999999999694e-01
-5.181999999999999940e-01
-2.577999999999999736e-01
4.496999999999999886e-01
4.294000000000000039e-01
-9.902999999999999581e-01
-5.554000000000000048e-01
5.872000000000000552e-01
9.452000000000000401e-01
-5.255999999999999561e-01
1.975000000000000089e-01
-3.094000000000000083e-01
-7.137000000000000011e-01
-7.964999999999999858e-01
4.960999999999999854e-01
-3.370000000000000079e-02
-2.577999999999999736e-01
6.038999999999999924e-01
-6.075000000000000400e-01
6.314999999999999503e-01
1.370999999999999996e-01
-6.442999999999999838e-01
-3.925000000000000155e-01
-6.750000000000000444e-01
-6.146000000000000352e-01
9.516000000000000014e-01
-3.790000000000000036e-01
2.737999999999999878e-01
6.136000000000000343e-01
-5.592000000000000304e-01
-8.381999999999999451e-01
-5.373999999999999888e-01
7.574999999999999512e-01
5.292000000000000037e-01
-6.392999999999999794e-01
7.815999999999999615e-01
5.601000000000000423e-01
-3.738000000000000211e-01
4.673999999999999821e-01
-2.069000000000000006e-01
7.483999999999999542e-01
-6.977999999999999758e-01
1.024999999999999939e-01
1.811000000000000110e-01
-8.014999999999999902e-01
7.542999999999999705e-01
-6.794999999999999929e-01
-1.909999999999999892e-02
-8.297999999999999821e-01
-7.991000000000000325e-01
-7.469999999999999973e-01
-3.602000000000000202e-01
9.183000000000000052e-01
-9.149999999999999800e-02
7.114000000000000323e-01
4.188999999999999946e-01
9.627999999999999892e-01
-8.181000000000000494e-01
-5.128000000000000336e-01
-2.646999999999999909e-01
3.277999999999999803e-01
-6.046000000000000263e-01
-2.149999999999999967e-01
5.215999999999999526e-01
2.964999999999999858e-01
9.016999999999999460e-01
-1.242000000000000048e-01
3.537000000000000144e-01
3.033000000000000140e-01
5.171999999999999931e-01
4.680000000000000132e-02
-1.116000000000000048e-01
-7.892000000000000126e-01
5.790000000000000008e-02
6.542999999999999927e-01
1.930000000000000049e-01
-6.944000000000000172e-01
3.155999999999999917e-01
-6.229000000000000092e-01
5.621000000000000441e-01
9.719999999999999751e-01
-1.909999999999999892e-02
-9.179000000000000492e-01
-4.096000000000000196e-01
-9.548999999999999710e-01
-5.238000000000000433e-01
-9.556999999999999940e-01
7.574999999999999512e-01
-4.456999999999999851e-01
6.707999999999999519e-01
4.890999999999999792e-01
-2.479999999999999982e-01
6.954000000000000181e-01
-4.420000000000000040e-01
-7.288999999999999924e-01
-5.285999999999999588e-01
7.099999999999999645e-01
-7.738000000000000433e-01
1.889000000000000123e-01
9.076999999999999513e-01
4.910999999999999810e-01
-3.291999999999999926e-01
3.140000000000000013e-01
5.142999999999999794e-01
4.082000000000000073e-01
8.538000000000000034e-01
5.877000000000000002e-01
3.956000000000000072e-01
7.623999999999999666e-01
8.652999999999999581e-01
-6.619999999999999496e-02
2.076000000000000068e-01
4.960999999999999854e-01
4.838999999999999968e-01
9.789999999999999813e-01
4.985999999999999877e-01
8.384000000000000341e-01
-1.913999999999999868e-01
1.620000000000000051e-01
-8.508999999999999897e-01
9.770999999999999686e-01
2.910000000000000087e-02
4.303000000000000158e-01
6.108000000000000096e-01
-4.702000000000000068e-01
-9.759999999999999787e-01
-8.619999999999999885e-01
-4.240000000000000019e-02
