-2.214000000000000135e-01
5.507999999999999563e-01
2.599999999999999881e-03
-1.932999999999999996e-01
7.366000000000000325e-01
-7.492999999999999661e-01
7.508000000000000229e-01
1.340000000000000045e-02
4.487999999999999767e-01
-5.840999999999999526e-01
2.910000000000000087e-02
-4.030000000000000249e-01
-2.539000000000000146e-01
7.986999999999999655e-01
7.322999999999999510e-01
6.308000000000000274e-01
-3.254000000000000226e-01
-2.627999999999999781e-01
-1.820000000000000090e-02
6.590000000000000302e-01
-2.205999999999999905e-01
1.928999999999999881e-01
6.241999999999999771e-01
-6.410000000000000142e-01
-4.476999999999999869e-01
8.226999999999999869e-01
4.104999999999999760e-01
-7.292999999999999483e-01
3.932999999999999829e-01
-4.248000000000000109e-01
-1.242999999999999938e-01
-1.894000000000000128e-01
4.628999999999999782e-01
7.470999999999999863e-01
-4.025000000000000244e-01
-5.138000000000000345e-01
-3.145000000000000018e-01
8.630000000000000171e-02
9.939999999999999947e-01
-8.337999999999999856e-01
-6.322999999999999732e-01
-3.541000000000000258e-01
8.872999999999999776e-01
4.290000000000000063e-02
2.457000000000000017e-01
2.762000000000000011e-01
4.188000000000000056e-01
8.082000000000000295e-01
-5.491000000000000325e-01
-9.149000000000000465e-01
7.134000000000000341e-01
6.320999999999999952e-01
-8.255000000000000115e-01
-7.036000000000000032e-01
8.182000000000000384e-01
-7.402999999999999581e-01
-1.223000000000000059e-01
2.190000000000000002e-01
-2.227000000000000091e-01
-1.689999999999999836e-02
-8.061000000000000387e-01
9.716000000000000192e-01
-1.443000000000000116e-01
5.476999999999999647e-01
-1.449999999999999900e-01
-7.645999999999999464e-01
7.013000000000000345e-01
9.832999999999999519e-01
-6.399000000000000243e-01
-5.430000000000000104e-02
-4.655000000000000249e-01
-1.058999999999999941e-01
6.132999999999999563e-01
-1.019000000000000045e-01
9.779999999999999805e-01
3.771999999999999797e-01
-5.472000000000000197e-01
-9.524000000000000243e-01
-2.541999999999999815e-01
4.268000000000000127e-01
-6.111999999999999655e-01
-9.640999999999999570e-01
4.399000000000000132e-01
3.531000000000000250e-01
-3.884000000000000230e-01
-2.737999999999999878e-01
-5.161999999999999922e-01
1.335999999999999965e-01
-6.026000000000000245e-01
-3.849000000000000199e-01
3.884000000000000230e-01
-5.332000000000000073e-01
-9.299999999999999239e-03
-3.352999999999999869e-01
3.371000000000000107e-01
7.600000000000000089e-01
-3.648000000000000131e-01
-9.455999999999999961e-01
9.888000000000000123e-01
5.071999999999999842e-01
1.428000000000000103e-01
-1.464999999999999913e-01
-2.611999999999999877e-01
1.074999999999999983e-01
6.472999999999999865e-01
7.884999999999999787e-01
1.872000000000000053e-01
-8.221000000000000529e-01
4.743999999999999884e-01
4.112000000000000099e-01
3.400000000000000244e-01
-9.370000000000000551e-01
-8.456000000000000183e-01
5.971999999999999531e-01
-5.410000000000000364e-01
-2.313000000000000056e-01
5.282999999999999918e-01
-1.100000000000000006e-01
-2.889999999999999791e-01
2.200000000000000133e-03
-3.776999999999999802e-01
-1.252000000000000057e-01
3.479999999999999760e-01
-5.243999999999999773e-01
3.693000000000000171e-01
5.348000000000000531e-01
-6.374999999999999556e-01
9.150000000000000355e-01
-9.267999999999999572e-01
3.874000000000000221e-01
-3.229000000000000203e-01
-9.113999999999999879e-01
-6.012999999999999456e-01
-3.537000000000000144e-01
-4.505000000000000115e-01
-3.659000000000000030e-01
8.859000000000000208e-01
-5.100999999999999979e-01
9.624000000000000332e-01
-2.979999999999999871e-01
1.413999999999999979e-01
-3.161999999999999811e-01
-5.679999999999999494e-01
-8.640000000000000457e-02
5.991999999999999549e-01
-3.874000000000000221e-01
-4.255999999999999783e-01
-8.459999999999999465e-02
5.745000000000000107e-01
-3.483999999999999875e-01
-8.116999999999999771e-01
4.979999999999999982e-01
-3.330000000000000182e-01
9.395000000000000018e-01
-3.477000000000000091e-01
-7.779000000000000359e-01
4.318000000000000171e-01
3.995000000000000218e-01
-8.016999999999999682e-01
9.566999999999999948e-01
3.914000000000000257e-01
4.779999999999999805e-01
-3.392999999999999905e-01
8.499999999999999778e-01
2.215000000000000024e-01
-7.102000000000000535e-01
4.990999999999999881e-01
6.022999999999999465e-01
6.774999999999999911e-01
8.909999999999999865e-02
-9.677999999999999936e-01
5.450000000000000400e-01
8.183000000000000274e-01
-6.090000000000000274e-02
7.439999999999999392e-02
-3.634000000000000008e-01
-6.042999999999999483e-01
4.445999999999999952e-01
-7.496000000000000441e-01
7.729000000000000314e-01
2.495999999999999885e-01
-5.240000000000000213e-02
5.062999999999999723e-01
7.554999999999999494e-01
7.038999999999999702e-01
-5.070000000000000062e-01
-4.019999999999999962e-02
5.727999999999999758e-01
-5.100999999999999979e-01
-6.788999999999999480e-01
6.469000000000000306e-01
-2.790000000000000258e-01
-3.472999999999999976e-01
2.371000000000000052e-01
-4.088999999999999857e-01
-5.960999999999999632e-01
-9.042999999999999927e-01
-3.972999999999999865e-01
3.953999999999999737e-01
2.021999999999999909e-01
8.981999999999999984e-01
-6.686999999999999611e-01
2.500000000000000139e-02
9.729999999999999760e-01
7.428000000000000158e-01
-9.615000000000000213e-01
9.931999999999999718e-01
-2.084000000000000019e-01
-4.045000000000000262e-01
3.467999999999999972e-01
