-4.220000000000000140e-02
-9.304000000000000048e-01
-6.682000000000000162e-01
7.123000000000000442e-01
-5.756999999999999895e-01
9.094999999999999751e-01
7.348999999999999977e-01
3.014999999999999902e-01
4.450999999999999956e-01
-1.822000000000000008e-01
8.388999999999999790e-01
-7.169999999999999984e-02
-5.248000000000000442e-01
6.100999999999999757e-01
6.407000000000000473e-01
5.274999999999999689e-01
-5.915000000000000258e-01
4.019999999999999962e-02
-1.630000000000000060e-01
3.144000000000000128e-01
4.650000000000000244e-01
-8.457000000000000073e-01
3.915000000000000147e-01
-7.282999999999999474e-01
-3.785999999999999921e-01
-6.153999999999999471e-01
7.053000000000000380e-01
-8.999999999999999320e-03
-4.232000000000000206e-01
4.532999999999999807e-01
-6.760000000000000453e-01
-5.172999999999999821e-01
-7.164000000000000368e-01
-2.273000000000000020e-01
2.207000000000000073e-01
-8.248999999999999666e-01
6.623999999999999888e-01
-1.660999999999999976e-01
-4.403000000000000247e-01
-8.951999999999999957e-01
6.988999999999999657e-01
2.056999999999999940e-01
8.367999999999999883e-01
-6.167000000000000259e-01
2.585999999999999965e-01
-9.829999999999999849e-02
-1.826000000000000123e-01
3.066999999999999726e-01
-7.167999999999999927e-01
-3.091999999999999749e-01
3.811999999999999833e-01
-5.091999999999999860e-01
7.340000000000000691e-02
7.714999999999999636e-01
4.845999999999999752e-01
-6.233999999999999542e-01
-6.077000000000000179e-01
3.660000000000000059e-02
7.953999999999999959e-01
5.443999999999999950e-01
5.004999999999999449e-01
-3.605999999999999761e-01
9.798999999999999932e-01
1.414999999999999869e-01
1.233000000000000068e-01
-6.922000000000000375e-01
1.643000000000000016e-01
2.975999999999999757e-01
5.369999999999999774e-02
9.199000000000000510e-01
9.680999999999999606e-01
-2.700000000000000143e-03
-4.819999999999999840e-01
4.117999999999999994e-01
-8.521999999999999575e-01
5.836999999999999966e-01
5.109000000000000208e-01
7.560999999999999943e-01
-8.599999999999999867e-01
-9.450000000000000067e-02
5.759999999999999565e-01
2.204000000000000126e-01
1.403999999999999970e-01
2.906000000000000250e-01
-4.989999999999999991e-01
7.226000000000000201e-01
-4.106000000000000205e-01
9.687999999999999945e-01
-4.079999999999999738e-01
9.433000000000000274e-01
3.936000000000000054e-01
1.228000000000000064e-01
-3.371999999999999997e-01
-1.228999999999999954e-01
-5.939999999999999725e-01
-9.159000000000000474e-01
2.983000000000000096e-01
7.099999999999999367e-02
-2.551999999999999824e-01
5.313999999999999835e-01
3.633000000000000118e-01
-4.955999999999999850e-01
1.975000000000000089e-01
8.695000000000000506e-01
5.905000000000000249e-01
6.510000000000000508e-02
-1.610999999999999932e-01
8.441999999999999504e-01
-5.788999999999999702e-01
8.991999999999999993e-01
-8.578999999999999959e-01
-3.479999999999999760e-02
5.089000000000000190e-01
-2.243999999999999884e-01
6.249000000000000110e-01
-8.863999999999999657e-01
-9.187999999999999501e-01
7.622999999999999776e-01
-5.269000000000000350e-01
4.499999999999999833e-02
7.660000000000000142e-02
6.550000000000000266e-02
7.975999999999999757e-01
1.629999999999999852e-02
1.228999999999999954e-01
-8.466000000000000192e-01
4.940999999999999837e-01
-6.140000000000000319e-02
4.060000000000000275e-01
2.649999999999999925e-02
-6.592999999999999972e-01
2.509000000000000119e-01
3.002000000000000224e-01
-9.130000000000000615e-02
7.712999999999999856e-01
8.199999999999999512e-01
-9.888000000000000123e-01
5.086000000000000520e-01
-4.570000000000000173e-01
1.111999999999999933e-01
-5.850999999999999535e-01
-9.481000000000000538e-01
9.140000000000000346e-01
-2.620999999999999996e-01
1.267999999999999960e-01
5.106000000000000538e-01
-2.233999999999999875e-01
7.604999999999999538e-01
-3.869999999999999829e-02
-4.062999999999999945e-01
2.479999999999999913e-02
9.684000000000000385e-01
9.099000000000000421e-01
-1.396999999999999909e-01
-3.109999999999999917e-02
6.875000000000000000e-01
-8.749000000000000110e-01
-8.659999999999999920e-01
-6.189999999999999669e-02
2.419000000000000039e-01
8.944999999999999618e-01
-6.391999999999999904e-01
7.581999999999999851e-01
-5.264999999999999680e-01
-4.773999999999999910e-01
4.645000000000000240e-01
7.786999999999999478e-01
6.885000000000000009e-01
-6.916999999999999815e-01
6.857999999999999652e-01
5.070999999999999952e-01
5.330000000000000293e-01
-9.273000000000000131e-01
-9.788999999999999924e-01
5.048000000000000265e-01
-8.498999999999999888e-01
-2.381999999999999951e-01
3.716999999999999749e-01
4.549999999999999878e-02
7.060999999999999499e-01
9.347999999999999643e-01
9.940999999999999837e-01
-9.335999999999999854e-01
3.744000000000000106e-01
-5.469000000000000528e-01
-1.160999999999999949e-01
3.377000000000000002e-01
3.479999999999999760e-02
-8.306999999999999940e-01
-4.797000000000000153e-01
-9.898000000000000131e-01
-5.759999999999999565e-01
3.546000000000000263e-01
8.748000000000000220e-01
-2.051000000000000045e-01
-8.686000000000000387e-01
-9.738999999999999879e-01
-8.702999999999999625e-01
-2.543000000000000260e-01
7.321999999999999620e-01
7.896999999999999575e-01
-3.947999999999999843e-01
1.346999999999999864e-01
5.171999999999999931e-01
-3.443999999999999839e-01
-3.655999999999999805e-01
6.015000000000000346e-01
5.533000000000000140e-01
-5.968999999999999861e-01
-2.671000000000000041e-01
