2.333000000000000074e-01
7.876999999999999558e-01
2.852000000000000091e-01
-3.301000000000000045e-01
-5.685999999999999943e-01
2.121999999999999997e-01
-3.029000000000000026e-01
-5.447999999999999510e-01
-9.277999999999999581e-01
-4.254999999999999893e-01
-6.556999999999999496e-01
-1.787999999999999867e-01
-1.423000000000000098e-01
-5.083999999999999631e-01
-7.085000000000000187e-01
7.597000000000000419e-01
6.693999999999999950e-01
-2.998000000000000109e-01
6.562000000000000055e-01
9.678999999999999826e-01
5.429000000000000492e-01
-6.468000000000000416e-01
3.929000000000000270e-01
9.766000000000000236e-01
-2.605000000000000093e-01
-1.313999999999999890e-01
-7.960000000000000409e-02
-7.139999999999999680e-01
3.476000000000000201e-01
-7.523999999999999577e-01
1.151999999999999968e-01
3.195999999999999952e-01
7.952000000000000179e-01
5.604999999999999982e-01
-4.072000000000000064e-01
9.300000000000000488e-01
-9.437999999999999723e-01
-4.691000000000000170e-01
-9.614000000000000323e-01
-8.810000000000000053e-01
-5.983000000000000540e-01
-1.746000000000000052e-01
9.781999999999999584e-01
-4.540000000000000147e-01
-7.134000000000000341e-01
-1.880000000000000004e-01
-1.739999999999999880e-01
9.175999999999999712e-01
-2.197000000000000064e-01
-1.983000000000000040e-01
-1.529999999999999936e-02
-7.639999999999999569e-02
-9.049000000000000377e-01
9.610999999999999543e-01
3.443999999999999839e-01
-5.665999999999999925e-01
1.091000000000000025e-01
5.812000000000000499e-01
-9.110000000000000042e-02
4.857000000000000206e-01
-3.180999999999999939e-01
-4.269999999999999907e-01
-2.066999999999999948e-01
-3.625999999999999779e-01
5.170000000000000151e-01
-6.152999999999999581e-01
2.924999999999999822e-01
2.099000000000000032e-01
3.534999999999999809e-01
5.401000000000000245e-01
5.389000000000000457e-01
4.481999999999999873e-01
-6.199999999999999956e-02
2.335000000000000131e-01
-7.600999999999999979e-01
1.303999999999999881e-01
7.198999999999999844e-01
-3.976000000000000090e-01
5.191000000000000059e-01
2.580000000000000071e-01
2.929999999999999827e-01
3.379999999999999671e-02
-7.885999999999999677e-01
-4.656000000000000139e-01
-4.082999999999999963e-01
8.427999999999999936e-01
5.872000000000000552e-01
-6.965000000000000080e-01
-3.071999999999999731e-01
-4.590000000000000191e-01
-3.558000000000000052e-01
-5.523000000000000131e-01
-9.375000000000000000e-01
-9.807000000000000162e-01
7.747000000000000552e-01
5.205999999999999517e-01
-5.548999999999999488e-01
-6.563999999999999835e-01
-4.420000000000000040e-01
9.405999999999999917e-01
-9.193000000000000060e-01
5.229000000000000314e-01
-7.387000000000000233e-01
5.567999999999999616e-01
-8.822999999999999732e-01
-1.499000000000000055e-01
-5.671000000000000485e-01
1.073999999999999955e-01
-2.803999999999999826e-01
-4.638999999999999790e-01
-5.574999999999999956e-01
5.907000000000000028e-01
1.189999999999999947e-01
-4.163000000000000034e-01
-2.189000000000000112e-01
-7.568000000000000282e-01
4.259999999999999898e-01
-8.470999999999999641e-01
2.977000000000000202e-01
-8.766000000000000458e-01
-9.564000000000000279e-01
-9.368999999999999551e-01
4.158000000000000029e-01
6.434999999999999609e-01
-7.252999999999999448e-01
-4.043999999999999817e-01
-4.312000000000000277e-01
-4.220000000000000140e-02
-8.828000000000000291e-01
9.861999999999999655e-01
-1.670000000000000095e-01
3.361000000000000099e-01
7.885999999999999677e-01
2.039999999999999869e-01
5.770000000000000129e-02
1.778000000000000136e-01
-7.019999999999999851e-02
6.019999999999999796e-01
-8.882999999999999785e-01
-3.986999999999999988e-01
-6.404999999999999583e-01
9.419999999999999485e-01
-9.474000000000000199e-01
3.972999999999999865e-01
-1.023000000000000020e-01
-3.266000000000000014e-01
5.313999999999999835e-01
-6.190999999999999837e-01
-4.147000000000000131e-01
5.322000000000000064e-01
9.189999999999999558e-02
-2.998000000000000109e-01
8.584000000000000519e-01
6.743999999999999995e-01
7.578000000000000291e-01
-5.569999999999999951e-02
1.680999999999999994e-01
3.804000000000000159e-01
4.470000000000000084e-01
9.167999999999999483e-01
-1.814999999999999947e-01
-7.939999999999999836e-02
3.420000000000000262e-01
-4.149999999999999800e-01
3.029999999999999916e-01
-7.971000000000000307e-01
3.538000000000000034e-01
3.287999999999999812e-01
1.342000000000000137e-01
-4.406999999999999806e-01
-9.130000000000000338e-01
5.141999999999999904e-01
5.837999999999999856e-01
-8.919000000000000261e-01
-1.872999999999999943e-01
6.485999999999999543e-01
8.177999999999999714e-01
9.769999999999999518e-02
-1.817000000000000004e-01
8.716000000000000414e-01
-2.043999999999999984e-01
-9.907000000000000250e-01
-8.854999999999999538e-01
-7.610000000000000098e-02
8.248999999999999666e-01
3.269999999999999990e-02
-6.032999999999999474e-01
-6.292999999999999705e-01
1.385000000000000120e-01
3.312999999999999834e-01
-5.269000000000000350e-01
-5.915000000000000258e-01
6.187000000000000277e-01
-8.544000000000000483e-01
7.184000000000000385e-01
-2.802999999999999936e-01
9.154999999999999805e-01
1.514000000000000068e-01
-1.746999999999999942e-01
2.536999999999999811e-01
-3.504999999999999782e-01
-4.547999999999999821e-01
7.205000000000000293e-01
8.118999999999999551e-01
1.350999999999999979e-01
-9.536999999999999922e-01
4.048999999999999821e-01
-9.710999999999999632e-01
4.154999999999999805e-01
-2.250000000000000056e-01
