-8.203000000000000291e-01
4.343000000000000194e-01
-1.718999999999999972e-01
6.150999999999999801e-01
9.820999999999999730e-01
-9.548999999999999710e-01
7.460999999999999854e-01
3.870999999999999996e-01
6.503999999999999782e-01
8.344000000000000306e-01
9.812999999999999501e-01
-1.080000000000000057e-02
3.845999999999999974e-01
-3.892999999999999794e-01
-2.641999999999999904e-01
-8.712999999999999634e-01
-1.375000000000000111e-01
-7.443999999999999506e-01
-8.708000000000000185e-01
-1.688000000000000056e-01
8.003000000000000114e-01
-9.744000000000000439e-01
9.687999999999999945e-01
-5.097000000000000419e-01
-4.865999999999999770e-01
1.554000000000000103e-01
-6.160000000000000198e-02
9.473000000000000309e-01
6.989999999999999547e-01
-1.960999999999999965e-01
6.908999999999999586e-01
-1.330000000000000071e-01
5.097000000000000419e-01
3.496000000000000218e-01
-2.369999999999999885e-02
-1.507999999999999896e-01
-8.536000000000000254e-01
-3.840000000000000080e-01
1.232000000000000040e-01
6.969999999999999807e-02
8.350000000000000477e-02
8.104999999999999982e-01
-2.980000000000000010e-02
5.750999999999999446e-01
7.300999999999999712e-01
5.160000000000000003e-02
-5.589999999999999830e-02
-4.878000000000000114e-01
3.528000000000000025e-01
-5.099000000000000199e-01
-2.911000000000000254e-01
-6.576999999999999513e-01
-3.395000000000000240e-01
-6.110999999999999766e-01
5.776000000000000023e-01
5.129000000000000226e-01
-7.689000000000000279e-01
-3.047000000000000264e-01
5.006000000000000449e-01
-2.469999999999999973e-02
2.462999999999999912e-01
1.290000000000000001e-02
7.397000000000000242e-01
2.013999999999999957e-01
2.164999999999999980e-01
6.501000000000000112e-01
1.706000000000000016e-01
-2.828999999999999848e-01
3.973999999999999755e-01
7.261999999999999567e-01
9.328999999999999515e-01
-2.651999999999999913e-01
9.568999999999999728e-01
-2.802000000000000046e-01
-6.314999999999999503e-01
8.169999999999999485e-01
2.615000000000000102e-01
-6.497000000000000552e-01
1.150999999999999940e-01
3.109000000000000097e-01
-1.776000000000000079e-01
-8.322000000000000508e-01
-7.987999999999999545e-01
2.139999999999999888e-02
-7.907999999999999474e-01
7.574999999999999512e-01
-1.720000000000000001e-02
6.636999999999999567e-01
-4.608999999999999764e-01
6.102999999999999536e-01
-9.258999999999999453e-01
-1.173000000000000015e-01
1.323999999999999899e-01
-3.150000000000000022e-01
-5.403000000000000025e-01
1.721000000000000030e-01
-3.826999999999999846e-01
2.558000000000000274e-01
-9.370000000000000551e-01
4.535000000000000142e-01
9.000000000000000222e-01
-5.883000000000000451e-01
5.109999999999999959e-02
-8.287999999999999812e-01
3.768000000000000238e-01
8.846000000000000529e-01
1.771000000000000074e-01
5.946000000000000174e-01
9.631999999999999451e-01
2.469999999999999973e-01
-4.082999999999999963e-01
4.976999999999999758e-01
-1.945999999999999952e-01
-7.400000000000000328e-03
-3.552000000000000157e-01
3.105999999999999872e-01
-2.475999999999999868e-01
-5.269000000000000350e-01
-7.821000000000000174e-01
-3.794000000000000150e-01
-3.760999999999999899e-01
5.220000000000000334e-02
4.867000000000000215e-01
-3.479999999999999760e-01
4.023999999999999799e-01
7.250999999999999668e-01
-4.400000000000000265e-03
-8.638000000000000123e-01
-2.441000000000000114e-01
-2.506999999999999784e-01
4.545000000000000151e-01
-4.749999999999999778e-01
-7.782999999999999918e-01
-4.505000000000000115e-01
9.365999999999999881e-01
-5.868999999999999773e-01
1.242999999999999938e-01
8.579999999999999849e-01
-1.534999999999999976e-01
9.293000000000000149e-01
1.857000000000000040e-01
-4.673999999999999821e-01
8.297999999999999821e-01
3.230000000000000232e-02
-6.104000000000000536e-01
3.119999999999999857e-02
-6.781000000000000361e-01
8.830999999999999961e-01
-7.753999999999999782e-01
8.333000000000000407e-01
3.155000000000000027e-01
2.787000000000000033e-01
8.294000000000000261e-01
-4.007999999999999896e-01
-5.708999999999999631e-01
-7.067999999999999838e-01
4.899000000000000021e-01
-4.611000000000000099e-01
-1.675999999999999990e-01
-7.911000000000000254e-01
-7.929999999999999549e-02
-5.718999999999999639e-01
7.489999999999999436e-02
-4.762000000000000122e-01
4.702000000000000068e-01
1.769999999999999907e-01
6.451000000000000068e-01
7.288999999999999924e-01
6.482999999999999874e-01
5.875000000000000222e-01
1.570999999999999897e-01
-8.872999999999999776e-01
-9.730999999999999650e-01
-5.614000000000000101e-01
-2.650000000000000133e-01
-1.370000000000000107e-01
3.663000000000000145e-01
3.996999999999999997e-01
6.259000000000000119e-01
-8.448999999999999844e-01
-9.347999999999999643e-01
9.949000000000000066e-01
-9.892999999999999572e-01
4.238000000000000100e-01
8.262000000000000455e-01
-2.275999999999999968e-01
-7.177999999999999936e-01
-2.775000000000000244e-01
-7.288000000000000034e-01
1.368000000000000049e-01
-3.602000000000000202e-01
1.419999999999999873e-01
-8.932999999999999829e-01
-5.866000000000000103e-01
-9.191000000000000281e-01
-1.837000000000000022e-01
-3.106999999999999762e-01
-3.286999999999999922e-01
4.495000000000000107e-01
6.129000000000000004e-01
4.829999999999999849e-01
1.479999999999999927e-01
1.297000000000000097e-01
-4.183999999999999941e-01
8.100000000000000255e-02
1.640000000000000069e-01
1.424999999999999878e-01
9.173999999999999932e-01
-3.246999999999999886e-01
2.472999999999999921e-01
