-4.662000000000000033e-01
8.528999999999999915e-01
-2.649999999999999925e-02
-6.289999999999999758e-02
-3.674000000000000044e-01
7.360999999999999766e-01
-7.466000000000000414e-01
-4.616999999999999993e-01
-1.082000000000000045e-01
-2.348999999999999977e-01
-8.050000000000000211e-02
-9.877000000000000224e-01
-9.819999999999999563e-02
4.647000000000000020e-01
1.494999999999999940e-01
-2.000000000000000042e-03
-1.494999999999999940e-01
-4.066000000000000170e-01
-7.511999999999999789e-01
2.311999999999999889e-01
-5.171999999999999931e-01
-2.766000000000000125e-01
-5.678999999999999604e-01
1.859999999999999987e-01
7.570999999999999952e-01
-9.872999999999999554e-01
-7.905999999999999694e-01
-9.122000000000000108e-01
-6.827999999999999625e-01
1.129999999999999928e-02
3.901999999999999913e-01
4.053999999999999826e-01
5.826999999999999957e-01
2.987000000000000210e-01
8.885999999999999455e-01
2.170000000000000054e-02
-9.156999999999999584e-01
7.791000000000000147e-01
9.298999999999999488e-01
3.856999999999999873e-01
9.141000000000000236e-01
2.898000000000000020e-01
3.309000000000000274e-01
-9.636000000000000121e-01
4.541000000000000036e-01
2.129999999999999949e-02
-6.815999999999999837e-01
-2.252000000000000113e-01
-2.164999999999999980e-01
4.742999999999999994e-01
9.145999999999999686e-01
-1.822999999999999898e-01
-6.266000000000000458e-01
9.574000000000000288e-01
-8.590000000000000413e-02
-7.630000000000000671e-02
-7.328000000000000069e-01
-3.701999999999999735e-01
-5.685999999999999943e-01
-5.243999999999999773e-01
9.929000000000000048e-01
-2.984999999999999876e-01
-5.107000000000000428e-01
2.984999999999999876e-01
-7.026000000000000023e-01
-6.836999999999999744e-01
-4.238000000000000100e-01
-5.775000000000000133e-01
-5.299999999999999850e-02
7.220999999999999641e-01
-9.295999999999999819e-01
9.022999999999999909e-01
-5.656999999999999806e-01
9.145999999999999686e-01
3.513999999999999901e-01
9.613000000000000433e-01
1.260999999999999899e-01
8.084999999999999964e-01
-4.027999999999999914e-01
-5.288000000000000478e-01
-8.104999999999999982e-01
-3.748000000000000220e-01
-6.876999999999999780e-01
-6.980000000000000093e-02
-3.645999999999999797e-01
-6.497000000000000552e-01
5.349000000000000421e-01
-9.769999999999999796e-01
-3.845999999999999974e-01
2.594000000000000195e-01
-2.664000000000000257e-01
-4.017000000000000015e-01
-7.900000000000000078e-02
8.675000000000000488e-01
-8.397999999999999909e-01
-5.121999999999999886e-01
9.675000000000000266e-01
-8.458999999999999853e-01
8.235999999999999988e-01
6.205000000000000515e-01
9.081000000000000183e-01
8.465000000000000302e-01
3.540000000000000091e-02
-9.389999999999999458e-01
9.931999999999999718e-01
1.053999999999999937e-01
4.677000000000000046e-01
2.782999999999999918e-01
-5.449000000000000510e-01
-3.799000000000000155e-01
6.236000000000000432e-01
5.086000000000000520e-01
-3.345000000000000195e-01
-9.096999999999999531e-01
7.325000000000000400e-01
5.171000000000000041e-01
-7.096000000000000085e-01
3.291999999999999926e-01
-7.701999999999999957e-01
-7.191999999999999504e-01
-4.804999999999999827e-01
-7.764999999999999680e-01
7.976999999999999647e-01
-6.879999999999999449e-01
-6.191999999999999726e-01
8.424000000000000377e-01
1.108999999999999986e-01
-5.258000000000000451e-01
4.220000000000000140e-02
-1.310999999999999943e-01
7.050999999999999490e-01
-2.480999999999999872e-01
-2.089000000000000024e-01
6.390000000000000124e-01
-7.077999999999999847e-01
8.060000000000000497e-01
1.024999999999999939e-01
-5.261000000000000121e-01
-2.252000000000000113e-01
2.954999999999999849e-01
7.289999999999999813e-01
6.593999999999999861e-01
3.321999999999999953e-01
6.626999999999999558e-01
-2.030000000000000138e-01
-4.682999999999999940e-01
-4.692999999999999949e-01
-5.745000000000000107e-01
4.501999999999999891e-01
1.731999999999999929e-01
6.149999999999999911e-01
5.501000000000000334e-01
9.641999999999999460e-01
-2.031000000000000028e-01
1.656999999999999862e-01
7.195000000000000284e-01
-2.437000000000000000e-01
9.735000000000000320e-01
2.982000000000000206e-01
-1.930000000000000118e-02
7.901000000000000245e-01
-1.943000000000000005e-01
4.248000000000000109e-01
-3.301000000000000045e-01
4.133000000000000007e-01
-6.441000000000000059e-01
6.322999999999999732e-01
8.547000000000000153e-01
-1.969999999999999876e-02
3.679999999999999938e-01
-4.162000000000000144e-01
2.129000000000000059e-01
5.829999999999999627e-01
-7.891000000000000236e-01
-5.879999999999999810e-02
-7.567000000000000393e-01
9.673000000000000487e-01
-6.454999999999999627e-01
9.754000000000000448e-01
3.781999999999999806e-01
-6.479000000000000314e-01
-3.628000000000000114e-01
-8.752999999999999670e-01
3.371000000000000107e-01
-3.055999999999999828e-01
6.586999999999999522e-01
-5.326999999999999513e-01
3.585999999999999743e-01
6.783000000000000140e-01
6.673999999999999932e-01
-8.917000000000000481e-01
-5.913000000000000478e-01
-6.683999999999999941e-01
-8.929000000000000270e-01
-3.108000000000000207e-01
3.942999999999999838e-01
-7.673999999999999710e-01
-7.611999999999999877e-01
4.570000000000000173e-01
3.781999999999999806e-01
-9.848000000000000087e-01
-9.321000000000000396e-01
2.859999999999999765e-01
-7.268999999999999906e-01
-2.993999999999999995e-01
9.004999999999999671e-01
-1.179999999999999938e-01
-4.156000000000000250e-01
5.410000000000000364e-01
-1.396000000000000019e-01
