3.024999999999999911e-01
-8.124000000000000110e-01
-3.296999999999999931e-01
8.094000000000000083e-01
9.344999999999999973e-01
4.691000000000000170e-01
-3.696999999999999731e-01
-1.337000000000000133e-01
-9.130000000000000615e-02
9.989000000000000101e-01
3.029000000000000026e-01
5.779999999999999721e-02
7.592999999999999750e-01
9.727000000000000091e-01
4.689999999999999725e-01
-5.639999999999999875e-02
-7.960000000000000409e-01
-5.445999999999999730e-01
-1.607999999999999985e-01
7.158999999999999808e-01
-1.082000000000000045e-01
6.701000000000000290e-01
-8.074999999999999956e-01
4.093999999999999861e-01
2.594000000000000195e-01
5.080000000000000071e-01
9.715000000000000302e-01
-8.326000000000000068e-01
5.038000000000000256e-01
-9.451000000000000512e-01
-1.028000000000000025e-01
-7.388000000000000123e-01
9.774000000000000465e-01
8.417000000000000037e-01
-6.401000000000000023e-01
8.004000000000000004e-01
-3.395000000000000240e-01
-5.078000000000000291e-01
-5.443000000000000060e-01
-9.852999999999999536e-01
-1.189999999999999947e-01
8.853999999999999648e-01
4.456999999999999851e-01
4.320000000000000229e-02
-5.010999999999999899e-01
-2.398000000000000131e-01
-3.088000000000000189e-01
7.082000000000000517e-01
-1.870999999999999885e-01
5.718999999999999639e-01
7.976999999999999647e-01
4.214999999999999858e-01
8.390999999999999570e-01
3.096999999999999753e-01
4.442999999999999727e-01
2.353999999999999981e-01
-4.217000000000000193e-01
1.026999999999999996e-01
1.507000000000000006e-01
5.013999999999999568e-01
9.850000000000000422e-02
8.425000000000000266e-01
-2.008999999999999952e-01
2.126000000000000112e-01
-4.515000000000000124e-01
-4.209999999999999853e-01
-9.222000000000000197e-01
1.995999999999999996e-01
4.415999999999999925e-01
-1.627000000000000113e-01
-1.580000000000000154e-02
8.177999999999999714e-01
-3.430000000000000271e-01
-2.581999999999999851e-01
-5.885000000000000231e-01
-2.169999999999999984e-01
4.929000000000000048e-01
3.150000000000000022e-01
6.742000000000000215e-01
-2.670000000000000151e-01
5.454999999999999849e-01
4.487999999999999767e-01
2.310000000000000109e-01
9.820999999999999730e-01
-6.679000000000000492e-01
8.800999999999999934e-01
-6.667999999999999483e-01
-9.235999999999999766e-01
2.350000000000000006e-02
1.067000000000000032e-01
5.394999999999999796e-01
7.279999999999999805e-01
-2.693999999999999728e-01
1.208999999999999936e-01
-1.335999999999999965e-01
-6.639000000000000457e-01
8.569999999999999840e-01
6.532999999999999918e-01
3.003000000000000114e-01
-5.864000000000000323e-01
-4.102999999999999980e-01
-3.577000000000000179e-01
-6.318000000000000282e-01
1.443000000000000116e-01
-4.440999999999999948e-01
3.709000000000000075e-01
1.073000000000000065e-01
-3.099999999999999891e-03
-5.729999999999999538e-01
2.990999999999999770e-01
-3.195000000000000062e-01
-4.766000000000000236e-01
-7.023000000000000353e-01
5.587999999999999634e-01
-9.808999999999999941e-01
-1.414999999999999869e-01
-3.886000000000000010e-01
-8.377999999999999892e-01
-6.866999999999999771e-01
-3.731999999999999762e-01
3.524999999999999800e-01
2.585999999999999965e-01
7.304000000000000492e-01
2.429999999999999938e-01
2.461000000000000132e-01
9.510999999999999455e-01
5.189000000000000279e-01
2.081000000000000072e-01
-8.685000000000000497e-01
-2.316000000000000003e-01
3.694000000000000061e-01
7.055000000000000160e-01
-9.933999999999999497e-01
-4.363000000000000211e-01
7.241999999999999549e-01
-9.039000000000000368e-01
-2.909999999999999809e-01
-4.365999999999999881e-01
7.225000000000000311e-01
-6.974000000000000199e-01
9.090000000000000302e-01
6.965999999999999970e-01
4.550000000000000155e-01
-2.169999999999999984e-01
2.509000000000000119e-01
3.820999999999999952e-01
2.989999999999999880e-01
3.491000000000000214e-01
-3.562000000000000166e-01
-5.127000000000000446e-01
-7.723999999999999755e-01
5.779999999999999721e-02
-5.574999999999999956e-01
2.285999999999999976e-01
4.386999999999999789e-01
-7.560000000000000053e-02
3.841999999999999860e-01
-3.701999999999999735e-01
7.032000000000000473e-01
6.823000000000000176e-01
6.414999999999999591e-01
5.451000000000000290e-01
-4.480000000000000093e-01
1.337000000000000133e-01
8.415000000000000258e-01
-6.572000000000000064e-01
9.747999999999999998e-01
5.475999999999999757e-01
-6.341999999999999860e-01
3.744000000000000106e-01
-5.869999999999999662e-01
5.446999999999999620e-01
-5.605999999999999872e-01
-3.735999999999999877e-01
-6.435999999999999499e-01
-8.069999999999999396e-02
5.630000000000000282e-02
-7.389999999999999347e-02
4.334999999999999964e-01
-4.838000000000000078e-01
9.000000000000000222e-01
8.599999999999999312e-02
3.911000000000000032e-01
3.220999999999999974e-01
-6.430000000000000160e-01
7.819000000000000394e-01
-4.551000000000000045e-01
-4.307000000000000273e-01
5.182999999999999829e-01
8.458999999999999853e-01
5.814000000000000279e-01
-6.452999999999999847e-01
8.733999999999999542e-01
-5.506999999999999673e-01
8.919000000000000261e-01
4.576000000000000068e-01
-6.138000000000000123e-01
7.165000000000000258e-01
3.012000000000000233e-01
-2.518000000000000238e-01
4.585000000000000187e-01
7.319999999999999840e-01
5.142999999999999794e-01
-4.430999999999999939e-01
8.700999999999999845e-01
5.215999999999999526e-01
-6.028000000000000025e-01
3.251999999999999891e-01
8.487999999999999989e-01
-6.411999999999999922e-01
