9.637000000000000011e-01
-5.086000000000000520e-01
4.884999999999999898e-01
3.980000000000000204e-01
1.710000000000000131e-01
-7.278000000000000025e-01
-3.351000000000000090e-01
9.122000000000000108e-01
-1.389999999999999916e-02
-4.545000000000000151e-01
-7.641999999999999904e-01
-6.890000000000000291e-02
7.897999999999999465e-01
-6.367000000000000437e-01
3.679999999999999938e-01
5.131000000000000005e-01
-1.708999999999999964e-01
-5.507999999999999563e-01
2.280000000000000082e-02
-8.126999999999999780e-01
1.620999999999999941e-01
5.140000000000000124e-01
-6.179999999999999938e-01
-3.483999999999999875e-01
-6.787999999999999590e-01
8.429999999999999993e-02
-3.881000000000000005e-01
2.544000000000000150e-01
-2.612999999999999767e-01
7.719000000000000306e-01
5.857999999999999874e-01
-7.939000000000000501e-01
9.644000000000000350e-01
2.867999999999999994e-01
-1.290000000000000001e-02
9.210000000000000409e-01
-5.655000000000000027e-01
3.366999999999999993e-01
-3.609999999999999876e-01
-5.556999999999999718e-01
3.099999999999999978e-01
-8.201000000000000512e-01
-6.432999999999999829e-01
4.515000000000000124e-01
6.526999999999999469e-01
2.409000000000000030e-01
9.043999999999999817e-01
7.562999999999999723e-01
-7.268999999999999906e-01
1.000000000000000021e-02
1.774000000000000021e-01
3.119999999999999996e-01
-7.513999999999999568e-01
-1.761000000000000065e-01
7.080000000000000182e-02
6.933000000000000274e-01
-2.937000000000000166e-01
1.020000000000000073e-02
-4.581999999999999962e-01
9.494000000000000217e-01
4.860999999999999766e-01
-9.871999999999999664e-01
7.849000000000000421e-01
3.783000000000000251e-01
-3.529999999999999805e-01
4.661000000000000143e-01
-7.604999999999999538e-01
-4.898000000000000131e-01
3.511000000000000232e-01
9.750999999999999668e-01
5.843000000000000416e-01
-1.068000000000000060e-01
7.664999999999999591e-01
2.028000000000000080e-01
1.150999999999999940e-01
-2.636999999999999900e-01
-4.703999999999999848e-01
8.372000000000000552e-01
-4.189999999999999974e-02
4.858000000000000096e-01
8.609999999999999598e-02
-8.114999999999999991e-01
1.904000000000000137e-01
2.771000000000000130e-01
-4.934000000000000052e-01
-6.880000000000000004e-02
2.361000000000000043e-01
3.299000000000000266e-01
5.321000000000000174e-01
1.560999999999999888e-01
6.984000000000000208e-01
-1.454999999999999905e-01
7.462999999999999634e-01
5.544999999999999929e-01
1.368000000000000049e-01
3.951999999999999957e-01
5.907000000000000028e-01
-5.053999999999999604e-01
-2.146000000000000130e-01
6.985999999999999988e-01
3.996999999999999997e-01
9.530999999999999472e-01
-5.042999999999999705e-01
-7.510000000000000009e-02
-9.850999999999999757e-01
-7.209999999999999742e-01
-4.981999999999999762e-01
8.297999999999999821e-01
4.869999999999999885e-01
6.036000000000000254e-01
3.119000000000000106e-01
-4.737000000000000099e-01
2.862000000000000099e-01
-6.216000000000000414e-01
1.492999999999999883e-01
-6.393999999999999684e-01
-6.569999999999999452e-02
-6.513999999999999790e-01
-9.982999999999999652e-01
4.385999999999999899e-01
8.937000000000000499e-01
-3.634999999999999898e-01
-5.070000000000000062e-01
4.899999999999999842e-03
3.608999999999999986e-01
7.271999999999999575e-01
-3.600999999999999757e-01
8.056999999999999718e-01
2.943999999999999950e-01
-1.250000000000000000e-01
-2.066999999999999948e-01
-3.400000000000000244e-02
6.657999999999999474e-01
-7.953000000000000069e-01
-9.385999999999999899e-01
1.782999999999999863e-01
-5.401000000000000245e-01
7.518000000000000238e-01
-9.089999999999999469e-02
1.343999999999999917e-01
6.201999999999999735e-01
-3.049999999999999933e-02
2.676000000000000045e-01
9.406999999999999806e-01
-7.085000000000000187e-01
-3.269000000000000239e-01
-4.542999999999999816e-01
-1.830000000000000029e-02
-4.516000000000000014e-01
-4.056000000000000161e-01
-8.419999999999999707e-02
3.548000000000000043e-01
-5.990000000000000185e-02
-7.589000000000000190e-01
-6.457000000000000517e-01
-9.982999999999999652e-01
7.355000000000000426e-01
5.375999999999999668e-01
-6.670000000000000373e-01
5.727999999999999758e-01
-4.666000000000000147e-01
-3.357999999999999874e-01
3.215999999999999970e-01
-7.590999999999999970e-01
7.858000000000000540e-01
-6.302999999999999714e-01
-3.810000000000000192e-02
-9.768000000000000016e-01
9.844000000000000528e-01
-2.411000000000000087e-01
-2.581999999999999851e-01
7.495000000000000551e-01
-7.923000000000000043e-01
4.480999999999999983e-01
6.523999999999999799e-01
9.730999999999999650e-01
-5.929999999999999716e-01
-4.399999999999999745e-02
-5.469000000000000528e-01
4.859999999999999737e-02
-8.639000000000000012e-01
2.459000000000000075e-01
1.642000000000000126e-01
9.651999999999999469e-01
-5.198000000000000398e-01
6.378000000000000336e-01
5.853000000000000425e-01
-4.178000000000000047e-01
-6.005000000000000338e-01
1.953000000000000014e-01
7.078999999999999737e-01
2.782999999999999918e-01
-1.983999999999999930e-01
2.822999999999999954e-01
9.629999999999999671e-02
7.665999999999999481e-01
6.402999999999999803e-01
-1.610000000000000042e-01
-5.349999999999999895e-02
-1.207000000000000017e-01
9.378999999999999559e-01
8.474000000000000421e-01
-5.698999999999999622e-01
8.269999999999999574e-02
-5.770999999999999464e-01
-9.416999999999999815e-01
8.555000000000000382e-01
-5.310000000000000137e-02
3.160000000000000309e-02
-6.413999999999999702e-01
