6.928999999999999604e-01
2.932000000000000162e-01
-9.424000000000000155e-01
-5.083999999999999631e-01
1.025999999999999968e-01
6.334999999999999520e-01
6.825999999999999845e-01
9.868000000000000105e-01
9.160000000000000087e-02
1.254000000000000115e-01
-7.727000000000000535e-01
1.399999999999999986e-03
-2.315000000000000113e-01
-2.061000000000000054e-01
8.100000000000000255e-02
-1.650000000000000078e-01
-7.963000000000000078e-01
-4.593999999999999750e-01
-6.561000000000000165e-01
4.601999999999999980e-01
5.813000000000000389e-01
7.870000000000000606e-02
-1.469999999999999953e-02
-8.746000000000000441e-01
6.874000000000000110e-01
5.940000000000000141e-02
7.449999999999999678e-02
6.938999999999999613e-01
1.449999999999999900e-01
-3.567000000000000171e-01
6.977999999999999758e-01
-6.430000000000000160e-01
-5.934000000000000385e-01
6.715999999999999748e-01
9.043999999999999817e-01
-1.414999999999999869e-01
-3.780000000000000027e-02
4.358000000000000207e-01
-2.396999999999999964e-01
6.462999999999999856e-01
5.207000000000000517e-01
2.959999999999999853e-01
7.739999999999999658e-02
-8.817000000000000393e-01
2.967000000000000193e-01
-5.494999999999999885e-01
5.754000000000000226e-01
-5.738999999999999657e-01
9.250000000000000444e-01
3.118000000000000216e-01
-6.736999999999999655e-01
6.002999999999999448e-01
-4.894000000000000017e-01
7.328999999999999959e-01
-8.904999999999999583e-01
9.772999999999999465e-01
8.900000000000000133e-01
1.688999999999999946e-01
6.133999999999999453e-01
8.107999999999999652e-01
1.637000000000000122e-01
-7.906999999999999584e-01
-6.654999999999999805e-01
4.346999999999999753e-01
4.822000000000000175e-01
2.230000000000000038e-02
8.757000000000000339e-01
-2.727999999999999869e-01
3.781999999999999806e-01
5.977999999999999980e-01
8.144000000000000128e-01
6.082999999999999519e-01
1.542000000000000037e-01
-4.924000000000000044e-01
-7.449999999999999678e-02
-6.090999999999999748e-01
-6.896999999999999797e-01
-4.939999999999999947e-02
-4.218999999999999972e-01
-8.923999999999999710e-01
7.913999999999999924e-01
5.984000000000000430e-01
6.385999999999999455e-01
-1.653000000000000025e-01
2.529999999999999957e-02
-3.924000000000000266e-01
-4.767000000000000126e-01
-2.101000000000000090e-01
3.909000000000000252e-01
-3.200000000000000067e-01
-8.493000000000000549e-01
-3.323999999999999733e-01
-7.880000000000000338e-01
-2.131000000000000116e-01
-5.535999999999999810e-01
-1.759999999999999898e-01
9.869999999999999607e-02
-7.650000000000000133e-01
-3.214000000000000190e-01
8.096999999999999753e-01
-9.550000000000000155e-02
4.218000000000000083e-01
-7.000000000000000146e-03
9.267999999999999572e-01
2.467000000000000026e-01
-8.217999999999999750e-01
4.232000000000000206e-01
2.313999999999999946e-01
-3.429999999999999716e-02
7.732999999999999874e-01
-9.420000000000000595e-02
-2.391999999999999960e-01
4.754999999999999782e-01
-7.221999999999999531e-01
2.887000000000000122e-01
2.657999999999999807e-01
-2.351999999999999924e-01
-6.765999999999999792e-01
3.225999999999999979e-01
-4.590000000000000191e-01
9.261000000000000343e-01
-1.499000000000000055e-01
-1.024000000000000049e-01
-1.126000000000000056e-01
1.120000000000000023e-01
6.228000000000000203e-01
3.669000000000000039e-01
-2.526999999999999802e-01
-9.372000000000000330e-01
1.184999999999999942e-01
-6.357000000000000428e-01
-6.139000000000000012e-01
-7.995999999999999774e-01
4.855999999999999761e-01
7.982000000000000206e-01
8.536000000000000254e-01
1.618999999999999884e-01
7.760000000000000231e-01
-5.492000000000000215e-01
-2.439000000000000057e-01
5.712000000000000410e-01
3.709999999999999964e-01
-5.696999999999999842e-01
8.798000000000000265e-01
5.439000000000000501e-01
-6.925000000000000044e-01
-4.423000000000000265e-01
2.620000000000000107e-01
1.086000000000000021e-01
-7.102000000000000535e-01
8.131000000000000449e-01
-4.632000000000000006e-01
-7.448000000000000176e-01
9.666000000000000147e-01
1.024999999999999939e-01
6.778999999999999471e-01
-9.255999999999999783e-01
6.394999999999999574e-01
2.202000000000000068e-01
2.205000000000000016e-01
-3.509999999999999787e-01
4.208000000000000074e-01
-9.707999999999999963e-01
-2.776000000000000134e-01
-7.796999999999999487e-01
-9.895000000000000462e-01
-6.915000000000000036e-01
-9.733000000000000540e-01
-2.174999999999999989e-01
8.290000000000000147e-02
6.206000000000000405e-01
9.640999999999999570e-01
-5.326999999999999513e-01
-7.014000000000000234e-01
6.750000000000000444e-01
-2.833999999999999853e-01
5.494999999999999885e-01
6.526999999999999469e-01
-7.740000000000000213e-01
-2.341000000000000025e-01
-1.192000000000000004e-01
5.534999999999999920e-01
1.900000000000000022e-01
-3.064000000000000057e-01
-3.493999999999999884e-01
1.685999999999999999e-01
-5.149000000000000243e-01
-8.746000000000000441e-01
8.937000000000000499e-01
7.109999999999999654e-01
-1.195999999999999980e-01
-3.378999999999999782e-01
-3.663000000000000145e-01
-5.961999999999999522e-01
-1.179000000000000048e-01
-7.580999999999999961e-01
-3.062000000000000277e-01
6.712000000000000188e-01
-9.157999999999999474e-01
-4.343000000000000194e-01
3.951000000000000068e-01
6.468000000000000416e-01
-4.158000000000000029e-01
6.040999999999999703e-01
-7.520000000000000295e-02
2.540000000000000036e-01
-8.960000000000000187e-01
8.849999999999999534e-02
-1.195999999999999980e-01
1.643999999999999906e-01
