-4.366999999999999771e-01
-2.742999999999999883e-01
2.718999999999999750e-01
2.550999999999999934e-01
7.850000000000000033e-02
-9.636000000000000121e-01
-5.614000000000000101e-01
-4.873999999999999999e-01
3.075999999999999845e-01
-1.277999999999999969e-01
-7.049999999999999600e-01
-3.209000000000000186e-01
8.336000000000000076e-01
-2.361999999999999933e-01
-8.347999999999999865e-01
-2.248999999999999888e-01
9.857000000000000206e-01
-7.385000000000000453e-01
-3.832999999999999741e-01
-6.133999999999999453e-01
-1.607000000000000095e-01
-9.129000000000000448e-01
6.526999999999999469e-01
-7.374000000000000554e-01
1.299999999999999940e-03
5.989999999999999769e-01
-1.584000000000000130e-01
-2.295999999999999985e-01
-1.884000000000000119e-01
4.153000000000000025e-01
-1.342000000000000137e-01
2.645000000000000129e-01
-6.078000000000000069e-01
4.425000000000000044e-01
2.849999999999999756e-01
1.700000000000000122e-02
-2.565999999999999948e-01
8.877000000000000446e-01
-9.879999999999999893e-02
-1.461000000000000076e-01
-4.091000000000000192e-01
8.527000000000000135e-01
-3.462000000000000077e-01
-5.608999999999999542e-01
9.739999999999999769e-01
3.356999999999999984e-01
-2.788999999999999813e-01
9.777000000000000135e-01
8.826000000000000512e-01
-8.725000000000000533e-01
-9.840000000000000135e-02
4.292000000000000259e-01
-3.518000000000000016e-01
4.672999999999999932e-01
-2.707999999999999852e-01
-5.909999999999999976e-02
-9.790000000000000091e-02
-3.098000000000000198e-01
-8.581999999999999629e-01
-5.857999999999999874e-01
6.199999999999999956e-01
4.000000000000000192e-04
-1.691999999999999893e-01
-6.138000000000000123e-01
-2.903000000000000025e-01
-1.147999999999999993e-01
-5.986000000000000210e-01
5.705999999999999961e-01
-9.899000000000000021e-01
-2.149999999999999967e-01
-6.545999999999999597e-01
1.379999999999999977e-02
6.241999999999999771e-01
6.167000000000000259e-01
9.775000000000000355e-01
6.579000000000000403e-01
7.000000000000000666e-02
-3.183000000000000274e-01
2.581999999999999851e-01
-5.039000000000000146e-01
-7.004000000000000226e-01
-8.832999999999999741e-01
4.057000000000000051e-01
5.445999999999999730e-01
5.954000000000000403e-01
9.540999999999999481e-01
3.487999999999999989e-01
1.295999999999999930e-01
-8.324000000000000288e-01
5.084999999999999520e-01
-9.725000000000000311e-01
3.790000000000000036e-01
5.572000000000000286e-01
1.385000000000000120e-01
-7.228999999999999870e-01
-4.122999999999999998e-01
7.960000000000000409e-02
-5.998999999999999888e-01
-5.029000000000000137e-01
-2.056999999999999940e-01
9.284000000000000030e-01
8.224000000000000199e-01
-5.480000000000000149e-02
4.042999999999999927e-01
-8.909999999999999865e-02
-2.044999999999999873e-01
7.699999999999999900e-02
9.273000000000000131e-01
-8.698000000000000176e-01
-6.347000000000000419e-01
-9.386999999999999789e-01
-2.575000000000000067e-01
8.386000000000000121e-01
-5.873000000000000442e-01
-4.954999999999999960e-01
-4.479000000000000203e-01
6.492999999999999883e-01
-2.399999999999999790e-03
-2.772999999999999909e-01
8.206999999999999851e-01
-4.683999999999999830e-01
-5.709999999999999520e-01
-3.286999999999999922e-01
-4.859999999999999876e-01
-6.349000000000000199e-01
-7.231999999999999540e-01
-6.800000000000000488e-01
-2.604000000000000203e-01
2.412999999999999867e-01
-4.193000000000000060e-01
8.455000000000000293e-01
8.064000000000000057e-01
4.460000000000000075e-02
-4.599999999999999922e-03
1.029000000000000054e-01
-4.847000000000000197e-01
8.640999999999999792e-01
2.039999999999999869e-01
-7.469000000000000083e-01
-4.801000000000000267e-01
-2.447999999999999898e-01
-4.440999999999999948e-01
-8.023000000000000131e-01
7.288000000000000034e-01
9.096999999999999531e-01
-5.167000000000000481e-01
-6.307000000000000384e-01
5.770000000000000129e-02
-1.305000000000000049e-01
2.134999999999999953e-01
-8.838000000000000300e-01
-2.494000000000000106e-01
-8.403000000000000469e-01
-7.260999999999999677e-01
9.729999999999999760e-02
-2.777000000000000024e-01
4.591000000000000081e-01
3.629999999999999893e-02
-8.016999999999999682e-01
-7.822999999999999954e-01
-5.807999999999999829e-01
-2.199000000000000121e-01
-4.057000000000000051e-01
1.534999999999999976e-01
-1.969999999999999876e-02
1.319999999999999993e-02
8.030000000000000471e-01
-2.831000000000000183e-01
8.469999999999999751e-01
-8.217999999999999750e-01
-5.298000000000000487e-01
6.370000000000000662e-02
-9.727000000000000091e-01
4.615000000000000213e-01
1.171999999999999986e-01
3.321999999999999953e-01
-2.494999999999999996e-01
9.572000000000000508e-01
-2.376999999999999946e-01
-9.196999999999999620e-01
-8.464000000000000412e-01
-7.714999999999999636e-01
-3.808000000000000274e-01
-2.184000000000000108e-01
-9.788000000000000034e-01
-4.381999999999999784e-01
-8.708000000000000185e-01
-6.562000000000000055e-01
-3.955000000000000182e-01
9.953999999999999515e-01
7.781000000000000139e-01
-4.414000000000000146e-01
6.180000000000000077e-02
-4.701000000000000179e-01
6.703000000000000069e-01
5.558999999999999497e-01
-9.578999999999999737e-01
-6.167000000000000259e-01
-7.110999999999999543e-01
2.782999999999999918e-01
6.875000000000000000e-01
6.130000000000000032e-02
9.042000000000000037e-01
3.409999999999999837e-02
-9.280000000000000471e-01
9.585000000000000187e-01
-8.712999999999999634e-01
-8.982999999999999874e-01
2.210000000000000159e-02
-1.947000000000000119e-01
