-7.217000000000000082e-01
3.300000000000000155e-02
-2.732999999999999874e-01
-1.700000000000000122e-01
5.833000000000000407e-01
-7.926999999999999602e-01
-9.921999999999999709e-01
-5.665000000000000036e-01
4.048999999999999821e-01
-7.641000000000000014e-01
5.505999999999999783e-01
2.134000000000000064e-01
3.000000000000000062e-03
5.680000000000000326e-02
3.316000000000000059e-01
-1.746999999999999942e-01
1.469999999999999953e-02
-8.780999999999999917e-01
-8.290000000000000147e-02
2.993000000000000105e-01
-2.833999999999999853e-01
7.717000000000000526e-01
3.528000000000000025e-01
-5.803000000000000380e-01
-7.571999999999999842e-01
-1.239999999999999956e-02
-3.809000000000000163e-01
-2.910000000000000087e-02
9.497999999999999776e-01
-5.809999999999999609e-01
-9.223000000000000087e-01
3.367999999999999883e-01
4.118999999999999884e-01
-5.910999999999999588e-01
-2.641999999999999904e-01
-7.672999999999999821e-01
-2.175999999999999879e-01
4.220999999999999752e-01
-6.958999999999999631e-01
8.990000000000000213e-01
2.399000000000000021e-01
7.299999999999999545e-02
8.792999999999999705e-01
6.615999999999999659e-01
-5.870000000000000218e-02
-7.779999999999999416e-02
-1.759999999999999898e-01
6.553999999999999826e-01
-6.005000000000000338e-01
7.619000000000000217e-01
3.241999999999999882e-01
-2.510000000000000078e-02
8.284000000000000252e-01
-6.334999999999999520e-01
-1.766000000000000070e-01
-3.106999999999999762e-01
7.590000000000000080e-01
8.010000000000000453e-01
-4.123999999999999888e-01
3.761999999999999789e-01
-2.791000000000000147e-01
4.434000000000000163e-01
-3.538000000000000034e-01
-3.431000000000000161e-01
-7.483999999999999542e-01
-8.899000000000000243e-01
5.062999999999999723e-01
9.222000000000000197e-01
6.852000000000000313e-01
-3.415000000000000258e-01
-1.448000000000000120e-01
-8.421999999999999487e-01
-7.207999999999999963e-01
5.440000000000000391e-01
7.085000000000000187e-01
-2.404000000000000026e-01
2.089000000000000024e-01
-1.779999999999999985e-02
-2.366999999999999937e-01
3.790000000000000036e-01
6.356000000000000538e-01
4.485000000000000098e-01
9.966000000000000414e-01
6.964000000000000190e-01
-5.573000000000000176e-01
-1.112999999999999962e-01
-3.503000000000000003e-01
1.640000000000000138e-02
8.094000000000000083e-01
2.210999999999999910e-01
-6.149000000000000021e-01
-1.547000000000000042e-01
2.479000000000000092e-01
6.523999999999999799e-01
-7.067999999999999838e-01
-1.799000000000000044e-01
6.633000000000000007e-01
1.073000000000000065e-01
-8.839000000000000190e-01
-5.564999999999999947e-01
-5.318000000000000504e-01
-9.064999999999999725e-01
8.820000000000000062e-02
-2.200000000000000133e-03
-3.175999999999999934e-01
-3.743000000000000216e-01
-9.197999999999999510e-01
-5.634000000000000119e-01
-8.238999999999999657e-01
7.770000000000000517e-02
-8.428999999999999826e-01
-4.395000000000000018e-01
9.991999999999999771e-01
7.804999999999999716e-01
4.914999999999999925e-01
5.091999999999999860e-01
8.858000000000000318e-01
2.001999999999999891e-01
7.357000000000000206e-01
-8.580999999999999739e-01
5.601000000000000423e-01
-1.333000000000000018e-01
-5.195999999999999508e-01
2.721000000000000085e-01
-9.150000000000000355e-01
1.218999999999999945e-01
7.960000000000000409e-01
4.540000000000000285e-02
5.151000000000000023e-01
5.033999999999999586e-01
2.842999999999999972e-01
-4.233999999999999986e-01
-5.745000000000000107e-01
3.205999999999999961e-01
8.800999999999999934e-01
6.350000000000000089e-01
-4.319999999999999951e-01
-3.728000000000000203e-01
3.889999999999999708e-02
-6.669999999999999540e-02
2.887000000000000122e-01
-3.272999999999999798e-01
-7.497000000000000330e-01
7.256000000000000227e-01
2.467000000000000026e-01
6.911000000000000476e-01
-2.632999999999999785e-01
8.671999999999999709e-01
8.034000000000000030e-01
1.852999999999999925e-01
7.030999999999999472e-01
-4.062000000000000055e-01
4.649999999999999967e-02
-1.187000000000000000e-01
4.919000000000000039e-01
4.839999999999999858e-02
-4.581000000000000072e-01
-4.969000000000000083e-01
4.248999999999999999e-01
3.416000000000000147e-01
-4.946999999999999731e-01
2.185999999999999888e-01
-9.746000000000000218e-01
-5.475999999999999757e-01
5.981999999999999540e-01
-5.293999999999999817e-01
8.031000000000000361e-01
5.225999999999999535e-01
7.846999999999999531e-01
-8.992999999999999883e-01
2.897000000000000131e-01
1.832999999999999907e-01
-2.298999999999999932e-01
2.854999999999999760e-01
-6.480000000000000204e-01
-8.346999999999999975e-01
9.728999999999999870e-01
5.597999999999999643e-01
-3.353999999999999759e-01
-4.295999999999999819e-01
5.014999999999999458e-01
7.516000000000000458e-01
-6.641000000000000236e-01
5.536999999999999700e-01
-9.578999999999999737e-01
-2.550000000000000044e-01
-8.540000000000000369e-02
3.155999999999999917e-01
9.220000000000000417e-01
4.642000000000000015e-01
2.800000000000000266e-01
4.380000000000000004e-01
7.522999999999999687e-01
2.913000000000000034e-01
6.257000000000000339e-01
7.785999999999999588e-01
2.999999999999999889e-02
-6.726999999999999647e-01
2.268999999999999906e-01
3.714000000000000079e-01
-9.235999999999999766e-01
-1.713000000000000078e-01
1.789999999999999925e-01
-9.626000000000000112e-01
3.271999999999999909e-01
-6.207000000000000295e-01
1.864000000000000101e-01
4.888000000000000123e-01
-1.039000000000000062e-01
2.452999999999999903e-01
