1.189000000000000057e-01
9.415999999999999925e-01
-3.418999999999999817e-01
-9.088000000000000522e-01
-9.153000000000000025e-01
9.929999999999999938e-01
9.465000000000000080e-01
3.079999999999999960e-01
-1.955000000000000071e-01
-6.052999999999999492e-01
3.815999999999999948e-01
4.283000000000000140e-01
-1.517000000000000015e-01
7.237000000000000099e-01
7.355000000000000426e-01
9.895000000000000462e-01
9.960999999999999854e-01
-4.811000000000000276e-01
6.973000000000000309e-01
-9.299999999999999239e-03
-1.620999999999999941e-01
2.841000000000000192e-01
-1.239999999999999991e-01
-1.679999999999999896e-02
9.578999999999999737e-01
-8.285000000000000142e-01
5.916000000000000147e-01
2.854999999999999760e-01
-3.961999999999999966e-01
-8.103000000000000203e-01
-2.139000000000000068e-01
-2.792000000000000037e-01
-9.639999999999999680e-01
-2.121000000000000107e-01
8.362000000000000544e-01
-2.785000000000000253e-01
1.500000000000000031e-03
7.440999999999999837e-01
-7.294000000000000483e-01
9.127999999999999448e-01
-8.270999999999999464e-01
-4.428000000000000269e-01
9.318999999999999506e-01
1.728000000000000091e-01
7.073000000000000398e-01
1.675999999999999990e-01
1.693999999999999950e-01
-3.361000000000000099e-01
-1.150999999999999940e-01
7.310999999999999721e-01
8.692999999999999616e-01
-4.797000000000000153e-01
-6.511000000000000121e-01
4.403000000000000247e-01
8.928000000000000380e-01
-2.892000000000000126e-01
8.600000000000000006e-03
-2.439000000000000057e-01
6.843000000000000194e-01
8.856000000000000538e-01
-3.148000000000000242e-01
-1.952000000000000124e-01
2.083000000000000129e-01
-8.044999999999999929e-01
5.519999999999999907e-02
-1.244999999999999996e-01
-7.354000000000000536e-01
1.484000000000000041e-01
-5.614000000000000101e-01
-2.237999999999999989e-01
1.958999999999999908e-01
5.208000000000000407e-01
6.737999999999999545e-01
2.023999999999999966e-01
-8.809999999999999776e-02
5.103999999999999648e-01
-6.483999999999999764e-01
-4.996999999999999775e-01
1.854999999999999982e-01
-4.495999999999999996e-01
-8.927000000000000490e-01
-6.054000000000000492e-01
7.135000000000000231e-01
-5.990000000000000185e-02
2.797999999999999932e-01
-6.173999999999999488e-01
1.277000000000000079e-01
-2.351000000000000034e-01
-9.272000000000000242e-01
-1.689999999999999836e-02
4.834999999999999853e-01
-2.452000000000000013e-01
7.413999999999999480e-01
-3.652000000000000246e-01
4.811000000000000276e-01
-2.798999999999999821e-01
-5.799999999999999600e-03
3.342999999999999861e-01
7.983000000000000096e-01
-4.026000000000000134e-01
8.732999999999999652e-01
-6.169999999999999790e-02
-5.909999999999999976e-02
8.646000000000000352e-01
3.653000000000000136e-01
9.767000000000000126e-01
8.678000000000000158e-01
8.276999999999999913e-01
9.379999999999999449e-01
-8.547000000000000153e-01
-7.711000000000000076e-01
-3.925000000000000155e-01
4.010000000000000231e-01
-4.807000000000000162e-01
-4.531000000000000028e-01
-9.989999999999999991e-01
4.857000000000000206e-01
-2.622999999999999776e-01
-5.062999999999999723e-01
3.634000000000000008e-01
-3.280000000000000138e-01
8.709000000000000075e-01
7.703999999999999737e-01
-6.489000000000000323e-01
-2.515000000000000013e-01
6.516999999999999460e-01
-5.249999999999999806e-02
1.401000000000000023e-01
9.587999999999999856e-01
6.863000000000000211e-01
9.786000000000000254e-01
7.929000000000000492e-01
2.054999999999999882e-01
-1.373999999999999944e-01
5.289000000000000368e-01
-6.362999999999999767e-01
3.482000000000000095e-01
3.533999999999999919e-01
-8.020000000000000462e-01
-9.403000000000000247e-01
8.485000000000000320e-01
5.536999999999999700e-01
-8.079999999999999682e-02
5.309000000000000385e-01
-5.533000000000000140e-01
5.064999999999999503e-01
-3.865999999999999992e-01
-9.711999999999999522e-01
-8.905999999999999472e-01
4.946999999999999731e-01
6.891000000000000458e-01
-4.859999999999999876e-01
-3.325000000000000178e-01
4.560000000000000164e-01
-1.416000000000000036e-01
8.980000000000000204e-01
-2.993999999999999995e-01
8.773999999999999577e-01
-4.571999999999999953e-01
7.530000000000000582e-02
-4.516000000000000014e-01
8.023000000000000131e-01
-6.274999999999999467e-01
-9.800000000000000377e-02
-3.829000000000000181e-01
4.042999999999999927e-01
8.590000000000000413e-02
3.896999999999999909e-01
-7.769000000000000350e-01
6.454999999999999627e-01
6.575999999999999623e-01
1.950000000000000067e-01
6.656999999999999584e-01
3.801999999999999824e-01
-9.735000000000000320e-01
-2.262000000000000122e-01
9.865000000000000435e-01
4.319000000000000061e-01
9.415999999999999925e-01
5.316999999999999504e-01
-2.028000000000000080e-01
9.597999999999999865e-01
-9.812999999999999501e-01
1.081000000000000016e-01
-3.593000000000000083e-01
-4.951999999999999735e-01
4.363000000000000211e-01
2.142000000000000015e-01
-4.719999999999999890e-02
-2.003000000000000058e-01
6.169999999999999790e-02
7.146000000000000130e-01
-8.659999999999999643e-02
-7.541999999999999815e-01
-2.760000000000000231e-01
-4.109999999999999765e-01
-6.236000000000000432e-01
-6.010000000000000064e-02
-6.415999999999999481e-01
9.825000000000000400e-01
-4.361999999999999766e-01
-7.522999999999999687e-01
-5.489999999999999741e-02
-3.206999999999999851e-01
8.959000000000000297e-01
4.007999999999999896e-01
-9.619999999999999662e-01
8.729999999999999982e-01
2.477999999999999925e-01
1.346999999999999864e-01
