5.920999999999999597e-01
-9.828000000000000069e-01
-4.278000000000000136e-01
-2.187000000000000055e-01
-5.003999999999999559e-01
-7.037999999999999812e-01
8.296999999999999931e-01
7.117999999999999883e-01
-5.090000000000000080e-02
-7.092000000000000526e-01
8.075999999999999845e-01
-8.303000000000000380e-01
9.100000000000000450e-03
1.060999999999999999e-01
-2.511999999999999789e-01
9.232000000000000206e-01
7.806999999999999496e-01
1.978999999999999926e-01
4.259999999999999898e-01
-4.289000000000000035e-01
-1.816000000000000114e-01
-5.444999999999999840e-01
-1.560999999999999888e-01
1.703999999999999959e-01
-7.489999999999999991e-01
5.440000000000000391e-01
2.817999999999999949e-01
-8.495000000000000329e-01
-7.819000000000000394e-01
-2.842000000000000082e-01
-5.995000000000000329e-01
8.263000000000000345e-01
2.666000000000000036e-01
8.743999999999999551e-01
9.227999999999999536e-01
-8.894999999999999574e-01
-7.975999999999999757e-01
-6.028000000000000025e-01
-9.532000000000000473e-01
6.959999999999999520e-01
1.203999999999999931e-01
-3.639999999999999902e-01
8.768000000000000238e-01
-6.972000000000000419e-01
8.226999999999999869e-01
8.316999999999999948e-01
2.177000000000000046e-01
-7.311999999999999611e-01
7.215000000000000302e-01
9.085999999999999632e-01
-6.835999999999999854e-01
3.623999999999999999e-01
-6.441000000000000059e-01
-3.073000000000000176e-01
-3.120999999999999885e-01
3.115999999999999881e-01
-1.154000000000000026e-01
2.926000000000000267e-01
-9.060000000000000275e-01
2.609000000000000208e-01
5.054999999999999494e-01
1.915000000000000036e-01
8.881000000000000005e-01
-8.683999999999999497e-01
3.940000000000000169e-01
2.929999999999999827e-01
-3.958999999999999742e-01
-5.897999999999999909e-01
-6.572999999999999954e-01
7.929000000000000492e-01
-9.998000000000000220e-01
4.138000000000000012e-01
-4.096000000000000196e-01
-5.157000000000000473e-01
8.920000000000000151e-01
5.857999999999999874e-01
3.294000000000000261e-01
7.803999999999999826e-01
-2.602999999999999758e-01
9.435999999999999943e-01
9.262000000000000233e-01
-2.386000000000000065e-01
-1.087999999999999939e-01
7.445000000000000506e-01
-2.054999999999999882e-01
-6.625999999999999668e-01
-3.215999999999999970e-01
1.963999999999999913e-01
-6.762000000000000233e-01
-9.822999999999999510e-01
8.400000000000000522e-02
6.299000000000000155e-01
-6.022999999999999465e-01
-6.973000000000000309e-01
8.064999999999999947e-01
-5.583000000000000185e-01
-3.347999999999999865e-01
9.092999999999999972e-01
-6.480000000000000204e-01
9.489999999999999547e-01
2.690000000000000030e-02
-2.839999999999999747e-01
6.529999999999999694e-02
-6.231999999999999762e-01
-6.388000000000000345e-01
-1.612999999999999989e-01
-5.941999999999999504e-01
-6.835999999999999854e-01
-8.948000000000000398e-01
-5.806000000000000050e-01
-3.839000000000000190e-01
5.890000000000000097e-02
-9.058000000000000496e-01
8.316999999999999948e-01
-5.995000000000000329e-01
6.529999999999999694e-02
7.509000000000000119e-01
-5.926000000000000156e-01
-1.872000000000000053e-01
-9.757000000000000117e-01
9.639999999999999680e-01
-9.985000000000000542e-01
-3.461000000000000187e-01
9.131000000000000227e-01
-1.608999999999999875e-01
4.953000000000000180e-01
-3.241999999999999882e-01
-7.766999999999999460e-01
-7.799000000000000377e-01
7.499000000000000110e-01
6.745999999999999774e-01
4.418000000000000260e-01
3.379999999999999671e-02
-6.828999999999999515e-01
3.165000000000000036e-01
-9.252000000000000224e-01
2.862000000000000099e-01
-6.306000000000000494e-01
-5.875000000000000222e-01
2.797000000000000042e-01
4.840999999999999748e-01
-5.254999999999999671e-01
7.216000000000000192e-01
-8.780999999999999917e-01
5.080999999999999961e-01
-7.620000000000000107e-01
-2.857999999999999985e-01
9.678999999999999826e-01
-9.665000000000000258e-01
-2.157999999999999918e-01
-5.211999999999999966e-01
9.320000000000000506e-01
9.103999999999999870e-01
4.563999999999999724e-01
-2.688999999999999724e-01
1.166999999999999982e-01
-6.019999999999999657e-02
-3.900000000000000133e-01
-7.302999999999999492e-01
6.018999999999999906e-01
-1.069999999999999979e-01
-5.041999999999999815e-01
7.489999999999999991e-01
-2.469999999999999973e-01
6.552999999999999936e-01
-1.963999999999999913e-01
-8.957000000000000517e-01
-1.499000000000000055e-01
-1.726000000000000034e-01
8.649999999999999356e-02
-7.865999999999999659e-01
9.707999999999999963e-01
1.544999999999999984e-01
2.610000000000000167e-02
-5.079000000000000181e-01
-8.567000000000000171e-01
2.973999999999999977e-01
1.922999999999999987e-01
-5.820000000000000173e-02
-4.411999999999999811e-01
-4.249999999999999889e-01
3.765999999999999903e-01
1.949999999999999997e-02
-1.748999999999999999e-01
4.531999999999999917e-01
-5.951999999999999513e-01
-5.491000000000000325e-01
-3.033000000000000140e-01
-9.299999999999999933e-02
3.761999999999999789e-01
3.558999999999999941e-01
-6.210999999999999854e-01
-2.530999999999999917e-01
-5.400000000000000355e-01
-3.479999999999999760e-01
2.978000000000000091e-01
-7.992000000000000215e-01
-9.979000000000000092e-01
4.339999999999999969e-01
-2.654000000000000248e-01
-3.044999999999999929e-01
-4.393000000000000238e-01
3.009999999999999828e-02
-4.375999999999999890e-01
6.253999999999999559e-01
3.207999999999999741e-01
-8.884999999999999565e-01
1.146999999999999964e-01
-1.967000000000000137e-01
-4.918000000000000149e-01
