9.307999999999999607e-01
-5.964000000000000412e-01
3.706999999999999740e-01
-8.125999999999999890e-01
-5.552000000000000268e-01
9.810999999999999721e-01
-4.699999999999999734e-01
1.678999999999999937e-01
1.199000000000000066e-01
7.209999999999999742e-02
4.466999999999999860e-01
-6.259000000000000119e-01
4.994999999999999996e-01
-3.210999999999999965e-01
-9.778000000000000025e-01
-4.673999999999999821e-01
8.587000000000000188e-01
-5.435999999999999721e-01
7.551999999999999824e-01
2.079999999999999905e-02
1.087999999999999939e-01
-2.099000000000000032e-01
7.225000000000000311e-01
-7.027999999999999803e-01
6.751000000000000334e-01
-8.509999999999999787e-01
3.860000000000000236e-02
-7.970000000000000417e-01
3.125999999999999890e-01
6.250999999999999890e-01
3.249000000000000221e-01
1.150999999999999940e-01
6.785999999999999810e-01
1.464000000000000024e-01
1.242999999999999938e-01
5.329000000000000403e-01
8.828000000000000291e-01
-7.642999999999999794e-01
4.289999999999999925e-01
-3.815999999999999948e-01
7.436000000000000387e-01
8.618999999999999995e-01
2.969999999999999862e-01
4.899000000000000021e-01
7.334000000000000519e-01
1.346999999999999864e-01
8.614000000000000545e-01
2.589999999999999941e-02
3.462000000000000077e-01
-8.399999999999999481e-03
-5.547999999999999599e-01
3.367999999999999883e-01
-8.650999999999999801e-01
7.130000000000000226e-02
-6.110999999999999766e-01
6.008999999999999897e-01
2.879999999999999921e-02
9.959999999999999409e-02
-9.286999999999999700e-01
6.640000000000000346e-01
-6.835999999999999854e-01
-1.428999999999999992e-01
-5.314999999999999725e-01
9.456999999999999851e-01
-6.552999999999999936e-01
-3.890000000000000124e-01
-2.589999999999999941e-02
3.236999999999999877e-01
5.197000000000000508e-01
-7.269999999999999796e-01
6.186000000000000387e-01
8.117999999999999661e-01
-7.670000000000000429e-02
6.782000000000000250e-01
-4.031000000000000139e-01
-8.256999999999999895e-01
6.743000000000000105e-01
-1.192000000000000004e-01
5.380000000000000060e-02
4.336999999999999744e-01
-8.655000000000000471e-01
-5.716999999999999860e-01
8.144000000000000128e-01
-5.790999999999999481e-01
2.114999999999999936e-01
-9.560999999999999499e-01
-4.089999999999999886e-02
8.212000000000000410e-01
-7.307000000000000162e-01
6.693000000000000060e-01
-4.832000000000000184e-01
-3.260000000000000120e-01
-1.420000000000000082e-02
-3.247999999999999776e-01
6.108999999999999986e-01
1.220000000000000077e-02
-9.391000000000000458e-01
3.443999999999999839e-01
2.288999999999999924e-01
-3.250000000000000111e-01
4.768000000000000016e-01
-6.825999999999999845e-01
-6.552000000000000046e-01
3.049999999999999933e-02
8.024000000000000021e-01
-5.198000000000000398e-01
6.143999999999999462e-01
1.195999999999999980e-01
5.611000000000000432e-01
6.210999999999999854e-01
6.108999999999999986e-01
-8.340999999999999526e-01
-6.171999999999999709e-01
-9.510999999999999455e-01
-4.941999999999999726e-01
-1.801000000000000101e-01
8.381999999999999451e-01
-6.366000000000000547e-01
7.790000000000000258e-01
9.506000000000000005e-01
6.753000000000000114e-01
9.335999999999999854e-01
-1.431000000000000050e-01
-8.429999999999999993e-02
1.988999999999999935e-01
-4.800000000000000100e-02
-6.774000000000000021e-01
2.706000000000000072e-01
-9.377999999999999670e-01
-5.734000000000000208e-01
-9.799999999999999684e-03
-6.360999999999999988e-01
9.800999999999999712e-01
-2.970999999999999752e-01
4.698999999999999844e-01
6.460000000000000464e-02
5.836000000000000076e-01
6.052999999999999492e-01
4.202000000000000179e-01
-9.245999999999999774e-01
9.950000000000000511e-02
-2.139999999999999888e-02
-4.120000000000000051e-02
-5.163999999999999702e-01
-4.465999999999999970e-01
8.340000000000000191e-02
-9.827000000000000179e-01
-5.627999999999999670e-01
-2.876000000000000223e-01
-5.067000000000000393e-01
-3.462000000000000077e-01
-9.360000000000000264e-02
-6.522000000000000020e-01
9.586000000000000076e-01
5.966000000000000192e-01
3.934000000000000274e-01
1.068999999999999950e-01
-3.140999999999999903e-01
1.897000000000000075e-01
1.750000000000000167e-02
4.995999999999999885e-01
-5.272999999999999909e-01
7.288000000000000034e-01
1.827999999999999903e-01
2.083000000000000129e-01
-3.855999999999999983e-01
6.130000000000000032e-02
6.329999999999999516e-02
-3.917999999999999816e-01
-1.726999999999999924e-01
-6.489999999999999936e-02
-6.180999999999999828e-01
2.127000000000000002e-01
-6.020999999999999686e-01
3.427999999999999936e-01
-7.237000000000000099e-01
5.655000000000000027e-01
7.530999999999999917e-01
-1.355000000000000093e-01
7.095000000000000195e-01
5.036000000000000476e-01
6.650000000000000355e-02
-6.613999999999999879e-01
-2.807000000000000051e-01
8.155000000000000027e-01
-2.516999999999999793e-01
3.108000000000000207e-01
-4.126000000000000223e-01
-8.485000000000000320e-01
-5.838999999999999746e-01
5.030999999999999917e-01
-4.525000000000000133e-01
1.037000000000000005e-01
9.287999999999999590e-01
3.280000000000000138e-01
-8.600999999999999757e-01
-6.505999999999999561e-01
6.445999999999999508e-01
-7.099999999999999367e-02
3.361999999999999988e-01
-5.415999999999999703e-01
2.278999999999999915e-01
-8.447000000000000064e-01
-4.626000000000000112e-01
-4.267000000000000237e-01
-1.819999999999999951e-01
4.656000000000000139e-01
-9.965000000000000524e-01
-7.349999999999999867e-01
-5.969999999999999751e-01
