-8.027999999999999581e-01
-4.625000000000000222e-01
-2.686999999999999944e-01
8.420999999999999597e-01
-2.505000000000000004e-01
5.148000000000000353e-01
-7.477000000000000313e-01
7.573999999999999622e-01
-4.489000000000000212e-01
9.810999999999999721e-01
-1.028000000000000025e-01
2.106999999999999984e-01
7.017999999999999794e-01
2.592999999999999750e-01
-6.614999999999999769e-01
7.989999999999999880e-02
-5.000999999999999890e-01
2.993999999999999995e-01
4.985999999999999877e-01
4.938000000000000167e-01
6.895000000000000018e-01
-9.232000000000000206e-01
5.514999999999999902e-01
6.156000000000000361e-01
-5.661000000000000476e-01
3.299999999999999982e-03
-7.916999999999999593e-01
-9.513000000000000345e-01
5.820000000000000173e-02
5.249999999999999806e-02
-1.011999999999999983e-01
-2.303999999999999937e-01
5.797999999999999821e-01
9.930999999999999828e-01
7.338999999999999968e-01
7.258999999999999897e-01
-5.554000000000000048e-01
-4.121000000000000218e-01
-9.082000000000000073e-01
6.182999999999999607e-01
4.611000000000000099e-01
-4.207000000000000184e-01
-7.894999999999999796e-01
2.908999999999999919e-01
-4.063999999999999835e-01
7.272999999999999465e-01
7.413999999999999480e-01
8.550000000000000655e-02
7.927999999999999492e-01
-8.346999999999999975e-01
9.735000000000000320e-01
9.100000000000000311e-01
7.833999999999999853e-01
4.323000000000000176e-01
-8.365000000000000213e-01
3.780999999999999917e-01
-3.290000000000000147e-01
-1.779999999999999916e-01
3.150999999999999912e-01
-9.163000000000000034e-01
-5.796000000000000041e-01
-5.787999999999999812e-01
-5.439999999999999697e-02
-5.535999999999999810e-01
9.371000000000000441e-01
-3.196999999999999842e-01
1.750000000000000167e-02
3.533000000000000029e-01
8.092000000000000304e-01
3.562000000000000166e-01
6.049999999999999822e-02
-7.570000000000000062e-01
3.674000000000000044e-01
-4.653999999999999804e-01
9.781999999999999584e-01
8.839000000000000190e-01
-9.395999999999999908e-01
-1.743000000000000105e-01
5.981999999999999540e-01
9.139999999999999514e-02
6.810000000000000497e-01
-3.307999999999999829e-01
-5.886000000000000121e-01
-6.169999999999999929e-01
8.596000000000000307e-01
-7.544999999999999485e-01
4.103999999999999870e-01
-3.589999999999999858e-01
9.614000000000000323e-01
1.463000000000000134e-01
4.702000000000000068e-01
-4.209999999999999853e-02
-9.420000000000000595e-02
-4.072000000000000064e-01
3.472999999999999976e-01
6.614999999999999769e-01
-5.935000000000000275e-01
-6.847999999999999643e-01
6.383999999999999675e-01
9.956000000000000405e-01
-4.647000000000000020e-01
6.558000000000000496e-01
7.119999999999999662e-01
-8.638000000000000123e-01
7.773999999999999799e-01
-2.129999999999999949e-02
-6.793000000000000149e-01
-2.444000000000000061e-01
-5.000000000000000000e-01
4.319999999999999951e-01
9.745000000000000329e-01
-9.029000000000000359e-01
6.289000000000000146e-01
3.407000000000000028e-01
6.526999999999999469e-01
-5.505999999999999783e-01
-4.310999999999999832e-01
5.107000000000000428e-01
3.104000000000000092e-01
3.749999999999999861e-02
-5.374999999999999778e-01
-4.102000000000000091e-01
-7.200999999999999623e-01
5.546999999999999709e-01
9.186999999999999611e-01
-4.573999999999999733e-01
-2.505000000000000004e-01
4.410999999999999921e-01
-1.486999999999999988e-01
-6.026000000000000245e-01
9.486999999999999877e-01
3.564999999999999836e-01
-2.053999999999999992e-01
-8.486000000000000210e-01
-9.899000000000000021e-01
4.063999999999999835e-01
-4.269999999999999907e-01
2.919999999999999818e-01
1.464000000000000024e-01
-2.358999999999999986e-01
