7.425000000000000488e-01
4.964999999999999969e-01
1.213000000000000050e-01
4.991999999999999771e-01
7.415000000000000480e-01
-1.179000000000000048e-01
-1.283999999999999864e-01
6.008999999999999897e-01
-6.049999999999999822e-01
8.437000000000000055e-01
-9.467999999999999750e-01
8.917000000000000481e-01
-5.649999999999999467e-01
-9.959000000000000075e-01
-4.258000000000000118e-01
4.951999999999999735e-01
1.820000000000000090e-02
-9.193000000000000060e-01
-6.201999999999999735e-01
-9.294000000000000039e-01
8.692999999999999616e-01
-9.945000000000000506e-01
-2.533000000000000251e-01
-4.263000000000000123e-01
3.184000000000000163e-01
3.488999999999999879e-01
5.664000000000000146e-01
-8.840000000000000080e-01
9.189000000000000501e-01
5.097000000000000419e-01
-5.788999999999999702e-01
1.217000000000000026e-01
5.198000000000000398e-01
8.200000000000000344e-02
1.555999999999999883e-01
3.694000000000000061e-01
6.147000000000000242e-01
-5.336999999999999522e-01
3.297999999999999821e-01
4.127000000000000113e-01
8.999000000000000332e-01
1.585999999999999910e-01
2.898999999999999910e-01
-6.213999999999999524e-01
-7.420999999999999819e-01
-7.355000000000000426e-01
4.007999999999999896e-01
-6.574999999999999734e-01
-2.238999999999999879e-01
3.985000000000000209e-01
-4.897000000000000242e-01
6.859999999999999432e-02
7.260999999999999677e-01
-7.610000000000000098e-01
-9.681999999999999496e-01
7.381999999999999673e-01
-7.874999999999999778e-01
5.429000000000000492e-01
1.968999999999999917e-01
2.426000000000000101e-01
2.230000000000000038e-01
-9.736000000000000210e-01
6.471000000000000085e-01
6.377000000000000446e-01
-2.847999999999999976e-01
1.900000000000000022e-01
2.066000000000000059e-01
9.486999999999999877e-01
-2.288999999999999924e-01
-6.776999999999999691e-01
-5.502000000000000224e-01
-5.632000000000000339e-01
3.272999999999999798e-01
2.740000000000000213e-01
-1.058999999999999941e-01
1.260000000000000009e-02
3.039999999999999925e-01
-4.475999999999999979e-01
5.867999999999999883e-01
-2.711999999999999966e-01
-1.102999999999999953e-01
-5.802000000000000490e-01
4.042000000000000037e-01
9.507999999999999785e-01
-8.258999999999999675e-01
-5.614999999999999991e-01
-6.196000000000000396e-01
6.569999999999999452e-02
1.345000000000000084e-01
-1.238999999999999962e-01
4.910999999999999810e-01
2.399999999999999911e-01
1.673000000000000043e-01
-9.352000000000000313e-01
1.062000000000000027e-01
5.000000000000000104e-03
-3.958999999999999742e-01
8.550000000000000655e-02
-4.742999999999999994e-01
-8.710999999999999854e-01
6.228000000000000203e-01
7.997999999999999554e-01
1.537999999999999923e-01
7.186000000000000165e-01
-5.148000000000000353e-01
9.461000000000000520e-01
-7.915999999999999703e-01
-7.824999999999999734e-01
6.639000000000000457e-01
1.481999999999999984e-01
-1.066000000000000003e-01
1.703000000000000069e-01
1.572000000000000064e-01
2.220000000000000098e-02
9.182000000000000162e-01
-5.339000000000000412e-01
6.895000000000000018e-01
-2.999999999999999737e-04
-7.220000000000000029e-02
-6.619000000000000439e-01
-3.013000000000000123e-01
8.419999999999999707e-01
2.411999999999999977e-01
-2.480999999999999872e-01
-3.690999999999999837e-01
3.500000000000000333e-02
7.720000000000000195e-01
-9.078000000000000513e-01
-1.000000000000000021e-03
3.573999999999999955e-01
8.054000000000000048e-01
-1.029999999999999943e-01
8.365000000000000213e-01
3.804000000000000159e-01
7.479999999999999982e-01
1.635000000000000064e-01
-1.724999999999999867e-01
-9.452000000000000401e-01
3.783000000000000251e-01
8.332000000000000517e-01
