1.759999999999999898e-01
9.955000000000000515e-01
6.443999999999999728e-01
-2.607999999999999763e-01
6.316000000000000503e-01
1.212000000000000022e-01
4.042000000000000037e-01
-1.521000000000000130e-01
-4.502999999999999781e-01
9.585000000000000187e-01
9.981999999999999762e-01
-3.679999999999999938e-02
-7.949000000000000510e-01
-2.843999999999999861e-01
-3.659999999999999920e-01
6.663000000000000034e-01
-7.301999999999999602e-01
8.590000000000000413e-02
9.220000000000000417e-02
1.960000000000000075e-01
7.066999999999999948e-01
7.665999999999999481e-01
3.930000000000000160e-02
4.238000000000000100e-01
3.002000000000000224e-01
4.963000000000000189e-01
7.572999999999999732e-01
-3.146999999999999797e-01
3.547000000000000153e-01
-3.748000000000000220e-01
-2.513000000000000234e-01
4.199999999999999845e-01
5.939999999999999725e-01
1.660000000000000017e-02
2.475999999999999868e-01
8.076999999999999735e-01
8.983999999999999764e-01
9.676000000000000156e-01
-3.219999999999999946e-02
2.267000000000000126e-01
5.158000000000000362e-01
3.481000000000000205e-01
2.319999999999999840e-02
-7.603999999999999648e-01
4.057999999999999940e-01
-4.769999999999999796e-01
6.494999999999999662e-01
-8.832999999999999741e-01
-9.050000000000000266e-01
-1.349999999999999985e-02
9.454000000000000181e-01
-5.641000000000000458e-01
-7.291999999999999593e-01
-3.618000000000000105e-01
8.810999999999999943e-01
-2.427999999999999881e-01
5.129999999999999838e-02
-7.971000000000000307e-01
1.680999999999999994e-01
4.209999999999999853e-01
7.751000000000000112e-01
-3.119999999999999857e-02
6.170999999999999819e-01
2.479999999999999913e-02
4.822000000000000175e-01
-3.175000000000000044e-01
5.979999999999999899e-02
9.062000000000000055e-01
2.442000000000000004e-01
-5.400000000000000355e-01
-8.848000000000000309e-01
8.578999999999999959e-01
8.450999999999999623e-01
6.874000000000000110e-01
3.437000000000000055e-01
5.596999999999999753e-01
8.540999999999999703e-01
-2.711000000000000076e-01
-8.353000000000000425e-01
8.074000000000000066e-01
9.255999999999999783e-01
-7.159999999999999698e-01
9.256999999999999673e-01
7.171999999999999487e-01
8.918000000000000371e-01
-2.467000000000000026e-01
-1.232000000000000040e-01
9.072000000000000064e-01
6.291999999999999815e-01
-3.548999999999999932e-01
6.389999999999999847e-02
1.928999999999999881e-01
4.768000000000000016e-01
8.228999999999999648e-01
-7.413999999999999480e-01
7.971000000000000307e-01
6.169999999999999929e-01
-4.465000000000000080e-01
-8.241000000000000547e-01
-1.121000000000000052e-01
9.032000000000000028e-01
-5.731000000000000538e-01
3.765999999999999903e-01
-1.812000000000000000e-01
-9.587999999999999856e-01
-6.929999999999999494e-01
3.799000000000000155e-01
6.695999999999999730e-01
-8.003000000000000114e-01
-1.750000000000000167e-02
-4.385000000000000009e-01
-5.652000000000000357e-01
1.142999999999999988e-01
-1.426999999999999935e-01
2.464999999999999969e-01
-5.009000000000000119e-01
9.283000000000000140e-01
6.457000000000000517e-01
1.052000000000000018e-01
-7.517000000000000348e-01
7.911000000000000254e-01
2.429000000000000048e-01
3.990000000000000213e-01
6.599999999999999964e-03
-8.300999999999999490e-01
-5.279000000000000359e-01
9.623000000000000442e-01
7.504999999999999449e-01
-1.003000000000000003e-01
5.399999999999999939e-02
9.115999999999999659e-01
-9.999000000000000110e-01
-9.365999999999999881e-01
8.116999999999999771e-01
9.684000000000000385e-01
-8.477999999999999980e-01
3.698000000000000176e-01
6.205000000000000515e-01
-3.940000000000000169e-01
2.565000000000000058e-01
