2.551999999999999824e-01
-8.031000000000000361e-01
-2.174999999999999989e-01
-1.448000000000000120e-01
3.160999999999999921e-01
-5.864000000000000323e-01
6.880000000000000004e-02
1.396000000000000019e-01
-7.047999999999999821e-01
4.309999999999999942e-02
-4.873999999999999999e-01
4.853000000000000091e-01
4.001000000000000112e-01
1.370000000000000037e-02
-9.600000000000000200e-02
-2.429999999999999868e-02
-8.011000000000000343e-01
9.505000000000000115e-01
1.107999999999999957e-01
-1.609999999999999973e-02
-9.291000000000000369e-01
5.239000000000000323e-01
-3.417999999999999927e-01
1.272999999999999965e-01
-2.917000000000000148e-01
4.465999999999999970e-01
8.094999999999999973e-01
3.492999999999999994e-01
1.567999999999999949e-01
-2.898000000000000020e-01
-3.189000000000000168e-01
-6.310000000000000053e-01
-6.000000000000000125e-03
7.589999999999999525e-02
-6.199999999999999956e-02
9.700000000000000289e-03
9.336999999999999744e-01
3.500000000000000073e-03
2.401000000000000079e-01
7.637000000000000455e-01
1.107000000000000067e-01
2.833999999999999853e-01
3.990000000000000213e-01
3.217999999999999750e-01
-2.727999999999999869e-01
-1.617999999999999994e-01
2.705000000000000182e-01
6.521000000000000130e-01
1.532999999999999918e-01
6.737999999999999545e-01
-4.788999999999999924e-01
2.384999999999999898e-01
-4.259999999999999898e-02
-3.265000000000000124e-01
8.569999999999999840e-02
-9.006999999999999451e-01
7.407000000000000250e-01
-8.781999999999999806e-01
-1.973999999999999921e-01
-9.462000000000000410e-01
5.342999999999999972e-01
9.435999999999999943e-01
7.600000000000000089e-01
-1.030000000000000013e-02
-3.380000000000000226e-01
-9.602000000000000535e-01
-3.547000000000000153e-01
1.784999999999999920e-01
-2.121000000000000107e-01
4.637000000000000011e-01
1.799000000000000044e-01
4.747999999999999998e-01
7.099999999999999645e-01
-5.423000000000000043e-01
4.848999999999999977e-01
-3.746999999999999775e-01
-1.565000000000000002e-01
1.169000000000000039e-01
4.817000000000000171e-01
-4.904999999999999916e-01
6.000999999999999668e-01
7.539000000000000146e-01
2.384000000000000008e-01
1.857000000000000040e-01
-7.778000000000000469e-01
7.480000000000000537e-02
1.776000000000000079e-01
1.927000000000000102e-01
-6.309000000000000163e-01
-1.029000000000000054e-01
-2.426000000000000101e-01
7.259999999999999787e-01
-9.164999999999999813e-01
-6.774999999999999911e-01
-4.783999999999999919e-01
-4.242000000000000215e-01
-8.366999999999999993e-01
7.933000000000000052e-01
1.562000000000000055e-01
-4.511999999999999900e-01
-5.796000000000000041e-01
6.735999999999999766e-01
1.217000000000000026e-01
-4.501000000000000001e-01
3.780000000000000027e-01
7.604999999999999538e-01
-3.599999999999999728e-02
2.452999999999999903e-01
5.921999999999999487e-01
3.940000000000000169e-01
7.580000000000000626e-02
6.339000000000000190e-01
-1.552999999999999936e-01
-9.735000000000000320e-01
-7.119999999999999662e-01
-5.371000000000000218e-01
6.596999999999999531e-01
-7.572999999999999732e-01
-4.152000000000000135e-01
9.798000000000000043e-01
-3.587000000000000188e-01
-7.722999999999999865e-01
-5.666999999999999815e-01
-7.733999999999999764e-01
-9.599999999999999645e-01
-1.897999999999999965e-01
4.027000000000000024e-01
-4.796000000000000263e-01
-4.979999999999999705e-02
-1.145999999999999935e-01
2.606999999999999873e-01
-2.932000000000000162e-01
-1.127999999999999975e-01
-5.227000000000000535e-01
9.579999999999999627e-02
9.021000000000000130e-01
9.558999999999999719e-01
-4.571000000000000063e-01
-9.243999999999999995e-01
-3.195999999999999952e-01
