3.141999999999999793e-01
-4.834999999999999853e-01
9.881999999999999673e-01
8.344000000000000306e-01
-4.136000000000000232e-01
-2.124999999999999944e-01
9.379999999999999449e-01
-4.833999999999999964e-01
-9.130000000000000338e-01
-1.088999999999999968e-01
-8.997000000000000552e-01
-4.415000000000000036e-01
3.770000000000000018e-01
1.423999999999999988e-01
-6.171999999999999709e-01
-6.066000000000000281e-01
-8.300999999999999490e-01
9.667999999999999927e-01
8.053000000000000158e-01
-8.800000000000000530e-03
-6.350000000000000089e-02
-7.094000000000000306e-01
6.047000000000000153e-01
-4.331999999999999740e-01
6.774999999999999911e-01
8.082000000000000295e-01
9.509999999999999565e-01
9.835000000000000409e-01
-7.267000000000000126e-01
9.939000000000000057e-01
5.513000000000000123e-01
-5.917000000000000037e-01
9.449999999999999512e-01
-1.849999999999999978e-01
6.428000000000000380e-01
-8.306000000000000050e-01
7.259999999999999787e-01
-3.195000000000000062e-01
8.237999999999999767e-01
8.288999999999999702e-01
-7.721999999999999975e-01
4.320999999999999841e-01
4.320999999999999841e-01
-4.708999999999999853e-01
-2.963000000000000078e-01
-5.667999999999999705e-01
-2.605999999999999983e-01
1.282999999999999974e-01
8.796000000000000485e-01
4.869999999999999885e-01
7.842999999999999972e-01
-9.983999999999999542e-01
6.671000000000000263e-01
5.780999999999999472e-01
1.625999999999999945e-01
-2.700000000000000143e-03
5.399000000000000465e-01
8.427999999999999936e-01
2.170000000000000054e-02
6.631000000000000227e-01
-8.699999999999999956e-01
4.930999999999999828e-01
1.837999999999999912e-01
-8.434000000000000385e-01
-2.872999999999999998e-01
-6.500000000000000222e-01
-5.702000000000000401e-01
-4.819999999999999979e-02
8.726000000000000423e-01
-9.118000000000000549e-01
-1.579000000000000126e-01
-7.544999999999999485e-01
6.545999999999999597e-01
-8.768000000000000238e-01
-6.690000000000000391e-01
4.944000000000000061e-01
-6.390000000000000124e-01
-5.648999999999999577e-01
-4.905999999999999805e-01
-1.778000000000000136e-01
-8.224000000000000199e-01
1.388999999999999957e-01
1.310000000000000053e-01
-8.105999999999999872e-01
-2.926000000000000267e-01
-3.327999999999999847e-01
4.072999999999999954e-01
-9.958000000000000185e-01
-5.195999999999999508e-01
9.638999999999999790e-01
-4.118999999999999884e-01
-6.800000000000000488e-02
7.661999999999999922e-01
1.844999999999999973e-01
4.727999999999999980e-01
-4.294000000000000039e-01
-6.999999999999999929e-04
6.058000000000000052e-01
-6.329999999999999516e-02
8.066999999999999726e-01
-4.092999999999999972e-01
3.057000000000000273e-01
-2.404999999999999916e-01
-9.366999999999999771e-01
7.334000000000000519e-01
5.144999999999999574e-01
-3.839000000000000190e-01
4.598999999999999755e-01
7.336000000000000298e-01
-6.391000000000000014e-01
-9.650999999999999579e-01
-5.685999999999999943e-01
-1.796999999999999986e-01
3.220999999999999974e-01
9.448999999999999622e-01
7.375000000000000444e-01
-1.365000000000000102e-01
6.233999999999999542e-01
9.130000000000000615e-02
-6.262999999999999678e-01
-4.875999999999999779e-01
-3.365000000000000213e-01
9.584000000000000297e-01
6.450000000000000178e-01
9.799999999999999822e-01
4.951999999999999735e-01
2.871000000000000218e-01
-7.543999999999999595e-01
-5.301000000000000156e-01
-1.547999999999999932e-01
2.331999999999999906e-01
3.582000000000000184e-01
5.513000000000000123e-01
7.803999999999999826e-01
-4.627000000000000002e-01
4.313000000000000167e-01
-2.202000000000000068e-01
-5.869999999999999662e-01
9.703000000000000513e-01
-4.047999999999999932e-01
