-2.384000000000000008e-01
1.836000000000000132e-01
-5.380000000000000338e-01
2.529000000000000137e-01
6.934000000000000163e-01
-1.110000000000000014e-01
-3.128000000000000225e-01
-4.465999999999999970e-01
-2.447000000000000008e-01
-1.436000000000000054e-01
9.002999999999999892e-01
5.987999999999999989e-01
3.993999999999999773e-01
4.597999999999999865e-01
2.116999999999999993e-01
3.275000000000000133e-01
-1.764999999999999902e-01
3.407999999999999918e-01
-5.343999999999999861e-01
1.976999999999999869e-01
5.272999999999999909e-01
2.758999999999999786e-01
-8.110000000000000542e-02
-8.651999999999999691e-01
-3.151999999999999802e-01
8.209999999999999520e-01
-6.963000000000000300e-01
-7.482999999999999652e-01
-6.593999999999999861e-01
4.400999999999999912e-01
8.619999999999999885e-02
-3.004000000000000004e-01
8.297999999999999821e-01
5.171999999999999931e-01
-6.219999999999999973e-01
-7.581999999999999851e-01
7.408000000000000140e-01
8.705000000000000515e-01
-3.945000000000000173e-01
4.333000000000000185e-01
-3.594999999999999862e-01
4.888000000000000123e-01
-5.605999999999999872e-01
7.599999999999999985e-03
-3.161999999999999811e-01
7.275000000000000355e-01
-8.888000000000000345e-01
6.498000000000000442e-01
-9.048000000000000487e-01
5.368000000000000549e-01
1.973000000000000032e-01
4.435999999999999943e-01
-6.062999999999999501e-01
8.238999999999999657e-01
-2.457000000000000017e-01
-1.968000000000000027e-01
1.348999999999999921e-01
-5.903000000000000469e-01
3.019000000000000017e-01
2.584000000000000186e-01
-7.078999999999999737e-01
2.467000000000000026e-01
1.923999999999999877e-01
-7.380999999999999783e-01
7.715999999999999526e-01
8.081000000000000405e-01
1.224999999999999978e-01
-1.938999999999999890e-01
8.404000000000000359e-01
-3.654000000000000026e-01
7.924999999999999822e-01
3.814000000000000168e-01
-8.305000000000000160e-01
1.900999999999999912e-01
1.315999999999999948e-01
-9.807000000000000162e-01
-3.214000000000000190e-01
-1.696000000000000008e-01
-2.167999999999999927e-01
6.281999999999999806e-01
5.527999999999999581e-01
-6.276000000000000467e-01
-4.193999999999999950e-01
2.482000000000000040e-01
-3.810000000000000192e-02
6.838999999999999524e-01
-5.547999999999999599e-01
-8.203000000000000291e-01
-6.280999999999999917e-01
7.826999999999999513e-01
9.575000000000000178e-01
-6.417000000000000481e-01
-2.104000000000000037e-01
-9.533000000000000362e-01
-3.840999999999999970e-01
5.797999999999999821e-01
4.839999999999999858e-02
5.506999999999999673e-01
1.111999999999999933e-01
-5.738999999999999657e-01
-3.078000000000000180e-01
-1.776000000000000079e-01
-9.439999999999999503e-01
5.098000000000000309e-01
3.664999999999999925e-01
-2.821000000000000174e-01
-6.119999999999999885e-01
6.735999999999999766e-01
9.400000000000000369e-03
6.051999999999999602e-01
4.779999999999999805e-01
-9.495000000000000107e-01
-8.960000000000000187e-01
-7.699999999999999900e-02
-5.986000000000000210e-01
-8.179999999999999494e-01
-3.259000000000000230e-01
-6.643999999999999906e-01
-4.461999999999999855e-01
-1.319999999999999993e-02
4.033999999999999808e-01
6.618000000000000549e-01
-6.228000000000000203e-01
6.908999999999999586e-01
5.244999999999999662e-01
-8.324000000000000288e-01
6.124000000000000554e-01
-6.028000000000000025e-01
5.746999999999999886e-01
3.451000000000000179e-01
-5.190000000000000169e-02
2.659000000000000252e-01
-5.249999999999999806e-02
-6.110000000000000153e-02
-6.232999999999999652e-01
1.663999999999999924e-01
-9.858000000000000096e-01
-5.671000000000000485e-01
8.036999999999999700e-01
-2.136000000000000121e-01
