-8.750999999999999890e-01
-9.422000000000000375e-01
-9.300000000000000488e-01
-5.820000000000000173e-02
1.123999999999999999e-01
9.542000000000000481e-01
-6.232999999999999652e-01
-7.087999999999999856e-01
7.788000000000000478e-01
4.302000000000000268e-01
6.703000000000000069e-01
-7.135000000000000231e-01
5.173999999999999710e-01
6.757999999999999563e-01
-9.801999999999999602e-01
-9.696000000000000174e-01
7.751000000000000112e-01
-2.826000000000000179e-01
-5.312999999999999945e-01
9.758000000000000007e-01
-9.559999999999999609e-01
7.824999999999999734e-01
-3.119999999999999996e-01
9.431000000000000494e-01
-8.156999999999999806e-01
2.371999999999999942e-01
-2.379999999999999893e-01
-5.849999999999999645e-01
6.001999999999999558e-01
4.153000000000000025e-01
-1.516000000000000125e-01
7.821000000000000174e-01
-8.429999999999999716e-01
-5.350000000000000311e-01
4.476999999999999869e-01
9.356999999999999762e-01
3.299999999999999982e-03
9.224999999999999867e-01
-4.303000000000000158e-01
-1.728999999999999981e-01
8.128999999999999559e-01
6.440000000000000169e-01
4.521000000000000019e-01
8.864999999999999547e-01
4.929000000000000048e-01
5.950999999999999623e-01
8.012000000000000233e-01
-5.915000000000000258e-01
9.185999999999999721e-01
-1.053000000000000047e-01
8.971999999999999975e-01
9.258999999999999453e-01
5.820999999999999508e-01
5.184999999999999609e-01
-2.263000000000000012e-01
3.337999999999999856e-01
-2.733999999999999764e-01
7.621999999999999886e-01
-8.673999999999999488e-01
-2.036999999999999922e-01
9.910999999999999810e-01
1.108999999999999986e-01
3.436000000000000165e-01
-3.306000000000000050e-01
3.857999999999999763e-01
-8.404000000000000359e-01
-7.629000000000000226e-01
-5.390000000000000346e-01
1.154000000000000026e-01
3.809000000000000163e-01
-7.798000000000000487e-01
-8.139999999999999458e-01
-8.959999999999999909e-02
-6.848999999999999533e-01
2.253000000000000003e-01
-4.733999999999999875e-01
4.530000000000000138e-01
-8.264000000000000234e-01
-7.711999999999999966e-01
4.935999999999999832e-01
-8.588999999999999968e-01
-9.130000000000000338e-01
-1.726000000000000034e-01
9.888000000000000123e-01
1.751999999999999946e-01
8.021000000000000352e-01
-8.264000000000000234e-01
-2.882000000000000117e-01
8.239999999999999547e-01
-5.009000000000000119e-01
-8.148999999999999577e-01
-4.399000000000000132e-01
-6.749000000000000554e-01
-8.998000000000000442e-01
4.177000000000000157e-01
8.719999999999999973e-01
-3.877999999999999781e-01
3.703000000000000180e-01
2.349999999999999867e-01
7.589000000000000190e-01
1.468000000000000138e-01
-4.951999999999999735e-01
-1.461999999999999966e-01
6.260999999999999899e-01
-6.594999999999999751e-01
-9.973999999999999533e-01
9.665000000000000258e-01
-9.890999999999999792e-01
8.502999999999999448e-01
4.428000000000000269e-01
-7.894999999999999796e-01
-3.647000000000000242e-01
5.041999999999999815e-01
-9.969999999999999696e-02
5.009000000000000119e-01
7.025000000000000133e-01
-8.955999999999999517e-01
-9.213999999999999968e-01
6.408000000000000362e-01
-2.651000000000000023e-01
-8.429999999999999993e-02
-4.273000000000000131e-01
7.812999999999999945e-01
-8.066999999999999726e-01
8.447000000000000064e-01
5.284999999999999698e-01
-7.629000000000000226e-01
3.230999999999999983e-01
5.846000000000000085e-01
-4.649999999999999967e-02
3.173000000000000265e-01
6.477000000000000535e-01
2.069999999999999965e-02
2.931000000000000272e-01
-5.977999999999999980e-01
-3.943999999999999728e-01
6.959999999999999520e-02
7.779000000000000359e-01
6.231999999999999762e-01
9.365999999999999881e-01
