1.629999999999999852e-02
8.212000000000000410e-01
8.541999999999999593e-01
-9.053999999999999826e-01
2.752999999999999892e-01
8.410999999999999588e-01
8.267999999999999794e-01
-5.796000000000000041e-01
2.051000000000000045e-01
-3.992999999999999883e-01
7.106000000000000094e-01
8.150000000000000300e-02
2.379999999999999893e-01
9.428999999999999604e-01
-9.102999999999999980e-01
2.469999999999999973e-01
-5.905000000000000249e-01
-3.284000000000000252e-01
-4.713999999999999857e-01
7.421999999999999709e-01
-5.333999999999999853e-01
-8.690000000000000502e-02
-3.121999999999999775e-01
8.476000000000000201e-01
-6.799999999999999621e-03
-2.970999999999999752e-01
-5.739999999999999963e-02
-7.835999999999999632e-01
8.811999999999999833e-01
-7.842000000000000082e-01
5.685000000000000053e-01
-7.660000000000000142e-02
-9.127999999999999448e-01
7.109999999999999654e-01
8.748000000000000220e-01
-3.593000000000000083e-01
7.993000000000000105e-01
-1.121000000000000052e-01
-6.841000000000000414e-01
-3.116999999999999771e-01
9.660000000000000531e-02
4.529000000000000248e-01
-3.402999999999999914e-01
7.584999999999999520e-01
5.779999999999999721e-02
9.756000000000000227e-01
9.149000000000000465e-01
1.629999999999999852e-02
-9.810999999999999721e-01
9.263000000000000123e-01
-7.809000000000000385e-01
6.824000000000000066e-01
9.074999999999999734e-01
7.187000000000000055e-01
-9.800999999999999712e-01
7.441999999999999726e-01
-2.489000000000000101e-01
1.701999999999999902e-01
9.144999999999999796e-01
1.305999999999999939e-01
1.005999999999999950e-01
6.743000000000000105e-01
4.969999999999999973e-01
8.507000000000000117e-01
-3.739999999999999991e-01
-4.037999999999999923e-01
-2.736999999999999988e-01
4.842000000000000193e-01
6.875999999999999890e-01
-9.885000000000000453e-01
-7.993999999999999995e-01
9.920999999999999819e-01
-1.716999999999999915e-01
7.711000000000000076e-01
3.064999999999999947e-01
3.724000000000000088e-01
-1.040999999999999981e-01
-1.413999999999999979e-01
-9.926000000000000378e-01
1.862999999999999934e-01
8.851999999999999869e-01
-4.789999999999999813e-02
-4.580000000000000043e-02
-1.466999999999999971e-01
7.756999999999999451e-01
2.409999999999999920e-01
-9.365999999999999881e-01
9.850999999999999757e-01
-2.280999999999999972e-01
-8.369999999999999662e-02
9.415000000000000036e-01
3.981000000000000094e-01
3.889999999999999708e-02
3.442999999999999949e-01
-9.800000000000000377e-02
6.067000000000000171e-01
-5.253999999999999782e-01
4.335999999999999854e-01
5.052999999999999714e-01
-3.442000000000000060e-01
8.781999999999999806e-01
1.194999999999999951e-01
-6.445999999999999508e-01
9.952999999999999625e-01
-2.013000000000000067e-01
-8.565000000000000391e-01
-6.616999999999999549e-01
-9.900000000000000466e-02
-1.322000000000000119e-01
-1.754000000000000004e-01
9.249999999999999889e-02
-2.301999999999999880e-01
-8.188999999999999613e-01
-3.175999999999999934e-01
6.943000000000000282e-01
-8.647000000000000242e-01
5.036000000000000476e-01
5.371000000000000218e-01
-3.522000000000000131e-01
4.009999999999999676e-02
8.234000000000000208e-01
-5.522000000000000242e-01
-7.798000000000000487e-01
5.785000000000000142e-01
6.571000000000000174e-01
2.039999999999999869e-01
4.529999999999999999e-02
-8.796000000000000485e-01
-9.600000000000000200e-02
-1.423999999999999988e-01
5.679999999999999494e-01
8.640000000000000457e-02
6.802000000000000268e-01
2.837999999999999967e-01
-5.715000000000000080e-01
1.348999999999999921e-01
-2.862999999999999989e-01
-5.560000000000000497e-01
8.356000000000000094e-01
2.157999999999999918e-01
