5.184999999999999609e-01
4.527999999999999803e-01
-9.653000000000000469e-01
6.062999999999999501e-01
-1.874000000000000110e-01
-2.898999999999999910e-01
-9.400000000000000369e-03
-4.711000000000000187e-01
-7.622999999999999776e-01
-3.386000000000000121e-01
-2.444000000000000061e-01
-3.972999999999999865e-01
-9.140000000000000346e-01
-9.387999999999999678e-01
-1.527000000000000024e-01
-6.799999999999999621e-03
-5.597999999999999643e-01
-6.450000000000000178e-02
5.161000000000000032e-01
8.991999999999999993e-01
1.778000000000000136e-01
9.552000000000000490e-01
4.419000000000000150e-01
3.981999999999999984e-01
-5.456999999999999629e-01
-1.069999999999999944e-02
-8.554000000000000492e-01
-4.516000000000000014e-01
6.909999999999999476e-02
4.098999999999999866e-01
-3.824000000000000177e-01
-2.601999999999999869e-01
5.484999999999999876e-01
-6.861000000000000432e-01
8.098999999999999533e-01
-9.969999999999999696e-02
1.242000000000000048e-01
2.868999999999999884e-01
1.521000000000000130e-01
-9.447999999999999732e-01
9.616000000000000103e-01
4.618999999999999773e-01
2.406999999999999973e-01
1.658000000000000029e-01
-2.160000000000000114e-02
-3.660000000000000059e-02
4.199999999999999740e-03
8.866000000000000547e-01
-2.417999999999999872e-01
-4.803999999999999937e-01
8.991999999999999993e-01
-4.768000000000000016e-01
-3.377000000000000002e-01
-1.077000000000000041e-01
2.692999999999999838e-01
-4.636000000000000121e-01
8.243000000000000327e-01
-5.975000000000000311e-01
-2.149999999999999828e-02
-6.497000000000000552e-01
6.569000000000000394e-01
-2.610000000000000167e-02
-2.265999999999999959e-01
-4.497999999999999776e-01
-8.824999999999999512e-01
9.836000000000000298e-01
6.041999999999999593e-01
6.754999999999999893e-01
-3.180000000000000188e-02
6.246000000000000441e-01
8.660999999999999810e-01
-3.523000000000000020e-01
2.781000000000000139e-01
-4.100000000000000172e-02
5.485999999999999766e-01
4.566000000000000059e-01
-6.410000000000000142e-01
1.403999999999999970e-01
-4.562999999999999834e-01
1.436999999999999944e-01
-9.137999999999999456e-01
4.573999999999999733e-01
-3.832999999999999741e-01
6.539000000000000368e-01
4.062000000000000055e-01
-5.110000000000000098e-01
-8.809999999999999776e-02
9.296999999999999709e-01
-4.420000000000000318e-02
6.019999999999999657e-02
-6.706999999999999629e-01
-7.639999999999999569e-02
-3.992999999999999883e-01
-9.245999999999999774e-01
5.870999999999999552e-01
6.287000000000000366e-01
-1.801999999999999991e-01
6.815999999999999837e-01
-3.017000000000000237e-01
8.957000000000000517e-01
7.166000000000000147e-01
3.915000000000000147e-01
-4.252000000000000224e-01
7.030999999999999472e-01
-7.895999999999999686e-01
5.694000000000000172e-01
-3.463999999999999857e-01
-7.775999999999999579e-01
5.548999999999999488e-01
-1.358999999999999930e-01
7.922000000000000153e-01
-9.372000000000000330e-01
8.683999999999999497e-01
1.454000000000000015e-01
-6.613999999999999879e-01
3.014000000000000012e-01
-2.338000000000000078e-01
-4.118999999999999884e-01
7.752000000000000002e-01
-9.801999999999999602e-01
7.801000000000000156e-01
1.950000000000000067e-01
-1.110000000000000014e-01
-4.471999999999999864e-01
-4.934999999999999942e-01
4.768000000000000016e-01
6.686999999999999611e-01
-1.062000000000000027e-01
-4.969000000000000083e-01
9.714000000000000412e-01
-8.006999999999999673e-01
-7.822000000000000064e-01
8.296999999999999931e-01
3.366999999999999993e-01
-1.847999999999999921e-01
3.497999999999999998e-01
5.653000000000000247e-01
4.435999999999999943e-01
2.109999999999999931e-01
8.508999999999999897e-01
