-8.069999999999999396e-02
8.542999999999999483e-01
-9.915000000000000480e-01
5.210000000000000187e-01
-5.696999999999999842e-01
-7.158999999999999808e-01
-5.321000000000000174e-01
-7.140999999999999570e-01
2.859999999999999765e-01
-2.682999999999999829e-01
-2.919999999999999818e-01
1.729999999999999941e-02
7.993000000000000105e-01
-1.029999999999999943e-01
9.348999999999999533e-01
4.042999999999999927e-01
-2.210000000000000020e-01
7.632999999999999785e-01
-3.503000000000000003e-01
3.983999999999999764e-01
-2.139999999999999888e-02
-9.080000000000000571e-02
4.519000000000000239e-01
1.623999999999999888e-01
7.157000000000000028e-01
3.412999999999999923e-01
1.481999999999999984e-01
6.818999999999999506e-01
-7.883999999999999897e-01
-5.504999999999999893e-01
-2.818999999999999839e-01
1.250000000000000000e-01
5.304999999999999716e-01
4.418000000000000260e-01
-6.095000000000000417e-01
-4.879000000000000004e-01
8.427999999999999936e-01
-3.784000000000000141e-01
-9.880999999999999783e-01
-9.536999999999999922e-01
-2.871000000000000218e-01
-1.038000000000000034e-01
6.210999999999999854e-01
4.142000000000000126e-01
-5.237000000000000544e-01
2.657999999999999807e-01
2.700000000000000143e-03
2.970000000000000070e-02
7.078999999999999737e-01
-4.520000000000000129e-01
9.524000000000000243e-01
4.146000000000000241e-01
6.239999999999999714e-02
9.348999999999999533e-01
6.385999999999999455e-01
-3.395000000000000240e-01
7.391999999999999682e-01
-9.115999999999999659e-01
-6.674999999999999822e-01
-7.760000000000000231e-01
-7.194000000000000394e-01
-9.928000000000000158e-01
-7.089999999999999636e-01
5.018000000000000238e-01
-5.060000000000000053e-01
5.436999999999999611e-01
-3.719999999999999696e-02
7.369999999999999885e-01
-1.827000000000000013e-01
3.770999999999999908e-01
4.593999999999999750e-01
5.309000000000000385e-01
-4.299999999999999656e-02
-9.641999999999999460e-01
-9.832999999999999519e-01
5.774000000000000243e-01
7.879999999999999505e-02
-6.723999999999999977e-01
2.501999999999999780e-01
-3.533000000000000029e-01
-7.799999999999999642e-03
8.880000000000000115e-01
2.567999999999999727e-01
-9.538999999999999702e-01
6.888999999999999568e-01
-3.100999999999999868e-01
9.246999999999999664e-01
-5.931999999999999496e-01
6.097000000000000197e-01
1.716999999999999915e-01
4.340000000000000108e-02
2.812000000000000055e-01
8.325000000000000178e-01
9.052000000000000046e-01
6.962000000000000410e-01
-3.694999999999999951e-01
-7.915999999999999703e-01
7.275000000000000355e-01
1.711000000000000021e-01
-8.970000000000000195e-02
1.507000000000000006e-01
4.539000000000000257e-01
6.388000000000000345e-01
-7.997999999999999554e-01
-9.489999999999999825e-02
3.532000000000000139e-01
3.561000000000000276e-01
6.569999999999999452e-02
4.823999999999999955e-01
-5.807999999999999829e-01
6.975000000000000089e-01
-4.459000000000000186e-01
4.294999999999999929e-01
6.469000000000000306e-01
2.896000000000000241e-01
6.826999999999999735e-01
-1.675999999999999990e-01
9.475999999999999979e-01
6.239000000000000101e-01
3.433999999999999830e-01
-6.366000000000000547e-01
9.874000000000000554e-01
1.290000000000000001e-02
-9.685000000000000275e-01
-7.129999999999999671e-01
2.137000000000000011e-01
2.642999999999999794e-01
-1.068000000000000060e-01
-5.911999999999999478e-01
-8.437999999999999945e-01
3.440000000000000002e-02
1.665000000000000091e-01
-3.799000000000000155e-01
3.824000000000000177e-01
-2.315000000000000113e-01
4.244999999999999885e-01
-6.750000000000000444e-01
7.025000000000000133e-01
-8.921999999999999931e-01
2.280000000000000082e-02
