-8.761999999999999789e-01
9.936000000000000387e-01
2.273999999999999910e-01
7.895999999999999686e-01
4.628999999999999782e-01
-6.491999999999999993e-01
-4.153000000000000025e-01
4.087000000000000077e-01
8.887000000000000455e-01
-4.279000000000000026e-01
-4.780000000000000221e-02
2.374999999999999889e-01
2.655000000000000138e-01
-1.559999999999999928e-02
5.715999999999999970e-01
9.375999999999999890e-01
4.138000000000000012e-01
-1.506000000000000116e-01
-6.329000000000000181e-01
7.085000000000000187e-01
5.770000000000000129e-02
-3.464999999999999747e-01
-8.125999999999999890e-01
7.307000000000000162e-01
8.860000000000000098e-01
3.543000000000000038e-01
9.987000000000000322e-01
4.631000000000000116e-01
-7.679000000000000270e-01
1.320999999999999952e-01
1.426000000000000045e-01
-6.532999999999999918e-01
7.138999999999999790e-01
4.393000000000000238e-01
-4.315999999999999837e-01
4.097000000000000086e-01
-1.799999999999999933e-01
-4.596999999999999975e-01
-3.820999999999999952e-01
-3.845000000000000084e-01
-8.055999999999999828e-01
-6.930000000000000049e-02
7.980000000000000426e-01
8.203000000000000291e-01
-8.044999999999999929e-01
-3.054999999999999938e-01
-4.290000000000000063e-02
-7.612999999999999767e-01
-7.197999999999999954e-01
-4.903000000000000136e-01
8.753999999999999559e-01
-6.042999999999999483e-01
-9.658999999999999808e-01
9.779999999999999805e-02
-9.149999999999999800e-02
7.705999999999999517e-01
3.269000000000000239e-01
5.141000000000000014e-01
9.274999999999999911e-01
-2.202000000000000068e-01
6.876999999999999780e-01
8.537000000000000144e-01
2.291999999999999871e-01
-5.746999999999999886e-01
9.576999999999999957e-01
8.891999999999999904e-01
9.852999999999999536e-01
-7.844999999999999751e-01
2.210000000000000159e-02
-2.560000000000000053e-01
9.829999999999999849e-01
-8.250999999999999446e-01
-4.445999999999999952e-01
-3.961999999999999966e-01
1.171999999999999986e-01
-2.335000000000000131e-01
6.630000000000000338e-01
-1.479000000000000037e-01
-4.243999999999999995e-01
-3.103000000000000203e-01
-7.996999999999999664e-01
9.336999999999999744e-01
-7.861000000000000210e-01
-7.953000000000000069e-01
-2.245000000000000051e-01
-1.068000000000000060e-01
2.551999999999999824e-01
5.645999999999999908e-01
-3.849999999999999950e-02
6.375999999999999446e-01
2.368000000000000105e-01
-6.176000000000000378e-01
-3.714999999999999969e-01
-3.689000000000000057e-01
1.429999999999999882e-01
-8.995999999999999552e-01
-5.322999999999999954e-01
-5.266999999999999460e-01
6.891000000000000458e-01
-5.449000000000000510e-01
9.347999999999999643e-01
-7.721000000000000085e-01
8.971000000000000085e-01
6.248000000000000220e-01
-6.462999999999999856e-01
2.929999999999999827e-01
-7.943999999999999950e-01
1.552999999999999936e-01
2.526999999999999802e-01
-1.144000000000000017e-01
-9.794000000000000483e-01
9.674000000000000377e-01
-8.921000000000000041e-01
6.929999999999999494e-01
3.869999999999999829e-02
3.216999999999999860e-01
-6.114000000000000545e-01
-6.438000000000000389e-01
3.129000000000000115e-01
-7.247999999999999998e-01
8.026999999999999691e-01
3.457999999999999963e-01
-3.926000000000000045e-01
4.899999999999999842e-03
-9.955000000000000515e-01
8.304000000000000270e-01
-9.575000000000000178e-01
-9.166999999999999593e-01
-4.880000000000000310e-02
2.964999999999999858e-01
-7.534999999999999476e-01
-8.258999999999999675e-01
7.147000000000000020e-01
-7.560000000000000053e-01
-8.312000000000000499e-01
4.390999999999999903e-01
9.619999999999999662e-01
4.628999999999999782e-01
-4.381999999999999784e-01
-2.510000000000000009e-01
