-1.749999999999999889e-01
-8.554000000000000492e-01
9.949999999999999956e-01
3.357999999999999874e-01
-9.585000000000000187e-01
7.144000000000000350e-01
-7.099999999999999645e-01
6.798999999999999488e-01
-3.634000000000000008e-01
-1.854999999999999982e-01
-7.096999999999999975e-01
-3.249000000000000221e-01
7.870000000000000606e-02
-7.914999999999999813e-01
5.632000000000000339e-01
-6.662000000000000144e-01
2.361000000000000043e-01
-7.850000000000000033e-02
5.916000000000000147e-01
-5.727999999999999758e-01
7.370000000000000162e-02
-7.663999999999999702e-01
-8.276999999999999913e-01
-3.387999999999999901e-01
9.885000000000000453e-01
-7.259999999999999787e-01
7.625999999999999446e-01
-4.381999999999999784e-01
-5.153999999999999693e-01
9.966000000000000414e-01
-1.776000000000000079e-01
5.424999999999999822e-01
5.170000000000000290e-02
-7.822999999999999954e-01
3.000999999999999779e-01
-9.098000000000000531e-01
6.884000000000000119e-01
-9.857000000000000206e-01
-8.266999999999999904e-01
5.634000000000000119e-01
-6.167000000000000259e-01
3.119999999999999857e-02
4.939000000000000057e-01
5.516999999999999682e-01
-7.204000000000000403e-01
6.150999999999999801e-01
1.484000000000000041e-01
-3.625999999999999779e-01
-4.319000000000000061e-01
6.398000000000000353e-01
9.201000000000000290e-01
-3.698000000000000176e-01
-1.794000000000000039e-01
6.302999999999999714e-01
-7.209999999999999742e-02
6.070999999999999730e-01
-5.510000000000000453e-01
-4.193999999999999950e-01
5.582000000000000295e-01
6.723000000000000087e-01
7.649000000000000243e-01
9.635000000000000231e-01
-9.205999999999999739e-01
1.862000000000000044e-01
-5.716999999999999860e-01
-5.546999999999999709e-01
5.678999999999999604e-01
7.530000000000000027e-01
-9.625000000000000222e-01
2.394000000000000017e-01
-5.032999999999999696e-01
-4.591000000000000081e-01
-7.330000000000000404e-02
-7.175000000000000266e-01
3.225999999999999979e-01
1.099999999999999936e-02
-1.285999999999999921e-01
6.601000000000000201e-01
8.894999999999999574e-01
7.320000000000000118e-02
4.028999999999999804e-01
5.675999999999999934e-01
4.879999999999999893e-01
-4.890999999999999792e-01
8.424000000000000377e-01
3.533000000000000029e-01
-9.758999999999999897e-01
-3.488999999999999879e-01
-1.227000000000000035e-01
-2.576999999999999846e-01
3.754000000000000115e-01
3.765999999999999903e-01
8.380999999999999561e-01
4.949000000000000066e-01
5.456999999999999629e-01
-2.091999999999999971e-01
-2.063000000000000111e-01
9.479999999999999538e-02
-9.345999999999999863e-01
2.533000000000000251e-01
7.450999999999999845e-01
-3.239000000000000212e-01
-5.072999999999999732e-01
-8.686000000000000387e-01
3.351999999999999980e-01
7.387000000000000233e-01
-8.226999999999999869e-01
-4.951999999999999735e-01
-9.736000000000000210e-01
2.013999999999999957e-01
4.464000000000000190e-01
-4.082000000000000073e-01
4.789999999999999813e-01
-7.130000000000000226e-02
-3.785000000000000031e-01
-8.970000000000000195e-01
7.539000000000000146e-01
-3.799000000000000155e-01
3.392999999999999905e-01
-9.127999999999999448e-01
-8.110000000000000542e-02
3.788000000000000256e-01
-1.908999999999999864e-01
1.454000000000000015e-01
-6.433999999999999719e-01
-8.323000000000000398e-01
-4.730000000000000177e-02
8.400999999999999579e-01
4.929000000000000048e-01
-2.636000000000000010e-01
-3.620999999999999774e-01
-9.362000000000000322e-01
3.905000000000000138e-01
5.532000000000000250e-01
1.907000000000000084e-01
-6.309000000000000163e-01
2.511999999999999789e-01
-8.854999999999999538e-01
6.862000000000000322e-01
-1.159999999999999920e-02
