-3.613999999999999990e-01
7.180000000000000271e-02
8.428999999999999826e-01
-7.107999999999999874e-01
9.260000000000000175e-02
9.420000000000000595e-02
-5.450000000000000400e-01
-6.834000000000000075e-01
9.610999999999999543e-01
4.094999999999999751e-01
-5.907999999999999918e-01
8.799000000000000155e-01
2.535000000000000031e-01
3.981999999999999984e-01
9.093999999999999861e-01
6.805999999999999828e-01
9.800999999999999712e-01
-8.875999999999999446e-01
9.312000000000000277e-01
-4.798000000000000043e-01
-4.424000000000000155e-01
-1.549999999999999989e-01
-2.494000000000000106e-01
-7.560000000000000053e-02
-3.379999999999999671e-02
2.762000000000000011e-01
-1.318000000000000005e-01
2.806000000000000161e-01
-3.531000000000000250e-01
-6.238000000000000211e-01
-4.465999999999999970e-01
2.921000000000000263e-01
-8.534000000000000474e-01
-8.649999999999999356e-02
6.716999999999999638e-01
4.820999999999999730e-01
1.102000000000000063e-01
8.854999999999999538e-01
4.610000000000000209e-01
-8.516000000000000236e-01
-3.548999999999999932e-01
-3.264000000000000234e-01
-3.391000000000000125e-01
-1.845999999999999863e-01
-1.333000000000000018e-01
-9.254999999999999893e-01
-2.275999999999999968e-01
9.118000000000000549e-01
5.227000000000000535e-01
1.917000000000000093e-01
-1.952000000000000124e-01
-7.122000000000000552e-01
-3.993999999999999773e-01
3.090000000000000038e-02
-3.953999999999999737e-01
5.142999999999999794e-01
4.428000000000000269e-01
-7.580999999999999961e-01
1.557000000000000051e-01
6.572000000000000064e-01
2.189000000000000112e-01
7.789000000000000368e-01
-5.995000000000000329e-01
2.409000000000000030e-01
-7.633999999999999675e-01
-2.449999999999999956e-01
-2.832000000000000073e-01
4.168999999999999928e-01
1.688000000000000056e-01
4.595000000000000195e-01
5.100999999999999979e-01
-5.068000000000000282e-01
3.814000000000000168e-01
7.251999999999999558e-01
-5.493999999999999995e-01
9.424000000000000155e-01
-5.584000000000000075e-01
8.058999999999999497e-01
3.563000000000000056e-01
6.616999999999999549e-01
-2.350000000000000006e-02
-5.803000000000000380e-01
-8.213000000000000300e-01
-7.310999999999999721e-01
-8.964999999999999636e-01
-8.388999999999999790e-01
-9.470000000000000639e-02
-2.988999999999999990e-01
-2.671000000000000041e-01
7.954999999999999849e-01
-3.070000000000000159e-02
-3.573000000000000065e-01
-4.963000000000000189e-01
-9.726000000000000201e-01
2.989999999999999880e-01
7.227999999999999980e-01
-9.996000000000000441e-01
7.917999999999999483e-01
4.348000000000000198e-01
8.984999999999999654e-01
4.788000000000000034e-01
-8.055999999999999828e-01
-2.768999999999999795e-01
-5.835000000000000187e-01
-2.353999999999999981e-01
-5.679999999999999494e-01
-4.730000000000000177e-02
-3.492999999999999994e-01
5.390000000000000346e-02
-8.025999999999999801e-01
3.116999999999999771e-01
-6.209000000000000075e-01
-9.655000000000000249e-01
1.149000000000000021e-01
3.054000000000000048e-01
-1.476000000000000090e-01
-4.229999999999999732e-02
7.556000000000000494e-01
-5.565999999999999837e-01
1.123999999999999999e-01
9.710999999999999632e-01
-8.446000000000000174e-01
9.595000000000000195e-01
-6.501000000000000112e-01
4.190999999999999726e-01
1.269999999999999948e-02
8.558999999999999941e-01
-5.158000000000000362e-01
1.620000000000000051e-01
3.763000000000000234e-01
-2.711999999999999966e-01
2.298000000000000043e-01
-7.068999999999999728e-01
6.448000000000000398e-01
-8.262000000000000455e-01
-6.599000000000000421e-01
-7.241999999999999549e-01
5.558999999999999497e-01
3.922999999999999821e-01
5.675999999999999934e-01
