-4.660000000000000253e-02
8.590999999999999748e-01
7.326000000000000290e-01
6.653000000000000025e-01
-3.375000000000000222e-01
1.746999999999999942e-01
5.881999999999999451e-01
7.318000000000000060e-01
5.550000000000000488e-01
-9.550000000000000155e-02
4.850000000000000144e-02
-1.597000000000000086e-01
-9.760000000000000620e-02
8.849000000000000199e-01
6.281999999999999806e-01
4.994000000000000106e-01
2.096999999999999975e-01
-3.506000000000000227e-01
3.104000000000000092e-01
-2.819999999999999729e-01
7.887999999999999456e-01
3.075999999999999845e-01
-4.375000000000000000e-01
-1.983999999999999930e-01
1.627000000000000113e-01
7.537000000000000366e-01
-5.715000000000000080e-01
-3.341999999999999971e-01
4.857000000000000206e-01
-7.700000000000000178e-01
6.469999999999999363e-02
-8.495000000000000329e-01
4.615000000000000213e-01
1.001999999999999974e-01
-5.827999999999999847e-01
-1.993999999999999939e-01
9.219000000000000528e-01
-3.185000000000000053e-01
6.108999999999999986e-01
3.136999999999999789e-01
3.820000000000000062e-01
-4.209999999999999853e-01
-2.129999999999999949e-01
-1.842999999999999916e-01
-2.249999999999999917e-02
-5.585999999999999854e-01
6.615999999999999659e-01
4.504000000000000226e-01
-9.121000000000000218e-01
5.999999999999999474e-04
-5.294999999999999707e-01
8.520999999999999686e-01
5.903000000000000469e-01
-5.004999999999999449e-01
-7.929999999999999549e-02
-9.505000000000000115e-01
-9.831999999999999629e-01
-5.150000000000000133e-01
2.363999999999999990e-01
-3.649000000000000021e-01
-3.867999999999999772e-01
8.310999999999999499e-01
-2.822000000000000064e-01
-6.069999999999999701e-02
-9.690999999999999615e-01
8.100000000000000255e-02
3.266999999999999904e-01
-9.606999999999999984e-01
5.360000000000000320e-01
5.030000000000000027e-01
-7.766999999999999460e-01
3.912999999999999812e-01
6.684999999999999831e-01
-3.850000000000000089e-01
-2.298000000000000043e-01
-7.140000000000000513e-02
-1.004000000000000031e-01
-6.515999999999999570e-01
3.770999999999999908e-01
8.487000000000000099e-01
-6.189000000000000057e-01
2.409999999999999989e-02
-3.633000000000000118e-01
-6.264999999999999458e-01
7.433999999999999497e-01
-2.771000000000000130e-01
-5.554999999999999938e-01
-7.056999999999999940e-01
3.561000000000000276e-01
3.770000000000000018e-01
4.566999999999999948e-01
7.036000000000000032e-01
-1.547000000000000042e-01
-1.082000000000000045e-01
-1.890999999999999903e-01
4.858000000000000096e-01
-5.393999999999999906e-01
3.390000000000000235e-01
-5.936000000000000165e-01
-4.474000000000000199e-01
1.391999999999999904e-01
-6.205000000000000515e-01
7.536000000000000476e-01
-4.167000000000000148e-01
4.799999999999999580e-03
-8.552999999999999492e-01
-5.870000000000000218e-02
4.601000000000000090e-01
-3.338999999999999746e-01
1.554999999999999993e-01
4.717999999999999972e-01
8.950000000000000178e-01
1.663999999999999924e-01
-7.218999999999999861e-01
5.174999999999999600e-01
-2.707999999999999852e-01
-2.464999999999999969e-01
1.829999999999999960e-01
-9.169000000000000483e-01
9.700999999999999623e-01
-6.546999999999999487e-01
8.464000000000000412e-01
1.416999999999999926e-01
-1.696000000000000008e-01
3.442999999999999949e-01
-2.534000000000000141e-01
1.313999999999999890e-01
8.800999999999999934e-01
8.930000000000000160e-01
-7.108999999999999764e-01
-4.472999999999999754e-01
4.187000000000000166e-01
7.600000000000000089e-01
5.573000000000000176e-01
-8.963999999999999746e-01
-9.546000000000000041e-01
-2.719999999999999848e-02
8.859000000000000208e-01
6.702000000000000179e-01
6.953000000000000291e-01
