2.074000000000000010e-01
-1.466999999999999971e-01
-3.023000000000000131e-01
2.765000000000000235e-01
6.000999999999999668e-01
3.165999999999999925e-01
-8.433000000000000496e-01
-6.624999999999999778e-01
-1.280000000000000061e-02
1.292000000000000093e-01
-9.288999999999999480e-01
7.752999999999999892e-01
-7.979999999999999594e-02
-7.247000000000000108e-01
-6.226000000000000423e-01
8.844999999999999529e-01
5.200000000000000178e-01
5.827999999999999847e-01
5.000000000000000278e-02
-1.514999999999999958e-01
5.663000000000000256e-01
-7.763999999999999790e-01
-1.048999999999999932e-01
-4.502999999999999781e-01
7.479000000000000092e-01
-1.640999999999999959e-01
1.507999999999999896e-01
-5.433000000000000052e-01
-5.633000000000000229e-01
-2.406000000000000083e-01
1.096000000000000030e-01
7.226000000000000201e-01
8.172000000000000375e-01
2.844999999999999751e-01
-8.470999999999999641e-01
5.844000000000000306e-01
-2.414999999999999925e-01
-7.993999999999999995e-01
-8.997000000000000552e-01
9.022000000000000020e-01
-9.819999999999999563e-02
7.885999999999999677e-01
-4.365999999999999881e-01
-2.044999999999999873e-01
-6.915000000000000036e-01
7.583999999999999631e-01
-3.751999999999999780e-01
7.943999999999999950e-01
-5.622000000000000330e-01
-6.281999999999999806e-01
-1.187000000000000000e-01
8.441999999999999504e-01
-8.134000000000000119e-01
-8.000000000000000383e-04
4.798000000000000043e-01
-7.377000000000000224e-01
-7.773999999999999799e-01
-7.935999999999999721e-01
-9.574000000000000288e-01
-2.917000000000000148e-01
-3.890000000000000124e-01
8.964999999999999636e-01
4.233999999999999986e-01
9.235999999999999766e-01
7.183000000000000496e-01
-1.620000000000000051e-01
-7.093000000000000416e-01
-2.779999999999999832e-02
3.739999999999999991e-01
4.984000000000000097e-01
-7.243000000000000549e-01
2.258999999999999897e-01
6.859999999999999432e-02
2.089000000000000024e-01
-9.191000000000000281e-01
-2.299999999999999961e-02
8.626000000000000334e-01
5.632000000000000339e-01
8.006999999999999673e-01
2.656000000000000028e-01
-7.251999999999999558e-01
-6.327000000000000401e-01
-5.020000000000000157e-02
-7.177999999999999936e-01
-6.189999999999999669e-02
-7.357000000000000206e-01
6.500000000000000222e-02
-6.612000000000000099e-01
9.661999999999999478e-01
-4.797000000000000153e-01
3.799999999999999906e-02
-5.483000000000000096e-01
-9.386999999999999789e-01
3.962999999999999856e-01
-4.062999999999999945e-01
-2.510999999999999899e-01
-6.374999999999999556e-01
-7.251999999999999558e-01
7.046000000000000041e-01
-1.630000000000000060e-01
5.139000000000000234e-01
1.194000000000000061e-01
-6.272999999999999687e-01
5.399999999999999939e-02
3.230000000000000093e-01
-4.415000000000000036e-01
-6.012999999999999456e-01
4.003999999999999782e-01
-6.460000000000000187e-01
8.357999999999999874e-01
-5.923000000000000487e-01
2.154999999999999971e-01
7.150999999999999579e-01
8.459999999999999465e-02
4.959000000000000075e-01
-5.553000000000000158e-01
-5.027000000000000357e-01
6.441000000000000059e-01
-9.740000000000000047e-02
7.224000000000000421e-01
8.175000000000000044e-01
-8.203000000000000291e-01
4.058999999999999830e-01
-4.190999999999999726e-01
8.300999999999999490e-01
-9.121000000000000218e-01
2.871000000000000218e-01
1.628999999999999893e-01
3.529999999999999805e-01
-5.082999999999999741e-01
-2.535999999999999921e-01
-8.677000000000000268e-01
9.610999999999999543e-01
-6.206000000000000405e-01
-6.844000000000000083e-01
2.399999999999999911e-01
-6.402999999999999803e-01
-8.924999999999999600e-01
-6.896999999999999797e-01
-8.630999999999999783e-01
