7.153000000000000469e-01
7.259999999999999787e-02
-9.095999999999999641e-01
-4.555000000000000160e-01
-3.352999999999999869e-01
8.246999999999999886e-01
7.854999999999999760e-01
6.719000000000000528e-01
-2.531999999999999806e-01
8.247999999999999776e-01
-5.370000000000000329e-01
-6.041999999999999593e-01
-4.873999999999999999e-01
-8.668000000000000149e-01
4.683999999999999830e-01
7.763999999999999790e-01
4.163999999999999924e-01
-6.542000000000000037e-01
7.799999999999999642e-03
-5.173999999999999710e-01
8.836000000000000520e-01
-6.752000000000000224e-01
-7.739999999999999658e-02
-1.021999999999999992e-01
1.796999999999999986e-01
-5.708999999999999631e-01
8.143000000000000238e-01
-2.016999999999999904e-01
4.956999999999999740e-01
8.483000000000000540e-01
-2.556999999999999829e-01
6.882000000000000339e-01
6.525999999999999579e-01
6.702000000000000179e-01
-2.368000000000000105e-01
-8.961000000000000076e-01
-3.029999999999999916e-01
-2.479999999999999913e-02
-5.834000000000000297e-01
-3.511000000000000232e-01
5.004999999999999449e-01
-5.574999999999999956e-01
3.252999999999999781e-01
9.731999999999999540e-01
8.379999999999999949e-02
4.354000000000000092e-01
-9.656000000000000139e-01
-3.693000000000000171e-01
-8.672999999999999599e-01
6.098000000000000087e-01
-1.381000000000000005e-01
-8.071000000000000396e-01
-8.771999999999999797e-01
2.947000000000000175e-01
1.899000000000000132e-01
-4.903000000000000136e-01
6.072999999999999510e-01
-9.878000000000000114e-01
1.066000000000000003e-01
-3.886000000000000010e-01
-1.034999999999999948e-01
-5.362000000000000099e-01
-3.042000000000000259e-01
8.286999999999999922e-01
3.860000000000000098e-01
-9.260000000000000175e-02
-7.651000000000000023e-01
-1.315000000000000058e-01
-9.268999999999999462e-01
-4.545000000000000151e-01
9.078000000000000513e-01
7.379000000000000004e-01
7.339999999999999858e-01
-8.217999999999999750e-01
-1.768000000000000127e-01
-1.834000000000000075e-01
-7.836999999999999522e-01
-7.608000000000000318e-01
-4.475999999999999979e-01
-3.660999999999999810e-01
5.620000000000000551e-01
2.822999999999999954e-01
-1.899999999999999996e-03
9.673000000000000487e-01
8.983999999999999764e-01
-9.993999999999999551e-01
8.932999999999999829e-01
-8.659999999999999920e-01
9.717999999999999972e-01
-5.571000000000000396e-01
-7.576000000000000512e-01
2.089000000000000024e-01
-6.824999999999999956e-01
-2.083000000000000129e-01
6.842000000000000304e-01
-4.334000000000000075e-01
3.104999999999999982e-01
-9.895000000000000462e-01
9.465000000000000080e-01
2.939999999999999836e-01
-2.952000000000000179e-01
-2.349999999999999867e-01
-4.497999999999999776e-01
8.379999999999999949e-02
9.599999999999999645e-01
-3.073000000000000176e-01
8.479999999999999760e-01
5.084999999999999520e-01
1.603999999999999870e-01
1.879000000000000115e-01
8.649999999999999356e-02
9.496999999999999886e-01
6.393999999999999684e-01
8.629999999999999893e-01
-7.068999999999999728e-01
2.811000000000000165e-01
4.499999999999999660e-03
6.427000000000000490e-01
-5.654000000000000137e-01
6.736999999999999655e-01
-6.133999999999999453e-01
-8.716000000000000414e-01
4.234999999999999876e-01
8.386000000000000121e-01
5.968999999999999861e-01
4.452999999999999736e-01
1.718999999999999972e-01
6.180000000000000077e-02
-9.506000000000000005e-01
-4.457999999999999741e-01
-9.265999999999999792e-01
3.842999999999999750e-01
-8.637000000000000233e-01
6.101999999999999647e-01
3.442000000000000060e-01
6.493999999999999773e-01
1.600000000000000033e-01
1.801000000000000101e-01
7.789999999999999702e-02
-2.243999999999999884e-01
