-2.631999999999999895e-01
-3.982999999999999874e-01
8.017999999999999572e-01
-2.868999999999999884e-01
-5.377999999999999448e-01
9.274999999999999911e-01
8.608000000000000096e-01
5.956000000000000183e-01
-2.275999999999999968e-01
5.447999999999999510e-01
-6.098999999999999977e-01
-2.056999999999999940e-01
-2.447999999999999898e-01
-2.023000000000000076e-01
3.211999999999999855e-01
7.935999999999999721e-01
4.763999999999999901e-01
9.465000000000000080e-01
5.440000000000000391e-01
2.134000000000000064e-01
2.508000000000000229e-01
-8.216999999999999860e-01
-3.116999999999999771e-01
-6.959999999999999520e-02
-1.218999999999999945e-01
2.817999999999999949e-01
9.639999999999999680e-01
-3.074000000000000066e-01
1.516000000000000125e-01
3.335000000000000187e-01
-2.652999999999999803e-01
2.129999999999999949e-02
8.817000000000000393e-01
2.212999999999999967e-01
9.896000000000000352e-01
-7.680000000000000160e-01
-3.244000000000000217e-01
-7.149999999999999689e-01
-5.133999999999999675e-01
2.755000000000000226e-01
-7.606000000000000538e-01
9.349999999999999978e-02
5.053999999999999604e-01
4.474000000000000199e-01
9.457999999999999741e-01
4.208999999999999964e-01
-2.487000000000000044e-01
2.048999999999999988e-01
6.504999999999999671e-01
8.269999999999999574e-01
5.711000000000000520e-01
3.588000000000000078e-01
3.069000000000000061e-01
-5.685000000000000053e-01
-5.627999999999999670e-01
-3.774000000000000132e-01
-8.973999999999999755e-01
-8.834999999999999520e-01
6.479999999999999649e-02
2.016000000000000014e-01
-7.862999999999999989e-01
1.938999999999999890e-01
7.760000000000000231e-02
-1.318000000000000005e-01
4.400000000000000265e-03
7.013000000000000345e-01
7.675999999999999490e-01
-8.125000000000000000e-01
9.840999999999999748e-01
2.765000000000000235e-01
-1.824999999999999956e-01
3.101999999999999758e-01
-6.360000000000000098e-01
3.134000000000000119e-01
-5.423000000000000043e-01
-2.904999999999999805e-01
-7.795999999999999597e-01
8.000000000000000444e-01
9.606000000000000094e-01
2.159999999999999976e-01
3.519999999999999796e-01
-6.723999999999999977e-01
-5.476999999999999647e-01
4.237000000000000210e-01
8.430999999999999606e-01
-7.185000000000000275e-01
3.981999999999999984e-01
-8.969000000000000306e-01
-8.396000000000000130e-01
8.598999999999999977e-01
2.945999999999999730e-01
-2.737999999999999878e-01
1.689999999999999836e-02
8.588000000000000078e-01
-7.165000000000000258e-01
-5.259000000000000341e-01
-1.126999999999999946e-01
-5.670000000000000040e-02
5.402000000000000135e-01
-5.138000000000000345e-01
-8.577000000000000179e-01
-7.447000000000000286e-01
5.403999999999999915e-01
-9.760999999999999677e-01
-7.965999999999999748e-01
6.394999999999999574e-01
6.020999999999999686e-01
-1.220000000000000077e-02
8.776000000000000467e-01
-8.458999999999999853e-01
-4.804999999999999827e-01
2.197999999999999954e-01
-6.239999999999999714e-02
2.149999999999999967e-01
-2.574000000000000177e-01
-7.261999999999999567e-01
-2.884999999999999787e-01
-8.731999999999999762e-01
-2.809999999999999998e-02
8.497999999999999998e-01
1.831000000000000127e-01
-6.260000000000000009e-01
9.056999999999999496e-01
-5.658999999999999586e-01
-5.520000000000000462e-01
5.127000000000000446e-01
8.192000000000000393e-01
8.344000000000000306e-01
-8.811999999999999833e-01
-9.574000000000000288e-01
7.846999999999999531e-01
1.413000000000000089e-01
8.068999999999999506e-01
-1.233000000000000068e-01
-3.251000000000000001e-01
-8.500999999999999668e-01
2.043999999999999984e-01
3.431000000000000161e-01
-6.338000000000000300e-01
-2.595000000000000084e-01
