-3.924000000000000266e-01
-7.068999999999999728e-01
-3.400000000000000244e-01
-6.653999999999999915e-01
4.519999999999999712e-02
8.223000000000000309e-01
1.899000000000000132e-01
3.014999999999999902e-01
-7.036999999999999922e-01
1.121000000000000052e-01
1.292000000000000093e-01
-5.368000000000000549e-01
8.215999999999999970e-01
-7.620999999999999996e-01
1.005999999999999950e-01
2.726000000000000090e-01
-4.039999999999999841e-02
-5.650000000000000161e-02
3.391000000000000125e-01
-6.200999999999999845e-01
-6.560000000000000275e-01
-8.803999999999999604e-01
-7.079999999999999627e-01
9.044999999999999707e-01
-3.859000000000000208e-01
6.314999999999999503e-01
6.232999999999999652e-01
5.063999999999999613e-01
-4.794999999999999818e-01
6.238000000000000211e-01
-2.743999999999999773e-01
2.595000000000000084e-01
7.469999999999999973e-01
-2.912000000000000144e-01
-7.053000000000000380e-01
-9.020000000000000240e-01
-4.524000000000000243e-01
-7.650000000000000133e-01
-3.133000000000000229e-01
-2.407999999999999863e-01
-9.076999999999999513e-01
2.600999999999999979e-01
3.346999999999999975e-01
-2.928999999999999937e-01
7.854999999999999760e-01
-6.602000000000000091e-01
5.427999999999999492e-01
2.841000000000000192e-01
5.586999999999999744e-01
-1.360999999999999988e-01
7.179999999999999716e-01
-2.364999999999999880e-01
7.607000000000000428e-01
4.698999999999999844e-01
-3.559999999999999831e-01
3.251000000000000001e-01
8.229999999999999538e-01
8.038999999999999480e-01
-5.303999999999999826e-01
1.552000000000000046e-01
4.796000000000000263e-01
5.878999999999999782e-01
-1.560999999999999888e-01
7.278000000000000025e-01
2.836000000000000187e-01
3.938999999999999724e-01
-3.558000000000000052e-01
-3.084999999999999964e-01
8.209999999999999520e-01
8.079999999999999682e-02
-3.206999999999999851e-01
-1.200999999999999984e-01
-2.675000000000000155e-01
7.405000000000000471e-01
-2.856000000000000205e-01
2.664000000000000257e-01
5.624000000000000110e-01
4.678999999999999826e-01
-7.003000000000000336e-01
8.630000000000000171e-02
3.215999999999999970e-01
8.918000000000000371e-01
6.388000000000000345e-01
9.209000000000000519e-01
8.689000000000000057e-01
4.079999999999999738e-01
2.711000000000000076e-01
8.568999999999999950e-01
9.677999999999999936e-01
-4.933000000000000163e-01
-6.165000000000000480e-01
7.432999999999999607e-01
2.772999999999999909e-01
5.362000000000000099e-01
1.328999999999999904e-01
3.136999999999999789e-01
-8.167999999999999705e-01
-7.953999999999999959e-01
-5.669999999999999485e-01
8.783999999999999586e-01
9.333000000000000185e-01
-8.239999999999999547e-01
-2.693999999999999728e-01
-7.993999999999999995e-01
-8.678000000000000158e-01
-1.450000000000000074e-02
3.599999999999999867e-01
2.695000000000000173e-01
6.951000000000000512e-01
-3.678000000000000158e-01
1.060000000000000005e-02
-1.088999999999999968e-01
9.741999999999999549e-01
2.227999999999999980e-01
7.542999999999999705e-01
4.501999999999999891e-01
7.207999999999999963e-01
1.834000000000000075e-01
6.340999999999999970e-01
6.534999999999999698e-01
-6.545999999999999597e-01
-8.698000000000000176e-01
4.627000000000000002e-01
-9.313000000000000167e-01
4.356999999999999762e-01
-1.781000000000000083e-01
2.651000000000000023e-01
-6.997999999999999776e-01
5.419999999999999818e-02
-6.972000000000000419e-01
-1.438000000000000111e-01
-5.566999999999999726e-01
8.110000000000000542e-01
3.169000000000000150e-01
-5.254999999999999671e-01
-4.909000000000000030e-01
3.410000000000000253e-01
6.213999999999999524e-01
-8.480000000000000038e-02
2.111000000000000099e-01
