-2.747999999999999887e-01
-5.050000000000000044e-01
-4.213999999999999968e-01
4.950999999999999845e-01
3.665999999999999814e-01
4.194999999999999840e-01
1.047000000000000014e-01
-5.413999999999999924e-01
2.960000000000000131e-02
7.419000000000000039e-01
-9.354000000000000092e-01
7.060999999999999499e-01
-5.023999999999999577e-01
1.660000000000000017e-02
-2.738999999999999768e-01
-7.920000000000000651e-02
7.815999999999999615e-01
-3.889999999999999708e-02
6.740000000000000435e-01
-2.316999999999999893e-01
3.612000000000000210e-01
-3.849000000000000199e-01
6.067000000000000171e-01
-6.339999999999999802e-02
3.784000000000000141e-01
6.062999999999999501e-01
1.423999999999999988e-01
6.519999999999999407e-02
-5.011999999999999789e-01
6.612999999999999989e-01
-2.459999999999999964e-01
2.814999999999999725e-01
-8.730999999999999872e-01
8.580000000000000127e-02
8.657000000000000250e-01
3.689000000000000057e-01
-1.069999999999999944e-02
2.757999999999999896e-01
-9.070000000000000284e-02
8.761999999999999789e-01
-5.361000000000000210e-01
-1.759000000000000008e-01
-6.099999999999999867e-02
-8.102000000000000313e-01
6.876999999999999780e-01
7.873999999999999888e-01
-1.260000000000000009e-01
6.334999999999999520e-01
-6.206000000000000405e-01
-4.128999999999999893e-01
8.514000000000000457e-01
-8.323000000000000398e-01
2.687999999999999834e-01
4.114999999999999769e-01
4.461999999999999855e-01
-8.127999999999999670e-01
8.495000000000000329e-01
5.409000000000000474e-01
9.686000000000000165e-01
8.930000000000000437e-02
-1.025999999999999968e-01
-7.503999999999999559e-01
4.808999999999999941e-01
4.560000000000000164e-02
-8.099999999999999561e-03
-5.819999999999999618e-01
1.542000000000000037e-01
-7.086000000000000076e-01
6.616999999999999549e-01
-8.367999999999999883e-01
3.066999999999999726e-01
2.396000000000000074e-01
2.179999999999999993e-01
-3.079000000000000070e-01
-3.529999999999999805e-01
-9.341000000000000414e-01
-3.634000000000000008e-01
3.691999999999999726e-01
7.953999999999999959e-01
8.890000000000000679e-02
-9.582000000000000517e-01
-9.116999999999999549e-01
-8.542999999999999483e-01
-1.008000000000000007e-01
-3.063000000000000167e-01
-2.457999999999999907e-01
-1.105000000000000010e-01
1.656999999999999862e-01
-7.335000000000000409e-01
-7.198999999999999844e-01
8.521999999999999575e-01
8.200000000000000691e-03
-9.288999999999999480e-01
-3.800000000000000044e-01
-8.147999999999999687e-01
7.114000000000000323e-01
-4.269000000000000017e-01
7.801000000000000156e-01
-6.055000000000000382e-01
-8.200000000000000344e-02
-4.001000000000000112e-01
9.966000000000000414e-01
2.227999999999999980e-01
-5.430000000000000104e-02
8.952999999999999847e-01
7.852999999999999980e-01
2.167000000000000037e-01
4.475000000000000089e-01
1.383000000000000063e-01
-2.127000000000000002e-01
9.314000000000000057e-01
-6.531000000000000139e-01
-4.996999999999999775e-01
2.401000000000000079e-01
3.044999999999999929e-01
-5.879999999999999671e-01
9.102999999999999980e-01
2.591999999999999860e-01
6.118999999999999995e-01
-7.256000000000000227e-01
-2.207999999999999963e-01
3.361999999999999988e-01
-4.314000000000000057e-01
8.540000000000000369e-02
1.463000000000000134e-01
2.366999999999999937e-01
-8.400999999999999579e-01
4.527999999999999803e-01
3.020999999999999797e-01
3.579999999999999849e-02
6.665999999999999703e-01
7.462999999999999634e-01
8.730999999999999872e-01
-2.296999999999999875e-01
5.806000000000000050e-01
-6.092999999999999527e-01
-7.167000000000000037e-01
-6.414999999999999591e-01
-3.583000000000000074e-01
3.604999999999999871e-01
