9.871999999999999664e-01
-7.981000000000000316e-01
8.909999999999999865e-02
-5.475999999999999757e-01
-8.517000000000000126e-01
7.729999999999999372e-02
-5.109999999999999959e-02
5.664000000000000146e-01
6.733000000000000096e-01
1.000000000000000048e-04
-2.472999999999999921e-01
-3.830000000000000071e-01
5.129000000000000226e-01
-2.526999999999999802e-01
-5.269999999999999685e-02
5.017000000000000348e-01
-6.817999999999999616e-01
5.462000000000000188e-01
-5.254999999999999671e-01
2.709999999999999909e-02
-3.935000000000000164e-01
-3.724999999999999978e-01
-8.453000000000000513e-01
-4.929000000000000048e-01
4.549999999999999878e-02
-2.361000000000000043e-01
8.300000000000000086e-03
-9.409999999999999476e-01
1.490000000000000005e-02
5.372000000000000108e-01
4.637999999999999901e-01
9.990000000000000269e-02
7.203000000000000513e-01
-5.809999999999999887e-02
5.262000000000000011e-01
1.617000000000000104e-01
-1.269000000000000128e-01
2.434999999999999942e-01
6.560000000000000553e-02
1.544999999999999984e-01
4.159999999999999809e-02
-7.500999999999999890e-01
2.484000000000000097e-01
-4.002999999999999892e-01
9.203999999999999959e-01
-6.885000000000000009e-01
-5.921999999999999487e-01
7.267000000000000126e-01
-6.974000000000000199e-01
-8.461999999999999522e-01
8.014999999999999902e-01
-8.076999999999999735e-01
-3.519999999999999796e-01
3.562000000000000166e-01
3.770000000000000018e-01
-8.019999999999999352e-02
3.330000000000000321e-02
9.134999999999999787e-01
-5.687999999999999723e-01
9.900999999999999801e-01
6.663000000000000034e-01
-2.074999999999999900e-01
-3.450000000000000289e-02
4.712000000000000077e-01
-8.290999999999999481e-01
4.496999999999999886e-01
6.909999999999999476e-02
-9.513000000000000345e-01
1.622999999999999998e-01
6.894000000000000128e-01
-7.498000000000000220e-01
-1.055999999999999994e-01
1.327000000000000124e-01
-9.144999999999999796e-01
4.057999999999999940e-01
-8.656000000000000361e-01
-7.006999999999999895e-01
5.365999999999999659e-01
4.580000000000000043e-02
-5.966000000000000192e-01
-9.129000000000000448e-01
4.681000000000000161e-01
5.443000000000000060e-01
-9.144999999999999796e-01
2.426999999999999991e-01
-1.691000000000000003e-01
8.394000000000000350e-01
6.329999999999999516e-02
4.472999999999999754e-01
-5.050000000000000322e-02
9.337999999999999634e-01
-7.227999999999999980e-01
5.750000000000000250e-02
-4.394000000000000128e-01
4.300000000000000003e-03
-7.614999999999999547e-01
5.776999999999999913e-01
-8.625000000000000444e-01
-2.636999999999999900e-01
-9.080000000000000571e-02
-2.124999999999999944e-01
-4.874999999999999889e-01
-2.792999999999999927e-01
1.552000000000000046e-01
-6.461000000000000076e-01
-9.779999999999999805e-01
-5.844000000000000306e-01
-2.104999999999999927e-01
-3.652000000000000246e-01
1.262999999999999956e-01
-5.390000000000000346e-02
-6.026000000000000245e-01
9.028000000000000469e-01
8.454000000000000403e-01
2.394000000000000017e-01
5.630000000000000282e-02
8.905999999999999472e-01
-4.920999999999999819e-01
2.636999999999999900e-01
-5.625000000000000000e-01
-3.136999999999999789e-01
5.149000000000000243e-01
-3.111999999999999766e-01
9.546999999999999931e-01
-3.321999999999999953e-01
-4.757000000000000117e-01
7.617000000000000437e-01
2.066000000000000059e-01
5.828999999999999737e-01
-1.333000000000000018e-01
1.322000000000000119e-01
9.093999999999999861e-01
8.316000000000000059e-01
-2.353999999999999981e-01
-1.262999999999999956e-01
4.587999999999999856e-01
8.888000000000000345e-01
-9.466999999999999860e-01
4.114999999999999769e-01
-7.997999999999999554e-01
