-1.937000000000000111e-01
-1.700000000000000122e-01
-2.928999999999999937e-01
-1.665000000000000091e-01
7.084000000000000297e-01
-1.448000000000000120e-01
-3.695999999999999841e-01
-2.175999999999999879e-01
-2.591999999999999860e-01
-4.884999999999999898e-01
-1.226000000000000006e-01
-4.642999999999999905e-01
-3.261999999999999900e-01
8.636000000000000343e-01
-4.588999999999999746e-01
8.541999999999999593e-01
8.017999999999999572e-01
8.477000000000000091e-01
-9.183999999999999941e-01
1.912999999999999978e-01
4.860999999999999766e-01
3.377999999999999892e-01
-7.489000000000000101e-01
-8.332000000000000517e-01
9.254000000000000004e-01
7.502999999999999670e-01
1.774999999999999911e-01
4.559000000000000274e-01
6.031999999999999584e-01
5.646999999999999797e-01
7.287000000000000144e-01
-5.715999999999999970e-01
-8.137999999999999678e-01
9.600000000000000200e-02
1.223999999999999949e-01
5.960000000000000020e-02
9.616000000000000103e-01
5.965000000000000302e-01
9.760999999999999677e-01
-2.782000000000000028e-01
-5.645999999999999908e-01
-6.604999999999999760e-01
-3.286000000000000032e-01
7.735999999999999543e-01
-9.681999999999999496e-01
-6.733999999999999986e-01
-1.897000000000000075e-01
2.129000000000000059e-01
3.783000000000000251e-01
-7.318000000000000060e-01
-4.529999999999999999e-02
3.549999999999999684e-02
8.016999999999999682e-01
-7.701000000000000068e-01
7.630000000000000115e-01
3.099999999999999891e-03
9.623000000000000442e-01
8.401999999999999469e-01
-4.080000000000000293e-02
-3.338999999999999746e-01
-7.934999999999999831e-01
6.205000000000000515e-01
-6.757999999999999563e-01
6.016000000000000236e-01
-2.056999999999999940e-01
8.054999999999999938e-01
-9.660999999999999588e-01
-6.414999999999999591e-01
9.372000000000000330e-01
9.654000000000000359e-01
-7.987999999999999545e-01
6.279999999999999472e-02
-5.000000000000000000e-01
-1.930000000000000118e-02
1.922000000000000097e-01
-9.970999999999999863e-01
2.412999999999999867e-01
-1.082999999999999935e-01
-6.524999999999999689e-01
7.059999999999999609e-01
-5.182999999999999829e-01
-9.829999999999999849e-02
4.139999999999999791e-01
-7.971000000000000307e-01
-6.129999999999999893e-01
5.506999999999999673e-01
3.961999999999999966e-01
1.102000000000000063e-01
3.719000000000000083e-01
-2.727999999999999869e-01
9.539999999999999869e-02
-8.873999999999999666e-01
-5.302000000000000046e-01
-9.800000000000000377e-02
-8.737000000000000322e-01
4.726000000000000201e-01
7.707000000000000517e-01
-9.071000000000000174e-01
4.254999999999999893e-01
2.731999999999999984e-01
3.383999999999999786e-01
-6.881000000000000449e-01
9.147999999999999465e-01
-2.879999999999999921e-02
6.239999999999999991e-01
7.391999999999999682e-01
-2.960000000000000131e-02
-7.326000000000000290e-01
-2.671999999999999931e-01
6.379999999999999560e-02
-4.536000000000000032e-01
-7.809000000000000385e-01
6.928999999999999604e-01
-4.373000000000000220e-01
-4.875999999999999779e-01
2.680000000000000160e-01
3.554999999999999827e-01
5.610000000000000542e-01
4.581000000000000072e-01
6.320999999999999952e-01
9.079000000000000403e-01
-8.222000000000000419e-01
3.518000000000000016e-01
-1.535999999999999865e-01
-8.325000000000000178e-01
-5.780999999999999472e-01
-9.110000000000000042e-02
8.348999999999999755e-01
8.266000000000000014e-01
-4.270000000000000184e-02
-1.663999999999999924e-01
-1.203999999999999931e-01
6.485999999999999543e-01
-9.862999999999999545e-01
3.457999999999999963e-01
-6.875000000000000000e-01
-3.627000000000000224e-01
3.830999999999999961e-01
5.179000000000000270e-01
1.100000000000000066e-03
