4.092999999999999972e-01
-4.681000000000000161e-01
-5.726999999999999869e-01
3.406000000000000139e-01
2.943999999999999950e-01
-6.546999999999999487e-01
-8.959000000000000297e-01
-6.481000000000000094e-01
4.717000000000000082e-01
-1.048999999999999932e-01
-5.959999999999999742e-01
8.836000000000000520e-01
4.383000000000000229e-01
3.309999999999999748e-02
-7.174000000000000377e-01
3.003000000000000114e-01
8.386000000000000121e-01
3.533999999999999919e-01
-1.643000000000000016e-01
6.403999999999999693e-01
3.529999999999999805e-02
-6.293999999999999595e-01
6.958999999999999631e-01
-2.258000000000000007e-01
2.771000000000000130e-01
2.376000000000000056e-01
4.294999999999999929e-01
5.935000000000000275e-01
-5.090999999999999970e-01
6.281999999999999806e-01
9.645000000000000240e-01
9.162000000000000144e-01
5.691000000000000503e-01
-9.210000000000000409e-01
-9.124999999999999778e-01
-1.365000000000000102e-01
5.837999999999999856e-01
1.298999999999999877e-01
-8.919000000000000261e-01
8.943999999999999728e-01
5.524999999999999911e-01
-5.769999999999999574e-01
-8.219999999999999529e-02
-3.948999999999999733e-01
9.752999999999999448e-01
9.701999999999999513e-01
-3.696999999999999731e-01
3.143000000000000238e-01
-4.839999999999999858e-02
2.858999999999999875e-01
-5.449999999999999983e-02
8.762999999999999678e-01
-4.968000000000000194e-01
1.615000000000000047e-01
6.459000000000000297e-01
-3.876000000000000001e-01
3.432999999999999940e-01
-1.678999999999999937e-01
-7.802999999999999936e-01
9.418999999999999595e-01
6.743999999999999995e-01
4.330999999999999850e-01
-9.111000000000000210e-01
-9.958000000000000185e-01
1.668999999999999928e-01
7.590999999999999970e-01
8.507000000000000117e-01
7.203000000000000513e-01
-6.080999999999999739e-01
6.533999999999999808e-01
2.381999999999999951e-01
-7.399999999999999634e-02
1.401000000000000023e-01
5.391000000000000236e-01
3.211999999999999855e-01
-2.605000000000000093e-01
1.547000000000000042e-01
-9.562000000000000499e-01
-3.769000000000000128e-01
1.393999999999999961e-01
1.761000000000000065e-01
-2.494999999999999996e-01
8.500000000000000611e-02
-4.356999999999999762e-01
1.073000000000000065e-01
8.600000000000000006e-03
1.179999999999999938e-01
1.063999999999999946e-01
-2.617999999999999772e-01
7.230000000000000315e-02
8.975999999999999535e-01
-9.064999999999999725e-01
-8.480999999999999650e-01
2.585999999999999965e-01
-9.506000000000000005e-01
-2.590999999999999970e-01
9.940000000000000224e-02
8.618000000000000105e-01
5.263999999999999790e-01
-4.570000000000000173e-01
6.632000000000000117e-01
2.069999999999999896e-01
9.100000000000000450e-03
1.218000000000000055e-01
-8.191000000000000503e-01
2.949999999999999845e-01
-4.289000000000000035e-01
-8.508000000000000007e-01
3.731999999999999762e-01
-6.513999999999999790e-01
6.814999999999999947e-01
-1.600000000000000033e-01
-4.420000000000000318e-02
-7.683999999999999719e-01
-3.425000000000000266e-01
6.588000000000000522e-01
-1.565000000000000002e-01
5.637999999999999678e-01
-9.106999999999999540e-01
-9.821999999999999620e-01
9.879999999999999893e-01
-4.198000000000000065e-01
-3.690999999999999837e-01
-2.006000000000000005e-01
-5.263999999999999790e-01
-4.507999999999999785e-01
2.641000000000000014e-01
-4.873999999999999999e-01
-4.449000000000000177e-01
5.676999999999999824e-01
4.894000000000000017e-01
-9.332000000000000295e-01
-5.480000000000000426e-01
1.499999999999999944e-02
-9.977000000000000313e-01
-9.254000000000000004e-01
-6.166000000000000369e-01
-8.448999999999999844e-01
7.436000000000000387e-01
-6.692000000000000171e-01
