-7.245000000000000329e-01
6.958999999999999631e-01
6.021999999999999575e-01
2.504000000000000115e-01
-8.129999999999999449e-01
2.666999999999999926e-01
-9.519999999999999574e-01
9.181000000000000272e-01
-3.178000000000000269e-01
7.700000000000000247e-03
-2.248999999999999888e-01
-6.570000000000000284e-01
8.358999999999999764e-01
-7.499999999999999722e-03
6.892000000000000348e-01
7.140000000000000513e-02
6.186000000000000387e-01
-9.108000000000000540e-01
6.349000000000000199e-01
8.790000000000000591e-02
9.879000000000000004e-01
7.300000000000000065e-03
4.658999999999999808e-01
6.526999999999999469e-01
9.850999999999999757e-01
4.825999999999999734e-01
-6.711000000000000298e-01
6.077000000000000179e-01
7.127000000000000002e-01
-1.642000000000000126e-01
-5.365999999999999659e-01
-3.664999999999999925e-01
-8.390999999999999570e-01
8.481999999999999540e-01
-5.275999999999999579e-01
-6.745999999999999774e-01
-8.127999999999999670e-01
4.035000000000000253e-01
9.418999999999999595e-01
1.996999999999999886e-01
9.243000000000000105e-01
9.661999999999999478e-01
-8.116999999999999771e-01
-9.100000000000000450e-03
1.145999999999999935e-01
2.477000000000000035e-01
-3.145999999999999908e-01
-6.660000000000000642e-02
-4.569999999999999757e-02
-8.937000000000000499e-01
8.538000000000000034e-01
1.675999999999999990e-01
6.132999999999999563e-01
2.771000000000000130e-01
-5.552000000000000268e-01
-1.345000000000000084e-01
1.257999999999999952e-01
-7.690000000000000169e-01
4.834999999999999853e-01
-1.797999999999999876e-01
9.982999999999999652e-01
8.229999999999999538e-01
-3.099999999999999891e-03
-3.247999999999999776e-01
7.517000000000000348e-01
-4.334000000000000075e-01
-6.267000000000000348e-01
5.853000000000000425e-01
-8.167999999999999705e-01
7.238999999999999879e-01
-3.150999999999999912e-01
7.710000000000000187e-01
-1.739999999999999880e-02
-2.301999999999999880e-01
-1.897000000000000075e-01
-5.987999999999999989e-01
-9.028000000000000469e-01
-1.441000000000000059e-01
3.876999999999999891e-01
8.252000000000000446e-01
3.906999999999999917e-01
-6.097000000000000197e-01
2.767999999999999905e-01
9.169000000000000483e-01
-4.208999999999999964e-01
2.721999999999999975e-01
4.919999999999999929e-01
6.871000000000000441e-01
-5.637999999999999678e-01
-7.070999999999999508e-01
9.929999999999999938e-02
5.594999999999999973e-01
2.222000000000000086e-01
5.669999999999999485e-01
3.009999999999999828e-02
-5.928999999999999826e-01
1.349999999999999985e-02
-3.070999999999999841e-01
3.503000000000000003e-01
9.906000000000000361e-01
3.714000000000000079e-01
-2.149999999999999967e-01
-8.512999999999999456e-01
4.189999999999999836e-01
3.730999999999999872e-01
1.577999999999999958e-01
7.119999999999999662e-01
7.430999999999999828e-01
6.923000000000000265e-01
3.237999999999999767e-01
-1.370000000000000107e-01
1.952000000000000124e-01
9.153999999999999915e-01
-2.399000000000000021e-01
-6.156000000000000361e-01
8.396000000000000130e-01
-7.828000000000000513e-01
6.702000000000000179e-01
5.917000000000000037e-01
5.798999999999999710e-01
2.411999999999999977e-01
-2.043000000000000094e-01
6.562000000000000055e-01
7.000999999999999446e-01
4.363000000000000211e-01
1.531000000000000139e-01
5.389000000000000457e-01
-1.356999999999999873e-01
8.142000000000000348e-01
4.989999999999999991e-02
-9.828999999999999959e-01
-5.961999999999999522e-01
-5.535999999999999810e-01
-1.137999999999999984e-01
6.061999999999999611e-01
9.737000000000000099e-01
5.276999999999999469e-01
-7.449000000000000066e-01
7.799000000000000377e-01
-2.798999999999999821e-01
