3.997999999999999887e-01
2.609000000000000208e-01
-5.000000000000000000e-01
6.159000000000000030e-01
8.163000000000000256e-01
-9.769999999999999518e-02
8.801999999999999824e-01
-3.266999999999999904e-01
-5.210000000000000187e-01
-5.099000000000000199e-01
-1.265000000000000013e-01
-2.715000000000000191e-01
-7.459000000000000075e-01
-1.000000000000000021e-03
9.072999999999999954e-01
9.564000000000000279e-01
-5.290000000000000258e-01
-4.093999999999999861e-01
8.038999999999999480e-01
-9.492000000000000437e-01
-2.268000000000000016e-01
7.580000000000000071e-01
-7.580000000000000626e-02
-5.639999999999999458e-01
3.808000000000000274e-01
-8.185000000000000053e-01
9.464000000000000190e-01
-8.959000000000000297e-01
4.970999999999999863e-01
1.882000000000000062e-01
8.852999999999999758e-01
8.288999999999999702e-01
-2.570000000000000062e-01
-8.200000000000000691e-03
3.617000000000000215e-01
-9.296999999999999709e-01
8.074999999999999956e-01
-1.960999999999999965e-01
2.187999999999999945e-01
8.872999999999999776e-01
-1.144000000000000017e-01
-8.759000000000000119e-01
8.147999999999999687e-01
-4.909999999999999920e-01
9.391000000000000458e-01
1.729999999999999941e-02
-2.398000000000000131e-01
5.743000000000000327e-01
2.340000000000000135e-01
5.539999999999999786e-02
7.569000000000000172e-01
8.980000000000000482e-02
6.176000000000000378e-01
-2.396000000000000074e-01
6.114000000000000545e-01
-4.315999999999999837e-01
-1.257000000000000062e-01
-5.032999999999999696e-01
9.567999999999999838e-01
-2.983999999999999986e-01
2.654000000000000248e-01
-9.434000000000000163e-01
3.084999999999999964e-01
-1.789000000000000035e-01
-5.667999999999999705e-01
-3.537000000000000144e-01
6.058999999999999941e-01
6.752000000000000224e-01
4.950999999999999845e-01
5.322999999999999954e-01
-3.110999999999999877e-01
-8.043000000000000149e-01
1.782999999999999863e-01
8.372000000000000552e-01
-2.175999999999999879e-01
-4.817000000000000171e-01
-7.961000000000000298e-01
-6.289999999999999758e-02
-6.797999999999999599e-01
-1.134000000000000008e-01
2.854999999999999760e-01
2.499000000000000110e-01
1.255000000000000004e-01
-8.147999999999999687e-01
-6.840000000000000246e-02
6.384999999999999565e-01
1.519000000000000072e-01
5.877000000000000002e-01
2.822999999999999954e-01
-2.003000000000000058e-01
-7.976999999999999647e-01
3.558999999999999941e-01
-7.604999999999999538e-01
-5.479000000000000536e-01
5.721000000000000529e-01
-1.161999999999999977e-01
-2.943999999999999950e-01
-7.338999999999999968e-01
4.233000000000000096e-01
-4.919999999999999929e-01
-5.167000000000000481e-01
-1.192000000000000004e-01
2.939999999999999836e-01
2.174000000000000099e-01
6.075000000000000400e-01
7.927999999999999492e-01
-1.108999999999999986e-01
7.290000000000000646e-02
-2.490999999999999881e-01
3.551000000000000267e-01
-9.371000000000000441e-01
5.227000000000000535e-01
-7.090999999999999526e-01
5.903000000000000469e-01
3.846999999999999864e-01
6.259000000000000119e-01
8.263000000000000345e-01
-8.962999999999999856e-01
-2.945999999999999730e-01
-8.814999999999999503e-01
1.640999999999999959e-01
5.198000000000000398e-01
2.036000000000000032e-01
-6.203999999999999515e-01
7.048999999999999710e-01
