-2.308000000000000052e-01
1.040999999999999981e-01
1.290999999999999925e-01
-7.581999999999999851e-01
-1.257999999999999952e-01
-3.266000000000000014e-01
2.624000000000000221e-01
-8.410999999999999588e-01
-9.443000000000000282e-01
-2.802999999999999936e-01
4.269999999999999907e-01
-7.453999999999999515e-01
-6.276000000000000467e-01
-1.633999999999999897e-01
-3.206999999999999851e-01
-1.365000000000000102e-01
1.554000000000000103e-01
6.573999999999999844e-01
-2.084000000000000019e-01
-6.995999999999999996e-01
-8.690000000000000502e-02
-3.350000000000000200e-01
9.788000000000000034e-01
-1.877000000000000057e-01
-9.799999999999999822e-01
7.118999999999999773e-01
2.421000000000000096e-01
-8.982999999999999874e-01
-9.762999999999999456e-01
-9.937000000000000277e-01
-1.004000000000000031e-01
7.599000000000000199e-01
4.426999999999999824e-01
8.174000000000000155e-01
8.070000000000000506e-01
-9.655000000000000249e-01
6.591000000000000192e-01
8.085999999999999854e-01
2.235999999999999932e-01
-6.750000000000000444e-01
4.499000000000000221e-01
6.758999999999999453e-01
-1.564000000000000112e-01
-5.928999999999999826e-01
-4.783000000000000029e-01
7.967999999999999527e-01
-3.242999999999999772e-01
-3.240000000000000102e-01
6.637999999999999456e-01
7.116000000000000103e-01
-6.108000000000000096e-01
9.710999999999999632e-01
9.455999999999999961e-01
-9.644000000000000350e-01
-9.220000000000000417e-02
3.795000000000000040e-01
-8.110000000000000542e-01
-8.007999999999999563e-01
-8.022000000000000242e-01
-7.238999999999999879e-01
1.937000000000000111e-01
9.772999999999999465e-01
3.076999999999999735e-01
-7.381999999999999673e-01
-9.928000000000000158e-01
-9.253000000000000114e-01
4.884000000000000008e-01
-4.506000000000000005e-01
-5.689999999999999503e-01
7.297000000000000153e-01
-4.487999999999999767e-01
1.930000000000000049e-01
3.719000000000000083e-01
-9.874000000000000554e-01
7.097999999999999865e-01
3.998999999999999777e-01
4.571000000000000063e-01
3.731999999999999762e-01
-7.380000000000000449e-02
-5.393999999999999906e-01
6.679999999999999827e-02
-5.713000000000000300e-01
7.920000000000000373e-01
1.661999999999999866e-01
3.045999999999999819e-01
3.175999999999999934e-01
-2.822000000000000064e-01
-9.786000000000000254e-01
2.228999999999999870e-01
1.185999999999999971e-01
-9.249999999999999889e-02
1.544999999999999984e-01
2.790000000000000119e-02
-3.726999999999999758e-01
8.519999999999999796e-01
-8.469999999999999751e-01
8.384000000000000341e-01
-3.513999999999999901e-01
-4.063999999999999835e-01
-2.054999999999999882e-01
8.247999999999999776e-01
-7.409999999999999920e-01
-5.656999999999999806e-01
4.687999999999999945e-01
2.561999999999999833e-01
-8.747000000000000330e-01
1.943000000000000005e-01
-2.881000000000000227e-01
7.187999999999999945e-01
-7.642999999999999794e-01
-6.823000000000000176e-01
-3.520000000000000212e-02
-1.441000000000000059e-01
-7.448000000000000176e-01
2.829999999999999877e-02
6.999999999999999556e-01
-7.285000000000000364e-01
-7.859000000000000430e-01
-1.034999999999999948e-01
-3.391000000000000125e-01
6.569000000000000394e-01
8.581999999999999629e-01
-4.789999999999999813e-01
-1.799999999999999951e-03
-4.673999999999999821e-01
