6.832000000000000295e-01
-6.342999999999999750e-01
1.726999999999999924e-01
6.018000000000000016e-01
-9.060000000000000275e-01
7.743999999999999773e-01
-8.677000000000000268e-01
-7.838000000000000522e-01
3.044000000000000039e-01
-9.941999999999999726e-01
-2.954999999999999849e-01
-3.136999999999999789e-01
-3.841999999999999860e-01
-2.404999999999999916e-01
4.204999999999999849e-01
6.453999999999999737e-01
5.122999999999999776e-01
4.633999999999999786e-01
7.264000000000000457e-01
6.040999999999999703e-01
-9.496999999999999886e-01
-4.045000000000000262e-01
-1.463000000000000134e-01
7.926999999999999602e-01
3.004000000000000004e-01
3.573999999999999955e-01
8.498999999999999888e-01
-2.379000000000000004e-01
1.050999999999999990e-01
-6.619999999999999496e-02
8.437000000000000055e-01
1.073000000000000065e-01
5.479000000000000536e-01
9.979999999999999982e-01
2.320000000000000118e-01
8.662999999999999590e-01
7.119999999999999940e-02
6.424999999999999600e-01
4.617999999999999883e-01
8.527000000000000135e-01
-8.846000000000000529e-01
9.676000000000000156e-01
-9.223999999999999977e-01
5.463000000000000078e-01
-5.903000000000000469e-01
-5.756000000000000005e-01
-8.703999999999999515e-01
-6.298000000000000265e-01
1.293999999999999873e-01
-8.369999999999999662e-02
-4.560000000000000164e-02
-1.764999999999999902e-01
8.695000000000000506e-01
4.103999999999999870e-01
3.936000000000000054e-01
2.449999999999999956e-01
1.930999999999999939e-01
3.973999999999999755e-01
-1.472999999999999865e-01
6.817999999999999616e-01
1.484000000000000041e-01
9.195999999999999730e-01
6.051999999999999602e-01
7.018999999999999684e-01
-2.003000000000000058e-01
5.320000000000000284e-01
-8.335000000000000187e-01
3.930000000000000160e-01
-1.985000000000000098e-01
8.436000000000000165e-01
-8.008999999999999453e-01
4.208000000000000074e-01
4.386999999999999789e-01
-3.670000000000000345e-02
8.002000000000000224e-01
8.901999999999999913e-01
-6.302999999999999714e-01
-8.413000000000000478e-01
6.875999999999999890e-01
5.161000000000000032e-01
-3.654000000000000026e-01
2.008000000000000063e-01
8.017999999999999572e-01
-5.000999999999999890e-01
3.337999999999999856e-01
1.028000000000000025e-01
2.215999999999999914e-01
-9.929999999999999938e-02
-8.066999999999999726e-01
8.004999999999999893e-01
2.285000000000000087e-01
1.234999999999999987e-01
8.739000000000000101e-01
1.615999999999999936e-01
5.799999999999999600e-03
-8.860000000000000098e-01
3.124000000000000110e-01
-1.522000000000000020e-01
5.493999999999999995e-01
3.890000000000000124e-01
-6.069999999999999701e-02
-9.030000000000000526e-02
-2.195000000000000007e-01
2.112999999999999878e-01
1.852999999999999925e-01
-5.965000000000000302e-01
6.197000000000000286e-01
9.952999999999999625e-01
1.232000000000000040e-01
7.662999999999999812e-01
5.773000000000000353e-01
-5.574999999999999956e-01
-8.056999999999999718e-01
-1.164000000000000035e-01
-1.519999999999999997e-02
-5.984000000000000430e-01
6.360000000000000375e-02
3.397000000000000020e-01
5.905000000000000249e-01
2.862999999999999989e-01
-2.320000000000000118e-01
2.250000000000000056e-01
-2.442000000000000004e-01
-6.558000000000000496e-01
6.219999999999999973e-01
