4.676000000000000156e-01
5.029000000000000137e-01
-9.794000000000000483e-01
-3.704000000000000070e-01
9.792999999999999483e-01
-1.705000000000000127e-01
-5.359000000000000430e-01
-8.901000000000000023e-01
-8.221000000000000529e-01
-8.848000000000000309e-01
6.075000000000000400e-01
4.131000000000000227e-01
1.222000000000000031e-01
1.242000000000000048e-01
6.490000000000000213e-01
-2.969999999999999862e-01
9.844000000000000528e-01
-6.242999999999999661e-01
-5.487999999999999545e-01
-3.568999999999999950e-01
-2.781000000000000139e-01
4.148000000000000020e-01
4.511000000000000010e-01
8.231000000000000538e-01
9.679999999999999716e-01
-3.099999999999999978e-01
-5.039000000000000146e-01
-1.210999999999999993e-01
-6.814000000000000057e-01
-4.788999999999999924e-01
-9.956000000000000405e-01
-5.292999999999999927e-01
-3.259000000000000230e-01
5.661000000000000476e-01
-2.916000000000000258e-01
-2.692999999999999838e-01
-9.593000000000000416e-01
-3.269000000000000239e-01
4.346999999999999753e-01
-4.109999999999999765e-01
7.910000000000000364e-01
-3.620999999999999774e-01
-1.718999999999999972e-01
3.976000000000000090e-01
-8.597000000000000197e-01
8.999999999999999320e-03
9.609999999999999654e-01
2.938000000000000056e-01
-5.029000000000000137e-01
-2.457999999999999907e-01
5.979999999999999760e-01
-7.059999999999999609e-02
-8.752999999999999670e-01
-8.479999999999999760e-01
7.885999999999999677e-01
-5.800999999999999490e-01
1.089999999999999997e-01
-4.159999999999999809e-01
-5.344999999999999751e-01
-5.340000000000000302e-02
4.912000000000000255e-01
3.235000000000000098e-01
6.614999999999999769e-01
9.893999999999999462e-01
2.016999999999999904e-01
-3.618000000000000105e-01
-2.280000000000000082e-02
9.453000000000000291e-01
-4.370999999999999885e-01
9.506999999999999895e-01
7.953000000000000069e-01
2.700000000000000178e-01
-9.950999999999999845e-01
-4.899999999999999842e-03
-3.180999999999999939e-01
-9.690999999999999615e-01
4.025000000000000244e-01
6.047000000000000153e-01
-3.675999999999999823e-01
-3.335000000000000187e-01
5.798999999999999710e-01
3.119999999999999857e-02
6.191999999999999726e-01
-4.742999999999999994e-01
-5.444999999999999840e-01
-8.592999999999999527e-01
6.826999999999999735e-01
-7.872000000000000108e-01
8.110000000000000542e-02
-5.033999999999999586e-01
-8.736000000000000432e-01
-2.454000000000000070e-01
8.233000000000000318e-01
-2.939999999999999905e-02
-5.544000000000000039e-01
-5.729999999999999538e-01
5.207000000000000517e-01
3.099999999999999978e-02
-5.224999999999999645e-01
7.070999999999999508e-01
-8.126999999999999780e-01
5.461000000000000298e-01
-3.638000000000000123e-01
-3.359999999999999792e-02
-5.360000000000000181e-02
9.341000000000000414e-01
2.962000000000000188e-01
5.970999999999999641e-01
-2.564000000000000168e-01
6.398000000000000353e-01
-2.074000000000000010e-01
-4.970999999999999863e-01
3.286000000000000032e-01
-6.414999999999999591e-01
6.938999999999999613e-01
-7.485000000000000542e-01
-5.760999999999999455e-01
-3.546000000000000263e-01
-2.124000000000000055e-01
-8.751999999999999780e-01
5.766999999999999904e-01
6.844000000000000083e-01
-7.325000000000000400e-01
-5.127000000000000446e-01
4.509000000000000230e-01
