-9.081000000000000183e-01
-1.360999999999999988e-01
8.354000000000000314e-01
6.643000000000000016e-01
-2.908999999999999919e-01
1.077000000000000041e-01
-2.253000000000000003e-01
-5.594000000000000083e-01
-8.831999999999999851e-01
7.231999999999999540e-01
-5.072999999999999732e-01
1.163000000000000006e-01
-3.948999999999999733e-01
8.526000000000000245e-01
8.224000000000000199e-01
-1.484999999999999931e-01
6.148000000000000131e-01
2.989999999999999949e-02
-1.126999999999999946e-01
3.304000000000000270e-01
4.133999999999999897e-01
6.042999999999999483e-01
2.851000000000000201e-01
-8.290999999999999481e-01
-6.035000000000000364e-01
3.366000000000000103e-01
7.095000000000000195e-01
4.968000000000000194e-01
-8.017999999999999572e-01
2.649000000000000243e-01
-3.104999999999999982e-01
4.914999999999999925e-01
-8.379999999999999949e-02
7.648000000000000353e-01
-2.396000000000000074e-01
7.970000000000000417e-01
-3.936000000000000054e-01
-6.072999999999999510e-01
-4.502999999999999781e-01
-4.022999999999999909e-01
-8.057999999999999607e-01
-1.136999999999999955e-01
-9.784000000000000474e-01
-1.176999999999999991e-01
-9.769999999999999796e-01
9.971999999999999753e-01
5.251000000000000112e-01
-7.533999999999999586e-01
-8.014999999999999902e-01
-3.736999999999999766e-01
-8.068999999999999506e-01
-2.048999999999999988e-01
3.108000000000000207e-01
-1.193000000000000033e-01
-6.885999999999999899e-01
4.549999999999999878e-02
5.604000000000000092e-01
1.973000000000000032e-01
-5.493000000000000105e-01
-8.900000000000000133e-01
7.799000000000000377e-01
-1.170000000000000033e-02
4.996999999999999775e-01
4.828999999999999959e-01
-1.398999999999999966e-01
4.582999999999999852e-01
-6.450000000000000178e-01
9.518999999999999684e-01
2.371999999999999942e-01
-6.814999999999999947e-01
-7.082000000000000517e-01
-9.164999999999999813e-01
4.420999999999999930e-01
-8.702999999999999625e-01
1.894000000000000128e-01
4.063999999999999835e-01
-2.550999999999999934e-01
-5.666999999999999815e-01
-8.165999999999999925e-01
1.333999999999999908e-01
7.428000000000000158e-01
7.516000000000000458e-01
-8.870999999999999996e-01
5.447999999999999510e-01
-1.297000000000000097e-01
-9.746000000000000218e-01
8.780000000000000304e-02
4.712000000000000077e-01
7.167999999999999927e-01
-6.511000000000000121e-01
1.629999999999999852e-02
-1.390000000000000124e-01
2.796000000000000152e-01
9.199000000000000510e-01
6.772000000000000242e-01
9.126999999999999558e-01
-1.026999999999999996e-01
9.787000000000000144e-01
1.950999999999999956e-01
3.300000000000000155e-01
-3.313999999999999724e-01
-1.313999999999999890e-01
-5.650000000000000161e-02
-5.643000000000000238e-01
-3.870999999999999996e-01
-6.171999999999999709e-01
3.846999999999999864e-01
3.643000000000000127e-01
1.350999999999999979e-01
-6.991000000000000547e-01
-7.703999999999999737e-01
-5.090000000000000080e-02
6.795999999999999819e-01
2.318999999999999950e-01
7.819000000000000394e-01
-8.522999999999999465e-01
9.678999999999999826e-01
3.370000000000000079e-02
2.564000000000000168e-01
3.795999999999999930e-01
-7.870000000000000606e-02
2.620000000000000107e-02
-4.840999999999999748e-01
5.440000000000000391e-01
-9.516999999999999904e-01
