-8.601999999999999647e-01
5.573000000000000176e-01
6.564999999999999725e-01
-7.230000000000000315e-02
-1.859000000000000097e-01
-9.720999999999999641e-01
-3.459999999999999881e-02
1.998999999999999944e-01
9.695000000000000284e-01
-1.100000000000000066e-03
-8.657000000000000250e-01
8.869000000000000217e-01
-1.557000000000000051e-01
7.645999999999999464e-01
-7.439999999999999392e-02
-6.693000000000000060e-01
3.367999999999999883e-01
-3.879000000000000226e-01
7.556000000000000494e-01
8.601999999999999647e-01
-5.341000000000000192e-01
-3.529999999999999805e-01
1.076000000000000012e-01
2.285000000000000087e-01
-9.890000000000000180e-02
6.551000000000000156e-01
-3.911000000000000032e-01
-7.124000000000000332e-01
-6.576999999999999513e-01
-7.897999999999999465e-01
6.555999999999999606e-01
-8.740999999999999881e-01
4.294000000000000039e-01
7.804999999999999716e-01
-6.078999999999999959e-01
-2.202000000000000068e-01
-9.361000000000000432e-01
4.400000000000000022e-01
-7.374000000000000554e-01
7.818000000000000504e-01
-5.346999999999999531e-01
-8.169999999999999485e-02
-2.962000000000000188e-01
4.141000000000000236e-01
-2.398000000000000131e-01
-2.237999999999999989e-01
9.757000000000000117e-01
9.026999999999999469e-01
-2.615000000000000102e-01
1.238999999999999962e-01
-6.286000000000000476e-01
1.346999999999999864e-01
3.009999999999999828e-02
-2.534000000000000141e-01
-1.118999999999999995e-01
-6.635999999999999677e-01
-9.898000000000000131e-01
-7.789000000000000368e-01
-1.231000000000000011e-01
3.050999999999999823e-01
3.449999999999999734e-01
-4.181000000000000272e-01
6.009999999999999787e-01
-7.957999999999999519e-01
5.883000000000000451e-01
-1.264000000000000123e-01
4.218999999999999972e-01
3.900000000000000133e-01
4.047000000000000042e-01
4.884999999999999898e-01
-7.187000000000000055e-01
-4.667000000000000037e-01
9.842999999999999527e-01
5.230000000000000204e-01
-4.985999999999999877e-01
-8.574000000000000510e-01
3.640999999999999792e-01
8.600000000000000006e-03
3.862999999999999767e-01
4.721000000000000196e-01
1.897999999999999965e-01
9.100000000000000311e-01
9.705000000000000293e-01
-7.266000000000000236e-01
-2.753999999999999782e-01
-5.655000000000000027e-01
-3.330000000000000182e-01
-6.740000000000000435e-01
-1.338999999999999913e-01
-4.859999999999999876e-01
6.592999999999999972e-01
-3.160999999999999921e-01
-3.307999999999999829e-01
3.249000000000000221e-01
7.643999999999999684e-01
4.833000000000000074e-01
7.903999999999999915e-01
-1.386999999999999900e-01
-9.603000000000000425e-01
-2.363000000000000100e-01
8.927000000000000490e-01
-6.199999999999999782e-03
8.315000000000000169e-01
-3.910000000000000281e-02
-2.023000000000000076e-01
-2.787000000000000033e-01
-5.884000000000000341e-01
-8.919000000000000261e-01
-2.652999999999999803e-01
6.188000000000000167e-01
5.084999999999999520e-01
5.106000000000000538e-01
-4.361999999999999766e-01
5.000000000000000104e-03
3.002000000000000224e-01
4.633999999999999786e-01
4.692999999999999949e-01
-7.053000000000000380e-01
-5.808999999999999719e-01
3.679000000000000048e-01
4.007999999999999896e-01
7.590999999999999970e-01
-4.667000000000000037e-01
-7.429999999999999938e-01
8.115999999999999881e-01
