7.753999999999999782e-01
-3.431000000000000161e-01
-2.949999999999999845e-02
4.828999999999999959e-01
-9.212000000000000188e-01
-8.319999999999999618e-02
7.966999999999999638e-01
-1.136000000000000065e-01
-3.603000000000000091e-01
-2.800000000000000266e-01
5.093999999999999639e-01
1.867000000000000048e-01
-6.870000000000000551e-01
-9.160000000000000087e-02
-1.463000000000000134e-01
2.340000000000000135e-01
-4.839999999999999858e-01
6.432999999999999829e-01
-3.901000000000000023e-01
-2.144999999999999962e-01
2.200000000000000133e-03
7.960000000000000409e-01
-9.476999999999999869e-01
9.697000000000000064e-01
-7.420000000000000207e-02
-9.387999999999999678e-01
-9.824000000000000510e-01
-7.733999999999999764e-01
8.014000000000000012e-01
-1.812999999999999889e-01
-3.231999999999999873e-01
-9.108000000000000540e-01
-5.835000000000000187e-01
-1.113999999999999990e-01
-3.785999999999999921e-01
5.295999999999999597e-01
-6.471000000000000085e-01
-9.223000000000000087e-01
-3.291000000000000036e-01
-8.505000000000000338e-01
7.522999999999999687e-01
6.404999999999999583e-01
7.556000000000000494e-01
-9.071000000000000174e-01
8.505000000000000338e-01
-9.569999999999999341e-02
6.264999999999999458e-01
9.880999999999999783e-01
7.660000000000000142e-02
-9.848000000000000087e-01
7.618000000000000327e-01
8.645000000000000462e-01
-5.114999999999999547e-01
-4.532999999999999807e-01
-3.755999999999999894e-01
4.124999999999999778e-01
-8.557000000000000162e-01
5.315999999999999615e-01
3.699999999999999956e-01
9.734000000000000430e-01
-5.726999999999999869e-01
-8.105999999999999872e-01
6.379999999999999560e-02
9.303000000000000158e-01
5.639999999999999458e-01
-5.358000000000000540e-01
8.801999999999999824e-01
2.434999999999999942e-01
1.547000000000000042e-01
-3.129000000000000115e-01
-3.723000000000000198e-01
-9.227999999999999536e-01
2.066000000000000059e-01
-4.027000000000000024e-01
-8.526000000000000245e-01
-9.323000000000000176e-01
3.345000000000000195e-01
2.081999999999999962e-01
-2.550000000000000044e-01
-2.280000000000000082e-02
-7.155000000000000249e-01
-4.663999999999999813e-01
-7.205000000000000293e-01
-6.735999999999999766e-01
-1.615999999999999936e-01
2.452000000000000013e-01
-3.564999999999999836e-01
3.972999999999999865e-01
-2.757999999999999896e-01
9.170000000000000373e-01
-1.234999999999999987e-01
7.597000000000000419e-01
-9.273000000000000131e-01
3.936000000000000054e-01
3.941999999999999948e-01
-6.721000000000000307e-01
-7.805999999999999606e-01
1.050000000000000065e-02
-6.262999999999999678e-01
-5.385999999999999677e-01
-7.761000000000000121e-01
7.399000000000000021e-01
-1.100000000000000006e-01
-9.032999999999999918e-01
-7.136000000000000121e-01
-6.169000000000000039e-01
3.630999999999999783e-01
1.285000000000000031e-01
-7.398000000000000131e-01
3.990000000000000213e-01
-3.482000000000000095e-01
3.917999999999999816e-01
9.647000000000000020e-01
-4.454000000000000181e-01
-3.281999999999999917e-01
1.280999999999999917e-01
1.116999999999999937e-01
4.743999999999999884e-01
-2.414000000000000035e-01
-9.469999999999999529e-01
-5.846999999999999975e-01
-3.289000000000000257e-01
5.029000000000000137e-01
-7.053000000000000380e-01
3.907999999999999807e-01
