-4.421999999999999820e-01
-7.717000000000000526e-01
9.956000000000000405e-01
-9.877000000000000224e-01
-8.989000000000000323e-01
5.908999999999999808e-01
-3.755999999999999894e-01
3.422000000000000042e-01
-7.567000000000000393e-01
9.170000000000000373e-02
8.395000000000000240e-01
-4.009999999999999676e-02
-4.401999999999999802e-01
9.740999999999999659e-01
-2.013999999999999957e-01
-6.019999999999999657e-02
9.931999999999999718e-01
2.479000000000000092e-01
-7.026999999999999913e-01
-4.951999999999999735e-01
-1.880999999999999894e-01
-2.028000000000000080e-01
6.027000000000000135e-01
8.086999999999999744e-01
-2.864999999999999769e-01
5.234999999999999654e-01
-3.186999999999999833e-01
5.042999999999999705e-01
-4.595000000000000195e-01
8.777000000000000357e-01
5.879999999999999810e-02
7.863999999999999879e-01
2.242999999999999994e-01
-4.324000000000000066e-01
7.044000000000000261e-01
1.269000000000000128e-01
-4.480999999999999983e-01
9.710999999999999632e-01
-4.290999999999999814e-01
6.912000000000000366e-01
1.628999999999999893e-01
3.055999999999999828e-01
-2.220999999999999919e-01
6.571000000000000174e-01
-6.764000000000000012e-01
8.022000000000000242e-01
-5.505999999999999783e-01
-2.570999999999999952e-01
3.665999999999999814e-01
-9.131000000000000227e-01
2.773999999999999799e-01
2.096000000000000085e-01
1.356999999999999873e-01
3.880000000000000115e-02
6.853000000000000203e-01
9.211000000000000298e-01
-2.785000000000000253e-01
6.543999999999999817e-01
-9.719999999999999474e-02
-8.991999999999999993e-01
5.137000000000000455e-01
-3.617000000000000215e-01
-4.420999999999999930e-01
8.064000000000000057e-01
1.976999999999999869e-01
1.857000000000000040e-01
3.156999999999999806e-01
-5.630000000000000282e-02
5.685999999999999943e-01
-9.373000000000000220e-01
-1.365000000000000102e-01
4.626000000000000112e-01
1.598999999999999866e-01
-4.815999999999999726e-01
3.342999999999999861e-01
-1.504000000000000059e-01
-5.059000000000000163e-01
2.497000000000000053e-01
3.274000000000000243e-01
-2.230000000000000038e-02
2.454999999999999960e-01
-2.368000000000000105e-01
5.520000000000000462e-01
7.989999999999999880e-02
-2.079999999999999905e-01
-5.868999999999999773e-01
3.345000000000000195e-01
-8.859999999999999820e-02
7.419999999999999929e-01
9.381000000000000449e-01
4.119999999999999774e-01
4.476999999999999869e-01
-8.292000000000000481e-01
4.789999999999999813e-02
1.343999999999999917e-01
7.288000000000000034e-01
2.149999999999999828e-02
-9.275999999999999801e-01
8.780000000000000027e-01
-4.627999999999999892e-01
4.632000000000000006e-01
-1.668000000000000038e-01
2.485999999999999877e-01
4.751000000000000223e-01
8.814999999999999503e-01
-2.913000000000000034e-01
-1.617999999999999994e-01
8.699999999999999400e-02
4.098999999999999866e-01
7.945999999999999730e-01
-3.094000000000000083e-01
6.165000000000000480e-01
-9.463000000000000300e-01
-8.686000000000000387e-01
7.483999999999999542e-01
-9.381000000000000449e-01
-3.321000000000000063e-01
-7.842000000000000082e-01
1.905000000000000027e-01
7.267000000000000126e-01
-4.388000000000000234e-01
-5.264999999999999680e-01
-5.887000000000000011e-01
-3.057000000000000273e-01
-8.215000000000000080e-01
