4.030000000000000249e-02
5.748999999999999666e-01
9.929000000000000048e-01
7.698000000000000398e-01
2.263999999999999901e-01
4.390000000000000152e-02
-6.076000000000000290e-01
4.263000000000000123e-01
-4.292000000000000259e-01
-9.667000000000000037e-01
-4.660000000000000253e-02
-3.714999999999999969e-01
-4.476999999999999869e-01
-9.740999999999999659e-01
-2.681999999999999940e-01
-2.038000000000000089e-01
9.540999999999999481e-01
6.450000000000000178e-01
2.061999999999999944e-01
3.224000000000000199e-01
5.859999999999999931e-02
8.657000000000000250e-01
2.354999999999999871e-01
5.433999999999999941e-01
-2.657999999999999807e-01
-5.935000000000000275e-01
4.011000000000000121e-01
-3.719999999999999696e-02
-5.265999999999999570e-01
-1.529999999999999971e-01
9.008000000000000451e-01
7.802999999999999936e-01
-9.036999999999999478e-01
9.318999999999999506e-01
-2.560999999999999943e-01
-5.768999999999999684e-01
-8.786000000000000476e-01
9.903999999999999471e-01
9.759999999999999787e-01
3.402999999999999914e-01
9.262000000000000233e-01
-7.499999999999999722e-02
7.439000000000000057e-01
1.774999999999999911e-01
8.165000000000000036e-01
3.135000000000000009e-01
8.428999999999999826e-01
-3.417999999999999927e-01
-1.993000000000000049e-01
1.844999999999999973e-01
6.360000000000000375e-02
2.326000000000000012e-01
-1.645999999999999963e-01
2.459000000000000075e-01
4.724999999999999756e-01
3.803000000000000269e-01
-4.002999999999999892e-01
-7.997999999999999554e-01
7.382999999999999563e-01
9.899999999999999911e-01
-7.600000000000000089e-01
5.625000000000000000e-01
-2.868999999999999884e-01
5.566999999999999726e-01
5.586999999999999744e-01
-8.042000000000000259e-01
-1.297000000000000097e-01
-6.222999999999999643e-01
-5.262999999999999901e-01
8.056999999999999718e-01
-1.247000000000000053e-01
-6.019999999999999657e-02
-8.588000000000000078e-01
1.491000000000000103e-01
8.370999999999999552e-01
1.300000000000000044e-01
3.783000000000000251e-01
-8.386000000000000121e-01
-3.180999999999999939e-01
7.921000000000000263e-01
1.214999999999999969e-01
-8.023000000000000131e-01
6.983000000000000318e-01
-2.358999999999999986e-01
-3.276999999999999913e-01
-3.325000000000000178e-01
-9.609999999999999654e-01
7.032000000000000473e-01
6.419000000000000261e-01
5.934000000000000385e-01
-8.102000000000000313e-01
-6.898999999999999577e-01
1.343000000000000027e-01
-9.004999999999999671e-01
4.041000000000000147e-01
2.079000000000000015e-01
-2.500000000000000000e-01
3.039999999999999994e-02
5.674000000000000155e-01
-9.693000000000000504e-01
8.881000000000000005e-01
7.750000000000000222e-01
7.917999999999999483e-01
-5.350000000000000311e-01
-8.784999999999999476e-01
2.149999999999999967e-01
-4.760000000000000342e-02
-8.179999999999999771e-02
-2.645000000000000129e-01
4.297000000000000264e-01
-1.207000000000000017e-01
-7.651999999999999913e-01
-1.728000000000000091e-01
-1.612999999999999989e-01
9.294000000000000039e-01
-4.917000000000000259e-01
4.529000000000000248e-01
-2.053999999999999992e-01
7.074000000000000288e-01
6.106000000000000316e-01
-3.715999999999999859e-01
7.799999999999999989e-02
-8.830999999999999961e-01
4.480999999999999983e-01
1.381999999999999895e-01
