-1.277999999999999969e-01
3.472000000000000086e-01
-4.199999999999999740e-03
-1.421999999999999931e-01
-2.283000000000000029e-01
9.563000000000000389e-01
4.229999999999999871e-01
-4.083999999999999853e-01
-5.017000000000000348e-01
1.779999999999999985e-02
-2.299999999999999961e-03
3.846999999999999864e-01
8.881999999999999895e-01
9.420000000000000595e-02
3.968999999999999750e-01
4.148000000000000020e-01
4.364999999999999991e-01
9.299999999999999239e-03
3.976000000000000090e-01
-4.752000000000000113e-01
8.205999999999999961e-01
-7.600000000000000089e-01
1.859999999999999987e-01
8.466000000000000192e-01
-5.517999999999999572e-01
-1.784999999999999920e-01
-6.894000000000000128e-01
-1.330000000000000071e-01
7.740000000000000213e-01
-6.207000000000000295e-01
-7.059999999999999609e-01
-2.600000000000000089e-01
7.509000000000000119e-01
1.381000000000000005e-01
-8.679000000000000048e-01
4.950000000000000233e-02
6.448000000000000398e-01
-8.234000000000000208e-01
9.211000000000000298e-01
-8.096999999999999753e-01
8.426000000000000156e-01
-8.306000000000000050e-01
-1.565999999999999892e-01
-1.969999999999999876e-02
-5.192999999999999838e-01
9.061000000000000165e-01
8.781999999999999806e-01
6.961000000000000520e-01
2.136000000000000121e-01
6.242999999999999661e-01
6.588000000000000522e-01
-1.315999999999999948e-01
7.300999999999999712e-01
7.480999999999999872e-01
-1.449999999999999900e-01
-9.896000000000000352e-01
-1.340999999999999970e-01
-8.678000000000000158e-01
1.983999999999999930e-01
7.241999999999999549e-01
-8.423000000000000487e-01
-6.115000000000000435e-01
2.948999999999999955e-01
-5.104999999999999538e-01
7.999000000000000554e-01
5.160000000000000003e-02
8.649999999999999356e-02
-2.446000000000000119e-01
6.360999999999999988e-01
-2.240999999999999936e-01
6.133999999999999453e-01
-7.976999999999999647e-01
5.299000000000000377e-01
7.713999999999999746e-01
2.637999999999999790e-01
8.050000000000000488e-01
-3.322999999999999843e-01
3.479999999999999760e-01
3.155000000000000027e-01
1.459999999999999909e-01
-8.255000000000000115e-01
7.406000000000000361e-01
8.651999999999999691e-01
6.844999999999999973e-01
3.235000000000000098e-01
3.346000000000000085e-01
3.857999999999999763e-01
5.201000000000000068e-01
9.002999999999999892e-01
-5.342999999999999972e-01
4.768999999999999906e-01
-3.580999999999999739e-01
-7.234000000000000430e-01
-2.670000000000000151e-02
2.361000000000000043e-01
-1.471999999999999975e-01
-1.194000000000000061e-01
-2.803999999999999826e-01
-7.097999999999999865e-01
-5.955000000000000293e-01
-1.346999999999999864e-01
8.148999999999999577e-01
-7.426000000000000378e-01
-4.274999999999999911e-01
-7.582999999999999741e-01
-8.332000000000000517e-01
1.454000000000000015e-01
-5.879999999999999810e-02
7.671000000000000041e-01
-1.171999999999999986e-01
2.535000000000000031e-01
5.506999999999999673e-01
-7.280999999999999694e-01
5.300000000000000266e-01
-9.622000000000000552e-01
9.073999999999999844e-01
-2.029999999999999860e-02
3.961999999999999966e-01
1.029999999999999943e-01
9.723000000000000531e-01
8.799000000000000155e-01
-5.326999999999999513e-01
4.621000000000000107e-01
-5.552000000000000268e-01
-6.448000000000000398e-01
