6.178000000000000158e-01
4.481999999999999873e-01
-3.857999999999999763e-01
-4.541999999999999926e-01
7.328000000000000069e-01
2.908000000000000029e-01
9.979000000000000092e-01
5.080999999999999961e-01
-5.088000000000000300e-01
6.669999999999999540e-02
-4.328000000000000180e-01
2.016999999999999904e-01
-4.504000000000000226e-01
-5.070000000000000201e-02
-8.920000000000000151e-01
4.027999999999999914e-01
-3.150000000000000022e-02
6.014000000000000457e-01
9.762999999999999456e-01
-4.797000000000000153e-01
-8.222000000000000419e-01
1.112999999999999962e-01
-5.576999999999999735e-01
6.694999999999999840e-01
-5.300000000000000024e-03
-5.199000000000000288e-01
-8.649000000000000021e-01
-3.543999999999999928e-01
9.112000000000000099e-01
3.909000000000000252e-01
3.470000000000000168e-02
-8.182000000000000384e-01
-5.021999999999999797e-01
-4.259999999999999898e-01
-7.638000000000000345e-01
5.645000000000000018e-01
3.624999999999999889e-01
-3.265000000000000124e-01
9.982999999999999652e-01
2.179000000000000103e-01
2.462999999999999912e-01
9.667999999999999927e-01
5.903000000000000469e-01
-9.081000000000000183e-01
-4.203999999999999959e-01
-4.616000000000000103e-01
-2.011000000000000010e-01
-3.528999999999999915e-01
-3.775000000000000022e-01
-6.764000000000000012e-01
-8.190000000000000058e-02
5.886000000000000121e-01
-3.561000000000000276e-01
-7.447000000000000286e-01
1.726999999999999924e-01
9.286999999999999700e-01
4.067999999999999949e-01
-4.410999999999999921e-01
-2.280999999999999972e-01
5.799999999999999600e-01
-7.630000000000000115e-01
2.599999999999999881e-03
6.552999999999999936e-01
6.477000000000000535e-01
9.719999999999999751e-01
-2.366999999999999937e-01
4.744999999999999774e-01
-6.149000000000000021e-01
8.266999999999999904e-01
5.923000000000000487e-01
-1.675999999999999990e-01
8.369999999999999662e-01
-7.467000000000000304e-01
-6.087000000000000188e-01
-5.979999999999999760e-01
6.438000000000000389e-01
8.245000000000000107e-01
8.939999999999999336e-02
-6.271999999999999797e-01
-7.762999999999999901e-01
1.350000000000000089e-01
6.037000000000000144e-01
-3.978999999999999759e-01
-8.745000000000000551e-01
-6.278000000000000247e-01
7.789000000000000368e-01
6.625999999999999668e-01
8.777000000000000357e-01
-4.477999999999999758e-01
-2.011999999999999900e-01
-5.312000000000000055e-01
7.143000000000000460e-01
-2.013000000000000067e-01
-1.660000000000000017e-02
-5.865000000000000213e-01
6.713999999999999968e-01
-9.415000000000000036e-01
-9.256999999999999673e-01
5.987999999999999989e-01
-4.862000000000000210e-01
-9.096999999999999531e-01
7.886999999999999567e-01
7.259999999999999787e-02
6.098000000000000087e-01
-2.960999999999999743e-01
-8.095999999999999863e-01
8.348999999999999755e-01
-9.987000000000000322e-01
8.828000000000000291e-01
-9.576000000000000068e-01
-1.696999999999999897e-01
-7.285000000000000364e-01
-4.088999999999999857e-01
-4.917000000000000259e-01
1.355000000000000093e-01
3.347999999999999865e-01
4.573999999999999733e-01
4.848000000000000087e-01
-8.902999999999999803e-01
5.879999999999999671e-01
-2.671000000000000041e-01
-7.924999999999999822e-01
-1.531000000000000139e-01
2.321999999999999897e-01
-1.193000000000000033e-01
