-4.998000000000000220e-01
3.896000000000000019e-01
7.106000000000000094e-01
2.565000000000000058e-01
-4.400000000000000265e-03
-2.169999999999999984e-01
2.802000000000000046e-01
-6.170999999999999819e-01
2.288000000000000034e-01
3.740999999999999881e-01
-5.953000000000000513e-01
8.676000000000000378e-01
-7.428000000000000158e-01
1.948000000000000009e-01
1.250000000000000069e-02
2.318999999999999950e-01
3.212999999999999745e-01
-9.536999999999999922e-01
-5.819999999999999618e-01
2.632999999999999785e-01
3.894000000000000239e-01
-8.580000000000000127e-02
8.977000000000000535e-01
-6.141999999999999682e-01
-4.928000000000000158e-01
-4.252000000000000224e-01
-7.782999999999999918e-01
2.444999999999999951e-01
3.194000000000000172e-01
-6.197000000000000286e-01
9.301000000000000378e-01
-5.725000000000000089e-01
-9.116999999999999549e-01
5.289000000000000368e-01
1.907999999999999974e-01
-5.787999999999999812e-01
5.798999999999999710e-01
6.403999999999999693e-01
9.508999999999999675e-01
-3.467000000000000082e-01
6.864000000000000101e-01
-9.686000000000000165e-01
4.147000000000000131e-01
6.946999999999999842e-01
-5.789999999999999591e-01
6.647999999999999465e-01
-1.680000000000000104e-01
-7.035000000000000142e-01
1.794000000000000039e-01
9.721999999999999531e-01
7.046999999999999931e-01
-6.711000000000000298e-01
-7.568000000000000282e-01
3.799000000000000155e-01
-6.693000000000000060e-01
7.160999999999999588e-01
-8.439999999999999725e-01
9.697999999999999954e-01
-1.809999999999999942e-01
-2.076000000000000068e-01
-9.705000000000000293e-01
-6.170999999999999819e-01
8.880000000000000115e-01
-1.155000000000000054e-01
-8.548000000000000043e-01
6.243999999999999551e-01
5.610000000000000542e-01
-1.658000000000000029e-01
-6.018999999999999906e-01
8.212000000000000410e-01
-1.779999999999999985e-02
-9.859999999999999876e-01
9.327999999999999625e-01
-9.665000000000000258e-01
-1.106000000000000039e-01
-8.903999999999999693e-01
4.250000000000000305e-02
-6.429000000000000270e-01
-2.034999999999999865e-01
-5.591000000000000414e-01
1.797999999999999876e-01
-8.147999999999999687e-01
1.460000000000000013e-02
4.824999999999999845e-01
9.760000000000000620e-02
-7.100999999999999535e-01
1.721000000000000030e-01
-6.870000000000000551e-01
-2.363999999999999990e-01
-3.478999999999999870e-01
-7.772999999999999909e-01
1.791000000000000092e-01
-3.605999999999999761e-01
9.347999999999999643e-01
5.181999999999999940e-01
2.759999999999999953e-02
2.819999999999999729e-01
3.042000000000000259e-01
-1.799999999999999933e-01
1.957000000000000128e-01
9.701999999999999513e-01
8.599999999999999312e-02
8.971000000000000085e-01
-4.662000000000000033e-01
-8.245999999999999996e-01
-6.353999999999999648e-01
6.085000000000000409e-01
-9.764000000000000457e-01
5.725000000000000089e-01
7.187000000000000055e-01
2.990999999999999770e-01
-3.409999999999999837e-02
6.239000000000000101e-01
-8.182000000000000384e-01
6.015000000000000346e-01
2.142000000000000015e-01
5.968999999999999861e-01
8.258999999999999675e-01
2.079000000000000015e-01
9.681999999999999496e-01
4.729999999999999760e-01
2.878999999999999893e-01
-2.639999999999999986e-02
9.163999999999999924e-01
-4.687999999999999945e-01
