-1.260999999999999899e-01
5.643000000000000238e-01
-3.759000000000000119e-01
-3.474999999999999756e-01
1.834999999999999964e-01
-2.061000000000000054e-01
6.969999999999999529e-01
-3.896000000000000019e-01
-1.829000000000000070e-01
-8.690999999999999837e-01
2.283999999999999919e-01
2.233999999999999875e-01
-7.556000000000000494e-01
4.587999999999999856e-01
-9.199999999999999845e-02
5.451000000000000290e-01
-5.507999999999999563e-01
7.931000000000000272e-01
-5.739999999999999547e-01
1.743000000000000105e-01
2.838999999999999857e-01
-5.050000000000000322e-02
-2.225000000000000033e-01
-7.402999999999999581e-01
-6.245000000000000551e-01
5.514999999999999902e-01
-1.144000000000000017e-01
-6.122999999999999554e-01
5.008000000000000229e-01
7.995999999999999774e-01
5.800000000000000294e-02
1.940000000000000058e-02
-9.479999999999999538e-01
9.254999999999999893e-01
-1.050000000000000065e-02
3.664999999999999925e-01
-8.828000000000000291e-01
9.844000000000000528e-01
-4.981999999999999762e-01
2.767999999999999905e-01
-9.376999999999999780e-01
8.461999999999999522e-01
7.549000000000000155e-01
-4.811000000000000276e-01
3.045999999999999819e-01
-4.112000000000000099e-01
-2.939999999999999836e-01
-1.033000000000000029e-01
-3.528000000000000025e-01
3.144000000000000128e-01
-7.103000000000000425e-01
-8.470999999999999641e-01
-8.123000000000000220e-01
5.948999999999999844e-01
8.397999999999999909e-01
8.596000000000000307e-01
7.272999999999999465e-01
-2.726000000000000090e-01
6.370000000000000662e-02
-8.479999999999999760e-01
-9.892999999999999572e-01
-6.637999999999999456e-01
2.636999999999999900e-01
-4.122000000000000108e-01
-6.656999999999999584e-01
6.379000000000000226e-01
9.016999999999999460e-01
-5.308000000000000496e-01
-8.552999999999999492e-01
-2.089000000000000024e-01
-4.424000000000000155e-01
-4.138999999999999901e-01
-9.690000000000000002e-02
-7.428000000000000158e-01
6.522000000000000020e-01
-7.469000000000000083e-01
2.718999999999999750e-01
8.769000000000000128e-01
-9.617999999999999883e-01
2.520999999999999908e-01
7.389999999999999902e-01
4.324999999999999956e-01
7.886999999999999567e-01
-3.582000000000000184e-01
-1.784000000000000030e-01
1.348999999999999921e-01
-5.368000000000000549e-01
6.350000000000000089e-02
2.129999999999999949e-01
-7.005000000000000115e-01
4.623999999999999777e-01
-2.330000000000000127e-02
-6.135000000000000453e-01
-5.734000000000000208e-01
-6.695999999999999730e-01
5.292999999999999927e-01
-1.434999999999999887e-01
-2.630000000000000046e-02
-5.502000000000000224e-01
-1.552999999999999936e-01
1.019000000000000045e-01
9.334000000000000075e-01
-9.647999999999999909e-01
1.540000000000000049e-02
3.437999999999999945e-01
-5.581000000000000405e-01
9.504000000000000226e-01
8.949000000000000288e-01
3.947999999999999843e-01
-7.344000000000000528e-01
-4.959000000000000075e-01
7.290999999999999703e-01
-2.100000000000000130e-02
-3.195999999999999952e-01
-7.314000000000000501e-01
-9.445000000000000062e-01
5.715999999999999970e-01
-2.466000000000000136e-01
-4.487999999999999767e-01
-8.112000000000000322e-01
-3.663000000000000145e-01
-7.772000000000000020e-01
-5.967000000000000082e-01
-2.768999999999999795e-01
-3.376000000000000112e-01
