-1.837999999999999912e-01
2.061999999999999944e-01
2.079999999999999905e-02
-7.609000000000000208e-01
-1.456999999999999962e-01
7.760000000000000231e-01
-2.119999999999999940e-01
6.502000000000000002e-01
5.032999999999999696e-01
7.167000000000000037e-01
-3.682000000000000273e-01
-9.038000000000000478e-01
-2.972000000000000197e-01
-4.929000000000000048e-01
7.046000000000000041e-01
-5.370000000000000329e-01
-4.696000000000000174e-01
-4.823000000000000065e-01
9.230000000000000426e-01
-4.343000000000000194e-01
6.693000000000000060e-01
2.172999999999999932e-01
-8.892999999999999794e-01
-6.201999999999999735e-01
-5.779999999999999583e-01
-8.778000000000000247e-01
9.351000000000000423e-01
8.518999999999999906e-01
2.160999999999999865e-01
-6.429000000000000270e-01
3.593000000000000083e-01
-9.706000000000000183e-01
-4.495000000000000107e-01
-7.613999999999999657e-01
-5.547999999999999599e-01
-8.728000000000000203e-01
5.553000000000000158e-01
-1.976999999999999869e-01
9.346999999999999753e-01
-5.422000000000000153e-01
-2.806000000000000161e-01
2.202000000000000068e-01
-6.775999999999999801e-01
-1.330999999999999961e-01
-3.397000000000000020e-01
-8.407000000000000028e-01
-1.168000000000000010e-01
5.363999999999999879e-01
6.401999999999999913e-01
4.830000000000000265e-02
-6.991000000000000547e-01
2.765000000000000235e-01
-3.755000000000000004e-01
-8.912999999999999812e-01
1.097000000000000058e-01
-9.448999999999999622e-01
-8.934999999999999609e-01
3.558000000000000052e-01
6.481999999999999984e-01
8.970000000000000195e-01
-8.203000000000000291e-01
4.812000000000000166e-01
5.824000000000000288e-01
5.384999999999999787e-01
-8.609999999999999598e-02
-3.982999999999999874e-01
-2.487000000000000044e-01
-7.199999999999999803e-03
2.142999999999999905e-01
1.310000000000000053e-01
8.614000000000000545e-01
4.578999999999999737e-01
3.477999999999999980e-01
8.705000000000000515e-01
-9.537999999999999812e-01
-4.415000000000000036e-01
-4.649999999999999967e-02
-8.648000000000000131e-01
-1.754999999999999893e-01
-3.160000000000000031e-01
3.983999999999999764e-01
-3.610999999999999766e-01
-4.300999999999999823e-01
6.350000000000000089e-01
6.534999999999999698e-01
4.465000000000000080e-01
-4.369000000000000106e-01
-4.573999999999999733e-01
7.943999999999999950e-01
2.016000000000000014e-01
-9.447999999999999732e-01
2.984999999999999876e-01
5.069000000000000172e-01
-7.290999999999999703e-01
-8.963999999999999746e-01
9.623000000000000442e-01
1.234999999999999987e-01
4.369000000000000106e-01
-2.089999999999999844e-02
3.496000000000000218e-01
6.550000000000000266e-02
5.289000000000000368e-01
-8.484000000000000430e-01
-4.089999999999999886e-02
-6.057000000000000162e-01
-3.346000000000000085e-01
-6.532000000000000028e-01
9.546000000000000041e-01
5.845000000000000195e-01
6.944000000000000172e-01
2.154999999999999971e-01
6.736999999999999655e-01
-4.452999999999999736e-01
-2.487000000000000044e-01
4.082000000000000073e-01
6.481999999999999984e-01
4.986999999999999766e-01
-8.594000000000000528e-01
-4.410000000000000031e-01
5.335999999999999632e-01
-3.793000000000000260e-01
6.553999999999999826e-01
-3.109999999999999987e-01
2.719999999999999848e-02
8.514000000000000457e-01
