-2.389000000000000012e-01
5.178000000000000380e-01
-7.889999999999999791e-02
-3.376000000000000112e-01
8.435000000000000275e-01
-7.963999999999999968e-01
9.246999999999999664e-01
-8.812999999999999723e-01
1.193000000000000033e-01
9.808999999999999941e-01
-5.241999999999999993e-01
5.271000000000000130e-01
-4.830999999999999739e-01
6.519999999999999407e-02
-6.051999999999999602e-01
-7.985999999999999766e-01
1.353999999999999926e-01
4.346999999999999753e-01
-3.309999999999999748e-02
-2.086999999999999966e-01
-6.937999999999999723e-01
8.605000000000000426e-01
6.323999999999999622e-01
-8.750000000000000000e-01
5.109999999999999959e-02
3.355000000000000204e-01
-7.960000000000000409e-02
-9.760999999999999677e-01
-4.675000000000000266e-01
-5.366999999999999549e-01
8.761999999999999789e-01
6.433999999999999719e-01
4.828000000000000069e-01
-6.978999999999999648e-01
5.070000000000000201e-02
9.828999999999999959e-01
3.970000000000000195e-01
-1.393000000000000071e-01
3.645999999999999797e-01
8.460999999999999632e-01
7.896999999999999575e-01
1.313000000000000000e-01
2.149999999999999828e-02
3.045999999999999819e-01
3.885000000000000120e-01
-4.280999999999999805e-01
-9.111000000000000210e-01
3.095999999999999863e-01
7.983000000000000096e-01
9.789999999999999813e-01
-4.965999999999999859e-01
4.240000000000000019e-02
2.516999999999999793e-01
-7.665999999999999481e-01
-6.136000000000000343e-01
-2.879999999999999782e-01
-5.722000000000000419e-01
2.388000000000000123e-01
-2.157999999999999918e-01
6.939999999999999503e-01
-3.639999999999999902e-01
-2.636999999999999900e-01
3.678000000000000158e-01
6.151999999999999691e-01
-6.130000000000000032e-02
3.540000000000000091e-02
1.013000000000000012e-01
6.685999999999999721e-01
-4.320999999999999841e-01
-1.532999999999999918e-01
-9.479999999999999538e-02
-8.697000000000000286e-01
-1.943000000000000005e-01
8.469999999999999751e-01
9.696000000000000174e-01
2.975999999999999757e-01
9.880999999999999783e-01
1.892999999999999960e-01
9.031000000000000139e-01
2.897000000000000131e-01
1.895999999999999908e-01
-7.995999999999999774e-01
4.124999999999999778e-01
-4.774999999999999800e-01
4.302000000000000268e-01
-4.549999999999999878e-02
9.675000000000000266e-01
7.987999999999999545e-01
-9.788000000000000034e-01
-8.340999999999999526e-01
-8.182000000000000384e-01
4.838000000000000078e-01
-8.279999999999999860e-02
-8.326999999999999957e-01
-9.021000000000000130e-01
5.009999999999999870e-02
-8.551999999999999602e-01
9.492000000000000437e-01
-7.786999999999999478e-01
9.429999999999999494e-02
-7.461999999999999744e-01
-3.926999999999999935e-01
-9.890999999999999792e-01
3.729999999999999982e-02
-8.006999999999999673e-01
2.459000000000000075e-01
-2.174999999999999989e-01
-3.074000000000000066e-01
4.431999999999999829e-01
5.974000000000000421e-01
-4.796000000000000263e-01
8.467000000000000082e-01
9.545000000000000151e-01
-2.719999999999999848e-02
-5.273999999999999799e-01
9.636000000000000121e-01
3.383999999999999786e-01
-2.550999999999999934e-01
-7.602999999999999758e-01
7.156000000000000139e-01
-2.879999999999999921e-02
-9.072999999999999954e-01
-7.295000000000000373e-01
8.731999999999999762e-01
-4.880999999999999783e-01
