1.190999999999999975e-01
-1.119999999999999989e-02
-4.869999999999999885e-01
-2.926000000000000267e-01
-2.963000000000000078e-01
3.513999999999999901e-01
-7.504999999999999449e-01
-6.724999999999999867e-01
-2.129000000000000059e-01
-9.608999999999999764e-01
3.914000000000000257e-01
-4.012999999999999901e-01
-4.250999999999999779e-01
-7.577000000000000401e-01
-8.752999999999999670e-01
4.970000000000000112e-02
-6.351999999999999869e-01
7.500999999999999890e-01
-4.419000000000000150e-01
9.810999999999999721e-01
2.790000000000000258e-01
8.945999999999999508e-01
1.852000000000000035e-01
-2.742999999999999883e-01
5.502000000000000224e-01
-4.860999999999999766e-01
8.000000000000000383e-04
8.449999999999999734e-01
8.379999999999999671e-01
-7.268000000000000016e-01
-9.895000000000000462e-01
5.647999999999999687e-01
3.397999999999999909e-01
-5.410000000000000364e-01
2.421999999999999986e-01
7.589000000000000190e-01
-4.487999999999999767e-01
3.751999999999999780e-01
-9.133000000000000007e-01
-4.732999999999999985e-01
4.235999999999999766e-01
-5.239000000000000323e-01
-2.768999999999999795e-01
-9.784000000000000474e-01
-4.109999999999999765e-01
-4.314999999999999947e-01
-9.767000000000000126e-01
6.859999999999999432e-02
-4.919999999999999929e-01
-4.870999999999999774e-01
7.298999999999999932e-01
4.914000000000000035e-01
-6.090000000000000274e-02
-5.511000000000000343e-01
-5.911999999999999478e-01
-8.463000000000000522e-01
-9.888000000000000123e-01
-3.032000000000000250e-01
8.296999999999999931e-01
6.378000000000000336e-01
-4.386999999999999789e-01
-9.907000000000000250e-01
-1.894000000000000128e-01
-1.572000000000000064e-01
9.302000000000000268e-01
-7.258000000000000007e-01
4.444000000000000172e-01
-8.084000000000000075e-01
9.517999999999999794e-01
-4.903000000000000136e-01
3.897999999999999798e-01
-4.581000000000000072e-01
-4.778000000000000025e-01
2.019999999999999921e-02
3.039999999999999994e-02
1.030999999999999972e-01
9.631999999999999451e-01
-4.845999999999999752e-01
4.700000000000000185e-03
-2.328000000000000069e-01
7.449999999999999678e-02
5.937999999999999945e-01
-6.727999999999999536e-01
-5.353999999999999870e-01
7.481999999999999762e-01
8.394000000000000350e-01
5.521000000000000352e-01
-7.610999999999999988e-01
5.785000000000000142e-01
7.028999999999999693e-01
-4.158000000000000029e-01
-2.740000000000000213e-01
-4.120000000000000051e-02
7.849000000000000421e-01
-6.669000000000000483e-01
-1.686999999999999889e-01
8.591999999999999638e-01
4.315999999999999837e-01
-3.796999999999999820e-01
-4.248000000000000109e-01
-4.777000000000000135e-01
-5.826000000000000068e-01
-5.193999999999999728e-01
9.304000000000000048e-01
-5.975000000000000311e-01
5.439999999999999697e-02
-7.860000000000000320e-01
3.075999999999999845e-01
8.150000000000000300e-02
4.052000000000000046e-01
-7.289999999999999813e-01
-9.660000000000000531e-02
9.364000000000000101e-01
-2.746000000000000107e-01
1.632000000000000117e-01
-7.279999999999999805e-01
-8.823999999999999622e-01
8.232000000000000428e-01
8.770999999999999908e-01
-1.360999999999999988e-01
4.550000000000000155e-01
-9.779999999999999805e-02
5.766999999999999904e-01
-9.180000000000000382e-01
-6.095000000000000417e-01
