-5.895000000000000240e-01
-1.750000000000000167e-02
8.436000000000000165e-01
-6.149000000000000021e-01
7.649000000000000243e-01
-7.772999999999999909e-01
8.232000000000000428e-01
-1.049999999999999961e-01
2.928999999999999937e-01
8.366000000000000103e-01
-4.333000000000000185e-01
-4.233000000000000096e-01
-6.191999999999999726e-01
4.152000000000000135e-01
-7.850000000000000033e-02
6.411000000000000032e-01
6.589000000000000412e-01
2.340000000000000066e-02
3.943999999999999728e-01
3.965000000000000191e-01
-7.238999999999999879e-01
-2.570000000000000062e-02
3.942999999999999838e-01
-9.593000000000000416e-01
-6.857999999999999652e-01
3.608999999999999986e-01
-3.552000000000000157e-01
-2.863999999999999879e-01
4.675000000000000266e-01
7.876999999999999558e-01
-9.088000000000000522e-01
-8.070000000000000506e-01
6.542999999999999927e-01
-6.879999999999999449e-01
-2.268999999999999906e-01
2.348000000000000087e-01
-8.131000000000000449e-01
7.092000000000000526e-01
3.850000000000000089e-01
4.019999999999999962e-02
-7.257000000000000117e-01
6.903000000000000247e-01
-4.850999999999999757e-01
8.932999999999999829e-01
-1.890000000000000013e-02
9.848000000000000087e-01
-1.302999999999999992e-01
5.541000000000000369e-01
5.475999999999999757e-01
4.607999999999999874e-01
