3.266999999999999904e-01
2.656000000000000028e-01
-7.385000000000000453e-01
8.005999999999999783e-01
-3.624999999999999889e-01
-3.105999999999999872e-01
4.748999999999999888e-01
-6.562999999999999945e-01
-8.814999999999999503e-01
1.262000000000000066e-01
-3.209000000000000186e-01
-4.501000000000000001e-01
-2.712999999999999856e-01
6.874000000000000110e-01
2.958999999999999964e-01
-1.847000000000000031e-01
3.969999999999999918e-02
-4.545000000000000151e-01
-4.331999999999999740e-01
-7.015000000000000124e-01
6.139999999999999902e-01
8.369999999999999662e-01
-4.625000000000000222e-01
4.068999999999999839e-01
-4.526000000000000023e-01
7.708000000000000407e-01
6.559000000000000385e-01
5.102999999999999758e-01
3.473999999999999866e-01
-4.477999999999999758e-01
8.683999999999999497e-01
4.430000000000000049e-01
-9.334000000000000075e-01
5.927000000000000046e-01
9.533000000000000362e-01
-5.221000000000000085e-01
7.919000000000000483e-01
-4.949999999999999956e-01
6.344999999999999529e-01
2.300999999999999990e-01
2.833999999999999853e-01
1.376999999999999891e-01
2.446000000000000119e-01
-6.579000000000000403e-01
-2.207999999999999963e-01
-4.107000000000000095e-01
-6.573999999999999844e-01
-4.288000000000000145e-01
-6.050999999999999712e-01
-2.149999999999999967e-01
