9.746000000000000218e-01
-4.168999999999999928e-01
2.718999999999999750e-01
-2.305999999999999994e-01
-5.469999999999999862e-02
-5.310000000000000137e-02
6.986999999999999877e-01
6.216000000000000414e-01
9.292000000000000259e-01
7.963000000000000078e-01
-2.893999999999999906e-01
-7.923999999999999932e-01
-2.807000000000000051e-01
4.889000000000000012e-01
-4.662000000000000033e-01
-5.518999999999999462e-01
-5.788999999999999702e-01
8.359999999999999654e-01
-7.391999999999999682e-01
6.269000000000000128e-01
-4.247000000000000219e-01
-8.748000000000000220e-01
1.403000000000000080e-01
6.751000000000000334e-01
1.980000000000000093e-01
-8.245999999999999996e-01
-9.292000000000000259e-01
4.909999999999999781e-02
5.515999999999999792e-01
-1.544999999999999984e-01
4.759999999999999787e-01
4.687999999999999945e-01
-7.100999999999999535e-01
-2.738999999999999768e-01
-9.428999999999999604e-01
9.543000000000000371e-01
-9.300000000000000488e-01
4.642999999999999905e-01
1.282999999999999974e-01
5.062999999999999723e-01
-4.046000000000000152e-01
-2.854999999999999760e-01
-6.002999999999999448e-01
2.031999999999999917e-01
5.480000000000000426e-01
6.126000000000000334e-01
4.203000000000000069e-01
5.466999999999999638e-01
-1.612999999999999989e-01
-6.036000000000000254e-01
