-2.429999999999999938e-01
-5.628999999999999559e-01
8.211000000000000520e-01
3.827999999999999736e-01
-8.706000000000000405e-01
7.435000000000000497e-01
-3.174000000000000155e-01
8.034000000000000030e-01
7.612999999999999767e-01
1.365999999999999992e-01
-2.822999999999999954e-01
-2.998999999999999999e-01
-7.203000000000000513e-01
4.239999999999999880e-01
2.591999999999999860e-01
2.832999999999999963e-01
1.213999999999999940e-01
1.131000000000000061e-01
-7.741999999999999993e-01
3.785000000000000031e-01
-1.383000000000000063e-01
-6.992000000000000437e-01
-3.512000000000000122e-01
5.814000000000000279e-01
5.636999999999999789e-01
-5.854000000000000314e-01
-8.427000000000000046e-01
2.500000000000000000e-01
4.773000000000000020e-01
8.136999999999999789e-01
1.312000000000000111e-01
5.860999999999999543e-01
-9.900999999999999801e-01
4.082000000000000073e-01
-9.619999999999999385e-02
-6.946999999999999842e-01
-8.304000000000000270e-01
3.754000000000000115e-01
-6.842000000000000304e-01
7.957999999999999519e-01
-2.043999999999999984e-01
-6.139999999999999902e-01
-8.935999999999999499e-01
-5.243999999999999773e-01
-6.775999999999999801e-01
-7.249999999999999500e-02
7.965999999999999748e-01
4.817000000000000171e-01
-9.999000000000000110e-01
-7.138999999999999790e-01
