7.714999999999999636e-01
-7.759000000000000341e-01
2.646000000000000019e-01
3.219000000000000195e-01
-4.759999999999999787e-01
-6.160000000000000198e-02
-1.660999999999999976e-01
7.943999999999999950e-01
9.588999999999999746e-01
-8.689999999999999947e-01
-1.932000000000000106e-01
8.403000000000000469e-01
-6.440000000000000169e-01
-2.359999999999999876e-01
-9.747000000000000108e-01
-4.457999999999999741e-01
5.310000000000000275e-01
-1.093999999999999972e-01
8.725000000000000533e-01
5.349000000000000421e-01
3.353999999999999759e-01
6.241999999999999771e-01
-4.701000000000000179e-01
4.670000000000000262e-01
1.158000000000000002e-01
8.393000000000000460e-01
2.952000000000000179e-01
-7.274000000000000465e-01
8.104000000000000092e-01
7.597000000000000419e-01
-7.206000000000000183e-01
-3.482999999999999985e-01
-8.017999999999999572e-01
-6.485999999999999543e-01
-4.830999999999999739e-01
7.072000000000000508e-01
3.899999999999999821e-03
1.510000000000000057e-02
2.000000000000000042e-02
-2.933999999999999941e-01
2.949999999999999845e-02
3.897999999999999798e-01
1.899000000000000132e-01
-5.414999999999999813e-01
1.680999999999999994e-01
3.133000000000000229e-01
-4.542999999999999816e-01
6.519000000000000350e-01
-9.936000000000000387e-01
2.026999999999999913e-01
