-7.556000000000000494e-01
-4.147000000000000131e-01
9.869999999999999885e-01
-5.574999999999999956e-01
4.335999999999999854e-01
-5.910999999999999588e-01
-5.755000000000000115e-01
-9.020000000000000240e-01
9.363000000000000211e-01
-8.250000000000000389e-02
4.693999999999999839e-01
-9.929999999999999938e-01
-1.121999999999999942e-01
-6.230000000000000121e-02
-3.731999999999999762e-01
4.289999999999999925e-01
2.680000000000000090e-02
-6.217000000000000304e-01
4.556000000000000050e-01
2.585000000000000075e-01
-2.018999999999999961e-01
3.322999999999999843e-01
2.867000000000000104e-01
4.950999999999999845e-01
-4.989999999999999991e-02
3.254000000000000226e-01
-3.910000000000000281e-02
-5.726999999999999869e-01
-6.726999999999999647e-01
-9.563000000000000389e-01
-9.453000000000000291e-01
9.004999999999999671e-01
-7.561999999999999833e-01
-1.713999999999999968e-01
4.451999999999999846e-01
4.013999999999999790e-01
-7.278000000000000025e-01
-3.872999999999999776e-01
-9.910999999999999810e-01
4.429999999999999910e-02
2.010000000000000120e-01
8.800000000000000530e-03
-2.778999999999999804e-01
-8.647000000000000242e-01
4.214999999999999858e-01
-2.078000000000000125e-01
-3.665999999999999814e-01
-8.589999999999999858e-01
-7.134000000000000341e-01
-3.232999999999999763e-01
