-6.784999999999999920e-01
5.893000000000000460e-01
6.535999999999999588e-01
-6.816999999999999726e-01
-2.686999999999999944e-01
-8.779000000000000137e-01
-2.954999999999999849e-01
6.391999999999999904e-01
-9.917000000000000259e-01
8.004000000000000004e-01
-1.834999999999999964e-01
-1.512999999999999901e-01
-9.129000000000000448e-01
8.550000000000000655e-02
-9.594000000000000306e-01
-1.549999999999999989e-01
-2.610000000000000167e-02
2.210000000000000020e-01
5.635000000000000009e-01
2.439999999999999947e-01
-5.809999999999999887e-02
-6.700000000000000400e-01
9.766000000000000236e-01
8.746000000000000441e-01
4.598999999999999755e-01
4.440999999999999948e-01
-5.971999999999999531e-01
2.220000000000000098e-02
2.144999999999999962e-01
-3.558000000000000052e-01
-3.704999999999999960e-01
-7.420999999999999819e-01
-4.131000000000000227e-01
-3.819000000000000172e-01
-2.152000000000000024e-01
3.428999999999999826e-01
-5.233999999999999764e-01
-5.878999999999999782e-01
-9.634000000000000341e-01
-3.166999999999999815e-01
8.686000000000000387e-01
-4.688999999999999835e-01
8.242000000000000437e-01
-5.935000000000000275e-01
-7.298000000000000043e-01
-6.169999999999999790e-02
-6.988999999999999657e-01
-2.170000000000000054e-02
-8.576000000000000290e-01
1.678000000000000047e-01
