8.160000000000000586e-02
-1.721999999999999920e-01
2.607999999999999763e-01
1.880000000000000074e-02
-7.064000000000000279e-01
-7.564999999999999503e-01
8.286000000000000032e-01
-7.169999999999999984e-02
6.460000000000000187e-01
5.500000000000000028e-02
-8.823999999999999622e-01
-6.116000000000000325e-01
-9.061000000000000165e-01
-3.904000000000000248e-01
3.758000000000000229e-01
5.752000000000000446e-01
-4.323000000000000176e-01
1.635999999999999954e-01
5.154999999999999583e-01
-7.977999999999999536e-01
4.680000000000000271e-01
-5.120999999999999996e-01
-1.703999999999999959e-01
-5.929999999999999716e-01
1.565000000000000002e-01
6.897999999999999687e-01
-5.947000000000000064e-01
8.010000000000000453e-02
-8.773999999999999577e-01
-5.344999999999999751e-01
2.691999999999999948e-01
3.350000000000000200e-02
2.081000000000000072e-01
-4.233000000000000096e-01
-1.965000000000000080e-01
-9.639999999999999958e-02
-6.079999999999999849e-01
6.899999999999999467e-01
-9.992999999999999661e-01
8.124000000000000110e-01
-9.997000000000000330e-01
8.134000000000000119e-01
8.520999999999999686e-01
-5.895000000000000240e-01
3.730999999999999872e-01
6.593999999999999861e-01
-3.958999999999999742e-01
-2.894999999999999796e-01
-9.774000000000000465e-01
2.752000000000000002e-01
