9.294999999999999929e-01
7.707000000000000517e-01
1.391000000000000014e-01
-1.408000000000000085e-01
1.400000000000000133e-01
4.848999999999999977e-01
6.064000000000000501e-01
-1.880000000000000074e-02
-2.903000000000000025e-01
6.393999999999999684e-01
5.238000000000000433e-01
-8.550000000000000655e-02
3.546000000000000263e-01
3.130000000000000004e-01
5.547999999999999599e-01
-4.307000000000000273e-01
-5.255999999999999561e-01
3.567000000000000171e-01
-2.872999999999999998e-01
-7.177999999999999936e-01
-5.675999999999999934e-01
-8.649000000000000021e-01
5.261000000000000121e-01
-7.910000000000000364e-01
9.938000000000000167e-01
-7.832999999999999963e-01
3.205000000000000071e-01
5.985000000000000320e-01
9.807000000000000162e-01
4.008999999999999786e-01
-5.554000000000000048e-01
-1.679999999999999896e-02
8.802999999999999714e-01
3.675999999999999823e-01
9.855000000000000426e-01
9.324999999999999956e-01
-8.385000000000000231e-01
9.801999999999999602e-01
-4.918000000000000149e-01
3.548000000000000043e-01
2.767999999999999905e-01
-7.758000000000000451e-01
3.561000000000000276e-01
5.859999999999999654e-01
-4.204999999999999849e-01
-7.792999999999999927e-01
-1.183000000000000024e-01
-5.665999999999999925e-01
-4.655000000000000249e-01
7.641999999999999904e-01
5.477999999999999536e-01
8.436000000000000165e-01
-4.557999999999999829e-01
-4.492999999999999772e-01
-3.947999999999999843e-01
2.318999999999999950e-01
-4.465999999999999970e-01
1.187000000000000000e-01
8.155999999999999917e-01
-9.535000000000000142e-01
-3.542000000000000148e-01
8.626000000000000334e-01
3.810000000000000053e-01
3.630999999999999783e-01
3.044999999999999929e-01
-2.661000000000000032e-01
-7.597000000000000419e-01
-4.424000000000000155e-01
8.120000000000000551e-01
2.551999999999999824e-01
7.566000000000000503e-01
-8.621999999999999664e-01
-2.798999999999999821e-01
-3.335000000000000187e-01
1.656999999999999862e-01
2.286999999999999866e-01
-3.514999999999999791e-01
-4.506999999999999895e-01
-8.690999999999999837e-01
-7.842000000000000082e-01
-5.172999999999999821e-01
-5.071999999999999842e-01
-5.631000000000000449e-01
9.747000000000000108e-01
8.799000000000000155e-01
2.938000000000000056e-01
6.671000000000000263e-01
-3.691999999999999726e-01
3.009999999999999898e-01
-6.001999999999999558e-01
-1.794000000000000039e-01
-8.353000000000000425e-01
-3.348999999999999755e-01
6.301999999999999824e-01
-9.030000000000000526e-02
7.430999999999999828e-01
-5.630000000000000282e-02
-9.160000000000000364e-01
-7.037999999999999812e-01
2.416999999999999982e-01
4.212000000000000188e-01
-8.893999999999999684e-01
7.165000000000000258e-01
-1.877000000000000057e-01
-1.570999999999999897e-01
4.349999999999999700e-02
-1.609999999999999973e-02
-1.102999999999999953e-01
5.145999999999999464e-01
-9.460000000000000353e-02
-1.668000000000000038e-01
7.812000000000000055e-01
-6.077000000000000179e-01
-8.748000000000000220e-01
3.397000000000000020e-01
6.935999999999999943e-01
-5.264999999999999680e-01
6.005000000000000338e-01
2.179999999999999993e-01
-1.408000000000000085e-01
-2.235000000000000042e-01
9.577999999999999847e-01
1.330000000000000071e-01
-6.961000000000000520e-01
-7.287000000000000144e-01
-2.861000000000000210e-01
-5.496999999999999664e-01
1.016999999999999987e-01
-4.188000000000000056e-01
-1.723999999999999977e-01
-2.600000000000000089e-01
5.283999999999999808e-01
9.059999999999999998e-02
-2.346000000000000030e-01
-6.080999999999999739e-01
-5.580000000000000238e-02
2.711999999999999966e-01
2.691999999999999948e-01
9.923999999999999488e-01
1.257000000000000062e-01
-7.738000000000000433e-01
5.718999999999999639e-01
2.516999999999999793e-01
6.128000000000000114e-01
-1.976999999999999869e-01
1.900000000000000022e-01
-6.790000000000000202e-02
-1.908999999999999864e-01
6.534999999999999698e-01
6.461999999999999966e-01
-4.692000000000000060e-01
-7.147000000000000020e-01
5.360000000000000320e-01
-1.048999999999999932e-01
6.270000000000000018e-01
3.567000000000000171e-01
3.331999999999999962e-01
-5.550000000000000072e-02
-3.501000000000000223e-01
1.000000000000000048e-04
-1.625999999999999945e-01
4.003999999999999782e-01
-3.726999999999999758e-01
3.748000000000000220e-01
-1.804000000000000048e-01
-9.967000000000000304e-01
-6.703000000000000069e-01
6.501000000000000112e-01
9.315999999999999837e-01
-1.456000000000000072e-01
3.200000000000000153e-03
-2.528000000000000247e-01
-1.119999999999999989e-02
5.008000000000000229e-01
-7.159999999999999698e-02
-4.329000000000000070e-01
-8.240000000000000102e-02
-4.923000000000000154e-01
9.306999999999999718e-01
1.696999999999999897e-01
-5.190000000000000169e-01
-2.529999999999999957e-02
8.000000000000000167e-02
-1.363000000000000045e-01
-3.242999999999999772e-01
-4.875999999999999779e-01
-6.610000000000000320e-01
9.161000000000000254e-01
-5.456999999999999629e-01
-5.925000000000000266e-01
-1.743000000000000105e-01
2.366000000000000048e-01
5.800999999999999490e-01
-9.290000000000000480e-01
-1.658000000000000029e-01
4.500000000000000111e-01
-2.431999999999999995e-01
-1.743999999999999995e-01
2.258999999999999897e-01
1.237000000000000044e-01
5.574999999999999956e-01
-6.560000000000000275e-01
7.331999999999999629e-01
-6.037000000000000144e-01
8.459999999999999742e-01
-5.191000000000000059e-01
4.214999999999999858e-01
-6.721000000000000307e-01
3.543000000000000038e-01
7.886999999999999567e-01
6.866999999999999771e-01
6.993000000000000327e-01
3.224000000000000199e-01
-9.290000000000000480e-01
-5.036000000000000476e-01
7.547000000000000375e-01
-8.689000000000000057e-01
