-9.346999999999999753e-01
3.729999999999999982e-02
-6.177000000000000268e-01
-9.827000000000000179e-01
1.781999999999999973e-01
5.299000000000000377e-01
1.343999999999999917e-01
4.290000000000000063e-02
-8.562999999999999501e-01
-7.035000000000000142e-01
5.544000000000000039e-01
-3.760999999999999899e-01
7.049999999999999323e-02
2.727999999999999869e-01
-7.956999999999999629e-01
1.381000000000000005e-01
-8.541999999999999593e-01
4.964000000000000079e-01
1.071000000000000008e-01
-6.359000000000000208e-01
-6.758999999999999453e-01
1.756000000000000061e-01
-8.519999999999999796e-01
-8.143000000000000238e-01
-7.587000000000000410e-01
8.978000000000000425e-01
-2.136000000000000121e-01
2.036000000000000032e-01
5.237000000000000544e-01
-6.340000000000000080e-01
-8.355000000000000204e-01
4.607999999999999874e-01
-2.320000000000000118e-01
4.556999999999999940e-01
-6.009999999999999787e-01
-9.029000000000000359e-01
-4.719999999999999890e-02
2.730000000000000204e-01
-6.222999999999999643e-01
-3.790000000000000313e-02
-9.815000000000000391e-01
1.030999999999999972e-01
-7.306000000000000272e-01
-9.403000000000000247e-01
-4.495999999999999996e-01
2.033000000000000085e-01
-4.128999999999999893e-01
-2.361000000000000043e-01
1.899000000000000132e-01
-2.538000000000000256e-01
9.973999999999999533e-01
3.658000000000000140e-01
1.577000000000000068e-01
-8.691999999999999726e-01
2.884999999999999787e-01
-2.409999999999999989e-02
7.868000000000000549e-01
1.120000000000000023e-01
-8.599999999999999312e-02
5.387999999999999456e-01
-5.434999999999999831e-01
4.840999999999999748e-01
8.426000000000000156e-01
2.280000000000000082e-02
-8.584000000000000519e-01
8.011000000000000343e-01
1.822000000000000008e-01
7.681000000000000050e-01
4.772000000000000131e-01
-9.778999999999999915e-01
1.544999999999999984e-01
5.171000000000000041e-01
-1.069999999999999979e-01
-3.054000000000000048e-01
-8.369999999999999662e-01
-3.254000000000000226e-01
6.877999999999999670e-01
4.768000000000000016e-01
1.837000000000000022e-01
-7.935999999999999721e-01
-3.619999999999999885e-01
3.119999999999999857e-02
-5.564999999999999947e-01
-2.270999999999999963e-01
5.054999999999999494e-01
4.060000000000000275e-01
9.900999999999999801e-01
8.799000000000000155e-01
-6.097000000000000197e-01
-5.727999999999999758e-01
-2.634000000000000230e-01
-2.384999999999999898e-01
4.452999999999999736e-01
2.883000000000000007e-01
2.793999999999999817e-01
5.213999999999999746e-01
-5.655999999999999917e-01
4.207000000000000184e-01
9.593000000000000416e-01
4.769999999999999934e-02
-7.803999999999999826e-01
6.968999999999999639e-01
-4.879000000000000004e-01
-8.757000000000000339e-01
-1.519999999999999962e-01
-1.549000000000000099e-01
6.480000000000000204e-01
7.713999999999999746e-01
-3.371000000000000107e-01
5.342000000000000082e-01
-7.073000000000000398e-01
9.840000000000000135e-02
5.191999999999999948e-01
3.304000000000000270e-01
8.729999999999999982e-01
9.209000000000000519e-01
7.610000000000000098e-02
-5.163999999999999702e-01
-4.041000000000000147e-01
9.781999999999999584e-01
4.088999999999999857e-01
2.963000000000000078e-01
2.857000000000000095e-01
3.156999999999999806e-01
-1.589000000000000135e-01
2.043999999999999984e-01
-7.445000000000000506e-01
-3.412000000000000033e-01
4.259000000000000008e-01
-9.375000000000000000e-01
-9.210000000000000131e-02
-3.150000000000000022e-01
4.375999999999999890e-01
8.339999999999999636e-01
-7.639000000000000234e-01
-5.358000000000000540e-01
5.820000000000000173e-02
-3.377999999999999892e-01
-3.644000000000000017e-01
-6.249000000000000110e-01
-9.713000000000000522e-01
5.116000000000000547e-01
9.391000000000000458e-01
5.499999999999999681e-03
-4.537999999999999812e-01
3.255000000000000115e-01
-7.679000000000000270e-01
-4.561999999999999944e-01
2.272000000000000131e-01
1.102000000000000063e-01
-4.026000000000000134e-01
4.102000000000000091e-01
-6.256000000000000449e-01
-7.557000000000000384e-01
5.352999999999999980e-01
7.621999999999999886e-01
-8.000000000000000444e-01
2.383000000000000118e-01
-3.503999999999999893e-01
-9.769999999999999796e-01
-3.206999999999999851e-01
-8.397999999999999909e-01
6.579999999999999738e-02
5.857999999999999874e-01
-4.581000000000000072e-01
6.070999999999999730e-01
-9.919999999999999929e-01
-7.919000000000000483e-01
4.774999999999999800e-01
2.179999999999999993e-01
-4.552999999999999825e-01
-7.560000000000000053e-02
9.539999999999999869e-02
4.941999999999999726e-01
-5.742000000000000437e-01
-4.480000000000000093e-01
-5.383999999999999897e-01
1.015999999999999959e-01
4.274999999999999911e-01
3.427999999999999936e-01
-5.222999999999999865e-01
-7.540999999999999925e-01
-4.873999999999999999e-01
-1.751999999999999946e-01
-6.958999999999999631e-01
-5.403000000000000025e-01
-7.320999999999999730e-01
6.979999999999999538e-01
-2.795000000000000262e-01
5.820999999999999508e-01
7.764999999999999680e-01
8.749999999999999445e-02
-3.459999999999999881e-02
7.590000000000000080e-01
8.413000000000000478e-01
-5.340000000000000302e-02
-3.158000000000000251e-01
-9.598999999999999755e-01
9.834000000000000519e-01
-8.343000000000000416e-01
-6.791000000000000369e-01
9.377999999999999670e-01
1.255999999999999894e-01
7.802999999999999936e-01
-8.336000000000000076e-01
3.921999999999999931e-01
-5.387999999999999456e-01
-7.941000000000000281e-01
-5.161999999999999922e-01
-7.802999999999999936e-01
-3.104999999999999982e-01
-4.348000000000000198e-01
-6.064000000000000501e-01
-7.035000000000000142e-01
2.819999999999999729e-01
8.858000000000000318e-01
1.605999999999999928e-01
