-3.504999999999999782e-01
-9.725000000000000311e-01
1.376999999999999891e-01
8.419999999999999707e-01
-4.510000000000000120e-02
-2.989999999999999880e-01
-7.989999999999999880e-02
-9.715000000000000302e-01
-3.259999999999999704e-02
3.376000000000000112e-01
-5.275999999999999579e-01
8.210000000000000631e-02
-1.544000000000000095e-01
2.585999999999999965e-01
-5.441000000000000281e-01
9.785000000000000364e-01
8.330999999999999517e-01
-3.095999999999999863e-01
4.855999999999999761e-01
-1.494999999999999940e-01
4.430000000000000049e-01
-9.935000000000000497e-01
7.241999999999999549e-01
6.002999999999999448e-01
8.060000000000000497e-02
5.000000000000000000e-01
2.227999999999999980e-01
-6.774999999999999911e-01
-9.710000000000000575e-02
-7.985999999999999766e-01
-9.022999999999999909e-01
-4.069999999999999729e-01
-8.535000000000000364e-01
-3.440000000000000002e-02
-9.729999999999999760e-01
-4.633999999999999786e-01
8.155000000000000027e-01
-6.779999999999999916e-02
-9.263000000000000123e-01
-8.726000000000000423e-01
2.454000000000000070e-01
-6.588000000000000522e-01
6.133999999999999453e-01
7.038999999999999702e-01
-8.709999999999999687e-02
-4.303000000000000158e-01
9.508999999999999675e-01
5.946000000000000174e-01
9.573000000000000398e-01
1.250000000000000000e-01
3.194000000000000172e-01
2.589999999999999941e-02
2.383000000000000118e-01
-2.061000000000000054e-01
-9.394000000000000128e-01
-9.111000000000000210e-01
5.503000000000000114e-01
2.451000000000000123e-01
-6.395999999999999464e-01
2.202000000000000068e-01
-2.290000000000000022e-02
-2.826000000000000179e-01
4.100000000000000346e-03
6.157000000000000250e-01
-5.844000000000000306e-01
3.343999999999999750e-01
3.211999999999999855e-01
9.554000000000000270e-01
9.516999999999999904e-01
-4.489000000000000212e-01
3.361000000000000099e-01
1.014000000000000040e-01
-3.945000000000000173e-01
1.769000000000000017e-01
-9.146999999999999575e-01
2.349999999999999867e-01
8.260999999999999455e-01
-3.805999999999999939e-01
-1.468000000000000138e-01
9.542000000000000481e-01
-6.891000000000000458e-01
-6.560000000000000553e-02
6.515999999999999570e-01
8.167999999999999705e-01
9.868999999999999995e-01
-7.999000000000000554e-01
3.333999999999999742e-01
-6.833000000000000185e-01
1.323000000000000009e-01
-2.298999999999999932e-01
9.491000000000000547e-01
-2.319999999999999840e-02
3.195999999999999952e-01
-5.022999999999999687e-01
9.879999999999999893e-01
-9.489999999999999547e-01
7.392999999999999572e-01
1.562999999999999945e-01
6.465999999999999526e-01
6.898999999999999577e-01
3.579999999999999849e-01
-9.110000000000000042e-02
7.128999999999999782e-01
-7.593999999999999639e-01
1.173000000000000015e-01
3.886000000000000010e-01
-3.559999999999999970e-02
-4.823000000000000065e-01
8.800000000000000044e-01
3.320000000000000173e-01
-7.158999999999999808e-01
4.667000000000000037e-01
7.131999999999999451e-01
4.903000000000000136e-01
-4.444000000000000172e-01
9.189000000000000501e-01
5.029000000000000137e-01
2.540999999999999925e-01
-4.568999999999999728e-01
-6.086000000000000298e-01
-4.619999999999999801e-02
-8.004000000000000004e-01
6.563999999999999835e-01
-6.431000000000000050e-01
1.252000000000000057e-01
2.736000000000000099e-01
9.660999999999999588e-01
6.030999999999999694e-01
6.586999999999999522e-01
9.497999999999999776e-01
-3.381000000000000116e-01
6.200999999999999845e-01
4.824999999999999845e-01
3.600999999999999757e-01
-4.878000000000000114e-01
-2.048000000000000098e-01
-4.573999999999999733e-01
-2.938999999999999946e-01
-4.062999999999999945e-01
8.387000000000000011e-01
-1.998000000000000054e-01
5.757999999999999785e-01
-7.499000000000000110e-01
2.434999999999999942e-01
-5.080000000000000071e-01
7.495000000000000551e-01
-7.085000000000000187e-01
-5.668999999999999595e-01
-1.857999999999999929e-01
5.678999999999999604e-01
-6.566999999999999504e-01
7.411999999999999700e-01
7.096999999999999975e-01
-8.178999999999999604e-01
3.950000000000000039e-02
6.015000000000000346e-01
-2.350000000000000006e-02
-7.954999999999999849e-01
-3.536000000000000254e-01
-7.946999999999999620e-01
-6.900000000000000577e-02
-2.021000000000000019e-01
-8.031000000000000361e-01
1.656999999999999862e-01
-4.058999999999999830e-01
5.946000000000000174e-01
6.845999999999999863e-01
-7.056999999999999940e-01
4.959000000000000075e-01
-5.370000000000000329e-01
5.725000000000000089e-01
-9.455000000000000071e-01
-8.784999999999999476e-01
-6.896999999999999797e-01
-5.543000000000000149e-01
-3.371999999999999997e-01
4.426999999999999824e-01
4.822000000000000175e-01
2.659000000000000252e-01
-1.930999999999999939e-01
4.233999999999999986e-01
-8.729999999999999982e-01
8.859000000000000208e-01
-5.008000000000000229e-01
-5.728999999999999648e-01
-3.134000000000000119e-01
-4.218000000000000083e-01
5.572000000000000286e-01
-2.270000000000000143e-02
-7.481999999999999762e-01
6.825999999999999845e-01
-3.694000000000000061e-01
-8.119999999999999440e-02
-6.418000000000000371e-01
-3.607000000000000206e-01
6.524999999999999689e-01
-6.385999999999999455e-01
1.719999999999999862e-01
2.451000000000000123e-01
1.940000000000000058e-01
9.044999999999999707e-01
-5.738999999999999657e-01
-2.252000000000000113e-01
-9.660999999999999588e-01
-8.022000000000000242e-01
-5.832000000000000517e-01
-8.274000000000000243e-01
8.489999999999999769e-01
2.427999999999999881e-01
-1.098999999999999977e-01
6.542999999999999927e-01
-6.211999999999999744e-01
-9.213000000000000078e-01
4.588999999999999746e-01
2.099999999999999922e-01
-6.107000000000000206e-01
5.170000000000000290e-02
