-2.808999999999999830e-01
2.477999999999999925e-01
4.385000000000000009e-01
3.155000000000000027e-01
5.482000000000000206e-01
3.272999999999999798e-01
-2.549000000000000155e-01
-4.033999999999999808e-01
-4.190999999999999726e-01
1.728000000000000091e-01
7.449000000000000066e-01
-1.514000000000000068e-01
7.112000000000000544e-01
1.184999999999999942e-01
-6.328000000000000291e-01
-2.867000000000000104e-01
-2.741000000000000103e-01
1.912000000000000088e-01
8.335000000000000187e-01
-9.386999999999999789e-01
-9.227999999999999536e-01
-8.648000000000000131e-01
6.136000000000000343e-01
-3.526000000000000245e-01
2.600999999999999979e-01
5.905000000000000249e-01
-8.310999999999999499e-01
6.320000000000000062e-01
-6.217000000000000304e-01
1.141999999999999960e-01
1.741000000000000048e-01
-7.915999999999999703e-01
-5.829999999999999766e-02
8.169999999999999485e-02
3.564999999999999836e-01
-1.436999999999999944e-01
8.004000000000000004e-01
8.847000000000000419e-01
-4.441999999999999837e-01
8.725000000000000533e-01
5.090000000000000080e-02
8.336999999999999966e-01
-8.226999999999999869e-01
2.545999999999999930e-01
-1.315000000000000058e-01
-2.899999999999999800e-01
-3.459999999999999742e-01
-2.343999999999999972e-01
-2.589000000000000190e-01
9.330000000000000515e-01
2.076999999999999957e-01
4.547999999999999821e-01
-8.060000000000000497e-01
8.232000000000000428e-01
-3.296999999999999931e-01
-7.305000000000000382e-01
9.376999999999999780e-01
6.865999999999999881e-01
-2.373999999999999999e-01
-7.613999999999999657e-01
7.589999999999999525e-02
3.282999999999999807e-01
-7.749000000000000332e-01
-7.364000000000000545e-01
7.380000000000000449e-02
6.032999999999999474e-01
7.190000000000000557e-02
3.978999999999999759e-01
-9.184999999999999831e-01
9.605000000000000204e-01
9.734000000000000430e-01
9.370000000000000551e-01
1.345999999999999974e-01
3.740999999999999881e-01
3.850999999999999979e-01
6.202999999999999625e-01
7.237999999999999989e-01
-9.314999999999999947e-01
-7.392999999999999572e-01
7.220000000000000029e-02
6.059999999999999831e-01
-2.839999999999999747e-01
5.253999999999999782e-01
-1.935000000000000053e-01
-4.920000000000000068e-02
-6.091999999999999638e-01
-8.323000000000000398e-01
-6.969999999999999807e-02
-5.927000000000000046e-01
3.738000000000000211e-01
-2.771000000000000130e-01
1.900000000000000022e-01
-1.155999999999999944e-01
8.617000000000000215e-01
5.866999999999999993e-01
3.271000000000000019e-01
5.070000000000000201e-02
-3.482999999999999985e-01
-3.429999999999999716e-02
-3.040999999999999814e-01
-5.788999999999999702e-01
-9.264000000000000012e-01
3.295000000000000151e-01
-1.045999999999999985e-01
-9.949999999999999956e-01
6.077000000000000179e-01
5.765000000000000124e-01
2.394000000000000017e-01
-8.679000000000000048e-01
-2.923000000000000043e-01
2.520000000000000018e-02
4.784999999999999809e-01
-5.618999999999999551e-01
3.411000000000000143e-01
-7.000000000000000666e-02
7.382999999999999563e-01
-7.724999999999999645e-01
2.566999999999999837e-01
9.061000000000000165e-01
-9.734000000000000430e-01
-9.736000000000000210e-01
-9.569999999999999618e-01
8.035999999999999810e-01
3.435000000000000275e-01
2.641000000000000014e-01
-7.513999999999999568e-01
-8.870000000000000107e-02
6.893000000000000238e-01
-7.743999999999999773e-01
-4.117999999999999994e-01
3.803000000000000269e-01
2.760000000000000231e-01
-1.210999999999999993e-01
-9.940000000000000224e-02
5.068000000000000282e-01
-4.529000000000000248e-01
4.457999999999999741e-01
-9.361000000000000432e-01
-8.925999999999999490e-01
-1.655000000000000082e-01
4.860999999999999766e-01
3.498999999999999888e-01
2.650000000000000133e-01
-5.071999999999999842e-01
4.551000000000000045e-01
-2.051999999999999935e-01
-2.652999999999999803e-01
6.082999999999999519e-01
-4.909000000000000030e-01
-3.531000000000000250e-01
4.077999999999999958e-01
-2.639000000000000234e-01
9.695000000000000284e-01
2.393000000000000127e-01
3.541000000000000258e-01
-1.169000000000000039e-01
-5.897999999999999909e-01
-8.837000000000000410e-01
-1.761000000000000065e-01
5.272999999999999909e-01
8.908000000000000362e-01
-2.494999999999999996e-01
5.824000000000000288e-01
3.444999999999999729e-01
8.145999999999999908e-01
5.104999999999999538e-01
-1.807999999999999885e-01
3.467000000000000082e-01
-2.612999999999999767e-01
9.080000000000000293e-01
-5.822000000000000508e-01
-9.212000000000000188e-01
7.834999999999999742e-01
2.579000000000000181e-01
5.865000000000000213e-01
5.530000000000000193e-02
-7.710000000000000187e-01
-4.948000000000000176e-01
2.883000000000000007e-01
-7.124000000000000332e-01
-4.279999999999999777e-02
-9.836000000000000298e-01
1.108999999999999986e-01
4.696000000000000174e-01
-2.873999999999999888e-01
-5.505999999999999783e-01
7.331999999999999629e-01
7.073000000000000398e-01
9.354999999999999982e-01
5.686999999999999833e-01
5.850000000000000339e-02
1.675000000000000100e-01
1.748999999999999999e-01
-5.069000000000000172e-01
-9.747000000000000108e-01
-1.279000000000000137e-01
9.147999999999999465e-01
8.973999999999999755e-01
8.404000000000000359e-01
1.766000000000000070e-01
-9.596000000000000085e-01
-3.663000000000000145e-01
6.300000000000000044e-02
2.719999999999999848e-02
-2.660000000000000142e-01
8.944999999999999618e-01
-7.632999999999999785e-01
-3.563000000000000056e-01
-4.789999999999999813e-02
3.487999999999999989e-01
7.097999999999999865e-01
-4.107999999999999985e-01
5.310000000000000275e-01
8.008999999999999453e-01
-3.775999999999999912e-01
-4.817000000000000171e-01
5.129999999999999838e-02
