-9.210000000000000131e-02
8.791999999999999815e-01
-1.020999999999999963e-01
2.313999999999999946e-01
3.652000000000000246e-01
3.068000000000000171e-01
2.514000000000000123e-01
-9.717999999999999972e-01
3.630999999999999783e-01
4.139999999999999791e-01
-3.632000000000000228e-01
-7.098999999999999755e-01
-4.344000000000000083e-01
-7.891000000000000236e-01
-4.051000000000000156e-01
4.540000000000000147e-01
-5.067000000000000393e-01
2.832999999999999963e-01
5.816000000000000059e-01
9.747000000000000108e-01
-5.508999999999999453e-01
3.943999999999999728e-01
5.860999999999999543e-01
-8.195000000000000062e-01
-6.812000000000000277e-01
5.501000000000000334e-01
-8.253000000000000336e-01
-6.851000000000000423e-01
4.027999999999999914e-01
6.135000000000000453e-01
2.257000000000000117e-01
-2.026999999999999913e-01
6.757999999999999563e-01
4.680000000000000271e-01
4.363000000000000211e-01
1.150999999999999940e-01
-2.243999999999999884e-01
-1.738999999999999990e-01
1.011999999999999983e-01
-7.616000000000000547e-01
6.340999999999999970e-01
-5.715999999999999970e-01
-5.076000000000000512e-01
7.689000000000000279e-01
-7.448000000000000176e-01
6.730000000000000426e-01
8.809000000000000163e-01
6.519000000000000350e-01
7.819000000000000394e-01
-9.809999999999999831e-01
-4.149999999999999800e-01
-5.385999999999999677e-01
8.895999999999999464e-01
-8.689000000000000057e-01
-3.688000000000000167e-01
5.425999999999999712e-01
9.790000000000000091e-02
-4.326999999999999735e-01
-1.993000000000000049e-01
-3.860000000000000098e-01
-1.117999999999999966e-01
7.326000000000000290e-01
-8.538000000000000034e-01
-7.718000000000000416e-01
3.906999999999999917e-01
-7.177000000000000046e-01
1.176999999999999991e-01
5.084999999999999520e-01
-9.041000000000000147e-01
-4.146000000000000241e-01
6.727999999999999536e-01
-3.181999999999999829e-01
-4.021000000000000130e-01
2.328999999999999959e-01
5.303999999999999826e-01
-6.915999999999999925e-01
-4.560000000000000164e-01
8.901000000000000023e-01
3.114999999999999991e-01
-3.296999999999999931e-01
5.850000000000000339e-02
9.911999999999999700e-01
-8.717000000000000304e-01
-4.764999999999999791e-01
-2.177999999999999936e-01
-6.078000000000000069e-01
7.224000000000000421e-01
-6.672000000000000153e-01
-4.652999999999999914e-01
-6.968999999999999639e-01
-3.526000000000000245e-01
3.966000000000000081e-01
-5.305999999999999606e-01
-1.302000000000000102e-01
-7.778000000000000469e-01
4.526000000000000023e-01
4.287000000000000255e-01
-4.714999999999999747e-01
6.716999999999999638e-01
2.315000000000000113e-01
6.867999999999999661e-01
-9.080000000000000571e-02
-8.190000000000000058e-02
7.421999999999999709e-01
1.476999999999999980e-01
9.068000000000000504e-01
-7.257000000000000117e-01
-2.884999999999999787e-01
-2.280999999999999972e-01
-9.605000000000000204e-01
-6.743000000000000105e-01
9.848999999999999977e-01
6.391000000000000014e-01
2.106000000000000094e-01
-9.119000000000000439e-01
-8.132000000000000339e-01
9.760000000000000620e-02
-8.306000000000000050e-01
9.979000000000000092e-01
8.942999999999999838e-01
-6.690000000000000113e-02
2.847000000000000086e-01
-5.940000000000000141e-02
9.680999999999999606e-01
-5.646999999999999797e-01
2.460000000000000034e-02
1.200000000000000025e-02
4.666000000000000147e-01
-1.647000000000000131e-01
-4.586999999999999966e-01
8.003000000000000114e-01
6.989999999999999547e-01
9.026999999999999469e-01
-9.901999999999999691e-01
7.794999999999999707e-01
1.015999999999999959e-01
8.584000000000000519e-01
-2.750000000000000222e-01
8.780000000000000027e-01
7.651000000000000023e-01
8.622999999999999554e-01
7.691000000000000059e-01
-8.699999999999999956e-01
-7.950000000000000122e-02
-4.104999999999999760e-01
4.456999999999999851e-01
4.794999999999999818e-01
2.379999999999999893e-01
-8.770999999999999908e-01
4.109999999999999765e-01
7.931000000000000272e-01
6.333999999999999631e-01
4.385000000000000009e-01
8.000000000000000167e-03
3.489999999999999769e-01
-2.974999999999999867e-01
-2.982000000000000206e-01
1.118999999999999995e-01
-3.770999999999999908e-01
-1.269999999999999948e-02
-7.128999999999999782e-01
3.386000000000000121e-01
-5.515999999999999792e-01
-1.135000000000000037e-01
-4.137000000000000122e-01
6.509000000000000341e-01
9.025999999999999579e-01
9.183000000000000052e-01
-8.947000000000000508e-01
5.331000000000000183e-01
7.531999999999999806e-01
5.487999999999999545e-01
-2.038000000000000089e-01
3.780000000000000027e-02
1.638999999999999901e-01
6.586999999999999522e-01
5.130000000000000115e-01
2.030000000000000138e-01
3.543000000000000038e-01
-8.205000000000000071e-01
4.651000000000000134e-01
2.863999999999999879e-01
6.320000000000000062e-01
-8.127999999999999670e-01
-2.711000000000000076e-01
-4.939999999999999947e-02
5.568999999999999506e-01
-4.617999999999999883e-01
-2.464999999999999969e-01
-3.320000000000000034e-02
8.440999999999999615e-01
-4.045000000000000262e-01
4.022999999999999909e-01
9.971999999999999753e-01
4.223000000000000087e-01
-4.953000000000000180e-01
2.351000000000000034e-01
6.593999999999999861e-01
3.488999999999999879e-01
-6.321999999999999842e-01
4.716000000000000192e-01
2.518000000000000238e-01
4.516000000000000014e-01
3.452000000000000068e-01
-8.285000000000000142e-01
3.946999999999999953e-01
-3.730999999999999872e-01
-5.133999999999999675e-01
-7.794999999999999707e-01
-6.320000000000000617e-02
1.383000000000000063e-01
-8.641999999999999682e-01
9.660000000000000531e-02
-3.336999999999999966e-01
5.866999999999999993e-01
-9.704000000000000403e-01
-9.878000000000000114e-01
