8.525000000000000355e-01
-8.658000000000000140e-01
2.797999999999999932e-01
9.508999999999999675e-01
-8.910000000000000142e-01
3.889000000000000234e-01
-7.190000000000000557e-02
-5.090000000000000080e-01
3.674999999999999933e-01
-6.776999999999999691e-01
4.672999999999999932e-01
1.310000000000000053e-02
8.540999999999999703e-01
-8.306000000000000050e-01
-2.958999999999999964e-01
3.272999999999999798e-01
-4.149999999999999800e-01
9.183000000000000052e-01
-6.276000000000000467e-01
-3.271000000000000019e-01
-1.600000000000000033e-02
7.359999999999999876e-01
3.174000000000000155e-01
-9.787000000000000144e-01
4.902000000000000246e-01
2.389999999999999902e-01
4.753999999999999893e-01
-1.668000000000000038e-01
2.164999999999999980e-01
9.431000000000000494e-01
-3.194000000000000172e-01
-6.014000000000000457e-01
-8.241000000000000547e-01
-1.502000000000000002e-01
3.755999999999999894e-01
-2.928999999999999937e-01
3.255000000000000115e-01
3.648000000000000131e-01
4.964000000000000079e-01
-4.077000000000000068e-01
-3.938999999999999724e-01
-6.477000000000000535e-01
-2.746999999999999997e-01
3.189000000000000168e-01
-3.131999999999999784e-01
6.497000000000000552e-01
-4.756000000000000227e-01
5.223999999999999755e-01
4.439000000000000168e-01
1.113999999999999990e-01
6.885999999999999899e-01
-2.948000000000000065e-01
6.330999999999999961e-01
-9.631999999999999451e-01
7.129999999999999671e-01
3.644999999999999907e-01
-6.196000000000000396e-01
-5.090000000000000080e-02
-5.820000000000000173e-02
3.454999999999999738e-01
-7.398000000000000131e-01
2.816000000000000170e-01
-8.283000000000000362e-01
8.922999999999999821e-01
-9.578999999999999737e-01
-2.549000000000000155e-01
-3.567000000000000171e-01
6.821000000000000396e-01
-2.829999999999999738e-01
1.537999999999999923e-01
-9.419999999999999485e-01
9.909999999999999920e-01
-8.163000000000000256e-01
-6.280000000000000027e-01
-3.501000000000000223e-01
7.420999999999999819e-01
-8.685000000000000497e-01
9.384000000000000119e-01
-4.993000000000000216e-01
9.239999999999999603e-02
-2.566999999999999837e-01
-9.951999999999999735e-01
3.165999999999999925e-01
-1.756000000000000061e-01
-5.476999999999999647e-01
4.600000000000000200e-01
6.576999999999999513e-01
3.000999999999999779e-01
-6.256000000000000449e-01
9.254000000000000004e-01
1.491000000000000103e-01
7.000000000000000146e-03
3.579999999999999849e-02
3.345000000000000195e-01
4.149999999999999800e-01
-3.938999999999999724e-01
-6.112999999999999545e-01
2.469000000000000083e-01
-3.468999999999999861e-01
-2.384999999999999898e-01
-4.950999999999999845e-01
-3.780999999999999917e-01
9.828000000000000069e-01
1.821000000000000119e-01
-8.601999999999999647e-01
2.953000000000000069e-01
1.108999999999999986e-01
8.653999999999999471e-01
-9.776000000000000245e-01
7.815999999999999615e-01
-5.219000000000000306e-01
1.766999999999999960e-01
-7.660000000000000142e-01
-8.369999999999999662e-01
-2.447000000000000008e-01
6.140000000000000319e-02
8.279999999999999583e-01
9.686000000000000165e-01
2.298999999999999932e-01
-7.199999999999999803e-03
2.043999999999999984e-01
-6.251999999999999780e-01
-2.177999999999999936e-01
1.958000000000000018e-01
-1.706000000000000016e-01
-5.486999999999999655e-01
-5.580000000000000238e-02
9.945000000000000506e-01
-2.560000000000000053e-01
-1.069999999999999979e-01
5.300000000000000266e-01
9.782999999999999474e-01
-4.425000000000000044e-01
-6.899999999999999883e-03
-2.078000000000000125e-01
8.534000000000000474e-01
-7.210999999999999632e-01
3.199000000000000177e-01
2.765000000000000235e-01
-6.099999999999999867e-01
-2.889999999999999861e-02
9.298999999999999488e-01
3.427000000000000046e-01
7.772999999999999909e-01
4.333000000000000185e-01
-4.825999999999999734e-01
3.307999999999999829e-01
1.194999999999999951e-01
1.486000000000000099e-01
7.381999999999999673e-01
-4.091000000000000192e-01
7.328999999999999959e-01
-9.929000000000000048e-01
9.183999999999999941e-01
4.229999999999999732e-02
5.260000000000000231e-01
-5.034999999999999476e-01
-4.028999999999999804e-01
-5.339000000000000412e-01
-5.032999999999999696e-01
4.560000000000000164e-01
5.883000000000000451e-01
9.252000000000000224e-01
-9.389999999999999458e-01
3.338999999999999746e-01
3.343999999999999750e-01
-9.743000000000000549e-01
9.553000000000000380e-01
4.428000000000000269e-01
4.339000000000000079e-01
-7.252999999999999448e-01
-4.410999999999999921e-01
-6.686999999999999611e-01
1.653999999999999915e-01
-7.022000000000000464e-01
1.680999999999999994e-01
5.493999999999999995e-01
-1.628999999999999893e-01
-2.768999999999999795e-01
-1.025999999999999968e-01
4.778000000000000025e-01
4.874999999999999889e-01
-7.103000000000000425e-01
2.089000000000000024e-01
-5.300000000000000266e-01
8.480000000000000038e-02
-4.914999999999999925e-01
-7.075000000000000178e-01
8.004000000000000004e-01
8.659999999999999920e-01
-1.406000000000000028e-01
1.436000000000000054e-01
8.820999999999999952e-01
3.144000000000000128e-01
2.639000000000000234e-01
-5.978999999999999870e-01
7.133000000000000451e-01
-4.107000000000000095e-01
2.832999999999999963e-01
-1.814999999999999947e-01
-7.858000000000000540e-01
-9.858000000000000096e-01
2.932000000000000162e-01
-4.121000000000000218e-01
3.366999999999999993e-01
-5.245999999999999552e-01
-9.686000000000000165e-01
5.933000000000000496e-01
-9.799999999999999684e-03
3.695999999999999841e-01
-1.474000000000000032e-01
4.747000000000000108e-01
-3.280000000000000138e-01
6.097000000000000197e-01
-7.219999999999999751e-01
-3.377000000000000002e-01
4.877000000000000224e-01
