8.068999999999999506e-01
6.701000000000000290e-01
6.058999999999999941e-01
-5.987999999999999989e-01
1.257999999999999952e-01
-9.599999999999999159e-03
1.360000000000000098e-01
4.259999999999999898e-02
-8.729999999999999982e-01
-4.471999999999999864e-01
3.756999999999999784e-01
9.650999999999999579e-01
1.181999999999999995e-01
8.881000000000000005e-01
-9.758999999999999897e-01
1.769999999999999907e-01
7.098999999999999755e-01
9.684000000000000385e-01
-1.522000000000000020e-01
-2.800000000000000058e-02
6.791000000000000369e-01
-6.284999999999999476e-01
6.348000000000000309e-01
-4.148999999999999910e-01
-1.804999999999999938e-01
1.990000000000000102e-02
3.150999999999999912e-01
5.473999999999999977e-01
7.238999999999999879e-01
1.969999999999999876e-02
-6.541000000000000147e-01
-8.223000000000000309e-01
-7.905999999999999694e-01
4.707999999999999963e-01
-3.817999999999999727e-01
8.611999999999999655e-01
-8.837000000000000410e-01
5.107000000000000428e-01
8.163000000000000256e-01
7.893999999999999906e-01
-9.005999999999999561e-01
9.723000000000000531e-01
-9.942999999999999616e-01
-8.467999999999999972e-01
-4.984999999999999987e-01
-7.372999999999999554e-01
9.859999999999999876e-01
6.016000000000000236e-01
-2.696999999999999953e-01
9.829999999999999849e-01
-1.872000000000000053e-01
7.147000000000000020e-01
2.801000000000000156e-01
-9.797000000000000153e-01
-6.158000000000000140e-01
5.157000000000000473e-01
-3.459999999999999742e-01
-2.881000000000000227e-01
5.261000000000000121e-01
-3.987999999999999878e-01
-8.086999999999999744e-01
7.564999999999999503e-01
-3.284000000000000252e-01
4.354000000000000092e-01
-7.879999999999999505e-02
4.536999999999999922e-01
9.118000000000000549e-01
-7.806999999999999496e-01
-6.202999999999999625e-01
4.719999999999999751e-01
5.600000000000000533e-01
-2.871000000000000218e-01
-8.519999999999999796e-02
-8.502999999999999448e-01
-7.927999999999999492e-01
-7.970000000000000417e-01
-1.635999999999999954e-01
-3.719000000000000083e-01
-2.590000000000000080e-01
-4.384000000000000119e-01
-8.778000000000000247e-01
4.709999999999999742e-01
3.286999999999999922e-01
9.288999999999999480e-01
8.355000000000000204e-01
3.799000000000000155e-01
-6.282999999999999696e-01
-9.683000000000000496e-01
4.827000000000000179e-01
6.393999999999999684e-01
8.558000000000000052e-01
-5.813000000000000389e-01
1.098999999999999977e-01
-8.067999999999999616e-01
1.763000000000000123e-01
8.340999999999999526e-01
-1.791999999999999982e-01
9.560999999999999499e-01
-2.646000000000000019e-01
-2.862999999999999989e-01
-5.552000000000000268e-01
3.664999999999999925e-01
-2.086000000000000076e-01
-8.647000000000000242e-01
-4.173999999999999932e-01
7.882000000000000117e-01
1.378000000000000058e-01
-4.529999999999999999e-02
-5.336999999999999522e-01
-1.933999999999999886e-01
8.090000000000000524e-01
-7.144000000000000350e-01
1.484000000000000041e-01
-4.309999999999999942e-02
-3.010999999999999788e-01
-9.653000000000000469e-01
2.290000000000000091e-01
4.551999999999999935e-01
9.959999999999999964e-01
-9.906000000000000361e-01
2.595000000000000084e-01
-1.137999999999999984e-01
1.212000000000000022e-01
-3.997999999999999887e-01
-7.906999999999999584e-01
-6.914000000000000146e-01
-8.270999999999999464e-01
8.020000000000000462e-01
6.955999999999999961e-01
9.499999999999999556e-01
2.797000000000000042e-01
2.671999999999999931e-01
1.897999999999999965e-01
-5.174999999999999600e-01
1.219999999999999973e-01
6.673000000000000043e-01
-7.789999999999999702e-02
5.850000000000000339e-02
4.951999999999999735e-01
5.528999999999999471e-01
-3.695999999999999841e-01
-4.052000000000000046e-01
-8.294000000000000261e-01
6.189000000000000057e-01
-9.737000000000000099e-01
-7.671999999999999931e-01
1.325999999999999956e-01
-4.385000000000000009e-01
-4.749999999999999778e-01
7.568000000000000282e-01
-2.699999999999999969e-02
9.988000000000000211e-01
9.905000000000000471e-01
2.550000000000000044e-01
-5.313999999999999835e-01
-3.130999999999999894e-01
4.042000000000000037e-01
8.058999999999999497e-01
-9.958000000000000185e-01
7.991000000000000325e-01
-7.492999999999999661e-01
2.356000000000000039e-01
1.393999999999999961e-01
-6.875999999999999890e-01
3.310000000000000164e-01
-7.844999999999999751e-01
-6.984000000000000208e-01
6.503999999999999782e-01
-2.811000000000000165e-01
-1.001999999999999974e-01
3.454999999999999738e-01
7.314000000000000501e-01
1.420000000000000082e-02
-5.752000000000000446e-01
7.196000000000000174e-01
4.390999999999999903e-01
-6.693999999999999950e-01
3.330000000000000321e-02
-2.235000000000000042e-01
5.010999999999999899e-01
-5.870000000000000218e-02
-8.046999999999999709e-01
-2.000000000000000042e-03
-6.684999999999999831e-01
-4.282000000000000250e-01
6.804999999999999938e-01
4.062000000000000055e-01
9.008000000000000451e-01
3.729999999999999982e-02
-6.205000000000000515e-01
1.343000000000000027e-01
5.753000000000000336e-01
-8.616000000000000325e-01
1.842000000000000026e-01
8.556000000000000272e-01
-4.854999999999999871e-01
-2.834999999999999742e-01
4.016000000000000125e-01
5.675000000000000044e-01
3.307999999999999829e-01
-1.935000000000000053e-01
-6.987999999999999767e-01
4.127000000000000113e-01
-7.280999999999999694e-01
-1.040999999999999981e-01
9.667000000000000037e-01
-9.559999999999999609e-01
9.688999999999999835e-01
8.978000000000000425e-01
5.956000000000000183e-01
-8.771999999999999797e-01
-9.555000000000000160e-01
-5.813000000000000389e-01
-9.199999999999999845e-03
9.310000000000000497e-01
-3.462000000000000077e-01
7.393999999999999462e-01
