-6.975000000000000089e-01
-3.902999999999999803e-01
7.556000000000000494e-01
-6.408000000000000362e-01
-7.872000000000000108e-01
-1.909999999999999892e-02
3.832999999999999741e-01
4.618999999999999773e-01
-5.625999999999999890e-01
6.038000000000000034e-01
4.615000000000000213e-01
-7.981000000000000316e-01
7.000000000000000146e-03
-2.144999999999999962e-01
4.894000000000000017e-01
9.353000000000000203e-01
9.554000000000000270e-01
4.583999999999999742e-01
7.883999999999999897e-01
7.368999999999999995e-01
9.177999999999999492e-01
6.601000000000000201e-01
-4.082999999999999963e-01
5.483000000000000096e-01
-9.267999999999999572e-01
-5.630000000000000282e-02
-9.003999999999999782e-01
5.923000000000000487e-01
-4.179999999999999827e-01
9.444000000000000172e-01
9.691999999999999504e-01
-2.036000000000000032e-01
1.385000000000000120e-01
9.858000000000000096e-01
-3.570000000000000256e-02
-4.700000000000000011e-02
-9.518999999999999684e-01
3.675999999999999823e-01
-8.328999999999999737e-01
-5.799999999999999600e-01
7.366000000000000325e-01
-8.922999999999999821e-01
6.018999999999999906e-01
7.088999999999999746e-01
4.681000000000000161e-01
7.711000000000000076e-01
1.252000000000000057e-01
3.215999999999999970e-01
1.668999999999999928e-01
9.731999999999999540e-01
9.574000000000000288e-01
1.021999999999999992e-01
-9.265999999999999792e-01
4.524000000000000243e-01
-3.870999999999999996e-01
-9.045999999999999597e-01
9.030000000000000526e-02
-1.860999999999999877e-01
6.669000000000000483e-01
-2.220999999999999919e-01
-7.330999999999999739e-01
7.685999999999999499e-01
7.029999999999999583e-01
1.761999999999999955e-01
8.811999999999999833e-01
9.597999999999999865e-01
-1.716999999999999915e-01
9.313000000000000167e-01
-3.921000000000000041e-01
2.891000000000000236e-01
7.929000000000000492e-01
-2.096000000000000085e-01
6.984000000000000208e-01
3.579999999999999849e-02
-4.889000000000000012e-01
1.134000000000000008e-01
6.919999999999999485e-01
-5.516999999999999682e-01
6.317000000000000393e-01
3.783000000000000251e-01
3.610000000000000014e-02
2.882000000000000117e-01
-6.431999999999999940e-01
8.061000000000000387e-01
-4.794999999999999818e-01
-5.219000000000000306e-01
3.483999999999999875e-01
8.818000000000000282e-01
3.724999999999999978e-01
-8.421999999999999487e-01
-7.833999999999999853e-01
-5.621000000000000441e-01
-1.549000000000000099e-01
-6.522999999999999909e-01
5.504000000000000004e-01
1.100000000000000066e-03
-6.010000000000000064e-02
9.132000000000000117e-01
-5.018000000000000238e-01
-7.184000000000000385e-01
2.635000000000000120e-01
5.554000000000000048e-01
8.698000000000000176e-01
-4.418000000000000260e-01
-5.513000000000000123e-01
-3.609999999999999876e-01
6.544999999999999707e-01
-8.206999999999999851e-01
5.392000000000000126e-01
-5.310000000000000137e-02
3.758000000000000229e-01
-1.821000000000000119e-01
5.241000000000000103e-01
8.377999999999999892e-01
1.728999999999999981e-01
4.375000000000000000e-01
3.207999999999999741e-01
-4.731000000000000205e-01
-2.330000000000000127e-01
-2.911000000000000254e-01
-4.779999999999999805e-01
-7.019999999999999574e-01
-3.983999999999999764e-01
-4.229999999999999871e-01
-2.514000000000000123e-01
9.210000000000000131e-02
7.521999999999999797e-01
-9.720999999999999641e-01
-4.161000000000000254e-01
-8.921999999999999931e-01
-4.783000000000000029e-01
-4.519999999999999712e-02
5.453000000000000069e-01
-1.363000000000000045e-01
2.245999999999999941e-01
-4.300999999999999823e-01
-4.873999999999999999e-01
4.976999999999999758e-01
6.326000000000000512e-01
4.701000000000000179e-01
-5.449000000000000510e-01
3.190000000000000058e-01
-4.325999999999999845e-01
-3.588000000000000078e-01
-4.554000000000000270e-01
4.218000000000000083e-01
-4.975999999999999868e-01
-5.859999999999999931e-02
1.285000000000000031e-01
-9.170000000000000373e-02
6.068999999999999950e-01
-1.499000000000000055e-01
6.179000000000000048e-01
-1.799999999999999864e-02
-8.076999999999999735e-01
-2.652999999999999803e-01
-4.157000000000000139e-01
-7.939999999999999836e-02
8.030000000000000471e-01
9.537999999999999812e-01
-2.248999999999999888e-01
-5.729999999999999677e-02
6.308000000000000274e-01
-7.490999999999999881e-01
-4.037000000000000033e-01
-1.233000000000000068e-01
2.268999999999999906e-01
-4.471999999999999864e-01
-6.339000000000000190e-01
4.569999999999999757e-02
-5.944000000000000394e-01
-1.416000000000000036e-01
1.524999999999999967e-01
-7.860000000000000320e-01
3.937999999999999834e-01
-7.004000000000000226e-01
-2.945999999999999730e-01
2.434999999999999942e-01
-5.119000000000000217e-01
-8.100000000000000533e-01
-2.006999999999999895e-01
7.644999999999999574e-01
6.261999999999999789e-01
-3.246999999999999886e-01
-7.378000000000000114e-01
-9.530999999999999472e-01
-4.824999999999999845e-01
9.352000000000000313e-01
-3.138000000000000234e-01
-3.313999999999999724e-01
3.957999999999999852e-01
1.205999999999999989e-01
4.192000000000000171e-01
5.923000000000000487e-01
4.269999999999999907e-01
-6.067000000000000171e-01
3.500000000000000333e-02
-2.247000000000000108e-01
4.754999999999999782e-01
-2.278000000000000025e-01
-4.294999999999999929e-01
-1.723000000000000087e-01
-9.054999999999999716e-01
-6.902000000000000357e-01
-1.107999999999999957e-01
-9.086999999999999522e-01
-4.904000000000000026e-01
-5.758999999999999675e-01
-7.268000000000000016e-01
9.337999999999999634e-01
2.091000000000000081e-01
-3.330000000000000321e-02
4.319000000000000061e-01
1.469999999999999918e-01
7.266000000000000236e-01
-8.999999999999999320e-03
-8.816000000000000503e-01
