-4.077999999999999958e-01
4.380000000000000004e-01
-7.451999999999999735e-01
-2.752000000000000002e-01
1.890999999999999903e-01
5.700000000000000205e-02
-6.403999999999999693e-01
-1.671999999999999875e-01
8.920000000000000151e-01
1.431999999999999940e-01
-6.845999999999999863e-01
-2.114000000000000046e-01
1.554999999999999993e-01
8.940000000000000169e-01
-1.574000000000000121e-01
-8.558000000000000052e-01
-5.390000000000000346e-01
8.096999999999999753e-01
-8.094999999999999973e-01
-6.231999999999999762e-01
7.876999999999999558e-01
7.941000000000000281e-01
3.523000000000000020e-01
-5.411000000000000254e-01
9.403000000000000247e-01
-7.459000000000000075e-01
2.010000000000000120e-01
-2.283000000000000029e-01
-2.252000000000000113e-01
4.007000000000000006e-01
-8.184000000000000163e-01
-4.207000000000000184e-01
-4.120000000000000051e-02
-4.776000000000000245e-01
-7.754999999999999671e-01
6.311999999999999833e-01
1.880999999999999894e-01
-2.129999999999999949e-02
-9.220000000000000417e-02
3.554999999999999827e-01
2.132000000000000006e-01
-6.588000000000000522e-01
3.398999999999999799e-01
-5.576999999999999735e-01
1.552000000000000046e-01
-5.739999999999999963e-02
-5.715000000000000080e-01
-6.958999999999999631e-01
7.054000000000000270e-01
6.117000000000000215e-01
2.692999999999999838e-01
6.645999999999999686e-01
6.676999999999999602e-01
2.916000000000000258e-01
7.528000000000000247e-01
4.943000000000000171e-01
-2.857999999999999985e-01
-3.968999999999999750e-01
6.938999999999999613e-01
7.517000000000000348e-01
9.313000000000000167e-01
6.650000000000000355e-02
-2.089999999999999844e-02
5.954000000000000403e-01
-1.018000000000000016e-01
-1.173000000000000015e-01
-7.392999999999999572e-01
4.060000000000000275e-01
7.315000000000000391e-01
-5.738999999999999657e-01
-3.266999999999999904e-01
3.714000000000000079e-01
5.857999999999999874e-01
-2.636000000000000010e-01
-1.915000000000000036e-01
4.771000000000000241e-01
9.346999999999999753e-01
-8.994999999999999662e-01
8.188999999999999613e-01
1.839000000000000079e-01
5.292000000000000037e-01
5.993000000000000549e-01
1.854000000000000092e-01
5.153999999999999693e-01
-1.184000000000000052e-01
-7.369999999999999885e-01
9.100000000000000450e-03
8.054999999999999938e-01
-6.018000000000000016e-01
8.549999999999999822e-01
-7.089999999999999636e-01
-6.539999999999999980e-02
4.011000000000000121e-01
-3.323999999999999733e-01
3.951000000000000068e-01
7.130000000000000226e-02
5.040000000000000036e-02
-6.047000000000000153e-01
4.512999999999999790e-01
-5.514999999999999902e-01
1.585999999999999910e-01
-9.772999999999999465e-01
1.217000000000000026e-01
-9.232000000000000206e-01
1.391000000000000014e-01
2.758999999999999786e-01
-4.041000000000000147e-01
-3.221999999999999864e-01
2.677999999999999825e-01
1.579000000000000126e-01
3.470000000000000168e-02
-7.270000000000000073e-02
8.693999999999999506e-01
-6.090000000000000274e-02
6.209000000000000075e-01
-1.486000000000000099e-01
-7.334000000000000519e-01
-3.435000000000000275e-01
1.497999999999999887e-01
-5.936000000000000165e-01
8.649999999999999356e-02
4.566999999999999948e-01
-1.173000000000000015e-01
5.241000000000000103e-01
6.949999999999999512e-01
-4.608999999999999764e-01
-4.507999999999999785e-01
-8.278999999999999693e-01
-3.618000000000000105e-01
-4.772000000000000131e-01
-7.109999999999999654e-01
7.086000000000000076e-01
-4.519000000000000239e-01
8.791999999999999815e-01
2.828999999999999848e-01
8.319999999999999618e-02
9.189000000000000501e-01
6.247000000000000330e-01
-7.869000000000000439e-01
-1.555999999999999883e-01
-5.341000000000000192e-01
-6.826999999999999735e-01
-3.778000000000000247e-01
-1.159999999999999920e-02
-5.090999999999999970e-01
4.386999999999999789e-01
1.050999999999999990e-01
-1.343999999999999917e-01
1.366999999999999882e-01
9.415999999999999925e-01
3.859000000000000208e-01
2.900000000000000147e-02
-6.313999999999999613e-01
-4.746000000000000218e-01
-9.564000000000000279e-01
1.789000000000000035e-01
-2.665000000000000147e-01
7.780000000000000249e-01
-6.663999999999999924e-01
5.979999999999999899e-02
-6.069999999999999701e-02
5.229999999999999927e-02
1.082999999999999935e-01
-1.029000000000000054e-01
9.778000000000000025e-01
1.293999999999999873e-01
-4.091000000000000192e-01
9.308999999999999497e-01
-7.531999999999999806e-01
-5.443000000000000060e-01
-1.550999999999999879e-01
-6.887999999999999678e-01
8.419999999999999707e-02
-3.280000000000000138e-01
8.604000000000000536e-01
-7.789000000000000368e-01
9.656000000000000139e-01
-7.789000000000000368e-01
-8.203000000000000291e-01
-4.894999999999999907e-01
8.306999999999999940e-01
9.185999999999999721e-01
9.073999999999999844e-01
1.214999999999999969e-01
-6.922000000000000375e-01
8.723999999999999533e-01
-7.135000000000000231e-01
7.345000000000000417e-01
-5.896000000000000130e-01
-2.726999999999999980e-01
-4.669999999999999846e-02
-8.858000000000000318e-01
7.370999999999999774e-01
-7.023000000000000353e-01
5.550000000000000072e-02
6.421000000000000041e-01
-5.046000000000000485e-01
6.058000000000000052e-01
-2.157000000000000028e-01
-4.934000000000000052e-01
8.983999999999999764e-01
3.942999999999999838e-01
-1.466999999999999971e-01
-7.318999999999999950e-01
-4.905999999999999805e-01
-9.453000000000000291e-01
9.704000000000000403e-01
6.934000000000000163e-01
2.580999999999999961e-01
2.506999999999999784e-01
-3.276999999999999913e-01
4.218000000000000083e-01
-4.656000000000000139e-01
4.430000000000000049e-01
-1.353000000000000036e-01
9.777000000000000135e-01
2.500000000000000139e-02
