5.546999999999999709e-01
4.960999999999999854e-01
-5.043999999999999595e-01
-1.006999999999999978e-01
8.645000000000000462e-01
5.696999999999999842e-01
9.988000000000000211e-01
9.549999999999999600e-01
2.869999999999999774e-01
-7.478000000000000203e-01
-4.946999999999999731e-01
9.754000000000000448e-01
-4.585000000000000187e-01
-4.823999999999999955e-01
-1.118999999999999995e-01
-1.165999999999999953e-01
7.662999999999999812e-01
1.927000000000000102e-01
-6.968999999999999639e-01
-3.991000000000000103e-01
-8.599999999999999867e-01
-4.144999999999999796e-01
-1.319999999999999993e-02
-3.746999999999999775e-01
-4.447999999999999732e-01
8.760999999999999899e-01
-5.000000000000000000e-01
3.226999999999999869e-01
7.685999999999999499e-01
-9.003999999999999782e-01
-6.640000000000000346e-01
-4.732000000000000095e-01
-8.836000000000000520e-01
5.340000000000000302e-02
7.187999999999999945e-01
-2.803999999999999826e-01
-9.024999999999999689e-01
4.688999999999999835e-01
-7.438000000000000167e-01
-8.225999999999999979e-01
-1.968999999999999917e-01
8.890000000000000124e-01
6.540000000000000258e-01
8.038999999999999480e-01
-6.263999999999999568e-01
-2.584000000000000186e-01
4.970000000000000112e-02
-9.206999999999999629e-01
3.387999999999999901e-01
4.172000000000000153e-01
-5.334999999999999742e-01
6.410000000000000142e-01
1.086000000000000021e-01
-5.319999999999999729e-02
-7.647000000000000464e-01
1.107999999999999957e-01
1.512000000000000011e-01
8.228999999999999648e-01
8.669000000000000039e-01
-7.408000000000000140e-01
-8.840000000000000080e-01
-2.180999999999999883e-01
-8.616000000000000325e-01
8.732999999999999652e-01
1.089999999999999997e-02
-2.391000000000000070e-01
3.389999999999999958e-02
5.393999999999999906e-01
8.211000000000000520e-01
-8.491999999999999549e-01
5.259000000000000341e-01
-5.548999999999999488e-01
5.295999999999999597e-01
4.209999999999999853e-02
-4.471999999999999864e-01
2.084999999999999909e-01
7.641000000000000014e-01
-7.198999999999999844e-01
2.832000000000000073e-01
2.371999999999999942e-01
4.938000000000000167e-01
6.654999999999999805e-01
3.398999999999999799e-01
8.293000000000000371e-01
4.138000000000000012e-01
4.688999999999999835e-01
-9.582000000000000517e-01
1.464000000000000024e-01
-9.707999999999999963e-01
-9.726000000000000201e-01
8.004000000000000004e-01
-6.108999999999999986e-01
4.303000000000000158e-01
-8.240000000000000102e-02
-1.003000000000000003e-01
-1.487999999999999878e-01
4.933000000000000163e-01
9.518999999999999684e-01
3.958999999999999742e-01
7.470999999999999863e-01
3.025999999999999801e-01
8.937000000000000499e-01
4.117999999999999994e-01
7.409000000000000030e-01
2.685000000000000164e-01
-2.230000000000000038e-02
-1.615999999999999936e-01
7.211999999999999522e-01
6.273999999999999577e-01
-5.020000000000000018e-01
-3.575999999999999734e-01
6.061999999999999611e-01
-2.736000000000000099e-01
5.581000000000000405e-01
5.954000000000000403e-01
2.016999999999999904e-01
6.780000000000000471e-01
9.920999999999999819e-01
8.555000000000000382e-01
9.750999999999999668e-01
2.559000000000000163e-01
9.767000000000000126e-01
-2.484000000000000097e-01
5.494999999999999885e-01
-6.536999999999999478e-01
7.881000000000000227e-01
-6.358000000000000318e-01
-6.734999999999999876e-01
-5.917000000000000037e-01
-2.368000000000000105e-01
1.213000000000000050e-01
3.610000000000000014e-02
8.163000000000000256e-01
-8.397000000000000020e-01
9.053999999999999826e-01
-5.289000000000000368e-01
-9.199999999999999845e-03
-1.139000000000000012e-01
-9.828000000000000069e-01
5.090999999999999970e-01
-7.932000000000000162e-01
9.082000000000000073e-01
-1.448000000000000120e-01
1.915999999999999925e-01
-8.365000000000000213e-01
6.921000000000000485e-01
-2.331000000000000016e-01
-2.157000000000000028e-01
1.912999999999999978e-01
-6.975000000000000089e-01
-6.152999999999999581e-01
-3.699000000000000066e-01
5.090999999999999970e-01
8.834999999999999520e-01
1.176999999999999991e-01
8.740000000000000546e-02
-5.547999999999999599e-01
-6.947999999999999732e-01
2.662999999999999812e-01
1.463000000000000134e-01
-9.423000000000000265e-01
-4.405999999999999917e-01
3.654999999999999916e-01
-8.602999999999999536e-01
8.194000000000000172e-01
-1.386000000000000010e-01
8.240000000000000102e-02
-1.217000000000000026e-01
-2.293000000000000038e-01
6.262999999999999678e-01
-9.264000000000000012e-01
-1.940999999999999948e-01
7.420000000000000207e-02
7.013000000000000345e-01
-3.361999999999999988e-01
-4.551000000000000045e-01
-1.678999999999999937e-01
-1.269999999999999948e-02
-1.996999999999999886e-01
7.903000000000000025e-01
1.872999999999999943e-01
1.721000000000000030e-01
1.292999999999999983e-01
-3.739999999999999991e-01
6.145000000000000462e-01
-6.606999999999999540e-01
-9.368999999999999551e-01
4.378000000000000225e-01
5.843000000000000416e-01
-5.696999999999999842e-01
8.908000000000000362e-01
7.955999999999999739e-01
1.837000000000000022e-01
-6.880000000000000004e-02
3.540000000000000091e-02
-3.527000000000000135e-01
-5.210000000000000187e-01
-9.213000000000000078e-01
2.275000000000000078e-01
5.779999999999999721e-02
2.993999999999999995e-01
-5.554000000000000048e-01
-2.149999999999999828e-02
-8.685000000000000497e-01
3.936999999999999944e-01
-4.409000000000000141e-01
5.167000000000000481e-01
3.392999999999999905e-01
8.672999999999999599e-01
3.471000000000000196e-01
8.568000000000000060e-01
7.922000000000000153e-01
-8.020000000000000462e-01
3.120999999999999885e-01
1.996999999999999886e-01
-4.686000000000000165e-01
-9.693000000000000504e-01
