-7.037999999999999812e-01
8.419999999999999707e-02
-4.863999999999999990e-01
-9.668999999999999817e-01
-1.519000000000000072e-01
-2.766000000000000125e-01
-3.114999999999999991e-01
-3.000999999999999779e-01
6.854999999999999982e-01
-8.243000000000000327e-01
7.639000000000000234e-01
-5.815000000000000169e-01
2.172000000000000042e-01
4.215999999999999748e-01
-3.588999999999999968e-01
-3.924000000000000266e-01
-5.073999999999999622e-01
3.141999999999999793e-01
-2.250999999999999945e-01
-6.179999999999999938e-01
-6.211999999999999744e-01
-4.541000000000000036e-01
-1.514999999999999958e-01
-3.993999999999999773e-01
5.766000000000000014e-01
1.076000000000000012e-01
-6.140999999999999792e-01
-7.459999999999999964e-02
-3.366000000000000103e-01
7.018999999999999684e-01
-5.729999999999999677e-02
7.080000000000000182e-02
-9.778000000000000025e-01
9.153999999999999915e-01
9.854000000000000536e-01
2.793999999999999817e-01
3.531000000000000250e-01
-9.456999999999999851e-01
5.926000000000000156e-01
5.615999999999999881e-01
6.212999999999999634e-01
5.686999999999999833e-01
2.245000000000000051e-01
-9.854000000000000536e-01
8.597000000000000197e-01
8.479999999999999760e-01
1.842999999999999916e-01
-9.171000000000000263e-01
-2.813999999999999835e-01
5.775000000000000133e-01
-6.914000000000000146e-01
-7.399000000000000021e-01
9.254999999999999893e-01
-1.630999999999999950e-01
-2.848999999999999866e-01
-9.448999999999999622e-01
-9.900000000000000466e-02
-4.955999999999999850e-01
2.853999999999999870e-01
-4.660000000000000253e-01
-2.489000000000000101e-01
7.788000000000000478e-01
8.941000000000000059e-01
2.948000000000000065e-01
3.375000000000000222e-01
-7.832000000000000073e-01
3.736999999999999766e-01
6.853000000000000203e-01
-8.570999999999999730e-01
2.366999999999999937e-01
-2.169999999999999984e-01
5.238000000000000433e-01
-5.940999999999999615e-01
-9.923999999999999488e-01
-7.805999999999999606e-01
-4.706000000000000183e-01
8.752999999999999670e-01
-7.468000000000000194e-01
1.062000000000000027e-01
6.945000000000000062e-01
4.025000000000000244e-01
1.786000000000000087e-01
-5.709999999999999798e-02
7.901000000000000245e-01
-6.310999999999999943e-01
-5.333999999999999853e-01
4.703999999999999848e-01
-8.000000000000000167e-03
-3.123000000000000220e-01
1.302999999999999992e-01
-6.119999999999999885e-01
8.510999999999999677e-01
5.759999999999999565e-01
9.065999999999999615e-01
4.838999999999999968e-01
6.161999999999999700e-01
-1.016999999999999987e-01
6.560000000000000275e-01
-6.307000000000000384e-01
2.391999999999999960e-01
2.932000000000000162e-01
9.614000000000000323e-01
6.092999999999999527e-01
-3.629000000000000004e-01
-1.782999999999999863e-01
-1.593999999999999861e-01
-5.352999999999999980e-01
-4.883000000000000118e-01
-8.840999999999999970e-01
-2.948999999999999955e-01
-4.771000000000000241e-01
9.890999999999999792e-01
5.272999999999999909e-01
-5.016000000000000458e-01
-5.592000000000000304e-01
4.791000000000000258e-01
-9.470000000000000639e-02
-7.789999999999999702e-02
-4.808000000000000052e-01
-8.395000000000000240e-01
5.772000000000000464e-01
1.451999999999999957e-01
-9.426999999999999824e-01
2.752000000000000002e-01
9.542000000000000481e-01
-8.617000000000000215e-01
9.150000000000000355e-01
1.517000000000000015e-01
7.788000000000000478e-01
-9.110000000000000320e-01
3.322999999999999843e-01
9.603000000000000425e-01
-2.948000000000000065e-01
8.559999999999999554e-02
7.510000000000000009e-02
-1.930000000000000049e-01
-5.322999999999999954e-01
9.226999999999999647e-01
4.616999999999999993e-01
3.751999999999999780e-01
-9.354000000000000092e-01
8.973999999999999755e-01
6.822000000000000286e-01
8.389999999999999680e-01
6.904000000000000137e-01
7.429000000000000048e-01
-8.812999999999999723e-01
2.262000000000000122e-01
-1.237000000000000044e-01
9.989000000000000101e-01
-7.852999999999999980e-01
4.455000000000000071e-01
9.565000000000000169e-01
6.992000000000000437e-01
-7.221999999999999531e-01
3.105999999999999872e-01
9.615000000000000213e-01
9.400000000000000369e-03
-4.737999999999999989e-01
3.820999999999999952e-01
-6.440000000000000169e-01
2.394999999999999907e-01
-9.560999999999999499e-01
7.310999999999999721e-01
2.335000000000000131e-01
-9.909999999999999365e-02
-2.980000000000000010e-02
-2.323999999999999955e-01
-4.130000000000000338e-02
9.936000000000000387e-01
3.084999999999999964e-01
-5.610000000000000542e-01
-7.510000000000000009e-02
-3.881999999999999895e-01
-3.024000000000000021e-01
-5.086000000000000520e-01
6.058999999999999941e-01
-7.023000000000000353e-01
9.042000000000000037e-01
-8.768000000000000238e-01
-2.320000000000000118e-01
9.274000000000000021e-01
-5.548999999999999488e-01
-4.601000000000000090e-01
-3.698000000000000176e-01
7.110999999999999543e-01
-2.182000000000000051e-01
6.168000000000000149e-01
-2.474000000000000088e-01
-3.123000000000000220e-01
-1.506000000000000116e-01
8.046999999999999709e-01
-1.627000000000000113e-01
1.376000000000000001e-01
2.437999999999999889e-01
-4.449999999999999789e-02
-8.117999999999999661e-01
-4.570000000000000173e-01
8.366999999999999993e-01
-7.079999999999999627e-01
-2.131000000000000116e-01
-9.688999999999999835e-01
2.801000000000000156e-01
-6.771000000000000352e-01
4.248999999999999999e-01
-8.407000000000000028e-01
3.148000000000000242e-01
5.440000000000000391e-01
-7.139999999999999680e-01
-8.579999999999999849e-01
-2.569000000000000172e-01
-1.123999999999999999e-01
-6.680000000000000382e-01
1.033000000000000029e-01
9.845000000000000417e-01
-1.423000000000000098e-01
9.920999999999999819e-01
