2.205999999999999905e-01
8.790000000000000591e-02
-9.197999999999999510e-01
-9.666000000000000147e-01
5.765000000000000124e-01
-5.083999999999999631e-01
-1.381999999999999895e-01
1.907000000000000084e-01
-7.478000000000000203e-01
6.086000000000000298e-01
-1.940000000000000058e-02
-3.266000000000000014e-01
3.740000000000000269e-02
2.270999999999999963e-01
3.624999999999999889e-01
4.733999999999999875e-01
9.963999999999999524e-01
-1.547999999999999932e-01
-5.083999999999999631e-01
8.840000000000000080e-01
4.556999999999999940e-01
-7.426000000000000378e-01
-6.558000000000000496e-01
-9.538999999999999702e-01
3.865999999999999992e-01
1.145999999999999935e-01
-7.885999999999999677e-01
6.681000000000000272e-01
-4.194999999999999840e-01
-4.066000000000000170e-01
9.654000000000000359e-01
-9.761999999999999567e-01
6.499999999999999702e-03
1.039999999999999952e-01
6.734999999999999876e-01
-1.165999999999999953e-01
-3.055999999999999828e-01
-5.788999999999999702e-01
9.825000000000000400e-01
8.999999999999999754e-04
-3.945000000000000173e-01
3.629999999999999893e-02
-9.034999999999999698e-01
2.462000000000000022e-01
2.404999999999999916e-01
5.464999999999999858e-01
-3.161999999999999811e-01
8.995999999999999552e-01
8.576000000000000290e-01
5.304999999999999716e-01
-9.025999999999999579e-01
3.751999999999999780e-01
3.130000000000000004e-01
1.320000000000000062e-01
5.671000000000000485e-01
-6.834999999999999964e-01
3.104000000000000092e-01
3.796999999999999820e-01
-1.809000000000000052e-01
3.256999999999999895e-01
-5.790000000000000008e-02
4.920999999999999819e-01
-4.326999999999999735e-01
-1.630999999999999950e-01
5.273999999999999799e-01
-3.493999999999999884e-01
5.456999999999999629e-01
-2.874999999999999778e-01
5.943000000000000504e-01
-8.608000000000000096e-01
4.798999999999999932e-01
5.890999999999999570e-01
-1.661999999999999866e-01
-2.868999999999999884e-01
3.441000000000000170e-01
-6.055000000000000382e-01
1.899000000000000132e-01
-6.039999999999999813e-01
6.451000000000000068e-01
-5.489000000000000545e-01
7.068999999999999728e-01
-9.249999999999999889e-02
3.609999999999999876e-01
8.460999999999999632e-01
-3.447999999999999954e-01
2.240000000000000047e-01
3.744000000000000106e-01
8.911999999999999922e-01
2.620000000000000107e-02
9.385999999999999899e-01
5.995000000000000329e-01
-4.779999999999999805e-01
1.935999999999999943e-01
9.324000000000000066e-01
-5.181000000000000050e-01
4.879999999999999893e-01
-5.023999999999999577e-01
9.305999999999999828e-01
5.000000000000000104e-03
5.380000000000000338e-01
-9.543000000000000371e-01
9.456999999999999851e-01
-2.220000000000000029e-01
2.746000000000000107e-01
-3.367999999999999883e-01
-5.446999999999999620e-01
1.637000000000000122e-01
-8.383000000000000451e-01
5.416999999999999593e-01
-8.099999999999999561e-03
-4.243999999999999995e-01
9.522000000000000464e-01
3.678000000000000158e-01
2.590000000000000080e-01
-6.006000000000000227e-01
-4.139999999999999930e-02
2.358999999999999986e-01
5.094999999999999529e-01
1.700000000000000122e-01
-7.831000000000000183e-01
7.870000000000000606e-02
7.439000000000000057e-01
8.888000000000000345e-01
-6.210999999999999854e-01
-9.120000000000000329e-01
-8.400000000000000522e-02
8.975999999999999535e-01
1.424999999999999878e-01
8.669000000000000039e-01
-2.157000000000000028e-01
7.085000000000000187e-01
-8.643999999999999462e-01
-4.380999999999999894e-01
-2.874999999999999778e-01
-5.724000000000000199e-01
-6.274999999999999467e-01
7.472999999999999643e-01
-2.610000000000000098e-01
7.764999999999999680e-01
-5.797999999999999821e-01
-7.540999999999999925e-01
-4.975999999999999868e-01
6.142999999999999572e-01
-5.004999999999999449e-01
7.530000000000000582e-02
9.626000000000000112e-01
-5.623000000000000220e-01
5.140000000000000124e-01
-3.565999999999999726e-01
3.269999999999999990e-02
8.499999999999999778e-01
-2.726999999999999980e-01
6.998999999999999666e-01
5.437999999999999501e-01
-1.915999999999999925e-01
-4.338000000000000189e-01
9.315999999999999837e-01
-2.184000000000000108e-01
-5.470000000000000417e-01
-9.679999999999999716e-02
2.800000000000000058e-02
4.193000000000000060e-01
2.510999999999999899e-01
-7.679000000000000270e-01
6.860000000000000542e-01
-3.886000000000000010e-01
3.620999999999999774e-01
-3.129000000000000115e-01
-1.917000000000000093e-01
1.721000000000000030e-01
7.987999999999999545e-01
-1.688999999999999946e-01
8.690999999999999837e-01
-1.484999999999999931e-01
5.517999999999999572e-01
7.078999999999999737e-01
6.059999999999999831e-01
7.560000000000000053e-02
-4.348000000000000198e-01
-3.805000000000000049e-01
8.143000000000000238e-01
-5.284999999999999698e-01
4.446999999999999842e-01
7.364000000000000545e-01
8.385000000000000231e-01
8.259999999999999565e-01
-2.740000000000000213e-01
6.477000000000000535e-01
-5.729999999999999677e-02
6.961000000000000520e-01
-4.642000000000000015e-01
7.635999999999999455e-01
6.026000000000000245e-01
-9.183000000000000052e-01
4.380999999999999894e-01
9.410000000000000309e-02
-7.803999999999999826e-01
-8.248999999999999666e-01
9.103999999999999870e-01
-6.417000000000000481e-01
8.753999999999999559e-01
-6.536999999999999478e-01
7.700000000000000178e-01
-2.396000000000000074e-01
-4.603999999999999759e-01
-7.833999999999999853e-01
5.000000000000000104e-03
-5.786999999999999922e-01
-3.320000000000000173e-01
-1.794999999999999929e-01
-8.348999999999999755e-01
-3.114000000000000101e-01
-9.115999999999999659e-01
-9.636000000000000121e-01
8.493000000000000549e-01
-2.599999999999999881e-03
1.474999999999999922e-01
