4.093999999999999861e-01
-3.400000000000000244e-01
4.858000000000000096e-01
4.737000000000000099e-01
1.370999999999999996e-01
-3.568999999999999950e-01
6.438000000000000389e-01
-7.308000000000000052e-01
3.200999999999999956e-01
3.401000000000000134e-01
-1.978999999999999926e-01
-8.562999999999999501e-01
7.763999999999999790e-01
-7.567000000000000393e-01
9.123999999999999888e-01
-5.779999999999999583e-01
-7.799999999999999642e-03
9.471000000000000529e-01
3.615999999999999770e-01
2.489000000000000101e-01
-3.809000000000000163e-01
-4.122999999999999998e-01
-3.855000000000000093e-01
-9.153999999999999915e-01
-1.494999999999999940e-01
-2.074999999999999900e-01
-8.766000000000000458e-01
-4.699999999999999734e-01
-9.223000000000000087e-01
8.710999999999999854e-01
-4.469000000000000195e-01
-8.075999999999999845e-01
-5.117000000000000437e-01
8.669999999999999929e-02
-9.265999999999999792e-01
4.477999999999999758e-01
4.277000000000000246e-01
-2.225999999999999923e-01
-4.813000000000000056e-01
6.603999999999999870e-01
-4.703999999999999848e-01
4.200999999999999734e-01
-3.403999999999999804e-01
1.436000000000000054e-01
-1.142999999999999988e-01
-3.459999999999999881e-02
-6.320000000000000062e-01
6.472999999999999865e-01
4.806000000000000272e-01
6.317000000000000393e-01
5.171000000000000041e-01
2.209000000000000130e-01
-9.425000000000000044e-01
6.965000000000000080e-01
8.481999999999999540e-01
7.356000000000000316e-01
-6.539000000000000368e-01
2.676999999999999935e-01
2.399999999999999911e-01
7.028999999999999693e-01
1.421000000000000041e-01
2.528000000000000247e-01
9.160000000000000087e-02
8.114999999999999991e-01
7.198999999999999844e-01
8.679999999999999938e-01
-9.405999999999999917e-01
1.376999999999999891e-01
4.766000000000000236e-01
-8.919000000000000261e-01
-1.967000000000000137e-01
-5.604999999999999982e-01
1.333999999999999908e-01
-2.879999999999999782e-01
3.533000000000000029e-01
-2.631999999999999895e-01
-1.716999999999999915e-01
4.631000000000000116e-01
9.174999999999999822e-01
-3.533999999999999919e-01
-4.562999999999999834e-01
-8.461999999999999522e-01
2.479999999999999982e-01
-6.171999999999999709e-01
-8.636000000000000343e-01
8.590999999999999748e-01
-6.319000000000000172e-01
-7.695999999999999508e-01
8.114999999999999991e-01
-3.996999999999999997e-01
3.295000000000000151e-01
5.645000000000000018e-01
9.425000000000000044e-01
-8.608000000000000096e-01
7.540999999999999925e-01
-4.582999999999999852e-01
3.050999999999999823e-01
-6.423999999999999710e-01
-4.219999999999999862e-01
2.464999999999999969e-01
-9.657999999999999918e-01
-1.243999999999999967e-01
4.882000000000000228e-01
-2.406999999999999973e-01
-7.604999999999999538e-01
7.826999999999999513e-01
-7.116999999999999993e-01
5.544999999999999929e-01
3.750999999999999890e-01
3.973999999999999755e-01
-4.566999999999999948e-01
4.859999999999999876e-01
3.502000000000000113e-01
6.388000000000000345e-01
9.289999999999999647e-02
6.534999999999999698e-01
7.618000000000000327e-01
2.348000000000000087e-01
1.746999999999999942e-01
-4.253000000000000114e-01
6.079999999999999849e-01
-8.685000000000000497e-01
-8.971000000000000085e-01
1.000000000000000048e-04
-5.956000000000000183e-01
9.092000000000000082e-01
6.796999999999999709e-01
-6.377000000000000446e-01
9.615000000000000213e-01
-6.062999999999999501e-01
1.535999999999999865e-01
9.808999999999999941e-01
-6.338000000000000300e-01
-1.850999999999999868e-01
-4.501999999999999891e-01
4.833000000000000074e-01
6.991000000000000547e-01
5.562000000000000277e-01
-2.701999999999999957e-01
-2.368999999999999995e-01
5.573000000000000176e-01
-8.718000000000000194e-01
3.225999999999999979e-01
-3.890000000000000124e-01
-6.445999999999999508e-01
2.000000000000000042e-03
-9.855000000000000426e-01
-5.040999999999999925e-01
-1.570999999999999897e-01
-1.140000000000000041e-02
7.660000000000000142e-01
9.009999999999999953e-02
-8.176999999999999824e-01
8.231000000000000538e-01
3.363999999999999768e-01
7.630000000000000115e-01
1.514000000000000068e-01
-2.419000000000000039e-01
5.963000000000000522e-01
-6.222999999999999643e-01
4.576000000000000068e-01
4.793999999999999928e-01
5.007000000000000339e-01
6.559000000000000385e-01
-7.604999999999999538e-01
5.747999999999999776e-01
4.293000000000000149e-01
-4.080000000000000293e-02
-3.007000000000000228e-01
9.163999999999999924e-01
-7.009999999999999565e-02
-7.804999999999999716e-01
-5.662000000000000366e-01
8.421999999999999487e-01
9.307999999999999607e-01
3.951999999999999957e-01
-1.361999999999999877e-01
-6.433999999999999719e-01
1.020999999999999963e-01
-2.467000000000000026e-01
-6.281999999999999806e-01
7.601999999999999869e-01
2.998999999999999999e-01
-5.087000000000000410e-01
9.780999999999999694e-01
-4.541999999999999926e-01
3.660000000000000059e-02
-5.302000000000000046e-01
7.070999999999999508e-01
-9.454000000000000181e-01
-9.294999999999999929e-01
-6.042999999999999483e-01
-7.005000000000000115e-01
-8.578999999999999959e-01
-8.074999999999999956e-01
-5.923000000000000487e-01
-9.609999999999999654e-01
-7.629000000000000226e-01
-1.917999999999999983e-01
-2.570000000000000062e-01
9.271000000000000352e-01
5.124999999999999556e-01
-3.215999999999999970e-01
-6.182999999999999607e-01
9.714000000000000412e-01
9.824000000000000510e-01
3.345000000000000195e-01
2.615000000000000102e-01
7.650000000000000133e-01
3.250000000000000111e-02
-4.638999999999999790e-01
-4.753000000000000003e-01
-7.829000000000000403e-01
-6.548000000000000487e-01
-9.553000000000000380e-01
-4.534000000000000252e-01
-5.029000000000000137e-01
