1.729999999999999941e-02
-4.627999999999999892e-01
-8.663999999999999480e-01
-3.119000000000000106e-01
-2.899999999999999800e-03
-3.901999999999999913e-01
-8.184000000000000163e-01
5.995000000000000329e-01
-6.684999999999999831e-01
-9.950000000000000511e-02
6.086000000000000298e-01
-6.011999999999999567e-01
1.246000000000000024e-01
9.294000000000000039e-01
5.026000000000000467e-01
6.268000000000000238e-01
9.436999999999999833e-01
-7.806999999999999496e-01
8.487999999999999989e-01
3.643000000000000127e-01
2.627999999999999781e-01
-2.388000000000000123e-01
-8.358999999999999764e-01
-1.930000000000000118e-02
1.549999999999999989e-02
8.870999999999999996e-01
8.699000000000000066e-01
2.291999999999999871e-01
-2.475999999999999868e-01
-9.173999999999999932e-01
2.846000000000000196e-01
5.725999999999999979e-01
8.319999999999999618e-02
-7.357000000000000206e-01
2.595000000000000084e-01
4.641000000000000125e-01
7.761000000000000121e-01
-6.721000000000000307e-01
6.069999999999999840e-01
-3.074000000000000066e-01
5.775000000000000133e-01
5.716999999999999860e-01
-9.116999999999999549e-01
-8.525000000000000355e-01
-1.617999999999999994e-01
-6.159999999999999920e-01
8.486000000000000210e-01
-4.709999999999999742e-01
-9.025999999999999579e-01
4.979999999999999982e-01
6.697999999999999510e-01
-3.826999999999999846e-01
3.798000000000000265e-01
7.818000000000000504e-01
-4.055000000000000271e-01
-9.220000000000000417e-01
1.617000000000000104e-01
-7.558000000000000274e-01
-3.695999999999999841e-01
-1.428999999999999992e-01
-4.633999999999999786e-01
3.758000000000000229e-01
-8.362000000000000544e-01
-7.036000000000000032e-01
8.001000000000000334e-01
9.759999999999999787e-01
4.282000000000000250e-01
-7.301999999999999602e-01
-8.524000000000000465e-01
6.158000000000000140e-01
1.180999999999999966e-01
1.612999999999999989e-01
1.215999999999999998e-01
8.350999999999999535e-01
-5.326999999999999513e-01
-8.530000000000000082e-02
2.959999999999999853e-01
5.168000000000000371e-01
5.364999999999999769e-01
9.455999999999999961e-01
3.416000000000000147e-01
8.088999999999999524e-01
4.038999999999999813e-01
2.819999999999999729e-01
-3.499999999999999778e-01
-5.594999999999999973e-01
5.078000000000000291e-01
3.000000000000000062e-03
-8.678000000000000158e-01
-9.849999999999999867e-01
-8.257999999999999785e-01
2.489000000000000101e-01
-5.687999999999999723e-01
5.342999999999999972e-01
-3.500000000000000073e-03
5.999999999999999778e-02
-4.450999999999999956e-01
-9.216999999999999638e-01
4.100000000000000172e-02
1.630999999999999950e-01
5.727999999999999758e-01
2.944999999999999840e-01
7.934999999999999831e-01
-4.596999999999999975e-01
-6.364999999999999547e-01
-7.588000000000000300e-01
-8.195999999999999952e-01
4.233000000000000096e-01
1.181999999999999995e-01
2.263000000000000012e-01
6.196000000000000396e-01
6.440000000000000169e-01
2.587999999999999745e-01
-1.121000000000000052e-01
-9.510999999999999455e-01
5.284999999999999698e-01
-1.900999999999999912e-01
-7.422999999999999599e-01
-7.039999999999999591e-01
-6.936999999999999833e-01
5.361000000000000210e-01
3.156999999999999806e-01
6.132999999999999563e-01
-8.467999999999999972e-01
5.113999999999999657e-01
7.487000000000000322e-01
-9.289999999999999647e-02
7.204000000000000403e-01
-6.296000000000000485e-01
-5.052999999999999714e-01
9.747000000000000108e-01
8.144000000000000128e-01
6.390000000000000124e-01
5.580000000000000515e-01
-2.667999999999999816e-01
-9.854000000000000536e-01
-6.889999999999999458e-01
-6.124000000000000554e-01
2.612999999999999767e-01
9.918000000000000149e-01
-6.168000000000000149e-01
-6.608000000000000540e-01
9.687000000000000055e-01
5.735000000000000098e-01
5.131999999999999895e-01
-5.528999999999999471e-01
-1.062000000000000027e-01
5.684000000000000163e-01
-8.135999999999999899e-01
-2.933000000000000052e-01
2.612999999999999767e-01
3.760000000000000148e-02
-4.927000000000000268e-01
6.747999999999999554e-01
9.058000000000000496e-01
9.935000000000000497e-01
-2.793999999999999817e-01
7.614999999999999547e-01
-9.233000000000000096e-01
-1.550999999999999879e-01
2.709999999999999909e-02
-8.234000000000000208e-01
-7.368999999999999995e-01
1.632000000000000117e-01
4.393000000000000238e-01
-1.403999999999999970e-01
5.356999999999999540e-01
7.180999999999999606e-01
-1.378000000000000058e-01
-5.523000000000000131e-01
4.183000000000000052e-01
8.099999999999999561e-03
9.636000000000000121e-01
2.963999999999999968e-01
-7.975999999999999757e-01
-7.715999999999999526e-01
7.821000000000000174e-01
5.467999999999999527e-01
-2.597999999999999754e-01
6.014000000000000457e-01
1.039000000000000062e-01
-9.968000000000000194e-01
3.099999999999999891e-03
-6.160999999999999810e-01
8.933999999999999719e-01
-4.536999999999999922e-01
-8.757000000000000339e-01
6.271999999999999797e-01
7.271999999999999575e-01
2.028999999999999970e-01
2.589000000000000190e-01
-6.672000000000000153e-01
-9.556999999999999940e-01
8.836000000000000520e-01
9.171000000000000263e-01
-1.145000000000000046e-01
9.961999999999999744e-01
-2.093000000000000138e-01
6.743000000000000105e-01
-3.246999999999999886e-01
6.239000000000000101e-01
-8.145000000000000018e-01
-5.750999999999999446e-01
-4.516999999999999904e-01
-1.638999999999999901e-01
-9.737999999999999989e-01
3.895000000000000129e-01
8.570999999999999730e-01
-7.931000000000000272e-01
-9.030000000000000526e-02
1.453000000000000125e-01
1.197000000000000008e-01
-8.195999999999999952e-01
5.110000000000000098e-01
2.746999999999999997e-01
-5.818999999999999728e-01
-2.459999999999999964e-01
