-1.922000000000000097e-01
-6.737999999999999545e-01
-3.444999999999999729e-01
1.111000000000000043e-01
6.794000000000000039e-01
-9.013999999999999790e-01
-9.780999999999999694e-01
-6.969999999999999807e-02
-3.271999999999999909e-01
3.502000000000000113e-01
-6.136000000000000343e-01
1.890000000000000013e-02
2.737999999999999878e-01
4.371999999999999775e-01
8.780999999999999917e-01
-8.699999999999999956e-01
5.180000000000000160e-01
-1.572000000000000064e-01
6.132999999999999563e-01
-1.037000000000000005e-01
-7.720000000000000473e-02
-7.620000000000000107e-01
4.645000000000000240e-01
-2.414999999999999925e-01
9.482000000000000428e-01
1.622000000000000108e-01
-9.347999999999999643e-01
7.083000000000000407e-01
-3.624999999999999889e-01
5.709999999999999520e-01
2.980000000000000010e-02
2.270999999999999963e-01
-3.795000000000000040e-01
-8.569999999999999840e-01
-4.379999999999999866e-02
-3.559999999999999970e-02
2.470999999999999863e-01
-7.762000000000000011e-01
8.397000000000000020e-01
7.531999999999999806e-01
8.232000000000000428e-01
9.750999999999999668e-01
-8.476000000000000201e-01
5.229000000000000314e-01
4.729999999999999760e-01
9.088000000000000522e-01
-2.841000000000000192e-01
-9.180000000000000382e-01
-8.753999999999999559e-01
-1.193000000000000033e-01
5.161000000000000032e-01
-1.060999999999999999e-01
-5.908999999999999808e-01
-3.563999999999999946e-01
2.787999999999999923e-01
-7.677000000000000490e-01
9.313000000000000167e-01
-5.002999999999999670e-01
-5.916000000000000147e-01
6.862000000000000322e-01
-5.214999999999999636e-01
1.728000000000000091e-01
-6.150999999999999801e-01
7.125000000000000222e-01
2.265999999999999959e-01
3.835999999999999965e-01
-1.978999999999999926e-01
5.949999999999999734e-02
-2.973000000000000087e-01
6.489000000000000323e-01
-7.420000000000000207e-02
-9.428999999999999604e-01
-7.129999999999999671e-01
7.739999999999999658e-02
-2.500000000000000000e-01
-1.942000000000000115e-01
-6.529999999999999694e-02
9.889999999999999902e-01
9.959999999999999409e-02
-2.949999999999999845e-01
-5.969999999999999751e-01
2.800000000000000058e-02
6.171999999999999709e-01
8.336000000000000076e-01
-7.191999999999999504e-01
-3.200999999999999956e-01
-4.683999999999999830e-01
-2.318000000000000060e-01
-2.926000000000000267e-01
-1.163000000000000006e-01
-2.091999999999999971e-01
-1.105000000000000010e-01
6.816999999999999726e-01
1.398000000000000076e-01
-8.757000000000000339e-01
4.698999999999999844e-01
-9.845000000000000417e-01
2.336000000000000021e-01
2.819999999999999937e-02
-7.610000000000000098e-02
4.124999999999999778e-01
7.559000000000000163e-01
-3.830999999999999961e-01
2.997000000000000219e-01
-1.839999999999999969e-02
8.551999999999999602e-01
8.802999999999999714e-01
6.779999999999999916e-02
-6.560000000000000275e-01
-7.720000000000000195e-01
2.919999999999999818e-01
-6.320999999999999952e-01
-2.031000000000000028e-01
-4.833000000000000074e-01
-1.988999999999999935e-01
-5.530000000000000471e-01
-5.815000000000000169e-01
9.334999999999999964e-01
6.018000000000000016e-01
-8.582999999999999519e-01
1.213999999999999940e-01
6.191999999999999726e-01
2.906000000000000250e-01
-4.107000000000000095e-01
2.659000000000000252e-01
9.103999999999999870e-01
7.362999999999999545e-01
1.403999999999999970e-01
1.208999999999999936e-01
-3.259000000000000230e-01
5.230000000000000204e-01
9.356999999999999762e-01
-2.109000000000000041e-01
9.526000000000000023e-01
-9.937000000000000277e-01
-3.916000000000000036e-01
-7.458000000000000185e-01
-5.460000000000000409e-01
8.427000000000000046e-01
-8.721999999999999753e-01
-7.889000000000000457e-01
-8.071000000000000396e-01
6.844000000000000083e-01
2.680000000000000090e-02
-8.102000000000000313e-01
8.800999999999999934e-01
-8.899000000000000243e-01
-4.385999999999999899e-01
9.821999999999999620e-01
2.636000000000000010e-01
-7.775999999999999579e-01
6.432999999999999829e-01
-5.283999999999999808e-01
-5.830999999999999517e-01
-9.375000000000000000e-01
7.072000000000000508e-01
-8.948000000000000398e-01
-8.086999999999999744e-01
-6.661000000000000254e-01
-5.585999999999999854e-01
-1.794999999999999929e-01
5.713000000000000300e-01
-3.227999999999999758e-01
-8.723999999999999533e-01
7.104000000000000314e-01
-1.862000000000000044e-01
-2.766000000000000125e-01
2.101000000000000090e-01
6.498000000000000442e-01
-1.122999999999999970e-01
-1.988999999999999935e-01
-7.185000000000000275e-01
-5.506999999999999673e-01
8.991000000000000103e-01
5.756999999999999895e-01
-8.565000000000000391e-01
-2.998999999999999999e-01
7.241999999999999549e-01
7.700000000000000247e-03
8.467000000000000082e-01
-5.240000000000000213e-01
-6.758999999999999453e-01
1.540999999999999870e-01
8.241000000000000547e-01
-3.724999999999999978e-01
3.939999999999999752e-02
-5.716999999999999860e-01
2.050000000000000086e-02
4.761000000000000232e-01
8.934999999999999609e-01
-9.273000000000000131e-01
7.917999999999999483e-01
8.164000000000000146e-01
6.824999999999999956e-01
9.065999999999999615e-01
6.804999999999999938e-01
-3.402999999999999914e-01
-9.443000000000000282e-01
-7.341999999999999638e-01
-8.267999999999999794e-01
1.409999999999999865e-01
-5.199000000000000288e-01
6.976999999999999869e-01
-4.562999999999999834e-01
8.408999999999999808e-01
-8.399999999999999689e-01
-8.100000000000000255e-02
5.661000000000000476e-01
2.574000000000000177e-01
-7.671000000000000041e-01
-3.821999999999999842e-01
-9.262000000000000233e-01
6.479000000000000314e-01
-2.363000000000000100e-01
9.502000000000000446e-01
6.845999999999999863e-01
-1.423000000000000098e-01
