-4.985999999999999877e-01
-7.651999999999999913e-01
-1.210999999999999993e-01
-3.156999999999999806e-01
1.188000000000000028e-01
6.701000000000000290e-01
5.211000000000000076e-01
-5.299000000000000377e-01
-3.815999999999999948e-01
2.111999999999999988e-01
-9.123999999999999888e-01
-5.374999999999999778e-01
9.595000000000000195e-01
-8.215000000000000080e-01
-3.956999999999999962e-01
6.292999999999999705e-01
-8.393000000000000460e-01
-9.620999999999999552e-01
-5.362000000000000099e-01
7.429999999999999938e-01
3.785000000000000031e-01
3.317999999999999838e-01
-9.070000000000000284e-01
-2.303000000000000047e-01
3.371999999999999997e-01
-6.230000000000000121e-02
2.723999999999999755e-01
4.560000000000000164e-02
2.993999999999999995e-01
-3.114000000000000101e-01
9.678999999999999826e-01
-6.193999999999999506e-01
-8.393000000000000460e-01
-1.839000000000000079e-01
4.072000000000000064e-01
-6.019999999999999657e-02
9.212000000000000188e-01
-2.797000000000000042e-01
2.230000000000000038e-01
9.957000000000000295e-01
-3.632000000000000228e-01
-4.976999999999999758e-01
-1.242999999999999938e-01
8.974999999999999645e-01
3.450000000000000289e-02
-5.083999999999999631e-01
-1.110000000000000049e-02
-4.138000000000000012e-01
7.530000000000000027e-01
2.545999999999999930e-01
-3.869000000000000217e-01
5.978999999999999870e-01
9.858999999999999986e-01
1.000000000000000021e-03
1.010000000000000064e-01
2.998000000000000109e-01
-8.699999999999999400e-02
-5.258000000000000451e-01
9.034999999999999698e-01
-3.589999999999999858e-01
-9.425000000000000044e-01
-5.722000000000000419e-01
5.259000000000000341e-01
-6.659000000000000474e-01
6.206000000000000405e-01
9.767000000000000126e-01
2.071999999999999953e-01
6.185000000000000497e-01
-6.814999999999999947e-01
-9.100000000000000311e-01
-1.399999999999999986e-03
7.924999999999999822e-01
-6.810000000000000497e-01
-5.409000000000000474e-01
8.114999999999999991e-01
4.200999999999999734e-01
1.381000000000000005e-01
-9.294000000000000039e-01
-1.552999999999999936e-01
-3.426000000000000156e-01
-8.679000000000000048e-01
9.239000000000000545e-01
-2.454999999999999960e-01
5.181999999999999940e-01
1.479000000000000037e-01
5.637999999999999678e-01
-1.145000000000000046e-01
3.618000000000000105e-01
1.456999999999999962e-01
-9.643000000000000460e-01
3.620000000000000301e-02
-6.741000000000000325e-01
8.558000000000000052e-01
-3.489999999999999769e-01
2.953999999999999959e-01
3.750000000000000000e-01
9.312000000000000277e-01
-3.453999999999999848e-01
-8.476000000000000201e-01
-3.598999999999999977e-01
-5.467999999999999527e-01
-3.163000000000000256e-01
-7.809000000000000385e-01
8.757000000000000339e-01
8.746000000000000441e-01
7.046999999999999931e-01
-1.411000000000000032e-01
6.983000000000000318e-01
3.174000000000000155e-01
-2.632999999999999785e-01
-2.738999999999999768e-01
-4.217000000000000193e-01
4.748999999999999888e-01
-9.388999999999999568e-01
9.787000000000000144e-01
3.267999999999999794e-01
8.171000000000000485e-01
8.132000000000000339e-01
9.683000000000000496e-01
-9.708999999999999853e-01
-4.842000000000000193e-01
7.275000000000000355e-01
3.958999999999999742e-01
8.443000000000000504e-01
4.131000000000000227e-01
4.544000000000000261e-01
3.543000000000000038e-01
3.755999999999999894e-01
-4.933000000000000163e-01
8.306000000000000050e-01
-6.327000000000000401e-01
-3.810000000000000053e-01
6.783000000000000140e-01
3.486000000000000210e-01
2.558000000000000274e-01
-7.010999999999999455e-01
-3.451000000000000179e-01
7.975999999999999757e-01
-3.658000000000000140e-01
-1.860999999999999877e-01
-3.562000000000000166e-01
-7.259999999999999787e-01
8.756000000000000449e-01
-6.474999999999999645e-01
-7.886999999999999567e-01
3.804000000000000159e-01
-3.503000000000000003e-01
-5.225999999999999535e-01
-7.014000000000000234e-01
2.230000000000000038e-02
6.108999999999999986e-01
9.166999999999999593e-01
8.719999999999999973e-01
6.179000000000000048e-01
-7.526000000000000467e-01
3.880000000000000115e-02
7.441999999999999726e-01
3.140000000000000013e-01
-5.239000000000000323e-01
8.118999999999999551e-01
-6.980000000000000093e-02
-3.963999999999999746e-01
7.956999999999999629e-01
8.891000000000000014e-01
3.790999999999999925e-01
3.820000000000000062e-01
-7.106000000000000094e-01
-1.912999999999999978e-01
-3.981000000000000094e-01
9.961999999999999744e-01
-1.720000000000000001e-02
-1.084999999999999992e-01
4.924999999999999933e-01
8.316000000000000059e-01
-3.812999999999999723e-01
-7.226000000000000201e-01
-8.043000000000000149e-01
4.535000000000000142e-01
-2.717999999999999861e-01
-4.069999999999999729e-01
4.213000000000000078e-01
7.862000000000000099e-01
-6.002999999999999448e-01
-9.159000000000000474e-01
-1.297999999999999987e-01
-2.687999999999999834e-01
7.905999999999999694e-01
-7.114000000000000323e-01
-2.768999999999999795e-01
8.494000000000000439e-01
-9.856000000000000316e-01
-2.492000000000000048e-01
-6.482999999999999874e-01
-7.160999999999999588e-01
-1.554000000000000103e-01
3.696999999999999731e-01
-2.064999999999999891e-01
7.315000000000000391e-01
-3.438999999999999835e-01
9.724000000000000421e-01
4.660000000000000253e-02
-7.820000000000000562e-02
-3.503000000000000003e-01
-5.461000000000000298e-01
8.711999999999999744e-01
4.769999999999999934e-02
3.817999999999999727e-01
-1.658999999999999919e-01
4.388000000000000234e-01
-2.170999999999999874e-01
-1.549999999999999989e-01
-5.981999999999999540e-01
5.593000000000000194e-01
4.429999999999999910e-02
2.394999999999999907e-01
9.205999999999999739e-01
-3.306000000000000050e-01
