2.716999999999999971e-01
5.442000000000000171e-01
-6.292999999999999705e-01
-7.488000000000000211e-01
5.960999999999999632e-01
-3.840000000000000080e-01
9.475000000000000089e-01
3.506000000000000227e-01
6.600000000000000311e-01
-4.470999999999999974e-01
6.379000000000000226e-01
5.514000000000000012e-01
4.313000000000000167e-01
1.277000000000000079e-01
-7.734999999999999654e-01
2.732999999999999874e-01
-8.808000000000000274e-01
-8.891000000000000014e-01
-5.089000000000000190e-01
-1.564000000000000112e-01
-3.778000000000000247e-01
-4.434000000000000163e-01
-3.301999999999999935e-01
2.321999999999999897e-01
4.717000000000000082e-01
-4.788000000000000034e-01
5.716999999999999860e-01
-8.470999999999999641e-01
4.435999999999999943e-01
-6.915000000000000036e-01
