3.185999999999999943e-01
8.437000000000000055e-01
1.751000000000000056e-01
-6.035000000000000364e-01
-5.310000000000000137e-02
-2.088000000000000134e-01
3.402000000000000024e-01
9.227999999999999536e-01
1.499999999999999944e-02
3.058000000000000163e-01
8.252000000000000446e-01
9.663000000000000478e-01
2.114000000000000046e-01
3.079999999999999960e-01
3.963999999999999746e-01
-7.587000000000000410e-01
-3.266999999999999904e-01
-3.734000000000000097e-01
-8.804999999999999494e-01
-8.395000000000000240e-01
-9.842999999999999527e-01
6.495999999999999552e-01
3.837999999999999745e-01
-1.149999999999999981e-02
-1.940999999999999948e-01
-6.240999999999999881e-01
-2.842000000000000082e-01
-8.820000000000000062e-01
-4.104999999999999760e-01
-5.520000000000000462e-01
