9.420000000000000595e-02
-6.996999999999999886e-01
-6.349000000000000199e-01
1.529999999999999971e-01
-8.561999999999999611e-01
-9.525000000000000133e-01
-3.610999999999999766e-01
3.007000000000000228e-01
5.824000000000000288e-01
-6.796999999999999709e-01
6.344999999999999529e-01
-8.981000000000000094e-01
4.568999999999999728e-01
-9.746000000000000218e-01
-2.943999999999999950e-01
4.626000000000000112e-01
-6.750000000000000444e-02
-7.932000000000000162e-01
-7.470000000000000251e-02
-9.859999999999999876e-01
-5.776999999999999913e-01
2.574000000000000177e-01
9.768999999999999906e-01
-3.607000000000000206e-01
5.180000000000000160e-01
9.878000000000000114e-01
7.880000000000000338e-01
9.750999999999999668e-01
-6.246000000000000441e-01
-6.260000000000000286e-02
