3.620000000000000301e-02
-7.364000000000000545e-01
-5.113999999999999657e-01
-2.950999999999999734e-01
-9.806000000000000272e-01
4.359999999999999987e-01
2.842000000000000082e-01
7.539999999999999480e-02
9.785000000000000364e-01
6.844000000000000083e-01
-1.194000000000000061e-01
-7.860000000000000320e-02
9.752999999999999448e-01
-6.579999999999999738e-02
1.428999999999999992e-01
7.468000000000000194e-01
-9.304000000000000048e-01
5.099999999999999672e-02
-5.505999999999999783e-01
-9.239999999999999603e-02
-7.183000000000000496e-01
-8.807000000000000384e-01
-4.121000000000000218e-01
-7.351999999999999647e-01
2.757000000000000006e-01
-3.079000000000000070e-01
-8.443000000000000504e-01
-6.985000000000000098e-01
8.487999999999999989e-01
-7.702999999999999847e-01
