3.785000000000000031e-01
-7.053000000000000380e-01
8.690000000000000502e-02
6.124000000000000554e-01
-4.080000000000000293e-02
-7.240999999999999659e-01
-9.698999999999999844e-01
-3.049000000000000044e-01
-6.350000000000000089e-01
5.593000000000000194e-01
-3.316000000000000059e-01
3.180000000000000049e-01
1.580000000000000016e-01
3.409999999999999837e-02
-3.174000000000000155e-01
7.570000000000000062e-01
5.990000000000000185e-02
-9.459999999999999520e-01
-9.063999999999999835e-01
8.229999999999999538e-01
-4.959999999999999826e-02
5.815000000000000169e-01
-4.956999999999999740e-01
-4.673999999999999821e-01
8.558999999999999941e-01
4.832000000000000184e-01
-6.307000000000000384e-01
3.191999999999999837e-01
7.720000000000000195e-01
4.547999999999999821e-01
