-3.911000000000000032e-01
-2.670000000000000151e-02
-2.967000000000000193e-01
6.701000000000000290e-01
-4.820999999999999730e-01
7.967999999999999527e-01
1.912000000000000088e-01
-9.727999999999999980e-01
-3.502000000000000113e-01
-1.102000000000000063e-01
-7.790000000000000258e-01
2.839999999999999747e-01
6.943000000000000282e-01
5.725999999999999979e-01
-2.228999999999999870e-01
9.839999999999999858e-01
5.489999999999999741e-02
8.358999999999999764e-01
-4.406999999999999806e-01
4.399000000000000132e-01
-4.966999999999999749e-01
8.126999999999999780e-01
6.161999999999999700e-01
-7.344000000000000528e-01
-9.818000000000000060e-01
-4.963000000000000189e-01
-6.258000000000000229e-01
-2.958000000000000074e-01
5.797999999999999821e-01
-4.059999999999999720e-02
