9.181000000000000272e-01
-5.808999999999999719e-01
2.849999999999999756e-01
-4.060000000000000275e-01
1.731999999999999929e-01
-3.160000000000000309e-02
-9.848000000000000087e-01
9.779999999999999805e-02
-8.417000000000000037e-01
6.472999999999999865e-01
6.219999999999999835e-02
-4.600000000000000200e-01
4.019999999999999962e-02
1.082000000000000045e-01
-5.051999999999999824e-01
-9.219000000000000528e-01
9.648999999999999799e-01
-8.092000000000000304e-01
-3.849000000000000199e-01
-9.241000000000000325e-01
-8.985999999999999543e-01
5.416999999999999593e-01
6.037000000000000144e-01
-7.329999999999999849e-01
7.829000000000000403e-01
3.769999999999999740e-02
9.854000000000000536e-01
-1.063999999999999946e-01
5.870999999999999552e-01
-3.309000000000000274e-01
7.459000000000000075e-01
-9.536000000000000032e-01
-1.173000000000000015e-01
2.782000000000000028e-01
3.526000000000000245e-01
1.789999999999999925e-01
-7.025000000000000133e-01
-5.182999999999999829e-01
5.181000000000000050e-01
1.035999999999999976e-01
-7.951000000000000290e-01
6.300000000000000044e-03
8.677000000000000268e-01
-6.451000000000000068e-01
-6.528000000000000469e-01
-1.590000000000000094e-02
-1.501000000000000112e-01
-3.443999999999999839e-01
-9.213999999999999968e-01
9.290000000000000480e-01
-8.610999999999999766e-01
-5.774000000000000243e-01
1.864999999999999991e-01
