-1.680000000000000104e-01
8.753999999999999559e-01
-5.653000000000000247e-01
7.884999999999999787e-01
8.437999999999999945e-01
5.948999999999999844e-01
-7.038999999999999702e-01
-8.347999999999999865e-01
9.578999999999999737e-01
9.970999999999999863e-01
7.647000000000000464e-01
1.064999999999999974e-01
-2.013000000000000067e-01
-8.161000000000000476e-01
-6.370999999999999996e-01
-9.080000000000000571e-02
6.750000000000000444e-02
-4.647000000000000020e-01
-3.353999999999999759e-01
5.278000000000000469e-01
-6.784999999999999920e-01
1.145999999999999935e-01
8.329999999999999627e-01
-8.411999999999999478e-01
4.666000000000000147e-01
8.659999999999999920e-01
5.766999999999999904e-01
5.783000000000000362e-01
9.028000000000000469e-01
9.061000000000000165e-01
7.329999999999999849e-01
-4.033999999999999808e-01
-1.754999999999999893e-01
-9.919999999999999651e-02
2.614000000000000212e-01
-5.856000000000000094e-01
9.648999999999999799e-01
6.572000000000000064e-01
3.800999999999999934e-01
-8.790999999999999925e-01
-1.234999999999999987e-01
-7.784999999999999698e-01
4.152000000000000135e-01
2.083000000000000129e-01
-6.076000000000000290e-01
-3.282999999999999807e-01
-4.689999999999999725e-01
-2.492999999999999938e-01
-4.732999999999999985e-01
1.174999999999999933e-01
-9.667000000000000037e-01
-4.686000000000000165e-01
-9.150000000000000355e-01
