-7.963999999999999968e-01
5.620000000000000551e-01
-7.698000000000000398e-01
1.222000000000000031e-01
-1.292999999999999983e-01
5.454999999999999849e-01
1.441999999999999948e-01
9.395999999999999908e-01
7.457000000000000295e-01
-5.175999999999999490e-01
3.689999999999999947e-01
-3.362999999999999878e-01
6.987999999999999767e-01
4.778999999999999915e-01
2.230999999999999928e-01
-8.086999999999999744e-01
1.884000000000000119e-01
3.135999999999999899e-01
9.210000000000000131e-02
6.853000000000000203e-01
1.665000000000000091e-01
2.275000000000000078e-01
-2.199000000000000121e-01
-7.730000000000000204e-01
5.560000000000000497e-01
1.804999999999999938e-01
9.929000000000000048e-01
-1.088999999999999968e-01
1.484000000000000041e-01
-9.596000000000000085e-01
7.651999999999999913e-01
-1.867000000000000048e-01
-3.598999999999999977e-01
-5.145999999999999464e-01
-7.017999999999999794e-01
-6.471000000000000085e-01
-4.139999999999999791e-01
7.900000000000000772e-03
7.698000000000000398e-01
-6.745999999999999774e-01
-5.047000000000000375e-01
1.575999999999999901e-01
5.891999999999999460e-01
8.309999999999999609e-01
-4.199999999999999845e-01
4.522999999999999798e-01
-2.313999999999999946e-01
6.019999999999999796e-01
-6.071999999999999620e-01
-9.587999999999999856e-01
-3.986999999999999988e-01
-6.755999999999999783e-01
-7.738000000000000433e-01
