-6.765999999999999792e-01
1.441000000000000059e-01
9.147999999999999465e-01
9.582000000000000517e-01
-5.531000000000000361e-01
-6.375999999999999446e-01
-3.430000000000000271e-01
-4.784999999999999809e-01
-2.414999999999999925e-01
-4.586000000000000076e-01
7.138999999999999790e-01
7.712999999999999856e-01
1.358000000000000040e-01
-9.189000000000000501e-01
7.252999999999999448e-01
-9.270000000000000462e-01
4.925999999999999823e-01
-5.412000000000000144e-01
-8.011000000000000343e-01
5.461000000000000298e-01
-4.279000000000000026e-01
-2.850000000000000103e-02
7.022000000000000464e-01
6.359000000000000208e-01
-9.003999999999999782e-01
4.697999999999999954e-01
2.649000000000000243e-01
-3.996000000000000107e-01
-6.805999999999999828e-01
-2.612999999999999767e-01
1.696999999999999897e-01
-4.838000000000000078e-01
1.116000000000000048e-01
-8.393000000000000460e-01
-5.251000000000000112e-01
-4.304000000000000048e-01
-8.614000000000000545e-01
5.675000000000000044e-01
6.745999999999999774e-01
-6.766999999999999682e-01
3.544999999999999818e-01
-7.633999999999999675e-01
-2.434999999999999942e-01
5.881999999999999451e-01
-4.536000000000000032e-01
-2.972000000000000197e-01
-4.102999999999999980e-01
6.833000000000000185e-01
-1.199999999999999895e-03
-2.558000000000000274e-01
-7.115000000000000213e-01
6.408000000000000362e-01
-9.351000000000000423e-01
