-2.248999999999999888e-01
3.145999999999999908e-01
-5.873000000000000442e-01
4.581999999999999962e-01
1.461999999999999966e-01
-5.342999999999999972e-01
-5.799999999999999600e-01
-3.189999999999999780e-02
-6.286000000000000476e-01
5.750000000000000250e-02
1.791000000000000092e-01
-8.071000000000000396e-01
9.622000000000000552e-01
1.416999999999999926e-01
9.258999999999999453e-01
-6.050999999999999712e-01
-5.445999999999999730e-01
7.550999999999999934e-01
-6.581000000000000183e-01
-5.652000000000000357e-01
-6.370000000000000662e-02
-4.220000000000000140e-02
-3.679999999999999938e-02
4.465000000000000080e-01
2.114000000000000046e-01
4.385000000000000009e-01
7.855999999999999650e-01
9.382000000000000339e-01
-3.936000000000000054e-01
1.343000000000000027e-01
8.378999999999999782e-01
7.359999999999999876e-01
5.632000000000000339e-01
5.133999999999999675e-01
5.269000000000000350e-01
3.338999999999999746e-01
-8.999999999999999667e-02
1.089999999999999997e-02
-2.310000000000000109e-01
8.373000000000000442e-01
6.797999999999999599e-01
2.545000000000000040e-01
-1.418999999999999984e-01
1.338000000000000023e-01
-8.381999999999999451e-01
-9.747999999999999998e-01
-2.649999999999999925e-02
4.279999999999999916e-01
-6.745999999999999774e-01
-7.400000000000000328e-03
1.738000000000000100e-01
7.003000000000000336e-01
6.727999999999999536e-01
