2.999999999999999889e-01
3.155999999999999917e-01
-1.935000000000000053e-01
-3.266999999999999904e-01
-4.884999999999999898e-01
6.158000000000000140e-01
-8.780000000000000027e-01
-6.895999999999999908e-01
-1.287000000000000088e-01
7.959000000000000519e-01
-5.019000000000000128e-01
6.312999999999999723e-01
3.989999999999999797e-02
-9.659999999999999698e-01
-5.384999999999999787e-01
1.741000000000000048e-01
7.571999999999999842e-01
9.032999999999999918e-01
-1.574000000000000121e-01
7.223000000000000531e-01
7.991000000000000325e-01
-2.059999999999999887e-01
1.819000000000000061e-01
7.035000000000000142e-01
9.395999999999999908e-01
4.501000000000000001e-01
1.089999999999999997e-02
8.031000000000000361e-01
-2.889999999999999791e-01
-6.030999999999999694e-01
-5.391000000000000236e-01
3.432000000000000051e-01
-3.462000000000000077e-01
-7.065000000000000169e-01
-7.467000000000000304e-01
6.747999999999999554e-01
6.069999999999999840e-01
-8.500000000000000611e-02
-7.900000000000000355e-01
-1.116000000000000048e-01
-7.315000000000000391e-01
-1.572000000000000064e-01
1.318000000000000005e-01
-5.742000000000000437e-01
-9.032000000000000028e-01
-8.739000000000000101e-01
-2.530000000000000027e-01
9.615000000000000213e-01
-1.622999999999999998e-01
5.655000000000000027e-01
1.629999999999999852e-02
1.958000000000000018e-01
-1.969999999999999876e-02
