-9.285999999999999810e-01
2.993999999999999995e-01
-9.638999999999999790e-01
2.947000000000000175e-01
3.543000000000000038e-01
-2.437000000000000000e-01
-9.606000000000000094e-01
-4.068999999999999839e-01
-5.654000000000000137e-01
1.577000000000000068e-01
-2.149000000000000077e-01
3.544999999999999818e-01
-1.038000000000000034e-01
9.569999999999999341e-02
-4.732000000000000095e-01
1.920000000000000040e-01
5.332999999999999963e-01
1.095000000000000001e-01
-7.700000000000000247e-03
-1.209999999999999964e-02
5.365999999999999659e-01
9.101000000000000201e-01
-6.239000000000000101e-01
-1.117999999999999966e-01
-3.477999999999999980e-01
-5.574999999999999956e-01
-1.877000000000000057e-01
-9.268999999999999462e-01
-8.758000000000000229e-01
5.976000000000000201e-01
7.106999999999999984e-01
6.664999999999999813e-01
-5.387999999999999456e-01
2.013000000000000067e-01
-9.371000000000000441e-01
-4.419000000000000150e-01
1.267999999999999960e-01
-1.564000000000000112e-01
2.577999999999999736e-01
2.676000000000000045e-01
-8.350999999999999535e-01
6.778999999999999471e-01
4.320999999999999841e-01
-5.131000000000000005e-01
-8.416000000000000147e-01
-8.330999999999999517e-01
-8.639999999999999902e-01
9.927000000000000268e-01
9.830999999999999739e-01
8.745000000000000551e-01
-5.356999999999999540e-01
1.879000000000000115e-01
-1.020999999999999963e-01
