6.257000000000000339e-01
-9.065999999999999615e-01
-7.981000000000000316e-01
5.930999999999999606e-01
-8.941000000000000059e-01
7.425000000000000488e-01
-3.794000000000000150e-01
4.077000000000000068e-01
-4.546999999999999931e-01
-9.432000000000000384e-01
1.703000000000000069e-01
-7.320000000000000118e-02
-9.235999999999999766e-01
-1.627000000000000113e-01
8.789000000000000146e-01
8.562999999999999501e-01
7.569000000000000172e-01
4.359000000000000097e-01
-4.838999999999999968e-01
6.896999999999999797e-01
-8.378999999999999782e-01
-9.495999999999999996e-01
-5.911999999999999478e-01
-1.141999999999999960e-01
6.470000000000000195e-01
3.219999999999999946e-02
-8.559999999999999831e-01
2.479999999999999913e-02
-2.033999999999999975e-01
-6.098999999999999977e-01
-6.957999999999999741e-01
3.477999999999999980e-01
1.144000000000000017e-01
-8.980000000000000482e-02
3.825000000000000067e-01
-8.108999999999999542e-01
-4.403000000000000247e-01
-6.186000000000000387e-01
-8.138999999999999568e-01
5.172999999999999821e-01
-2.200999999999999901e-01
-9.176999999999999602e-01
3.484999999999999765e-01
-3.653000000000000136e-01
3.855999999999999983e-01
8.084999999999999964e-01
-5.759999999999999842e-02
-5.965000000000000302e-01
9.817000000000000171e-01
6.357000000000000428e-01
-9.180000000000000382e-01
2.709999999999999909e-02
3.195000000000000062e-01
