-9.111000000000000210e-01
5.099999999999999672e-02
9.902999999999999581e-01
3.045999999999999819e-01
3.822999999999999732e-01
4.490999999999999992e-01
3.261999999999999900e-01
7.381999999999999673e-01
4.078999999999999848e-01
7.933999999999999941e-01
-7.134000000000000341e-01
4.420999999999999930e-01
2.674000000000000266e-01
-5.312999999999999945e-01
-5.634000000000000119e-01
3.389999999999999958e-02
-4.333000000000000185e-01
-9.223999999999999977e-01
-4.400000000000000265e-03
9.283000000000000140e-01
2.368000000000000105e-01
-7.580000000000000071e-01
-1.295999999999999930e-01
-1.540000000000000049e-02
-7.700000000000000178e-01
4.055000000000000271e-01
-7.406000000000000361e-01
6.062999999999999501e-01
4.264999999999999902e-01
7.271999999999999575e-01
2.185999999999999888e-01
-1.383999999999999952e-01
1.524000000000000077e-01
-6.529000000000000359e-01
1.280000000000000027e-01
-5.212999999999999856e-01
-6.090999999999999748e-01
4.446999999999999842e-01
2.752999999999999892e-01
-3.352999999999999869e-01
3.513000000000000012e-01
-5.335999999999999632e-01
3.229000000000000203e-01
-7.214000000000000412e-01
7.370000000000000162e-02
8.466000000000000192e-01
-7.897999999999999465e-01
4.354000000000000092e-01
-3.713000000000000189e-01
-3.099000000000000088e-01
-5.191999999999999948e-01
-7.349999999999999867e-01
8.240000000000000102e-02
