-5.469000000000000528e-01
-1.638000000000000012e-01
8.115999999999999881e-01
-7.654999999999999583e-01
5.241000000000000103e-01
-3.559999999999999970e-02
-3.382000000000000006e-01
4.469999999999999668e-02
1.436999999999999944e-01
-8.526000000000000245e-01
-7.138999999999999790e-01
2.762999999999999901e-01
-5.050999999999999934e-01
-8.776000000000000467e-01
7.095000000000000195e-01
-4.794999999999999818e-01
4.864999999999999880e-01
-5.482000000000000206e-01
-2.616999999999999882e-01
-9.439999999999999780e-02
-5.148000000000000353e-01
1.130000000000000032e-01
-4.007000000000000006e-01
7.774999999999999689e-01
-1.460000000000000013e-02
6.798999999999999488e-01
6.025000000000000355e-01
8.983999999999999764e-01
6.000999999999999668e-01
-6.940000000000000335e-02
8.397000000000000020e-01
-1.130000000000000032e-01
6.704999999999999849e-01
6.621000000000000218e-01
6.405999999999999472e-01
7.869000000000000439e-01
1.034000000000000058e-01
-9.576000000000000068e-01
6.724999999999999867e-01
-6.844999999999999973e-01
-9.506000000000000005e-01
-6.608000000000000540e-01
9.933999999999999497e-01
6.885000000000000009e-01
3.966999999999999971e-01
-5.937000000000000055e-01
1.540999999999999870e-01
-2.184000000000000108e-01
8.114000000000000101e-01
2.819999999999999937e-02
-9.874000000000000554e-01
-4.731000000000000205e-01
7.026999999999999913e-01
