8.390000000000000235e-02
-4.491999999999999882e-01
1.957000000000000128e-01
9.750000000000000333e-02
6.572000000000000064e-01
-7.551999999999999824e-01
8.305000000000000160e-01
-4.360999999999999877e-01
-1.625000000000000056e-01
-4.119999999999999774e-01
-7.861000000000000210e-01
-8.933999999999999719e-01
-5.935000000000000275e-01
1.779999999999999916e-01
-9.305999999999999828e-01
-1.990000000000000102e-01
-3.740999999999999881e-01
6.919999999999999762e-02
3.407999999999999918e-01
-8.029999999999999638e-02
1.812999999999999889e-01
-1.514999999999999958e-01
5.453000000000000069e-01
3.699999999999999817e-02
3.864000000000000212e-01
-7.116000000000000103e-01
8.092000000000000304e-01
1.607999999999999985e-01
4.151000000000000245e-01
-8.123000000000000220e-01
6.773000000000000131e-01
-5.383999999999999897e-01
8.113000000000000211e-01
5.411000000000000254e-01
-7.103000000000000425e-01
5.449999999999999983e-02
7.973999999999999977e-01
-5.655000000000000027e-01
4.570000000000000173e-01
7.622999999999999776e-01
-2.492000000000000048e-01
9.913999999999999480e-01
-7.338000000000000078e-01
-3.350000000000000200e-01
1.669999999999999957e-02
3.851999999999999869e-01
8.224000000000000199e-01
-5.766000000000000014e-01
8.406000000000000139e-01
9.569999999999999341e-02
5.935000000000000275e-01
-2.839999999999999747e-01
8.065999999999999837e-01
6.498000000000000442e-01
9.433000000000000274e-01
1.492999999999999883e-01
-8.500999999999999668e-01
1.531000000000000139e-01
3.622000000000000219e-01
8.919000000000000261e-01
6.792000000000000259e-01
8.504000000000000448e-01
-5.590000000000000524e-01
6.836999999999999744e-01
-4.101000000000000201e-01
-5.513000000000000123e-01
5.128000000000000336e-01
9.005999999999999561e-01
-4.758000000000000007e-01
-7.135000000000000231e-01
3.245999999999999996e-01
1.335999999999999965e-01
-4.536999999999999922e-01
2.459000000000000075e-01
8.994999999999999662e-01
-1.642000000000000126e-01
-1.570000000000000007e-01
1.025999999999999968e-01
-3.900000000000000133e-01
3.446000000000000174e-01
8.790000000000000036e-01
4.642999999999999905e-01
3.539999999999999813e-01
-8.175000000000000044e-01
-6.301999999999999824e-01
-5.153999999999999693e-01
6.281999999999999806e-01
