-6.873000000000000220e-01
-2.516999999999999793e-01
5.280000000000000249e-01
6.223999999999999533e-01
2.230000000000000038e-01
-5.780999999999999472e-01
-6.263999999999999568e-01
-5.857999999999999874e-01
1.100000000000000006e-01
-5.138000000000000345e-01
5.969999999999999751e-01
7.159999999999999698e-02
-4.370999999999999885e-01
-5.536999999999999700e-01
8.323000000000000398e-01
4.580000000000000182e-01
6.945999999999999952e-01
6.633000000000000007e-01
-9.670999999999999597e-01
5.960999999999999632e-01
-3.251000000000000001e-01
-9.500000000000000111e-02
8.186999999999999833e-01
-4.704999999999999738e-01
1.996999999999999886e-01
6.955999999999999961e-01
-6.777999999999999581e-01
-4.172000000000000153e-01
-7.435000000000000497e-01
-9.187999999999999501e-01
-3.266000000000000014e-01
-3.479999999999999760e-01
-2.167999999999999927e-01
-2.051999999999999935e-01
-8.750000000000000000e-01
8.360999999999999543e-01
-9.709999999999999742e-01
5.318000000000000504e-01
-4.245999999999999774e-01
8.584000000000000519e-01
-3.297999999999999821e-01
-4.355999999999999872e-01
6.218000000000000194e-01
-6.330000000000000071e-01
-2.262000000000000122e-01
-6.784000000000000030e-01
6.054000000000000492e-01
-7.426000000000000378e-01
4.793999999999999928e-01
1.099999999999999936e-02
-3.648000000000000131e-01
6.147000000000000242e-01
-2.404999999999999916e-01
-5.300000000000000266e-01
-5.419999999999999818e-02
5.989999999999999769e-01
-3.114000000000000101e-01
-5.750999999999999446e-01
5.940000000000000141e-02
-1.700000000000000122e-02
-9.162000000000000144e-01
6.318000000000000282e-01
-8.515000000000000346e-01
4.830999999999999739e-01
-4.467999999999999750e-01
4.954999999999999960e-01
3.469999999999999751e-01
-9.599999999999999159e-03
-9.015999999999999570e-01
1.617999999999999994e-01
7.346000000000000307e-01
3.020000000000000115e-02
1.250000000000000000e-01
-2.462999999999999912e-01
-1.675000000000000100e-01
-1.535999999999999865e-01
-5.833000000000000407e-01
6.506999999999999451e-01
5.459000000000000519e-01
3.644000000000000017e-01
8.673999999999999488e-01
-6.800000000000000488e-01
6.035000000000000364e-01
8.973999999999999755e-01
7.439000000000000057e-01
-9.274999999999999911e-01
2.543000000000000260e-01
