-3.951999999999999957e-01
-2.175999999999999879e-01
-3.343999999999999750e-01
-7.562999999999999723e-01
-5.699999999999999512e-01
4.606999999999999984e-01
-1.502999999999999892e-01
-2.640000000000000124e-01
-4.774999999999999800e-01
-2.844999999999999751e-01
7.441999999999999726e-01
-1.250000000000000000e-01
2.050000000000000086e-02
8.546000000000000263e-01
9.767000000000000126e-01
-4.714999999999999747e-01
9.605000000000000204e-01
3.307999999999999829e-01
-2.630000000000000115e-01
7.332999999999999519e-01
7.744999999999999662e-01
2.954999999999999849e-01
-1.460000000000000013e-02
1.361999999999999877e-01
-3.734999999999999987e-01
7.179999999999999716e-01
-3.889000000000000234e-01
-7.905999999999999694e-01
7.460999999999999854e-01
5.833000000000000407e-01
9.151000000000000245e-01
-4.677000000000000046e-01
-8.587000000000000188e-01
4.793000000000000038e-01
-6.576999999999999513e-01
-1.691999999999999893e-01
-2.731999999999999984e-01
-6.574999999999999734e-01
-5.673000000000000265e-01
-9.733000000000000540e-01
-4.808000000000000052e-01
9.969999999999999973e-01
-9.810000000000000664e-02
-8.077999999999999625e-01
-1.809000000000000052e-01
-3.085999999999999854e-01
6.374999999999999556e-01
3.599999999999999901e-03
-9.660999999999999588e-01
-2.964999999999999858e-01
8.500000000000000611e-02
2.043999999999999984e-01
7.401999999999999691e-01
-1.010999999999999954e-01
6.008000000000000007e-01
3.531000000000000250e-01
-7.558000000000000274e-01
7.911000000000000254e-01
-6.867999999999999661e-01
7.458000000000000185e-01
9.539999999999999591e-01
-3.981999999999999984e-01
3.788000000000000256e-01
8.659999999999999920e-01
-9.928000000000000158e-01
4.622999999999999887e-01
6.009999999999999787e-01
-9.497999999999999776e-01
2.762000000000000011e-01
-7.884999999999999787e-01
-1.406000000000000028e-01
4.698999999999999844e-01
-3.804000000000000159e-01
-7.167000000000000037e-01
9.401000000000000467e-01
9.959000000000000075e-01
4.850999999999999757e-01
-9.454000000000000181e-01
2.494999999999999996e-01
-2.258999999999999897e-01
3.486000000000000210e-01
2.881000000000000227e-01
2.298999999999999932e-01
-2.902000000000000135e-01
-2.769999999999999893e-02
-3.321999999999999953e-01
-9.510000000000000397e-02
