3.990000000000000213e-01
-8.930000000000000160e-01
-9.993999999999999551e-01
-2.368999999999999995e-01
6.875000000000000000e-01
-7.345000000000000417e-01
-5.947999999999999954e-01
-9.203999999999999959e-01
-4.002000000000000002e-01
-5.809999999999999609e-01
6.310000000000000053e-01
1.238999999999999962e-01
-3.630999999999999783e-01
-5.170000000000000290e-02
3.852999999999999758e-01
-6.296000000000000485e-01
8.055999999999999828e-01
1.238999999999999962e-01
-4.194999999999999840e-01
-4.756000000000000227e-01
9.352000000000000313e-01
-6.794000000000000039e-01
-2.847000000000000086e-01
-7.153000000000000469e-01
-8.780000000000000304e-02
-9.841999999999999638e-01
6.079999999999999988e-02
2.681999999999999940e-01
3.484999999999999765e-01
8.122000000000000330e-01
2.021999999999999909e-01
8.653999999999999471e-01
-9.678999999999999826e-01
-7.601999999999999869e-01
2.344999999999999862e-01
6.912000000000000366e-01
8.698000000000000176e-01
-1.053999999999999937e-01
-6.605999999999999650e-01
-5.419999999999999818e-02
-9.132000000000000117e-01
5.447999999999999510e-01
3.217999999999999750e-01
-3.546000000000000263e-01
2.510000000000000009e-01
-6.220999999999999863e-01
-8.552999999999999492e-01
6.505999999999999561e-01
-4.954999999999999960e-01
3.513000000000000012e-01
-5.324999999999999734e-01
7.114000000000000323e-01
-5.391000000000000236e-01
7.481999999999999762e-01
2.361999999999999933e-01
-3.038000000000000145e-01
6.152999999999999581e-01
-1.512000000000000011e-01
5.076000000000000512e-01
-2.852000000000000091e-01
6.447000000000000508e-01
-9.135999999999999677e-01
-8.293000000000000371e-01
9.362000000000000322e-01
-8.004999999999999893e-01
-1.910000000000000031e-01
9.093999999999999861e-01
-9.397999999999999687e-01
6.641000000000000236e-01
3.487000000000000099e-01
-3.039999999999999994e-02
1.486000000000000099e-01
-8.939999999999999336e-02
5.351000000000000201e-01
-2.074999999999999900e-01
-2.630000000000000046e-02
8.663999999999999480e-01
-9.355999999999999872e-01
3.808000000000000274e-01
1.320000000000000062e-01
-8.642999999999999572e-01
3.190999999999999948e-01
-2.549000000000000155e-01
8.604000000000000536e-01
-6.037000000000000144e-01
8.184000000000000163e-01
3.564999999999999836e-01
