-5.210000000000000048e-02
4.568999999999999728e-01
3.538000000000000034e-01
-2.116999999999999993e-01
8.643999999999999462e-01
4.480999999999999983e-01
4.364000000000000101e-01
5.999999999999999778e-02
-1.555999999999999883e-01
-8.830000000000000349e-02
-4.124999999999999778e-01
6.262999999999999678e-01
-6.142999999999999572e-01
-2.111000000000000099e-01
1.155000000000000054e-01
6.028000000000000025e-01
1.290000000000000001e-02
-1.398000000000000076e-01
4.315999999999999837e-01
-5.023999999999999577e-01
-2.175999999999999879e-01
7.634999999999999565e-01
8.334000000000000297e-01
-5.020999999999999908e-01
-2.383000000000000118e-01
9.156999999999999584e-01
2.631999999999999895e-01
-7.516000000000000458e-01
-8.178999999999999604e-01
4.918000000000000149e-01
-5.774000000000000243e-01
-3.371000000000000107e-01
3.489999999999999769e-01
9.640999999999999570e-01
-8.078999999999999515e-01
-5.377999999999999448e-01
-6.836999999999999744e-01
2.100000000000000130e-02
9.110000000000000042e-02
-7.889000000000000457e-01
-5.796999999999999931e-01
-6.562999999999999945e-01
-7.772000000000000020e-01
5.090000000000000080e-01
5.370000000000000329e-01
6.149000000000000021e-01
9.818999999999999950e-01
8.444000000000000394e-01
-5.074999999999999512e-01
-2.967000000000000193e-01
9.669999999999999429e-02
-3.282999999999999807e-01
8.176999999999999824e-01
6.999999999999999556e-01
-6.075000000000000400e-01
5.382000000000000117e-01
-5.400000000000000355e-01
-6.815999999999999837e-01
-4.032999999999999918e-01
5.930999999999999606e-01
-6.300999999999999934e-01
3.416000000000000147e-01
7.823999999999999844e-01
9.900000000000000813e-03
-9.080000000000000293e-01
7.639999999999999569e-02
-5.779999999999999583e-01
-5.567999999999999616e-01
1.166999999999999982e-01
5.859999999999999654e-01
-1.139000000000000012e-01
-2.822999999999999954e-01
-8.590000000000000413e-02
8.300000000000000086e-03
-2.421000000000000096e-01
1.491000000000000103e-01
-7.670000000000000151e-01
-5.746999999999999886e-01
-4.112000000000000099e-01
-8.608000000000000096e-01
9.976000000000000423e-01
-4.359999999999999987e-02
-1.464999999999999913e-01
2.884999999999999787e-01
8.939999999999999336e-02
6.855999999999999872e-01
-8.569999999999999840e-02
