-8.598999999999999977e-01
-5.400000000000000355e-01
-9.925000000000000488e-01
9.545000000000000151e-01
2.975999999999999757e-01
9.062999999999999945e-01
6.629000000000000448e-01
-2.439999999999999947e-01
-7.707000000000000517e-01
-8.549999999999999822e-01
-2.834999999999999742e-01
-2.741999999999999993e-01
-5.672000000000000375e-01
4.946999999999999731e-01
-9.311000000000000387e-01
-1.683000000000000052e-01
8.994999999999999662e-01
-5.352999999999999980e-01
-9.708999999999999853e-01
-3.034000000000000030e-01
-2.917000000000000148e-01
-5.817999999999999838e-01
1.482999999999999874e-01
-9.568999999999999728e-01
8.126999999999999780e-01
6.710000000000000409e-01
-6.811000000000000387e-01
-3.447000000000000064e-01
2.315000000000000113e-01
7.036999999999999922e-01
1.018000000000000016e-01
-5.006000000000000449e-01
-5.000000000000000278e-02
-8.879000000000000226e-01
6.538000000000000478e-01
7.486000000000000432e-01
4.857000000000000206e-01
-5.018000000000000238e-01
-4.938000000000000167e-01
6.750000000000000444e-01
8.879000000000000226e-01
5.053999999999999604e-01
8.521999999999999575e-01
-4.858999999999999986e-01
5.747999999999999776e-01
5.566999999999999726e-01
2.529000000000000137e-01
-6.886999999999999789e-01
-1.107999999999999957e-01
-5.181000000000000050e-01
4.265999999999999792e-01
-4.610000000000000209e-02
-1.391999999999999904e-01
9.106999999999999540e-01
8.500999999999999668e-01
6.770000000000000462e-01
-4.016000000000000125e-01
5.403999999999999915e-01
-4.723999999999999866e-01
8.999999999999999667e-02
9.010000000000000231e-01
1.123999999999999999e-01
3.951000000000000068e-01
-1.945000000000000062e-01
4.047999999999999932e-01
-2.878000000000000003e-01
1.544999999999999984e-01
4.706000000000000183e-01
-8.539999999999999813e-01
-9.202000000000000179e-01
9.354000000000000092e-01
1.776000000000000079e-01
-6.334999999999999520e-01
9.653000000000000469e-01
-4.744999999999999774e-01
-6.366000000000000547e-01
-2.615000000000000102e-01
3.774000000000000132e-01
-3.836999999999999855e-01
4.131000000000000227e-01
-1.774000000000000021e-01
2.099999999999999922e-01
-3.587000000000000188e-01
5.161000000000000032e-01
2.069999999999999965e-02
-9.585000000000000187e-01
1.145999999999999935e-01
