9.293000000000000149e-01
1.388999999999999957e-01
-6.140000000000000319e-02
-4.691000000000000170e-01
6.937999999999999723e-01
-7.449999999999999678e-02
4.048999999999999821e-01
3.069999999999999951e-01
-2.409000000000000030e-01
-7.893000000000000016e-01
3.362999999999999878e-01
4.374000000000000110e-01
-1.013000000000000012e-01
2.736000000000000099e-01
-1.391999999999999904e-01
-9.078000000000000513e-01
3.224000000000000199e-01
-3.980000000000000204e-01
2.806000000000000161e-01
5.546999999999999709e-01
2.787000000000000033e-01
8.200000000000000691e-03
2.079999999999999905e-02
9.650000000000000244e-02
-4.445999999999999952e-01
-6.368000000000000327e-01
-8.951999999999999957e-01
2.336999999999999911e-01
7.122000000000000552e-01
-7.420000000000000207e-02
-6.441000000000000059e-01
-4.094999999999999751e-01
-4.747000000000000108e-01
-6.602000000000000091e-01
1.540000000000000049e-02
-5.047000000000000375e-01
7.208999999999999853e-01
-9.495999999999999996e-01
8.401999999999999469e-01
7.369999999999999885e-01
-6.469999999999999363e-02
6.773000000000000131e-01
-1.821000000000000119e-01
-5.956000000000000183e-01
-6.997999999999999776e-01
-5.373999999999999888e-01
-9.990000000000000269e-02
-3.479999999999999760e-02
8.872999999999999776e-01
2.812000000000000055e-01
7.895999999999999686e-01
9.410000000000000309e-02
1.955999999999999961e-01
6.906999999999999806e-01
-2.023999999999999966e-01
-8.255000000000000115e-01
8.273000000000000353e-01
9.209000000000000519e-01
-3.930000000000000160e-02
1.155999999999999944e-01
4.383000000000000229e-01
1.449999999999999900e-01
1.970000000000000084e-01
5.989999999999999769e-01
-9.220000000000000417e-01
-9.777000000000000135e-01
7.519000000000000128e-01
2.122999999999999887e-01
-8.478999999999999870e-01
8.953999999999999737e-01
-2.109000000000000041e-01
2.949999999999999845e-01
-1.020999999999999963e-01
6.192999999999999616e-01
6.998999999999999666e-01
-5.483999999999999986e-01
-3.156999999999999806e-01
4.079999999999999738e-01
-8.276000000000000023e-01
-4.106000000000000205e-01
-6.379999999999999560e-02
2.489000000000000101e-01
5.659999999999999476e-01
-1.383999999999999952e-01
8.742999999999999661e-01
-2.089999999999999844e-02
8.657000000000000250e-01
