-6.853000000000000203e-01
-8.525000000000000355e-01
-4.300000000000000003e-03
-1.024999999999999939e-01
-1.441000000000000059e-01
3.014000000000000012e-01
9.008000000000000451e-01
-4.680000000000000132e-02
-1.302000000000000102e-01
-5.403000000000000025e-01
-7.290999999999999703e-01
6.848999999999999533e-01
-1.781999999999999973e-01
2.091000000000000081e-01
3.109999999999999917e-02
-4.318000000000000171e-01
-7.853999999999999870e-01
8.860999999999999988e-01
-8.871999999999999886e-01
-2.610000000000000098e-01
-2.649999999999999925e-02
9.798999999999999932e-01
4.010000000000000231e-01
-6.806999999999999718e-01
1.619999999999999912e-02
-2.389999999999999902e-01
-8.791999999999999815e-01
1.125000000000000028e-01
1.869999999999999996e-01
1.295999999999999930e-01
6.590000000000000302e-01
7.310999999999999721e-01
7.697000000000000508e-01
8.266000000000000014e-01
-4.519999999999999712e-02
4.410000000000000031e-01
-2.807000000000000051e-01
-9.335999999999999854e-01
-1.378000000000000058e-01
-8.770999999999999908e-01
-3.996000000000000107e-01
6.252999999999999670e-01
9.153000000000000025e-01
-4.303000000000000158e-01
4.193000000000000060e-01
5.000000000000000000e-01
7.240999999999999659e-01
-1.466999999999999971e-01
-5.755000000000000115e-01
-2.139999999999999888e-02
-2.838999999999999857e-01
1.784000000000000030e-01
-2.879999999999999782e-01
-5.282000000000000028e-01
1.849000000000000088e-01
3.574999999999999845e-01
7.247999999999999998e-01
1.414999999999999869e-01
7.741999999999999993e-01
4.769999999999999934e-02
3.328999999999999737e-01
2.262000000000000122e-01
-6.471000000000000085e-01
-4.855999999999999761e-01
-5.483999999999999986e-01
-9.046999999999999487e-01
-8.489999999999999769e-01
2.296999999999999875e-01
-1.849000000000000088e-01
-4.549999999999999878e-02
5.527999999999999581e-01
5.682000000000000384e-01
2.617999999999999772e-01
-4.302000000000000268e-01
6.173999999999999488e-01
5.471000000000000307e-01
1.985999999999999988e-01
-4.551000000000000045e-01
-5.120999999999999996e-01
-8.647000000000000242e-01
-3.456000000000000183e-01
8.384000000000000341e-01
-4.638999999999999790e-01
-4.285999999999999810e-01
5.587999999999999634e-01
-9.173000000000000043e-01
5.459000000000000519e-01
