5.460000000000000270e-02
-3.689999999999999947e-01
-8.276999999999999913e-01
-5.027000000000000357e-01
2.863999999999999879e-01
7.176000000000000156e-01
4.576000000000000068e-01
6.394999999999999574e-01
6.410000000000000420e-02
-3.250000000000000111e-02
1.570000000000000007e-01
8.228999999999999648e-01
-8.640000000000000457e-02
6.608000000000000540e-01
9.091000000000000192e-01
8.548999999999999932e-01
1.963000000000000023e-01
2.671999999999999931e-01
-7.645999999999999464e-01
-3.492000000000000104e-01
4.593999999999999750e-01
7.812999999999999945e-01
-8.951999999999999957e-01
-5.483999999999999986e-01
1.962000000000000133e-01
3.168000000000000260e-01
-7.230999999999999650e-01
8.897000000000000464e-01
5.229999999999999927e-02
-5.557999999999999607e-01
6.546999999999999487e-01
-5.332000000000000073e-01
-6.020999999999999686e-01
-8.443000000000000504e-01
-3.745999999999999885e-01
7.088999999999999746e-01
-3.899000000000000243e-01
-9.726000000000000201e-01
-3.065999999999999837e-01
7.270999999999999686e-01
-2.368999999999999995e-01
-3.835999999999999965e-01
5.410000000000000364e-01
2.427999999999999881e-01
-6.761000000000000343e-01
-6.843000000000000194e-01
-3.809000000000000163e-01
7.826999999999999513e-01
3.019999999999999907e-01
7.931000000000000272e-01
-3.889000000000000234e-01
-5.877000000000000002e-01
-8.558000000000000052e-01
-1.234999999999999987e-01
-2.086999999999999966e-01
-4.031000000000000139e-01
2.908999999999999919e-01
1.589000000000000135e-01
4.238000000000000100e-01
-3.746999999999999775e-01
-4.799999999999999580e-03
-1.170000000000000068e-01
-6.423999999999999710e-01
9.979999999999999982e-02
7.630000000000000671e-02
9.023999999999999799e-01
-3.038000000000000145e-01
1.930999999999999939e-01
9.909999999999999920e-01
3.634000000000000008e-01
7.470000000000000251e-02
8.749000000000000110e-01
-3.607000000000000206e-01
8.840999999999999970e-01
-8.427999999999999936e-01
4.677000000000000046e-01
-8.547000000000000153e-01
-8.045999999999999819e-01
1.403999999999999970e-01
-9.519999999999999574e-01
-8.145000000000000018e-01
7.141999999999999460e-01
-4.408000000000000251e-01
1.948999999999999899e-01
2.091999999999999971e-01
9.746000000000000218e-01
2.560000000000000053e-01
