-7.203000000000000513e-01
-9.102999999999999980e-01
2.919999999999999818e-01
2.233999999999999875e-01
-5.849999999999999645e-01
-7.984999999999999876e-01
4.037999999999999923e-01
7.337000000000000188e-01
6.371999999999999886e-01
8.591999999999999638e-01
-5.896000000000000130e-01
-2.366000000000000048e-01
-5.500000000000000028e-02
-7.607000000000000428e-01
1.842000000000000026e-01
4.479000000000000203e-01
-2.023999999999999966e-01
-5.576999999999999735e-01
-4.934999999999999942e-01
6.633000000000000007e-01
4.983000000000000207e-01
-7.342999999999999527e-01
2.030000000000000138e-01
-8.793999999999999595e-01
-1.171999999999999986e-01
1.209999999999999964e-02
5.964000000000000412e-01
8.094000000000000083e-01
-6.991000000000000547e-01
2.912000000000000144e-01
-5.120000000000000245e-02
2.497000000000000053e-01
5.384999999999999787e-01
7.228999999999999870e-01
7.228999999999999870e-01
-1.957000000000000128e-01
-6.000999999999999668e-01
5.479000000000000536e-01
4.238000000000000100e-01
-7.855999999999999650e-01
-1.363999999999999935e-01
-6.635999999999999677e-01
1.431999999999999940e-01
-2.278000000000000025e-01
4.728999999999999870e-01
4.409000000000000141e-01
5.759999999999999842e-02
6.954000000000000181e-01
7.943999999999999950e-01
-6.815999999999999837e-01
4.746000000000000218e-01
4.909999999999999920e-01
-8.771999999999999797e-01
-6.834999999999999964e-01
-7.913999999999999924e-01
-7.135000000000000231e-01
-4.217000000000000193e-01
5.330000000000000293e-01
1.269999999999999948e-02
-3.401000000000000134e-01
-2.950999999999999734e-01
6.555999999999999606e-01
-8.512999999999999456e-01
5.969999999999999751e-01
5.312999999999999945e-01
2.048999999999999988e-01
5.321000000000000174e-01
-8.881000000000000005e-01
-4.395000000000000018e-01
9.272000000000000242e-01
2.462999999999999912e-01
9.275999999999999801e-01
4.561999999999999944e-01
-8.920000000000000151e-01
-7.350999999999999757e-01
5.111999999999999877e-01
5.556999999999999718e-01
3.674000000000000044e-01
7.609000000000000208e-01
4.716000000000000192e-01
9.800999999999999712e-01
9.840999999999999748e-01
4.727999999999999980e-01
7.209999999999999742e-02
-5.704000000000000181e-01
-9.234999999999999876e-01
-9.374000000000000110e-01
