-9.771999999999999575e-01
-8.554000000000000492e-01
5.244999999999999662e-01
-7.670000000000000429e-02
4.850000000000000144e-02
-1.113999999999999990e-01
5.089000000000000190e-01
-4.398000000000000242e-01
-5.160000000000000003e-02
9.439999999999999503e-01
4.630000000000000226e-01
-9.506000000000000005e-01
-8.478999999999999870e-01
1.655999999999999972e-01
-6.729000000000000536e-01
6.895000000000000018e-01
-5.776999999999999913e-01
4.932000000000000273e-01
8.550999999999999712e-01
9.383000000000000229e-01
6.959999999999999520e-01
6.188000000000000167e-01
1.218000000000000055e-01
5.214999999999999636e-01
-5.703000000000000291e-01
4.994000000000000106e-01
4.361999999999999766e-01
2.887000000000000122e-01
9.989000000000000101e-01
-7.448000000000000176e-01
-8.760999999999999899e-01
-5.857999999999999874e-01
-7.977999999999999536e-01
3.119999999999999857e-02
-6.433999999999999719e-01
-3.529999999999999805e-02
-7.351999999999999647e-01
8.305000000000000160e-01
-9.690999999999999615e-01
-1.117999999999999966e-01
-5.624000000000000110e-01
-3.790000000000000313e-02
-2.731999999999999984e-01
3.537000000000000144e-01
-1.242000000000000048e-01
-6.460000000000000187e-01
1.198000000000000037e-01
1.597000000000000086e-01
5.940999999999999615e-01
7.961000000000000298e-01
-4.961999999999999744e-01
1.743999999999999995e-01
3.973999999999999755e-01
3.170000000000000040e-01
8.346000000000000085e-01
-3.708000000000000185e-01
5.605999999999999872e-01
-3.951999999999999957e-01
9.449999999999999512e-01
9.845000000000000417e-01
-1.151999999999999968e-01
-4.379000000000000115e-01
4.171000000000000263e-01
-5.514999999999999902e-01
6.341999999999999860e-01
-9.503000000000000336e-01
-5.083999999999999631e-01
2.862999999999999989e-01
1.121999999999999942e-01
7.932000000000000162e-01
6.711000000000000298e-01
3.015999999999999792e-01
-8.194000000000000172e-01
-6.998999999999999666e-01
-8.073000000000000176e-01
1.103999999999999981e-01
-6.984000000000000208e-01
3.010999999999999788e-01
5.315999999999999615e-01
-8.585000000000000409e-01
3.096999999999999753e-01
-6.985000000000000098e-01
8.692999999999999616e-01
-4.763000000000000012e-01
-2.323000000000000065e-01
8.699999999999999400e-02
8.627000000000000224e-01
