8.044999999999999929e-01
1.733000000000000096e-01
7.150999999999999579e-01
1.250000000000000069e-02
1.385000000000000120e-01
2.323000000000000065e-01
4.996999999999999775e-01
-9.814000000000000501e-01
-5.954000000000000403e-01
-8.481999999999999540e-01
-3.396000000000000130e-01
-4.943000000000000171e-01
9.518999999999999684e-01
7.679000000000000270e-01
-6.129999999999999893e-01
-5.506999999999999673e-01
2.484000000000000097e-01
4.096000000000000196e-01
-9.058000000000000496e-01
-5.698999999999999622e-01
2.396000000000000074e-01
-9.920999999999999819e-01
-7.130999999999999561e-01
8.908000000000000362e-01
-6.236000000000000432e-01
2.028000000000000080e-01
8.861999999999999877e-01
9.795000000000000373e-01
-7.328000000000000069e-01
-2.693999999999999728e-01
-4.531000000000000028e-01
3.025999999999999801e-01
-7.110999999999999543e-01
-1.318999999999999895e-01
7.662999999999999812e-01
4.067999999999999949e-01
-2.719999999999999848e-02
1.158000000000000002e-01
2.406999999999999973e-01
-3.844000000000000195e-01
-9.042000000000000037e-01
-5.414999999999999813e-01
5.493999999999999995e-01
-2.250000000000000056e-01
2.698999999999999733e-01
-9.827000000000000179e-01
8.135000000000000009e-01
-1.063999999999999946e-01
6.905000000000000027e-01
-3.410000000000000253e-01
-6.509000000000000341e-01
8.614000000000000545e-01
1.454999999999999905e-01
1.501000000000000112e-01
-1.847999999999999921e-01
2.589000000000000190e-01
4.773999999999999910e-01
-3.508000000000000007e-01
9.560000000000000442e-02
9.529999999999999583e-01
-6.792000000000000259e-01
-6.230000000000000121e-02
-7.653999999999999693e-01
9.311000000000000387e-01
7.894999999999999796e-01
4.445999999999999952e-01
-8.476000000000000201e-01
-1.537999999999999923e-01
-2.494000000000000106e-01
8.860000000000000098e-01
1.141999999999999960e-01
4.112999999999999989e-01
2.000000000000000096e-04
-7.963999999999999968e-01
-7.342999999999999527e-01
5.397999999999999465e-01
7.437000000000000277e-01
5.165999999999999481e-01
5.220000000000000195e-01
3.830000000000000071e-01
3.590000000000000135e-02
-4.364999999999999991e-01
-1.645999999999999963e-01
-9.484000000000000208e-01
1.222000000000000031e-01
-9.980999999999999872e-01
4.300999999999999823e-01
-4.431999999999999829e-01
-7.519000000000000128e-01
5.423999999999999932e-01
2.424000000000000044e-01
-3.981000000000000094e-01
-8.700999999999999845e-01
3.059999999999999873e-02
-8.998000000000000442e-01
-1.949999999999999997e-02
9.978000000000000203e-01
-5.504999999999999893e-01
-8.147999999999999687e-01
6.729999999999999871e-02
-7.639999999999999569e-02
1.313999999999999890e-01
-3.892999999999999794e-01
1.743999999999999995e-01
-4.205999999999999739e-01
-9.075999999999999623e-01
-6.500000000000000222e-01
5.479000000000000536e-01
-7.574999999999999512e-01
-7.124000000000000332e-01
-5.484999999999999876e-01
6.845999999999999863e-01
8.355000000000000204e-01
4.616000000000000103e-01
2.746000000000000107e-01
-2.767999999999999905e-01
-9.227999999999999536e-01
-4.020000000000000240e-01
4.567999999999999838e-01
3.508000000000000007e-01
2.560000000000000053e-01
-3.765000000000000013e-01
-2.530000000000000027e-01
9.155999999999999694e-01
4.575000000000000178e-01
8.831999999999999851e-01
-3.649000000000000021e-01
5.160000000000000142e-01
-2.949999999999999845e-01
-9.798000000000000043e-01
9.391000000000000458e-01
-8.710999999999999854e-01
5.712000000000000410e-01
-9.851999999999999647e-01
1.043000000000000038e-01
-3.200000000000000067e-01
-7.933999999999999941e-01
6.930000000000000049e-02
9.734000000000000430e-01
3.109000000000000097e-01
8.884999999999999565e-01
-2.400000000000000050e-02
9.236999999999999655e-01
-6.826999999999999735e-01
3.628000000000000114e-01
-2.931000000000000272e-01
7.166000000000000147e-01
6.018000000000000016e-01
-4.047999999999999932e-01
-6.242999999999999661e-01
3.572000000000000175e-01
1.791999999999999982e-01
2.273999999999999910e-01
-8.257999999999999785e-01
8.521999999999999575e-01
-9.717999999999999972e-01
-1.940000000000000058e-02
-3.390000000000000235e-01
-1.179000000000000048e-01
-9.749999999999999778e-01
-2.544000000000000150e-01
-5.010999999999999899e-01
7.409999999999999920e-01
-5.712000000000000410e-01
6.599000000000000421e-01
6.991000000000000547e-01
1.242999999999999938e-01
2.610000000000000167e-02
2.716999999999999971e-01
-7.620999999999999996e-01
-6.471999999999999975e-01
-3.996000000000000107e-01
-6.339000000000000190e-01
3.546000000000000263e-01
2.701999999999999957e-01
8.561999999999999611e-01
-6.609000000000000430e-01
1.580999999999999905e-01
-1.292000000000000093e-01
-6.600000000000000311e-02
-7.497000000000000330e-01
5.692000000000000393e-01
-7.221999999999999531e-01
-4.521999999999999909e-01
7.180000000000000271e-02
-4.515000000000000124e-01
1.675999999999999990e-01
4.734999999999999765e-01
3.897999999999999798e-01
-9.255999999999999783e-01
3.392999999999999905e-01
-9.070000000000000284e-02
-4.702999999999999958e-01
-2.323000000000000065e-01
8.629000000000000004e-01
9.143999999999999906e-01
8.423000000000000487e-01
4.741000000000000214e-01
3.627000000000000224e-01
9.476999999999999869e-01
-2.059999999999999887e-01
2.892000000000000126e-01
-3.148000000000000242e-01
-7.688000000000000389e-01
-4.501000000000000001e-01
-1.776999999999999968e-01
-7.907999999999999474e-01
-8.023000000000000131e-01
9.951999999999999735e-01
4.083999999999999853e-01
-7.056000000000000050e-01
-7.236000000000000210e-01
7.870000000000000606e-02
-1.880000000000000004e-01
-3.910000000000000142e-01
-9.576000000000000068e-01
-2.190999999999999892e-01
7.110999999999999543e-01
-6.538000000000000478e-01
1.414999999999999869e-01
2.869999999999999774e-01
4.736000000000000210e-01
3.533999999999999919e-01
1.799999999999999933e-01
6.300000000000000044e-03
1.698999999999999955e-01
5.476999999999999647e-01
9.507999999999999785e-01
-5.165999999999999481e-01
-4.239999999999999880e-01
2.417999999999999872e-01
5.899999999999999689e-02
8.495000000000000329e-01
1.146999999999999964e-01
5.315999999999999615e-01
-6.120999999999999774e-01
3.472999999999999976e-01
8.210000000000000631e-02
8.447000000000000064e-01
-3.770999999999999908e-01
6.199999999999999956e-01
