1.902000000000000079e-01
-6.442999999999999838e-01
-8.018999999999999462e-01
4.948000000000000176e-01
-3.250000000000000111e-02
7.312999999999999501e-01
3.161999999999999811e-01
7.513999999999999568e-01
-3.186999999999999833e-01
5.016000000000000458e-01
-4.208999999999999964e-01
9.798999999999999932e-01
-4.249999999999999889e-01
-5.652000000000000357e-01
-2.878999999999999893e-01
7.603999999999999648e-01
9.468999999999999639e-01
-4.169999999999999818e-01
5.090999999999999970e-01
-7.680000000000000160e-01
1.899999999999999953e-02
9.876000000000000334e-01
8.657000000000000250e-01
-7.380000000000000449e-02
-5.291000000000000147e-01
-5.096000000000000529e-01
-7.272999999999999465e-01
-5.782000000000000473e-01
3.691999999999999726e-01
-6.058000000000000052e-01
-4.249999999999999889e-01
6.888999999999999568e-01
-3.281000000000000028e-01
1.480000000000000066e-02
-9.161000000000000254e-01
-5.454999999999999849e-01
-7.347000000000000197e-01
5.094999999999999529e-01
5.907000000000000028e-01
-2.298000000000000043e-01
-9.377999999999999670e-01
-7.243000000000000549e-01
-6.974000000000000199e-01
1.771000000000000074e-01
1.729999999999999941e-02
9.225999999999999757e-01
3.441000000000000170e-01
4.052000000000000046e-01
6.423999999999999710e-01
3.089999999999999969e-01
-5.717999999999999750e-01
-7.625999999999999446e-01
-1.552999999999999936e-01
8.656000000000000361e-01
-2.293999999999999928e-01
2.371000000000000052e-01
-6.324999999999999512e-01
-4.537999999999999812e-01
4.073999999999999844e-01
-3.578000000000000069e-01
-4.924000000000000044e-01
5.283999999999999808e-01
-5.967000000000000082e-01
-1.917999999999999983e-01
2.597999999999999754e-01
2.793999999999999817e-01
3.835999999999999965e-01
6.679999999999999827e-02
-3.544999999999999818e-01
-4.391999999999999793e-01
6.131999999999999673e-01
-4.435000000000000053e-01
2.210000000000000020e-01
-4.887000000000000233e-01
3.660999999999999810e-01
-1.025999999999999968e-01
2.026000000000000023e-01
7.578000000000000291e-01
7.665999999999999481e-01
8.940000000000000169e-01
5.926000000000000156e-01
3.145999999999999908e-01
1.623999999999999888e-01
2.672999999999999821e-01
-7.187999999999999945e-01
-5.301000000000000156e-01
7.759000000000000341e-01
3.513000000000000012e-01
-3.327999999999999847e-01
-8.362000000000000544e-01
1.110000000000000049e-02
-7.553999999999999604e-01
-6.090000000000000274e-02
-2.003000000000000058e-01
9.516999999999999904e-01
7.069999999999999896e-02
-1.147999999999999993e-01
1.744999999999999885e-01
-7.945999999999999730e-01
-9.718999999999999861e-01
-1.661999999999999866e-01
5.223999999999999755e-01
3.629999999999999893e-01
-2.661999999999999922e-01
-6.981000000000000538e-01
-8.450999999999999623e-01
8.639999999999999902e-01
4.227000000000000202e-01
1.459000000000000019e-01
8.355000000000000204e-01
-4.158999999999999919e-01
-9.691999999999999504e-01
-2.814999999999999725e-01
-5.532000000000000250e-01
-2.733999999999999764e-01
-7.643999999999999684e-01
-9.740000000000000047e-02
-3.822999999999999732e-01
3.113000000000000211e-01
-7.197999999999999954e-01
-8.232000000000000428e-01
3.020000000000000115e-02
8.529999999999999805e-01
-7.362999999999999545e-01
-2.044999999999999873e-01
-6.538000000000000478e-01
9.356999999999999762e-01
-2.862999999999999989e-01
-6.500000000000000222e-01
-6.256000000000000449e-01
-7.803999999999999826e-01
3.459999999999999742e-01
-7.663999999999999702e-01
8.400000000000000522e-02
5.318000000000000504e-01
-7.099999999999999645e-01
-2.516999999999999793e-01
1.491000000000000103e-01
9.247999999999999554e-01
8.308999999999999719e-01
9.170000000000000373e-02
-9.231000000000000316e-01
-9.740000000000000047e-02
8.286999999999999922e-01
-5.312999999999999945e-01
1.695000000000000118e-01
-5.915000000000000258e-01
-7.086999999999999966e-01
-2.722999999999999865e-01
-2.152999999999999914e-01
4.566999999999999948e-01
-4.142000000000000126e-01
2.393000000000000127e-01
8.060000000000000497e-01
3.462999999999999967e-01
-7.600999999999999979e-01
-8.191000000000000503e-01
-3.625999999999999779e-01
1.024999999999999939e-01
7.328999999999999959e-01
-9.189000000000000501e-01
-5.372000000000000108e-01
8.731999999999999762e-01
9.355999999999999872e-01
-2.960000000000000131e-02
-3.245999999999999996e-01
-4.914000000000000035e-01
-5.574999999999999956e-01
-9.626000000000000112e-01
2.466000000000000136e-01
-5.602000000000000313e-01
4.198000000000000065e-01
-3.725999999999999868e-01
-2.260000000000000064e-01
-3.662000000000000255e-01
6.067000000000000171e-01
1.360000000000000098e-01
-8.577000000000000179e-01
-4.719999999999999751e-01
7.190000000000000557e-02
-8.498999999999999888e-01
-8.729999999999999982e-01
3.625999999999999779e-01
2.480999999999999872e-01
5.696999999999999842e-01
-1.577000000000000068e-01
-2.403000000000000136e-01
-5.039000000000000146e-01
-7.403999999999999471e-01
-6.041999999999999593e-01
-2.599999999999999881e-03
2.649000000000000243e-01
-7.130999999999999561e-01
1.297000000000000097e-01
-5.135999999999999455e-01
-6.037000000000000144e-01
2.172000000000000042e-01
-9.945000000000000506e-01
-2.984999999999999876e-01
8.008999999999999453e-01
8.336999999999999966e-01
-8.144000000000000128e-01
-1.554999999999999993e-01
2.371000000000000052e-01
-2.187999999999999945e-01
-8.665000000000000480e-01
-5.544999999999999929e-01
-4.213999999999999968e-01
-1.619999999999999912e-02
-3.716999999999999749e-01
4.205999999999999739e-01
6.193999999999999506e-01
3.731999999999999762e-01
8.632999999999999563e-01
5.779999999999999583e-01
-2.383000000000000118e-01
6.850000000000000533e-02
2.848999999999999866e-01
-2.086000000000000076e-01
1.194999999999999951e-01
4.074999999999999734e-01
-1.549000000000000099e-01
-2.992000000000000215e-01
-8.131000000000000449e-01
-5.738999999999999657e-01
6.801000000000000378e-01
9.619999999999999385e-02
2.000000000000000042e-02
7.366000000000000325e-01
3.317999999999999838e-01
-6.319000000000000172e-01
8.719999999999999973e-02
-2.741000000000000103e-01
-6.990000000000000380e-02
-6.421000000000000041e-01
5.038000000000000256e-01
7.830000000000000293e-01
2.500000000000000139e-02
3.508000000000000007e-01
8.128999999999999559e-01
5.897999999999999909e-01
