7.679000000000000270e-01
-5.309000000000000385e-01
-6.653000000000000025e-01
-8.391999999999999460e-01
-1.658999999999999919e-01
4.879000000000000004e-01
8.575000000000000400e-01
-7.349999999999999589e-02
-2.003000000000000058e-01
-1.147999999999999993e-01
4.038999999999999813e-01
-8.113000000000000211e-01
3.002000000000000224e-01
6.287000000000000366e-01
-5.694000000000000172e-01
-6.284999999999999476e-01
-5.618999999999999551e-01
8.437999999999999945e-01
-4.299999999999999656e-02
5.752000000000000446e-01
-3.832999999999999741e-01
7.130000000000000226e-02
-4.596000000000000085e-01
7.268000000000000016e-01
-5.825000000000000178e-01
4.799999999999999822e-01
-9.969999999999999696e-02
-1.706999999999999906e-01
-3.155999999999999917e-01
-6.622999999999999998e-01
3.295000000000000151e-01
-4.587999999999999856e-01
7.130999999999999561e-01
-8.400999999999999579e-01
1.688999999999999946e-01
3.844000000000000195e-01
7.993000000000000105e-01
2.363000000000000100e-01
9.998000000000000220e-01
-2.989999999999999880e-01
-7.304000000000000492e-01
3.004999999999999893e-01
7.458000000000000185e-01
8.445000000000000284e-01
-9.908000000000000140e-01
1.057000000000000023e-01
4.939999999999999947e-02
-1.647000000000000131e-01
-4.314000000000000057e-01
7.006000000000000005e-01
-8.238999999999999657e-01
4.897000000000000242e-01
7.423999999999999488e-01
8.104999999999999982e-01
-9.417999999999999705e-01
8.366000000000000103e-01
-7.000000000000000666e-02
-8.673999999999999488e-01
-7.316000000000000281e-01
5.884000000000000341e-01
-4.369000000000000106e-01
-7.399999999999999911e-01
8.160000000000000586e-02
8.852999999999999758e-01
-3.627000000000000224e-01
-4.576999999999999957e-01
9.180000000000000659e-02
-1.552999999999999936e-01
-2.849999999999999756e-01
-9.996000000000000441e-01
-6.165000000000000480e-01
5.148000000000000353e-01
7.987999999999999545e-01
1.948999999999999899e-01
-2.983999999999999986e-01
7.213000000000000522e-01
-1.500000000000000031e-03
3.740000000000000269e-02
-8.314000000000000279e-01
6.999999999999999556e-01
-3.457999999999999963e-01
-4.660000000000000253e-01
-3.799000000000000155e-01
3.977999999999999869e-01
-6.868999999999999551e-01
-3.239999999999999825e-02
6.038999999999999924e-01
-4.996999999999999775e-01
-5.507999999999999563e-01
5.319999999999999729e-02
-2.111999999999999988e-01
7.690000000000000169e-01
9.923999999999999488e-01
9.000000000000000222e-01
-1.099999999999999936e-02
-4.549000000000000266e-01
-2.693999999999999728e-01
6.180000000000000077e-02
-4.238999999999999990e-01
5.720000000000000084e-02
2.970999999999999752e-01
1.789000000000000035e-01
4.056000000000000161e-01
7.133000000000000451e-01
5.965000000000000302e-01
7.660000000000000142e-01
-1.102999999999999953e-01
2.978000000000000091e-01
-5.854000000000000314e-01
2.686999999999999944e-01
-6.038999999999999924e-01
-9.917000000000000259e-01
7.957999999999999519e-01
3.730999999999999872e-01
-7.107999999999999874e-01
9.370000000000000551e-01
-8.616000000000000325e-01
-3.250000000000000111e-01
7.799000000000000377e-01
-7.516000000000000458e-01
-9.908000000000000140e-01
3.181999999999999829e-01
7.278000000000000025e-01
-2.599000000000000199e-01
3.276000000000000023e-01
8.667000000000000259e-01
-4.039999999999999841e-02
-7.257000000000000117e-01
4.204999999999999849e-01
-9.505000000000000115e-01
-3.775999999999999912e-01
9.193999999999999950e-01
8.125000000000000000e-01
6.303999999999999604e-01
-3.864000000000000212e-01
9.639999999999999958e-02
-8.889000000000000234e-01
5.899999999999999689e-02
4.737000000000000099e-01
5.325999999999999623e-01
7.054000000000000270e-01
5.457999999999999519e-01
-7.720000000000000473e-02
5.971999999999999531e-01
4.366999999999999771e-01
9.313000000000000167e-01
-1.250000000000000069e-02
4.734999999999999765e-01
6.938999999999999613e-01
6.569999999999999452e-02
7.820000000000000284e-01
9.548999999999999710e-01
-4.719999999999999890e-02
-3.114999999999999991e-01
-9.139999999999999514e-02
2.627999999999999781e-01
-6.417000000000000481e-01
8.468999999999999861e-01
-5.349999999999999895e-02
1.302999999999999992e-01
-8.317999999999999838e-01
9.785000000000000364e-01
-9.233000000000000096e-01
5.099999999999999672e-02
2.972000000000000197e-01
4.298000000000000154e-01
-9.791999999999999593e-01
-6.270000000000000573e-02
5.766999999999999904e-01
-4.753999999999999893e-01
2.343999999999999972e-01
1.555999999999999883e-01
2.580000000000000071e-01
-9.506000000000000005e-01
-2.174999999999999989e-01
1.149000000000000021e-01
-4.404000000000000137e-01
7.651999999999999913e-01
-7.618000000000000327e-01
-6.051999999999999602e-01
-4.868999999999999995e-01
-8.358999999999999764e-01
1.092000000000000054e-01
-7.180000000000000271e-02
1.910999999999999921e-01
4.979000000000000092e-01
8.085999999999999854e-01
8.686000000000000387e-01
1.733000000000000096e-01
8.833999999999999631e-01
-7.602999999999999758e-01
6.774000000000000021e-01
-5.720000000000000084e-02
5.582000000000000295e-01
-4.385999999999999899e-01
5.094999999999999529e-01
9.516000000000000014e-01
-1.980000000000000093e-01
1.592000000000000082e-01
-7.228999999999999870e-01
6.669999999999999540e-02
5.354999999999999760e-01
-8.866000000000000547e-01
-3.150000000000000022e-02
3.212999999999999745e-01
4.148999999999999910e-01
9.127999999999999448e-01
9.010000000000000231e-01
8.309999999999999332e-02
-8.712999999999999634e-01
-8.730999999999999872e-01
-3.574999999999999845e-01
4.505000000000000115e-01
-6.497000000000000552e-01
-1.849000000000000088e-01
-2.538000000000000256e-01
2.639000000000000234e-01
-1.497999999999999887e-01
5.790999999999999481e-01
5.863000000000000433e-01
3.469999999999999751e-01
4.976999999999999758e-01
1.554000000000000103e-01
6.959999999999999520e-01
-6.995999999999999996e-01
-6.276000000000000467e-01
-1.307000000000000106e-01
-5.132999999999999785e-01
-7.009999999999999565e-01
7.813999999999999835e-01
-8.721999999999999753e-01
5.532000000000000250e-01
-6.040999999999999703e-01
9.194999999999999840e-01
6.601000000000000201e-01
7.930000000000000382e-01
3.377000000000000002e-01
-7.127000000000000002e-01
9.639999999999999680e-01
-9.000000000000000222e-01
9.235999999999999766e-01
