-6.771000000000000352e-01
-3.310000000000000164e-01
2.126000000000000112e-01
5.734000000000000208e-01
6.763000000000000123e-01
2.333999999999999964e-01
9.325999999999999845e-01
5.856999999999999984e-01
-8.689999999999999947e-01
9.743000000000000549e-01
-6.398000000000000353e-01
6.253999999999999559e-01
1.854999999999999982e-01
-2.195000000000000007e-01
7.174000000000000377e-01
1.255000000000000004e-01
-7.158999999999999808e-01
-2.519000000000000128e-01
6.565999999999999615e-01
7.771000000000000130e-01
9.203999999999999959e-01
7.635999999999999455e-01
7.086999999999999966e-01
6.377000000000000446e-01
-7.740000000000000213e-01
-2.848999999999999866e-01
-1.421999999999999931e-01
5.349000000000000421e-01
8.582999999999999519e-01
-7.526000000000000467e-01
-1.617999999999999994e-01
-6.470000000000000195e-01
9.731999999999999540e-01
-5.944000000000000394e-01
8.681999999999999718e-01
-2.009999999999999981e-02
6.437000000000000499e-01
-1.721000000000000030e-01
9.412000000000000366e-01
-4.998000000000000220e-01
2.470999999999999863e-01
-1.409999999999999865e-01
-5.360000000000000320e-01
9.030000000000000526e-02
1.504999999999999949e-01
6.546999999999999487e-01
-3.282999999999999807e-01
-5.229000000000000314e-01
4.359999999999999987e-02
-3.872999999999999776e-01
6.441000000000000059e-01
-3.259000000000000230e-01
-9.931999999999999718e-01
5.463000000000000078e-01
3.860000000000000236e-02
-9.790999999999999703e-01
-3.013000000000000123e-01
8.500000000000000611e-03
9.006999999999999451e-01
-3.484999999999999765e-01
-5.012999999999999678e-01
-9.052000000000000046e-01
2.705000000000000182e-01
3.810000000000000053e-01
8.093000000000000194e-01
3.639999999999999902e-01
5.040999999999999925e-01
-1.928999999999999881e-01
-5.540000000000000480e-01
-3.014000000000000012e-01
-4.909999999999999781e-02
-9.909000000000000030e-01
7.499000000000000110e-01
-4.364999999999999991e-01
1.945000000000000062e-01
6.348000000000000309e-01
5.011999999999999789e-01
-8.830000000000000349e-02
-1.173000000000000015e-01
-8.423000000000000487e-01
-2.030000000000000138e-01
8.153000000000000247e-01
9.231000000000000316e-01
3.513999999999999901e-01
9.112999999999999989e-01
4.904999999999999916e-01
9.307999999999999607e-01
5.584000000000000075e-01
9.325999999999999845e-01
1.386999999999999900e-01
5.592000000000000304e-01
-4.772000000000000131e-01
7.906999999999999584e-01
2.612999999999999767e-01
-7.631999999999999895e-01
5.486999999999999655e-01
4.193000000000000060e-01
-9.211000000000000298e-01
-1.905000000000000027e-01
-4.161000000000000254e-01
-1.242000000000000048e-01
-5.534000000000000030e-01
4.007000000000000006e-01
7.570000000000000062e-01
-2.626999999999999891e-01
3.478999999999999870e-01
1.862000000000000044e-01
7.000000000000000146e-03
2.590999999999999970e-01
-2.634000000000000230e-01
1.155999999999999944e-01
-1.716999999999999915e-01
-6.532000000000000028e-01
5.850000000000000339e-02
1.423000000000000098e-01
8.352000000000000535e-01
2.894999999999999796e-01
-2.338000000000000078e-01
-1.676999999999999880e-01
-6.058000000000000052e-01
7.389000000000000012e-01
2.720000000000000195e-01
-1.799999999999999951e-03
8.810000000000000053e-01
-6.906999999999999806e-01
-1.748999999999999999e-01
-4.472999999999999754e-01
-1.208000000000000046e-01
5.822000000000000508e-01
-2.645000000000000129e-01
-3.202999999999999736e-01
-1.205999999999999989e-01
3.055999999999999828e-01
-8.082000000000000295e-01
-8.254000000000000226e-01
-6.743000000000000105e-01
-1.170000000000000068e-01
-5.970999999999999641e-01
-6.511000000000000121e-01
-4.616999999999999993e-01
-8.931000000000000050e-01
-9.254000000000000004e-01
-6.852000000000000313e-01
-3.099000000000000088e-01
-9.744000000000000439e-01
6.858999999999999542e-01
8.071000000000000396e-01
9.605000000000000204e-01
-5.946000000000000174e-01
9.871999999999999664e-01
9.835000000000000409e-01
4.061000000000000165e-01
-2.303000000000000047e-01
-3.076999999999999735e-01
-9.405000000000000027e-01
1.746999999999999942e-01
-5.102999999999999758e-01
6.173999999999999488e-01
3.262999999999999790e-01
-5.544000000000000039e-01
5.059000000000000163e-01
9.379999999999999449e-01
2.899999999999999800e-03
-6.167000000000000259e-01
-3.563000000000000056e-01
5.694000000000000172e-01
8.720999999999999863e-01
8.410999999999999588e-01
4.003999999999999782e-01
-6.127000000000000224e-01
-4.119999999999999774e-01
-9.610999999999999543e-01
-2.328000000000000069e-01
-6.650000000000000355e-01
-7.931000000000000272e-01
1.125000000000000028e-01
6.384999999999999565e-01
5.376999999999999558e-01
7.030000000000000138e-02
2.330000000000000127e-01
-1.190000000000000085e-02
2.907000000000000139e-01
8.699999999999999400e-02
6.864999999999999991e-01
-8.584000000000000519e-01
-2.351000000000000034e-01
-9.249000000000000554e-01
5.629999999999999449e-01
1.190999999999999975e-01
-4.204999999999999849e-01
-9.354000000000000092e-01
-7.302999999999999492e-01
-9.324999999999999956e-01
2.354999999999999871e-01
2.539000000000000146e-01
2.622999999999999776e-01
-2.892000000000000126e-01
-7.551999999999999824e-01
-4.546999999999999931e-01
-6.605999999999999650e-01
2.989999999999999949e-02
5.184999999999999609e-01
-4.289000000000000035e-01
-1.794999999999999929e-01
-4.062999999999999945e-01
7.639999999999999569e-02
-3.578999999999999959e-01
-2.846000000000000196e-01
-8.968000000000000416e-01
-4.974000000000000088e-01
9.667000000000000037e-01
1.832999999999999907e-01
4.767000000000000126e-01
6.047000000000000153e-01
6.011999999999999567e-01
-1.894000000000000128e-01
1.491999999999999993e-01
-8.571999999999999620e-01
-7.549000000000000155e-01
-3.635999999999999788e-01
2.923000000000000043e-01
1.202000000000000013e-01
8.302000000000000490e-01
1.625999999999999945e-01
-5.725999999999999979e-01
-8.700999999999999845e-01
-3.957999999999999852e-01
-5.465999999999999748e-01
-5.541000000000000369e-01
6.691000000000000281e-01
8.118999999999999551e-01
2.263999999999999901e-01
9.576999999999999957e-01
-3.699999999999999817e-02
6.575999999999999623e-01
4.470000000000000084e-01
6.940000000000000335e-02
8.245000000000000107e-01
2.797999999999999932e-01
-5.067000000000000393e-01
4.899999999999999842e-03
