-7.016000000000000014e-01
4.917000000000000259e-01
-4.269000000000000017e-01
-4.146000000000000241e-01
-6.307000000000000384e-01
5.492000000000000215e-01
-6.986999999999999877e-01
-4.009999999999999676e-02
3.865999999999999992e-01
7.513999999999999568e-01
8.809000000000000163e-01
1.363999999999999935e-01
-8.497999999999999998e-01
-1.728999999999999981e-01
-9.697999999999999954e-01
8.057999999999999607e-01
4.269000000000000017e-01
-2.523000000000000242e-01
6.925000000000000044e-01
2.333000000000000074e-01
-5.439000000000000501e-01
9.832999999999999519e-01
1.769000000000000017e-01
5.028000000000000247e-01
-5.745999999999999996e-01
-1.625999999999999945e-01
6.011999999999999567e-01
3.164000000000000146e-01
7.030000000000000138e-02
-6.100000000000000387e-03
9.268999999999999462e-01
7.903000000000000025e-01
4.000000000000000192e-04
7.325000000000000400e-01
9.758999999999999897e-01
2.829999999999999877e-02
-1.042000000000000010e-01
-5.222999999999999865e-01
3.059999999999999942e-01
8.868000000000000327e-01
-8.064999999999999947e-01
9.025999999999999579e-01
8.484000000000000430e-01
1.252000000000000057e-01
-6.368000000000000327e-01
9.962999999999999634e-01
5.032999999999999696e-01
-9.389999999999999458e-01
5.630000000000000282e-02
-1.655000000000000082e-01
-4.620000000000000218e-01
2.426999999999999991e-01
3.004999999999999893e-01
-3.346000000000000085e-01
-8.950000000000000178e-01
-3.486000000000000210e-01
5.796000000000000041e-01
1.356999999999999873e-01
1.608999999999999875e-01
-6.218000000000000194e-01
-3.080999999999999850e-01
-6.578000000000000513e-01
-2.132999999999999896e-01
7.268999999999999906e-01
4.490999999999999992e-01
5.683000000000000274e-01
1.942000000000000115e-01
6.428000000000000380e-01
-5.914000000000000368e-01
-1.922999999999999987e-01
-2.309999999999999901e-02
-6.611000000000000210e-01
8.509999999999999787e-01
6.639000000000000457e-01
-1.363999999999999935e-01
-8.185000000000000053e-01
-7.441999999999999726e-01
8.911000000000000032e-01
-6.873000000000000220e-01
-1.862000000000000044e-01
4.356999999999999762e-01
8.198999999999999622e-01
-7.122000000000000552e-01
-2.474999999999999978e-01
-4.269999999999999907e-01
-8.466000000000000192e-01
4.783000000000000029e-01
-6.492999999999999883e-01
-6.461999999999999966e-01
-2.783999999999999808e-01
-9.253000000000000114e-01
5.308000000000000496e-01
-9.838000000000000078e-01
3.236999999999999877e-01
3.376000000000000112e-01
2.696000000000000063e-01
2.922000000000000153e-01
-6.614999999999999769e-01
6.825999999999999845e-01
5.079000000000000181e-01
-2.762999999999999901e-01
-9.854000000000000536e-01
-9.385999999999999899e-01
-3.869000000000000217e-01
2.520000000000000018e-01
-7.860000000000000320e-01
-5.536999999999999700e-01
1.192000000000000004e-01
-1.817999999999999894e-01
-4.546999999999999931e-01
3.387000000000000011e-01
4.591000000000000081e-01
5.659999999999999476e-01
-9.931999999999999718e-01
-4.374000000000000110e-01
-1.857999999999999929e-01
-5.155999999999999472e-01
3.043000000000000149e-01
2.175999999999999879e-01
7.194000000000000394e-01
-3.439999999999999725e-01
-6.228000000000000203e-01
8.843999999999999639e-01
7.177999999999999936e-01
4.459000000000000186e-01
-7.810000000000000275e-01
7.743999999999999773e-01
5.990999999999999659e-01
-6.334999999999999520e-01
-9.328999999999999515e-01
9.464000000000000190e-01
-8.368999999999999773e-01
8.417999999999999927e-01
7.066999999999999948e-01
-8.868000000000000327e-01
4.547999999999999821e-01
-5.079000000000000181e-01
9.361000000000000432e-01
-6.675999999999999712e-01
7.230000000000000315e-02
7.758000000000000451e-01
-6.759999999999999343e-02
-9.114999999999999769e-01
-6.395999999999999464e-01
-5.424999999999999822e-01
9.762999999999999456e-01
-1.967000000000000137e-01
-5.140000000000000124e-02
-7.732999999999999874e-01
4.800000000000000100e-02
-8.146999999999999797e-01
5.596999999999999753e-01
-8.719999999999999973e-02
-3.875000000000000111e-01
7.067999999999999838e-01
5.642000000000000348e-01
-2.773999999999999799e-01
-9.627000000000000002e-01
8.768000000000000238e-01
6.084000000000000519e-01
7.187000000000000055e-01
8.750999999999999890e-01
1.071000000000000008e-01
-6.965000000000000080e-01
6.817999999999999616e-01
-9.959000000000000075e-01
4.074999999999999734e-01
1.439999999999999961e-02
4.519000000000000239e-01
-4.425000000000000044e-01
-1.499000000000000055e-01
-5.366999999999999549e-01
-2.278999999999999915e-01
-1.857000000000000040e-01
-8.142000000000000348e-01
-1.047000000000000014e-01
-2.200000000000000133e-03
-1.544999999999999984e-01
-3.852999999999999758e-01
-1.265000000000000013e-01
-6.006000000000000227e-01
4.842000000000000193e-01
-3.406000000000000139e-01
8.323000000000000398e-01
-2.286999999999999866e-01
-2.475999999999999868e-01
4.817000000000000171e-01
2.730000000000000204e-01
3.579999999999999849e-01
-5.769999999999999574e-01
5.450000000000000400e-01
-3.352999999999999869e-01
-1.731000000000000039e-01
6.898999999999999577e-01
6.042999999999999483e-01
-1.691000000000000003e-01
8.819000000000000172e-01
-1.285000000000000031e-01
7.911000000000000254e-01
-3.665999999999999814e-01
-9.415000000000000036e-01
-7.249999999999999500e-02
-4.050000000000000128e-02
8.866000000000000547e-01
8.638000000000000123e-01
4.425999999999999934e-01
-9.483000000000000318e-01
-4.378000000000000225e-01
-2.874999999999999778e-01
7.832000000000000073e-01
4.753999999999999893e-01
2.081999999999999962e-01
-5.600000000000000117e-02
-2.641000000000000014e-01
-2.823999999999999844e-01
7.738000000000000433e-01
-2.262000000000000122e-01
-5.165999999999999481e-01
1.763000000000000123e-01
1.849000000000000088e-01
-8.379999999999999671e-01
4.269000000000000017e-01
-3.935000000000000164e-01
-1.287999999999999978e-01
-6.820000000000000506e-01
-6.750000000000000444e-02
-6.697999999999999510e-01
9.091000000000000192e-01
3.492999999999999994e-01
1.975000000000000089e-01
-1.640000000000000138e-02
-2.766000000000000125e-01
9.667000000000000037e-01
-1.032000000000000001e-01
4.380999999999999894e-01
-8.940000000000000169e-01
2.856000000000000205e-01
-2.384999999999999898e-01
1.228000000000000064e-01
4.737999999999999989e-01
1.834999999999999964e-01
