-8.900000000000000133e-01
-2.323000000000000065e-01
-7.109999999999999654e-02
-1.340000000000000080e-01
-9.105999999999999650e-01
-3.380000000000000226e-01
-4.041000000000000147e-01
2.338999999999999968e-01
-9.021000000000000130e-01
9.345999999999999863e-01
9.278999999999999471e-01
-8.840999999999999970e-01
7.644999999999999574e-01
2.421999999999999986e-01
-9.600999999999999535e-01
-2.030000000000000138e-01
8.751999999999999780e-01
-1.985999999999999988e-01
7.198999999999999844e-01
2.311999999999999889e-01
2.851000000000000201e-01
9.466999999999999860e-01
-4.737000000000000099e-01
6.866999999999999771e-01
8.914999999999999591e-01
1.199999999999999895e-03
-7.106000000000000094e-01
4.736000000000000210e-01
-6.270999999999999908e-01
-3.326000000000000068e-01
9.458999999999999631e-01
9.923999999999999488e-01
-6.294999999999999485e-01
5.511000000000000343e-01
4.433000000000000274e-01
-8.236999999999999877e-01
-9.235999999999999766e-01
6.229000000000000092e-01
9.583000000000000407e-01
7.707000000000000517e-01
-6.818999999999999506e-01
-8.225999999999999979e-01
-3.437999999999999945e-01
6.864000000000000101e-01
-9.299999999999999239e-03
-2.827000000000000068e-01
4.480000000000000093e-01
-7.816999999999999504e-01
2.086000000000000076e-01
-8.256999999999999895e-01
6.963000000000000300e-01
-6.928999999999999604e-01
-6.152999999999999581e-01
-9.497999999999999776e-01
-4.073999999999999844e-01
6.168000000000000149e-01
-6.573999999999999844e-01
2.646000000000000019e-01
-2.040000000000000147e-02
1.280999999999999917e-01
-7.590000000000000080e-01
-3.711999999999999744e-01
4.336999999999999744e-01
-1.940000000000000058e-02
-8.550999999999999712e-01
1.063999999999999946e-01
4.126000000000000223e-01
-6.116000000000000325e-01
-3.482999999999999985e-01
-5.510000000000000453e-01
-1.042000000000000010e-01
5.390000000000000346e-01
7.277000000000000135e-01
-7.368999999999999995e-01
-8.827000000000000401e-01
2.707999999999999852e-01
-6.282999999999999696e-01
-2.227000000000000091e-01
-2.467000000000000026e-01
9.370000000000000551e-01
-8.296000000000000041e-01
2.786000000000000143e-01
-1.698999999999999955e-01
6.030999999999999694e-01
-6.317000000000000393e-01
2.898999999999999910e-01
-8.787000000000000366e-01
1.303999999999999881e-01
9.256999999999999673e-01
-5.474999999999999867e-01
4.178999999999999937e-01
-5.042999999999999705e-01
1.789000000000000035e-01
4.560000000000000164e-01
4.689999999999999725e-01
3.154000000000000137e-01
6.709000000000000519e-01
-7.288999999999999924e-01
-5.637999999999999678e-01
-7.617000000000000437e-01
5.753000000000000336e-01
1.540000000000000049e-02
2.560000000000000123e-02
-2.556999999999999829e-01
4.022000000000000020e-01
-5.352999999999999980e-01
5.605999999999999872e-01
-4.732999999999999985e-01
-4.927000000000000268e-01
-9.171000000000000263e-01
4.277000000000000246e-01
9.989000000000000101e-01
1.032000000000000001e-01
4.938000000000000167e-01
-2.079999999999999905e-02
-4.472999999999999754e-01
7.838000000000000522e-01
5.242999999999999883e-01
-7.635999999999999455e-01
-4.581000000000000072e-01
-9.356999999999999762e-01
1.297000000000000097e-01
-1.615999999999999936e-01
-9.120000000000000329e-02
3.734000000000000097e-01
9.669999999999999707e-01
-1.213999999999999940e-01
-2.802999999999999936e-01
9.608999999999999764e-01
1.882000000000000062e-01
-3.341999999999999971e-01
7.230000000000000315e-02
-7.145000000000000240e-01
5.284999999999999698e-01
1.464000000000000024e-01
-8.257999999999999785e-01
-4.042000000000000037e-01
-3.274000000000000243e-01
3.315000000000000169e-01
5.855000000000000204e-01
1.097999999999999948e-01
4.360999999999999877e-01
-4.437999999999999723e-01
-2.536999999999999811e-01
3.489999999999999769e-01
-5.763000000000000345e-01
-2.144999999999999962e-01
-5.671000000000000485e-01
-4.689999999999999725e-01
2.169999999999999984e-01
-6.930000000000000049e-02
-5.608999999999999542e-01
2.989999999999999880e-01
5.940000000000000141e-02
-5.647999999999999687e-01
-2.819999999999999729e-01
-5.000999999999999890e-01
-9.196999999999999620e-01
-8.669999999999999929e-02
-6.903000000000000247e-01
7.020999999999999464e-01
-6.100000000000000387e-03
2.620000000000000107e-01
-2.139999999999999958e-01
9.125999999999999668e-01
6.906999999999999806e-01
3.805000000000000049e-01
1.728000000000000091e-01
-4.763999999999999901e-01
8.120000000000000551e-01
-4.480000000000000093e-01
-1.685000000000000109e-01
-1.489000000000000046e-01
1.454000000000000015e-01
-2.846000000000000196e-01
7.813999999999999835e-01
-9.550000000000000155e-02
-8.829000000000000181e-01
1.506000000000000116e-01
-5.402000000000000135e-01
8.901000000000000023e-01
8.760000000000000009e-01
-5.133999999999999675e-01
-4.665000000000000258e-01
7.677000000000000490e-01
-7.482999999999999652e-01
-4.379999999999999866e-02
-7.149999999999999689e-01
7.015000000000000124e-01
-9.406999999999999806e-01
-5.706999999999999851e-01
2.495999999999999885e-01
6.478000000000000425e-01
2.862000000000000099e-01
4.303000000000000158e-01
7.920000000000000651e-02
-2.475999999999999868e-01
-5.080999999999999961e-01
9.677999999999999936e-01
-3.362999999999999878e-01
-2.225999999999999923e-01
-3.824000000000000177e-01
-6.281999999999999806e-01
-7.215000000000000302e-01
6.108999999999999986e-01
6.962000000000000410e-01
5.164999999999999591e-01
5.959999999999999742e-01
8.856000000000000538e-01
-8.609999999999999598e-02
-5.343999999999999861e-01
-8.144000000000000128e-01
-6.796999999999999709e-01
-1.708999999999999964e-01
-8.205000000000000071e-01
1.995999999999999996e-01
2.263999999999999901e-01
7.889999999999999791e-02
4.504000000000000226e-01
-4.421999999999999820e-01
-9.827000000000000179e-01
9.921999999999999709e-01
9.506000000000000005e-01
-1.522000000000000020e-01
9.526999999999999913e-01
-5.079999999999999793e-02
-6.999999999999999556e-01
-5.349999999999999895e-02
-2.479999999999999982e-01
6.241999999999999771e-01
-9.442000000000000393e-01
-8.773999999999999577e-01
-1.454000000000000015e-01
-6.329000000000000181e-01
-8.792999999999999705e-01
-6.862000000000000322e-01
4.924999999999999933e-01
7.310999999999999721e-01
4.472999999999999754e-01
3.786999999999999811e-01
-2.625000000000000111e-01
