3.618999999999999995e-01
2.540999999999999925e-01
3.608000000000000096e-01
3.497000000000000108e-01
-9.354000000000000092e-01
-3.145999999999999908e-01
9.147999999999999465e-01
2.192000000000000060e-01
3.588999999999999968e-01
7.665999999999999481e-01
-1.381999999999999895e-01
-1.845999999999999863e-01
-7.789999999999999702e-02
5.336999999999999522e-01
-6.573999999999999844e-01
-6.410000000000000142e-01
-4.178999999999999937e-01
-2.677999999999999825e-01
-5.990999999999999659e-01
7.389999999999999347e-02
8.071000000000000396e-01
8.927000000000000490e-01
4.688999999999999835e-01
5.044999999999999485e-01
-2.432999999999999885e-01
2.878000000000000003e-01
5.393000000000000016e-01
-6.553999999999999826e-01
4.605000000000000204e-01
1.841000000000000136e-01
-5.309000000000000385e-01
7.524999999999999467e-01
8.040000000000000480e-01
-5.038000000000000256e-01
-7.607000000000000428e-01
2.386000000000000065e-01
-2.528000000000000247e-01
8.908000000000000362e-01
8.451999999999999513e-01
-7.872000000000000108e-01
-5.242999999999999883e-01
8.756000000000000449e-01
-5.561000000000000387e-01
-5.961999999999999522e-01
2.442999999999999894e-01
-6.819999999999999674e-02
9.479999999999999538e-02
6.482999999999999874e-01
-5.140000000000000124e-02
5.421000000000000263e-01
9.570999999999999508e-01
-4.154999999999999805e-01
-7.853999999999999870e-01
9.211000000000000298e-01
-6.468000000000000416e-01
-1.375000000000000111e-01
-1.630000000000000060e-01
7.845999999999999641e-01
7.513999999999999568e-01
-8.580000000000000127e-02
2.482000000000000040e-01
4.879000000000000004e-01
-7.087999999999999856e-01
6.480000000000000204e-01
-8.740999999999999881e-01
1.683000000000000052e-01
5.674000000000000155e-01
9.631999999999999451e-01
-4.240999999999999770e-01
9.782999999999999474e-01
-5.006000000000000449e-01
-4.532999999999999807e-01
-6.401000000000000023e-01
-7.385000000000000453e-01
2.179000000000000103e-01
3.731999999999999762e-01
3.867999999999999772e-01
3.753000000000000225e-01
-5.411000000000000254e-01
9.481000000000000538e-01
3.207999999999999741e-01
8.496000000000000218e-01
-2.452999999999999903e-01
7.923000000000000043e-01
-2.232999999999999985e-01
5.141999999999999904e-01
9.750999999999999668e-01
8.675000000000000488e-01
2.807999999999999940e-01
8.319999999999999618e-02
9.392000000000000348e-01
5.830999999999999517e-01
-1.847999999999999921e-01
-2.610000000000000098e-01
5.715000000000000080e-01
-1.275000000000000022e-01
6.206000000000000405e-01
6.918999999999999595e-01
-4.854999999999999871e-01
-1.142999999999999988e-01
-2.721999999999999975e-01
-2.770000000000000240e-01
-9.838999999999999968e-01
3.806999999999999829e-01
-4.817000000000000171e-01
8.562999999999999501e-01
-4.055000000000000271e-01
-5.381000000000000227e-01
8.229999999999999538e-01
7.153000000000000469e-01
-7.991000000000000325e-01
1.248999999999999971e-01
-3.759000000000000119e-01
-3.914000000000000257e-01
-3.719999999999999973e-01
-7.231999999999999540e-01
3.000999999999999779e-01
9.112999999999999989e-01
-7.057999999999999829e-01
4.712999999999999967e-01
-5.011999999999999789e-01
9.771999999999999575e-01
-2.469999999999999973e-01
5.525999999999999801e-01
-4.002000000000000002e-01
4.830000000000000265e-02
6.619000000000000439e-01
-5.782000000000000473e-01
7.120999999999999552e-01
8.010000000000000453e-01
-4.696000000000000174e-01
7.879000000000000448e-01
3.412000000000000033e-01
4.455999999999999961e-01
5.680000000000000326e-02
-5.316999999999999504e-01
8.867000000000000437e-01
-1.441999999999999948e-01
6.950000000000000622e-02
-4.541999999999999926e-01
-6.116000000000000325e-01
-3.956999999999999962e-01
2.204000000000000126e-01
7.964999999999999858e-01
-7.679000000000000270e-01
-1.305000000000000049e-01
7.396000000000000352e-01
-5.721000000000000529e-01
7.312999999999999501e-01
-2.867000000000000104e-01
-8.771999999999999797e-01
9.026999999999999469e-01
6.909999999999999476e-01
1.910000000000000031e-01
6.982000000000000428e-01
-2.752000000000000002e-01
-8.786000000000000476e-01
-9.381000000000000449e-01
8.695000000000000506e-01
4.108999999999999875e-01
-8.575000000000000400e-01
-6.509000000000000341e-01
6.814999999999999947e-01
-8.349999999999999645e-01
5.527999999999999581e-01
-2.610999999999999988e-01
-9.628999999999999782e-01
-8.405000000000000249e-01
1.199999999999999895e-03
-8.465000000000000302e-01
-6.711000000000000298e-01
-3.799999999999999992e-03
6.330999999999999961e-01
-6.798999999999999488e-01
-9.179000000000000492e-01
-3.356000000000000094e-01
-5.775000000000000133e-01
-2.497000000000000053e-01
5.822000000000000508e-01
6.008000000000000007e-01
-2.009999999999999981e-02
-5.976000000000000201e-01
1.025999999999999968e-01
-9.566000000000000059e-01
8.067999999999999616e-01
-2.753999999999999782e-01
-5.692000000000000393e-01
4.171000000000000263e-01
-9.229000000000000536e-01
-8.167999999999999705e-01
-9.190000000000000391e-01
-1.043000000000000038e-01
7.810000000000000275e-02
-3.977999999999999869e-01
-2.883000000000000007e-01
6.500000000000000222e-02
7.722999999999999865e-01
-7.649000000000000243e-01
7.409000000000000030e-01
1.648000000000000020e-01
7.805999999999999606e-01
1.252999999999999947e-01
-1.438000000000000111e-01
4.959000000000000075e-01
-3.216999999999999860e-01
-8.968000000000000416e-01
2.680000000000000090e-02
7.330000000000000404e-02
-8.709999999999999687e-02
1.358999999999999930e-01
9.900000000000000813e-03
-2.851000000000000201e-01
-7.939999999999999836e-02
8.780000000000000027e-01
-4.117999999999999994e-01
2.228999999999999870e-01
3.226999999999999869e-01
-3.160000000000000031e-01
8.390999999999999570e-01
3.422000000000000042e-01
-2.220000000000000098e-02
-4.904999999999999916e-01
3.426000000000000156e-01
2.144000000000000072e-01
-1.913999999999999868e-01
6.871000000000000441e-01
3.690999999999999837e-01
-3.527000000000000135e-01
6.619999999999999496e-02
-1.024000000000000049e-01
4.965999999999999859e-01
8.832999999999999741e-01
-3.062000000000000277e-01
5.354999999999999760e-01
-4.669999999999999846e-02
-2.999999999999999889e-02
2.084999999999999909e-01
-4.114999999999999769e-01
8.467999999999999972e-01
-8.428999999999999826e-01
-2.802999999999999936e-01
