9.112999999999999989e-01
-4.934999999999999942e-01
-2.452999999999999903e-01
5.460000000000000270e-02
5.598999999999999533e-01
-3.194000000000000172e-01
5.809999999999999609e-01
-4.849999999999999867e-01
-5.924000000000000377e-01
-2.182000000000000051e-01
-7.870000000000000606e-02
4.057000000000000051e-01
5.251000000000000112e-01
2.737999999999999878e-01
4.527999999999999803e-01
-3.130000000000000004e-01
-1.976999999999999869e-01
-9.060000000000000275e-01
-1.086000000000000021e-01
-7.770000000000000240e-01
-1.728000000000000091e-01
-1.844999999999999973e-01
-6.582999999999999963e-01
-7.433999999999999497e-01
-7.059999999999999609e-02
-3.549999999999999684e-02
-2.988999999999999990e-01
-5.733000000000000318e-01
8.800000000000000530e-03
3.045999999999999819e-01
-8.349999999999999645e-01
-1.613999999999999879e-01
1.615000000000000047e-01
-4.998000000000000220e-01
-2.871000000000000218e-01
-5.607999999999999652e-01
-4.091000000000000192e-01
5.904000000000000359e-01
-7.030000000000000138e-02
-8.067999999999999616e-01
9.433000000000000274e-01
6.209000000000000075e-01
1.590999999999999914e-01
-3.748000000000000220e-01
-1.590999999999999914e-01
-7.588000000000000300e-01
8.231000000000000538e-01
-6.679999999999999827e-02
-4.551000000000000045e-01
-5.477999999999999536e-01
-5.742000000000000437e-01
2.867000000000000104e-01
9.799999999999999684e-03
-4.150000000000000216e-02
2.529999999999999957e-02
-6.992000000000000437e-01
1.618999999999999884e-01
9.096999999999999531e-01
-5.299000000000000377e-01
-7.307000000000000162e-01
-1.285000000000000031e-01
8.413000000000000478e-01
3.289999999999999869e-02
-4.781000000000000250e-01
6.217000000000000304e-01
6.397000000000000464e-01
-8.824999999999999512e-01
-1.953999999999999904e-01
-5.814000000000000279e-01
1.057000000000000023e-01
-2.616999999999999882e-01
8.480000000000000038e-02
3.130000000000000004e-01
-5.123999999999999666e-01
3.116999999999999771e-01
5.560000000000000497e-01
4.802000000000000157e-01
-7.587000000000000410e-01
-7.331999999999999629e-01
-1.504000000000000059e-01
9.177999999999999492e-01
-7.425000000000000488e-01
-8.797000000000000375e-01
7.130000000000000226e-02
8.710999999999999854e-01
-4.763000000000000012e-01
-9.321000000000000396e-01
3.763000000000000234e-01
-7.247000000000000108e-01
2.431000000000000105e-01
-2.650000000000000133e-01
2.479999999999999982e-01
4.754999999999999782e-01
-8.168999999999999595e-01
2.419000000000000039e-01
3.119999999999999857e-02
-4.855999999999999761e-01
-5.875000000000000222e-01
-9.560999999999999499e-01
6.854000000000000092e-01
-5.930999999999999606e-01
7.866999999999999549e-01
-6.820000000000000506e-01
-7.306000000000000272e-01
3.640999999999999792e-01
-9.470000000000000639e-02
-5.473999999999999977e-01
-4.682999999999999940e-01
-5.221999999999999975e-01
-8.447999999999999954e-01
-5.219000000000000306e-01
-5.664000000000000146e-01
1.274000000000000132e-01
-3.649000000000000021e-01
-7.236000000000000210e-01
6.592000000000000082e-01
2.577999999999999736e-01
-9.730999999999999650e-01
8.591999999999999638e-01
-9.052999999999999936e-01
6.701000000000000290e-01
-2.277000000000000135e-01
6.382999999999999785e-01
9.851999999999999647e-01
9.481000000000000538e-01
-3.382000000000000006e-01
-7.116999999999999993e-01
7.639999999999999569e-02
-9.021000000000000130e-01
3.235999999999999988e-01
-9.152000000000000135e-01
5.162999999999999812e-01
-9.993999999999999551e-01
7.637000000000000455e-01
8.576000000000000290e-01
2.440000000000000155e-02
-1.743000000000000105e-01
2.369999999999999885e-02
-1.230000000000000017e-02
-5.149999999999999717e-02
3.336000000000000076e-01
-3.634000000000000008e-01
-6.382999999999999785e-01
-8.987000000000000544e-01
-3.417999999999999927e-01
6.370999999999999996e-01
-8.449999999999999734e-01
-9.869999999999999607e-02
9.590999999999999526e-01
-6.419999999999999318e-02
7.667000000000000481e-01
-2.237000000000000099e-01
-9.796000000000000263e-01
3.370000000000000218e-01
4.368000000000000216e-01
-2.356000000000000039e-01
-7.970000000000000417e-01
9.127999999999999448e-01
-7.854999999999999760e-01
-2.356000000000000039e-01
-9.016999999999999460e-01
-4.294000000000000039e-01
-3.704999999999999960e-01
-3.885000000000000120e-01
-7.754999999999999671e-01
-9.353000000000000203e-01
-2.088000000000000134e-01
3.734999999999999987e-01
7.675999999999999490e-01
-8.023000000000000131e-01
3.088000000000000189e-01
-7.556000000000000494e-01
-3.649999999999999911e-01
-5.636999999999999789e-01
-6.539000000000000368e-01
6.808999999999999497e-01
6.898999999999999577e-01
2.129999999999999949e-02
7.570999999999999952e-01
9.633000000000000451e-01
8.562999999999999501e-01
-4.701000000000000179e-01
-2.993999999999999995e-01
5.244999999999999662e-01
-1.028000000000000025e-01
-5.697999999999999732e-01
6.300000000000000044e-01
7.368999999999999995e-01
2.184999999999999998e-01
5.643000000000000238e-01
-7.448000000000000176e-01
-2.132999999999999896e-01
5.774000000000000243e-01
6.704999999999999849e-01
7.043000000000000371e-01
6.274999999999999467e-01
1.136999999999999955e-01
8.032000000000000250e-01
3.724999999999999978e-01
3.617000000000000215e-01
-9.979999999999999982e-02
-9.290000000000000480e-01
-5.433000000000000052e-01
-5.999999999999999474e-04
8.279999999999999583e-01
-9.698999999999999844e-01
-6.552999999999999936e-01
-7.628000000000000336e-01
-6.489999999999999936e-02
8.369999999999999662e-01
5.741000000000000547e-01
-2.298000000000000043e-01
-7.549999999999999767e-02
-1.169000000000000039e-01
-7.855999999999999650e-01
-8.900000000000000133e-01
-2.731999999999999984e-01
-5.503000000000000114e-01
2.928000000000000047e-01
-2.933000000000000052e-01
3.496000000000000218e-01
-8.256999999999999895e-01
5.890000000000000097e-02
9.375999999999999890e-01
-5.618999999999999551e-01
5.467999999999999527e-01
-1.797999999999999876e-01
5.606999999999999762e-01
-4.303000000000000158e-01
9.824000000000000510e-01
1.590000000000000024e-01
-4.215999999999999748e-01
5.396999999999999575e-01
4.756000000000000227e-01
-8.669000000000000039e-01
9.183999999999999941e-01
-3.780999999999999917e-01
4.497999999999999776e-01
5.360000000000000181e-02
3.091999999999999749e-01
-2.786000000000000143e-01
