2.260999999999999954e-01
5.248000000000000442e-01
-6.581000000000000183e-01
-7.700000000000000178e-01
-7.393999999999999462e-01
-4.012999999999999901e-01
-4.848000000000000087e-01
2.894999999999999796e-01
-6.239999999999999991e-01
5.160000000000000003e-02
3.481000000000000205e-01
-2.945999999999999730e-01
4.768999999999999906e-01
-8.651999999999999691e-01
1.983999999999999930e-01
1.149999999999999981e-02
4.748999999999999888e-01
7.510000000000000009e-02
2.227000000000000091e-01
5.588999999999999524e-01
-4.348000000000000198e-01
-6.159999999999999920e-01
-4.051000000000000156e-01
5.958999999999999853e-01
5.073999999999999622e-01
-6.382999999999999785e-01
5.625000000000000000e-01
-9.525000000000000133e-01
-5.743000000000000327e-01
-9.176999999999999602e-01
8.027999999999999581e-01
5.285999999999999588e-01
-9.322000000000000286e-01
-4.470000000000000084e-01
-4.213999999999999968e-01
-6.499999999999999702e-03
3.593999999999999972e-01
-3.254000000000000226e-01
-9.756000000000000227e-01
4.501999999999999891e-01
-8.310999999999999499e-01
3.195000000000000062e-01
6.196000000000000396e-01
1.464999999999999913e-01
4.055000000000000271e-01
-1.630999999999999950e-01
-7.812999999999999945e-01
7.019999999999999574e-01
-3.469999999999999751e-01
-6.276000000000000467e-01
3.655999999999999805e-01
-3.020999999999999797e-01
6.169999999999999790e-02
6.666999999999999593e-01
-3.479999999999999760e-02
-8.530000000000000082e-02
-3.350000000000000200e-02
5.260000000000000092e-02
-7.973000000000000087e-01
2.442999999999999894e-01
5.563000000000000167e-01
9.769999999999999518e-02
-7.406000000000000361e-01
8.388999999999999790e-01
8.878000000000000336e-01
-2.079999999999999905e-02
1.512999999999999901e-01
-6.139000000000000012e-01
-1.544000000000000095e-01
-2.923999999999999932e-01
-5.254999999999999671e-01
2.396999999999999964e-01
-9.512000000000000455e-01
7.262999999999999456e-01
2.931000000000000272e-01
-7.541999999999999815e-01
5.833000000000000407e-01
3.542000000000000148e-01
4.345999999999999863e-01
-2.310999999999999999e-01
-1.089999999999999997e-02
7.035000000000000142e-01
-1.091000000000000025e-01
5.007000000000000339e-01
-8.954999999999999627e-01
-5.957999999999999963e-01
-7.513999999999999568e-01
8.784999999999999476e-01
-7.631000000000000005e-01
-3.642000000000000237e-01
8.824999999999999512e-01
-3.487999999999999989e-01
3.618999999999999995e-01
-1.280000000000000061e-02
-2.649000000000000243e-01
-8.276000000000000023e-01
-1.315000000000000058e-01
1.409999999999999969e-02
1.600999999999999923e-01
-1.703000000000000069e-01
-5.803000000000000380e-01
9.588999999999999746e-01
9.090000000000000302e-01
-8.053000000000000158e-01
-9.869999999999999885e-01
6.599999999999999964e-03
7.725999999999999535e-01
-4.127000000000000113e-01
-1.590000000000000024e-01
1.242000000000000048e-01
-9.618999999999999773e-01
1.199999999999999895e-03
-8.225999999999999979e-01
3.035999999999999810e-01
3.229000000000000203e-01
-1.208000000000000046e-01
-6.119999999999999746e-02
-5.262000000000000011e-01
-3.899999999999999821e-03
4.985999999999999877e-01
6.646999999999999575e-01
-1.441999999999999948e-01
3.740000000000000269e-02
7.340999999999999748e-01
8.745000000000000551e-01
5.175999999999999490e-01
-1.408000000000000085e-01
9.677999999999999936e-01
-2.487999999999999934e-01
4.887000000000000233e-01
3.180999999999999939e-01
4.227000000000000202e-01
6.452999999999999847e-01
1.691999999999999893e-01
1.600000000000000033e-02
9.206999999999999629e-01
4.485000000000000098e-01
2.577999999999999736e-01
-2.064000000000000001e-01
-1.441999999999999948e-01
9.006999999999999451e-01
-2.326999999999999902e-01
3.684000000000000052e-01
-4.779999999999999805e-01
2.842999999999999972e-01
5.427999999999999492e-01
3.701999999999999735e-01
3.090999999999999859e-01
-3.160000000000000309e-02
-4.895999999999999797e-01
5.618999999999999551e-01
-5.715999999999999970e-01
1.250999999999999890e-01
9.713000000000000522e-01
9.879999999999999893e-02
1.317000000000000115e-01
-6.300000000000000044e-02
-9.032000000000000028e-01
-8.172000000000000375e-01
5.487999999999999545e-01
6.276000000000000467e-01
4.565000000000000169e-01
-9.620999999999999552e-01
4.223999999999999977e-01
-5.011999999999999789e-01
3.279000000000000248e-01
3.627000000000000224e-01
4.062999999999999945e-01
-7.900000000000000355e-01
7.520000000000000018e-01
3.780000000000000027e-01
-7.309999999999999831e-01
4.240999999999999770e-01
2.023000000000000076e-01
-2.989999999999999949e-02
-2.814999999999999725e-01
4.369000000000000106e-01
1.446000000000000063e-01
6.300999999999999934e-01
1.880000000000000074e-02
-5.070000000000000062e-01
-8.374000000000000332e-01
1.476000000000000090e-01
-9.508999999999999675e-01
-6.152999999999999581e-01
7.648000000000000353e-01
-4.446999999999999842e-01
-1.408000000000000085e-01
1.652000000000000135e-01
-9.241000000000000325e-01
7.580000000000000626e-02
-8.860999999999999988e-01
5.016000000000000458e-01
7.820000000000000562e-02
4.043999999999999817e-01
3.912999999999999812e-01
4.254000000000000004e-01
-5.020000000000000018e-01
2.680000000000000090e-02
-6.481000000000000094e-01
5.210000000000000187e-01
-7.520000000000000295e-02
-2.036000000000000032e-01
5.889999999999999680e-01
-1.356999999999999873e-01
-8.656000000000000361e-01
-5.303999999999999826e-01
5.074999999999999512e-01
5.034999999999999476e-01
2.690000000000000030e-02
7.821000000000000174e-01
3.444999999999999729e-01
-6.441999999999999948e-01
-2.354999999999999871e-01
5.969999999999999751e-01
9.509999999999999565e-01
6.869999999999999718e-02
-9.456999999999999851e-01
5.423999999999999932e-01
-5.938999999999999835e-01
-3.030999999999999805e-01
-9.867000000000000215e-01
1.565999999999999892e-01
1.136000000000000065e-01
-7.088999999999999746e-01
5.263999999999999790e-01
-2.858999999999999875e-01
-6.922000000000000375e-01
-4.205999999999999739e-01
1.456999999999999962e-01
-2.726999999999999980e-01
9.703000000000000513e-01
4.240999999999999770e-01
3.446000000000000174e-01
4.321999999999999731e-01
-5.790999999999999481e-01
2.592999999999999750e-01
1.713999999999999968e-01
-6.784999999999999920e-01
-5.775000000000000133e-01
4.813999999999999946e-01
