-6.139000000000000012e-01
8.784999999999999476e-01
-6.148000000000000131e-01
-5.763000000000000345e-01
-3.316999999999999948e-01
2.255000000000000060e-01
7.838000000000000522e-01
4.611000000000000099e-01
5.901999999999999469e-01
-3.627000000000000224e-01
6.443999999999999728e-01
9.715000000000000302e-01
6.479999999999999649e-02
6.966999999999999860e-01
-1.080000000000000057e-02
6.166000000000000369e-01
-1.044999999999999957e-01
9.400000000000000369e-03
-5.200000000000000178e-01
-9.127999999999999448e-01
4.484000000000000208e-01
4.945999999999999841e-01
-1.942000000000000115e-01
-8.621999999999999664e-01
8.028999999999999471e-01
-8.944999999999999618e-01
7.735999999999999543e-01
-5.298000000000000487e-01
6.562999999999999945e-01
-3.069000000000000061e-01
-6.646999999999999575e-01
6.442999999999999838e-01
-3.971000000000000085e-01
-4.128000000000000003e-01
9.564000000000000279e-01
-6.734999999999999876e-01
-8.620999999999999774e-01
-1.270000000000000018e-01
-9.690000000000000002e-02
-8.890000000000000679e-02
4.669999999999999846e-02
-5.041999999999999815e-01
-4.027000000000000024e-01
-4.013999999999999790e-01
-7.783999999999999808e-01
-1.963999999999999913e-01
-3.780000000000000027e-01
-4.734999999999999765e-01
4.295999999999999819e-01
2.116999999999999993e-01
-7.290000000000000646e-02
5.074999999999999512e-01
5.242999999999999883e-01
-9.210000000000000131e-02
-7.792999999999999927e-01
3.392999999999999905e-01
-4.880999999999999783e-01
1.609999999999999973e-02
-3.326000000000000068e-01
-6.259000000000000119e-01
1.170000000000000068e-01
8.967000000000000526e-01
7.647000000000000464e-01
-5.754000000000000226e-01
-7.449000000000000066e-01
5.734000000000000208e-01
-8.272000000000000464e-01
-5.899999999999999863e-03
9.032000000000000028e-01
-8.114999999999999991e-01
-4.713999999999999857e-01
-6.559000000000000385e-01
3.164000000000000146e-01
5.723000000000000309e-01
-7.092000000000000526e-01
-4.163000000000000034e-01
-3.461000000000000187e-01
9.892999999999999572e-01
1.640000000000000069e-01
6.663000000000000034e-01
6.502999999999999892e-01
5.207000000000000517e-01
7.994999999999999885e-01
-7.963999999999999968e-01
-5.754000000000000226e-01
4.101000000000000201e-01
-1.396000000000000019e-01
7.546000000000000485e-01
-3.291000000000000036e-01
4.835999999999999743e-01
-4.307000000000000273e-01
-4.660000000000000253e-01
4.369000000000000106e-01
8.746000000000000441e-01
7.764999999999999680e-01
-9.648999999999999799e-01
-2.910000000000000087e-02
-6.104000000000000536e-01
5.450000000000000400e-01
6.266000000000000458e-01
4.782000000000000139e-01
9.958000000000000185e-01
-7.134000000000000341e-01
1.839999999999999969e-01
8.334000000000000297e-01
-7.140000000000000513e-02
6.895999999999999908e-01
2.600999999999999979e-01
5.625000000000000000e-01
-4.950000000000000233e-02
-8.519999999999999796e-02
-5.891999999999999460e-01
2.681000000000000050e-01
-4.505000000000000115e-01
2.069000000000000006e-01
-6.710000000000000409e-01
-3.302999999999999825e-01
-4.290999999999999814e-01
-7.735999999999999543e-01
-9.510999999999999455e-01
1.429999999999999882e-01
8.484000000000000430e-01
3.628000000000000114e-01
7.110999999999999543e-01
5.384999999999999787e-01
-6.064000000000000501e-01
-5.725000000000000089e-01
-4.303000000000000158e-01
-7.355000000000000426e-01
8.790999999999999925e-01
4.156000000000000250e-01
-6.149999999999999911e-01
5.565999999999999837e-01
-2.364999999999999880e-01
-5.443000000000000060e-01
2.508000000000000229e-01
-6.815999999999999837e-01
7.230999999999999650e-01
-1.812999999999999889e-01
5.538999999999999480e-01
-4.701000000000000179e-01
3.306000000000000050e-01
-5.769999999999999574e-01
-3.245999999999999996e-01
7.832000000000000073e-01
-1.655000000000000082e-01
-3.795999999999999930e-01
1.287000000000000088e-01
-8.504000000000000448e-01
-5.009000000000000119e-01
1.814999999999999947e-01
-6.942000000000000393e-01
-9.586999999999999966e-01
6.130999999999999783e-01
-3.007000000000000228e-01
-8.346999999999999975e-01
-6.168000000000000149e-01
7.581999999999999851e-01
8.418999999999999817e-01
1.980000000000000093e-01
-5.868999999999999773e-01
-1.489000000000000046e-01
1.875999999999999890e-01
-7.930000000000000382e-01
-8.310999999999999499e-01
5.311000000000000165e-01
-7.395000000000000462e-01
6.499999999999999702e-03
-4.580000000000000182e-01
-6.784999999999999920e-01
-1.262999999999999956e-01
8.691999999999999726e-01
7.351999999999999647e-01
-7.922000000000000153e-01
5.022999999999999687e-01
-6.874000000000000110e-01
-3.798000000000000265e-01
-1.378000000000000058e-01
4.000000000000000222e-01
-9.779999999999999805e-01
9.575000000000000178e-01
2.699999999999999969e-02
7.395000000000000462e-01
7.050999999999999490e-01
5.199999999999999761e-03
8.018999999999999462e-01
-7.658000000000000362e-01
-8.399999999999999689e-01
-7.089999999999999636e-01
-5.198000000000000398e-01
7.812000000000000055e-01
1.542999999999999927e-01
5.826999999999999957e-01
2.510000000000000009e-01
8.856000000000000538e-01
-2.262000000000000122e-01
-3.372999999999999887e-01
8.302000000000000490e-01
-4.499999999999999660e-03
-9.810000000000000664e-02
-9.435000000000000053e-01
-6.273999999999999577e-01
2.999999999999999889e-02
-5.473999999999999977e-01
7.912000000000000144e-01
-9.626000000000000112e-01
3.751999999999999780e-01
4.974999999999999978e-01
9.538999999999999702e-01
-7.408000000000000140e-01
-1.325000000000000067e-01
6.810000000000000497e-01
1.517000000000000015e-01
1.464000000000000024e-01
-5.517999999999999572e-01
-7.159999999999999698e-02
3.575999999999999734e-01
4.374000000000000110e-01
1.277000000000000079e-01
5.675999999999999934e-01
-2.928999999999999937e-01
5.130000000000000115e-01
-7.602999999999999758e-01
2.545999999999999930e-01
-7.877999999999999448e-01
-7.895999999999999686e-01
7.917999999999999483e-01
3.825000000000000067e-01
-7.483999999999999542e-01
9.146999999999999575e-01
6.136000000000000343e-01
-7.208999999999999853e-01
-1.784999999999999920e-01
-4.706000000000000183e-01
8.794999999999999485e-01
-1.021999999999999992e-01
-5.991999999999999549e-01
5.688999999999999613e-01
7.691000000000000059e-01
5.766999999999999904e-01
-9.449999999999999512e-01
