3.735999999999999877e-01
-9.909999999999999365e-02
-7.818000000000000504e-01
-4.177000000000000157e-01
-4.482999999999999763e-01
-9.164999999999999813e-01
6.647999999999999465e-01
3.343999999999999750e-01
-9.969999999999999973e-01
4.535000000000000142e-01
1.223000000000000059e-01
-7.032000000000000473e-01
2.599999999999999881e-03
6.918999999999999595e-01
-1.403999999999999970e-01
7.122000000000000552e-01
-1.852000000000000035e-01
7.550000000000000044e-01
-5.184999999999999609e-01
-1.908999999999999864e-01
9.489999999999999547e-01
6.679999999999999827e-02
2.407999999999999863e-01
-1.796000000000000096e-01
6.499999999999999702e-03
-5.705999999999999961e-01
3.684000000000000052e-01
8.699000000000000066e-01
7.238999999999999879e-01
3.219000000000000195e-01
4.295999999999999819e-01
-2.988000000000000100e-01
-5.687999999999999723e-01
8.715000000000000524e-01
8.699999999999999400e-02
4.465999999999999970e-01
5.709999999999999798e-02
-2.927000000000000157e-01
2.056999999999999940e-01
-4.687000000000000055e-01
-6.600000000000000311e-01
5.243999999999999773e-01
8.069999999999999396e-02
4.536000000000000032e-01
4.915999999999999814e-01
5.880999999999999561e-01
-8.836000000000000520e-01
-7.739999999999999658e-02
4.242000000000000215e-01
8.923999999999999710e-01
7.788000000000000478e-01
-6.865999999999999881e-01
-9.545000000000000151e-01
4.240999999999999770e-01
1.233999999999999958e-01
-4.625000000000000222e-01
5.960000000000000020e-02
-3.180000000000000188e-02
4.676000000000000156e-01
3.466000000000000192e-01
-4.197000000000000175e-01
-4.156000000000000250e-01
6.066000000000000281e-01
-9.121000000000000218e-01
3.323999999999999733e-01
3.724000000000000088e-01
-7.070999999999999508e-01
-8.736000000000000432e-01
-9.186999999999999611e-01
-4.242000000000000215e-01
-9.990999999999999881e-01
-3.071999999999999731e-01
-1.650999999999999968e-01
1.468000000000000138e-01
5.578999999999999515e-01
-1.063000000000000056e-01
4.113999999999999879e-01
9.006999999999999451e-01
-4.800000000000000100e-02
-7.963999999999999968e-01
6.975000000000000089e-01
-4.390000000000000013e-01
-7.291999999999999593e-01
1.693999999999999950e-01
-8.276000000000000023e-01
3.267999999999999794e-01
7.451999999999999735e-01
5.511000000000000343e-01
8.158999999999999586e-01
-6.185000000000000497e-01
-6.619999999999999496e-02
9.108000000000000540e-01
4.787000000000000144e-01
4.320999999999999841e-01
-1.658999999999999919e-01
-2.444000000000000061e-01
9.885000000000000453e-01
-1.086000000000000021e-01
-4.724999999999999756e-01
-7.591999999999999860e-01
7.361999999999999655e-01
-6.579000000000000403e-01
3.790999999999999925e-01
5.958999999999999853e-01
3.810000000000000053e-01
2.747999999999999887e-01
-8.882999999999999785e-01
-3.219000000000000195e-01
6.909999999999999476e-02
-1.413000000000000089e-01
3.497000000000000108e-01
5.520000000000000462e-01
3.316999999999999948e-01
-5.628999999999999559e-01
5.827999999999999847e-01
-1.950000000000000067e-01
1.265999999999999903e-01
5.340000000000000302e-01
-5.988999999999999879e-01
9.083999999999999853e-01
-2.787000000000000033e-01
2.893000000000000016e-01
-3.514999999999999791e-01
-5.941999999999999504e-01
-2.798999999999999821e-01
2.928000000000000047e-01
2.212999999999999967e-01
-2.152999999999999914e-01
-5.680000000000000326e-02
9.133999999999999897e-01
-4.363000000000000211e-01
-4.370000000000000273e-02
-9.009999999999999953e-02
2.910000000000000087e-02
-8.427000000000000046e-01
6.115000000000000435e-01
5.127000000000000446e-01
6.069999999999999840e-01
-6.975999999999999979e-01
-7.368000000000000105e-01
-1.656999999999999862e-01
-8.074000000000000066e-01
4.806000000000000272e-01
-9.550000000000000155e-02
8.555000000000000382e-01
8.838000000000000300e-01
-8.450000000000000566e-02
1.562000000000000055e-01
4.995999999999999885e-01
9.096999999999999531e-01
-9.811999999999999611e-01
7.879000000000000448e-01
3.896000000000000019e-01
-6.794000000000000039e-01
-8.820000000000000062e-01
7.000999999999999446e-01
-6.695999999999999730e-01
9.589999999999999636e-01
6.081999999999999629e-01
8.730000000000000260e-02
-1.796000000000000096e-01
5.191999999999999948e-01
-3.084000000000000075e-01
-1.218000000000000055e-01
-1.607000000000000095e-01
-9.203000000000000069e-01
-8.126999999999999780e-01
-5.757999999999999785e-01
-9.820999999999999730e-01
-5.463000000000000078e-01
-2.439999999999999947e-01
-5.678999999999999604e-01
5.822000000000000508e-01
3.395000000000000240e-01
9.590999999999999526e-01
6.074000000000000510e-01
-7.208999999999999853e-01
7.701000000000000068e-01
-4.218000000000000083e-01
-4.294000000000000039e-01
5.681000000000000494e-01
2.842000000000000082e-01
-6.379999999999999560e-02
9.190000000000000391e-01
-7.781000000000000139e-01
-7.943999999999999950e-01
6.953000000000000291e-01
6.378000000000000336e-01
3.121999999999999775e-01
-6.139000000000000012e-01
9.169000000000000483e-01
4.526000000000000023e-01
5.712000000000000410e-01
4.761000000000000232e-01
6.680000000000000382e-01
-6.163999999999999480e-01
-2.832999999999999963e-01
7.714999999999999636e-01
9.153999999999999915e-01
3.882999999999999785e-01
-2.529999999999999957e-02
6.630000000000000338e-01
4.138999999999999901e-01
6.571000000000000174e-01
3.967999999999999861e-01
1.824999999999999956e-01
8.521999999999999575e-01
-6.431999999999999940e-01
5.752000000000000446e-01
-1.236000000000000015e-01
-3.860999999999999988e-01
-2.722999999999999865e-01
1.945000000000000062e-01
9.495999999999999996e-01
8.157999999999999696e-01
1.233999999999999958e-01
-6.010999999999999677e-01
-3.432999999999999940e-01
8.179999999999999494e-01
-4.934000000000000052e-01
-8.478999999999999870e-01
-4.606999999999999984e-01
4.875999999999999779e-01
-8.803999999999999604e-01
-6.599999999999999964e-03
1.370999999999999996e-01
-8.739000000000000101e-01
2.659000000000000252e-01
6.810000000000000497e-01
1.358000000000000040e-01
5.497999999999999554e-01
7.449999999999999956e-01
7.392999999999999572e-01
-6.756999999999999673e-01
-4.505000000000000115e-01
-7.741999999999999993e-01
3.109999999999999917e-02
3.950000000000000039e-02
2.762000000000000011e-01
1.175999999999999962e-01
1.165000000000000063e-01
