-4.499000000000000221e-01
3.861999999999999877e-01
7.086999999999999966e-01
-1.408000000000000085e-01
-2.644000000000000239e-01
2.051999999999999935e-01
-7.799000000000000377e-01
9.507999999999999785e-01
1.079999999999999988e-01
6.542000000000000037e-01
4.773999999999999910e-01
-7.359999999999999876e-01
6.139000000000000012e-01
5.720000000000000084e-02
-5.909999999999999698e-01
-3.019000000000000017e-01
-9.432000000000000384e-01
8.045999999999999819e-01
-8.417000000000000037e-01
4.229999999999999871e-01
-2.933999999999999941e-01
7.593999999999999639e-01
7.724999999999999645e-01
2.696000000000000063e-01
-1.875999999999999890e-01
4.169999999999999818e-01
-7.090999999999999526e-01
-8.215000000000000080e-01
6.950000000000000622e-02
-2.053999999999999992e-01
2.833999999999999853e-01
-2.273999999999999910e-01
6.394999999999999574e-01
1.169000000000000039e-01
-6.307000000000000384e-01
8.175000000000000044e-01
-6.128000000000000114e-01
2.709999999999999909e-02
4.193000000000000060e-01
-7.451999999999999735e-01
4.546000000000000041e-01
3.356999999999999984e-01
1.233000000000000068e-01
-1.049999999999999961e-01
3.105999999999999872e-01
6.967999999999999750e-01
5.833000000000000407e-01
2.330000000000000127e-01
2.737999999999999878e-01
8.667000000000000259e-01
4.838000000000000078e-01
-3.953999999999999737e-01
2.079999999999999905e-02
-3.543000000000000038e-01
-4.587999999999999856e-01
-9.840000000000000135e-02
-2.928999999999999937e-01
-4.385999999999999899e-01
-3.130000000000000143e-02
7.175000000000000266e-01
