-5.165999999999999481e-01
-4.151000000000000245e-01
1.433000000000000107e-01
-4.739999999999999769e-02
9.220000000000000417e-01
1.585999999999999910e-01
-7.601999999999999869e-01
-1.360999999999999988e-01
-4.697000000000000064e-01
6.281999999999999806e-01
8.782999999999999696e-01
7.986999999999999655e-01
9.406999999999999806e-01
7.055000000000000160e-01
9.336999999999999744e-01
-8.314000000000000279e-01
-7.513999999999999568e-01
1.062000000000000027e-01
-2.753999999999999782e-01
-4.502999999999999781e-01
-4.183999999999999941e-01
-3.471000000000000196e-01
-7.534999999999999476e-01
3.917999999999999816e-01
-7.804999999999999716e-01
1.623999999999999888e-01
6.819999999999999674e-02
-4.576000000000000068e-01
-5.570000000000000506e-01
6.884000000000000119e-01
6.288000000000000256e-01
2.013000000000000067e-01
4.817000000000000171e-01
6.663999999999999924e-01
4.208000000000000074e-01
7.869000000000000439e-01
8.999999999999999320e-03
6.320000000000000062e-01
-1.962000000000000133e-01
-3.459999999999999881e-02
-1.295999999999999930e-01
2.680000000000000090e-02
-2.391999999999999960e-01
-4.759999999999999787e-01
-9.186999999999999611e-01
-3.377000000000000002e-01
-9.812999999999999501e-01
-3.039999999999999925e-01
9.450000000000000067e-02
-7.105000000000000204e-01
6.142999999999999572e-01
-2.759999999999999953e-02
-5.309000000000000385e-01
1.353999999999999926e-01
-1.776000000000000079e-01
-3.785000000000000031e-01
-9.586000000000000076e-01
3.629999999999999893e-01
-5.366999999999999549e-01
8.856000000000000538e-01
