-4.405999999999999917e-01
8.692999999999999616e-01
-7.600999999999999979e-01
1.781000000000000083e-01
-4.547999999999999821e-01
4.188000000000000056e-01
-6.297000000000000375e-01
8.898000000000000353e-01
-5.558999999999999497e-01
-6.049999999999999822e-01
1.456000000000000072e-01
6.395999999999999464e-01
-4.563999999999999724e-01
1.729999999999999941e-02
2.265000000000000069e-01
-4.803000000000000047e-01
-8.720999999999999863e-01
-2.760000000000000231e-01
-5.544999999999999929e-01
-6.796999999999999709e-01
1.629999999999999852e-02
-5.414999999999999813e-01
7.681999999999999940e-01
-6.374999999999999556e-01
2.348999999999999977e-01
4.960999999999999854e-01
2.331999999999999906e-01
4.772000000000000131e-01
2.965999999999999748e-01
-4.798999999999999932e-01
-7.735999999999999543e-01
2.009999999999999981e-02
1.409999999999999865e-01
6.387000000000000455e-01
-9.878000000000000114e-01
5.311000000000000165e-01
9.494000000000000217e-01
4.832000000000000184e-01
7.929999999999999549e-02
5.856999999999999984e-01
-9.973999999999999533e-01
-4.749999999999999778e-01
8.035999999999999810e-01
-7.791000000000000147e-01
5.564999999999999947e-01
-3.269999999999999990e-02
-1.243999999999999967e-01
3.902999999999999803e-01
9.830999999999999739e-01
-7.883000000000000007e-01
-2.396999999999999964e-01
4.859999999999999876e-01
-5.164999999999999591e-01
-4.385000000000000009e-01
-7.950000000000000400e-01
8.554000000000000492e-01
-4.035000000000000253e-01
7.493999999999999551e-01
-9.458999999999999631e-01
9.373000000000000220e-01
