6.603999999999999870e-01
5.215999999999999526e-01
7.125000000000000222e-01
-3.370000000000000218e-01
-3.693000000000000171e-01
-6.783000000000000140e-01
5.228000000000000425e-01
7.685999999999999499e-01
4.777000000000000135e-01
1.781999999999999973e-01
-1.633000000000000007e-01
-8.279999999999999860e-02
6.971000000000000529e-01
2.233999999999999875e-01
1.310000000000000053e-02
9.166999999999999593e-01
6.882000000000000339e-01
8.233000000000000318e-01
-6.441999999999999948e-01
9.855000000000000426e-01
8.377999999999999892e-01
9.265999999999999792e-01
7.231999999999999540e-01
1.063000000000000056e-01
-7.645999999999999464e-01
7.560000000000000053e-02
-5.145999999999999464e-01
-5.473000000000000087e-01
2.737999999999999878e-01
1.655000000000000082e-01
6.090000000000000274e-02
5.338000000000000522e-01
7.733999999999999764e-01
5.472000000000000197e-01
5.800000000000000294e-02
2.733999999999999764e-01
7.954999999999999849e-01
6.899999999999999883e-03
4.737000000000000099e-01
4.299999999999999933e-01
8.780000000000000027e-01
-2.549999999999999836e-02
5.079999999999999793e-02
1.123999999999999999e-01
-5.978999999999999870e-01
-9.868000000000000105e-01
-1.875000000000000000e-01
-9.761999999999999567e-01
9.313000000000000167e-01
-2.056000000000000050e-01
5.814000000000000279e-01
-4.299999999999999933e-01
-2.318000000000000060e-01
6.322999999999999732e-01
5.168000000000000371e-01
-2.979999999999999871e-01
-5.145999999999999464e-01
-3.584999999999999853e-01
5.225999999999999535e-01
5.809999999999999887e-02
