7.620999999999999996e-01
4.015000000000000235e-01
-3.740999999999999881e-01
-7.758000000000000451e-01
1.721999999999999920e-01
2.560000000000000123e-02
-9.386999999999999789e-01
5.143999999999999684e-01
3.210000000000000075e-01
-4.136000000000000232e-01
7.764999999999999680e-01
8.604000000000000536e-01
-9.910999999999999810e-01
9.848000000000000087e-01
-9.416999999999999815e-01
-4.585000000000000187e-01
-9.582000000000000517e-01
-9.252000000000000224e-01
3.310000000000000164e-01
3.141999999999999793e-01
-7.610000000000000098e-01
-5.958999999999999853e-01
-4.415999999999999925e-01
-4.515000000000000124e-01
-3.831999999999999851e-01
-1.340000000000000080e-01
5.070999999999999952e-01
1.250000000000000069e-02
-5.997000000000000108e-01
9.587999999999999856e-01
5.963000000000000522e-01
-1.229999999999999982e-01
6.475999999999999535e-01
-6.478000000000000425e-01
6.846999999999999753e-01
-9.747999999999999998e-01
1.401000000000000023e-01
1.185999999999999971e-01
-9.828999999999999959e-01
6.020999999999999686e-01
6.249000000000000110e-01
-5.870999999999999552e-01
2.616999999999999882e-01
-8.949000000000000288e-01
-7.606000000000000538e-01
-3.654999999999999916e-01
2.832000000000000073e-01
8.079999999999999682e-02
3.115999999999999881e-01
-8.236999999999999877e-01
-4.857000000000000206e-01
-7.327000000000000179e-01
-3.675999999999999823e-01
-1.816000000000000114e-01
-2.540999999999999925e-01
-1.847000000000000031e-01
2.440000000000000155e-02
5.238000000000000433e-01
8.324000000000000288e-01
-3.840999999999999970e-01
