7.883999999999999897e-01
4.320999999999999841e-01
-6.156000000000000361e-01
-8.490000000000000324e-02
-4.939999999999999947e-02
4.183000000000000052e-01
-8.780000000000000304e-02
-8.214000000000000190e-01
-4.748999999999999888e-01
9.059000000000000385e-01
9.180000000000000659e-02
-8.668000000000000149e-01
-5.900999999999999579e-01
-7.980000000000000426e-01
6.186000000000000387e-01
-9.631999999999999451e-01
-1.910000000000000031e-01
-5.477999999999999536e-01
-6.121999999999999664e-01
-6.828999999999999515e-01
-3.539999999999999813e-01
-1.841000000000000136e-01
-8.759999999999999731e-02
-1.812999999999999889e-01
-7.430999999999999828e-01
6.643000000000000016e-01
4.530000000000000138e-01
-4.817000000000000171e-01
-4.637999999999999901e-01
-6.268000000000000238e-01
5.857999999999999874e-01
-8.399999999999999689e-01
8.746000000000000441e-01
4.819999999999999840e-01
1.413999999999999979e-01
3.826999999999999846e-01
9.678999999999999826e-01
2.373999999999999999e-01
6.189999999999999947e-01
-8.241000000000000547e-01
2.953999999999999959e-01
4.149999999999999800e-01
6.310999999999999943e-01
-7.387000000000000233e-01
-6.235000000000000542e-01
-4.749999999999999778e-01
4.590000000000000191e-01
4.854999999999999871e-01
8.914999999999999591e-01
8.443000000000000504e-01
4.592999999999999861e-01
7.710000000000000187e-01
-8.066999999999999726e-01
2.401000000000000079e-01
9.945000000000000506e-01
-6.995999999999999996e-01
-2.167999999999999927e-01
-3.647000000000000242e-01
-3.094999999999999973e-01
-4.914000000000000035e-01
