-5.555999999999999828e-01
9.141000000000000236e-01
-3.931000000000000050e-01
8.519999999999999796e-02
4.170000000000000095e-02
-8.435000000000000275e-01
1.552000000000000046e-01
2.763999999999999790e-01
4.689999999999999725e-02
-1.439999999999999961e-02
2.386999999999999955e-01
6.268000000000000238e-01
-5.870000000000000218e-02
-3.024999999999999911e-01
2.384999999999999898e-01
2.988999999999999990e-01
-6.766999999999999682e-01
-5.212999999999999856e-01
9.170000000000000373e-02
-7.477000000000000313e-01
-5.900999999999999579e-01
1.978999999999999926e-01
1.761999999999999955e-01
-7.239999999999999769e-01
2.364999999999999880e-01
-6.122999999999999554e-01
8.958000000000000407e-01
4.283000000000000140e-01
4.063999999999999835e-01
-5.728999999999999648e-01
-1.705000000000000127e-01
-1.323999999999999899e-01
-8.444000000000000394e-01
-2.721000000000000085e-01
7.956999999999999629e-01
-9.640999999999999570e-01
8.713999999999999524e-01
-4.233000000000000096e-01
2.600000000000000089e-01
-4.299999999999999933e-01
1.426000000000000045e-01
-7.289999999999999813e-01
6.516999999999999460e-01
-5.981999999999999540e-01
-8.335000000000000187e-01
8.310999999999999499e-01
-5.399000000000000465e-01
4.703999999999999848e-01
-9.552000000000000490e-01
-3.487999999999999989e-01
-9.264000000000000012e-01
-9.326999999999999735e-01
-8.085999999999999854e-01
-1.016999999999999987e-01
-8.263000000000000345e-01
8.570999999999999730e-01
4.469999999999999668e-02
9.740999999999999659e-01
6.306000000000000494e-01
-7.215000000000000302e-01
