4.200000000000000261e-02
9.181000000000000272e-01
3.699999999999999956e-01
-8.479999999999999760e-01
-5.649999999999999467e-01
9.679999999999999716e-01
9.896000000000000352e-01
3.341999999999999971e-01
-5.417999999999999483e-01
9.744000000000000439e-01
-8.635000000000000453e-01
-2.164000000000000090e-01
3.706999999999999740e-01
6.940000000000000335e-02
2.750000000000000014e-02
-2.994999999999999885e-01
8.266000000000000014e-01
8.779000000000000137e-01
2.878000000000000003e-01
-6.460000000000000187e-01
6.090000000000000274e-02
5.702000000000000401e-01
-2.200999999999999901e-01
9.388999999999999568e-01
6.192999999999999616e-01
-0.000000000000000000e+00
3.926999999999999935e-01
5.197000000000000508e-01
8.904999999999999583e-01
-6.863000000000000211e-01
9.671999999999999487e-01
4.929000000000000048e-01
-3.659999999999999920e-01
4.703999999999999848e-01
6.414999999999999591e-01
-8.672999999999999599e-01
4.269000000000000017e-01
5.341000000000000192e-01
-4.950999999999999845e-01
8.427999999999999936e-01
7.693999999999999728e-01
-6.107000000000000206e-01
6.196000000000000396e-01
4.354000000000000092e-01
-4.208999999999999964e-01
-5.874000000000000332e-01
8.602999999999999536e-01
3.544999999999999818e-01
9.685000000000000275e-01
4.828000000000000069e-01
-2.162000000000000033e-01
9.302000000000000268e-01
8.892999999999999794e-01
-3.315000000000000169e-01
-7.737000000000000544e-01
-7.149999999999999689e-01
-2.504000000000000115e-01
-8.885999999999999455e-01
2.809999999999999998e-02
5.274999999999999689e-01
