-7.877999999999999448e-01
-5.918999999999999817e-01
-5.748999999999999666e-01
-8.322000000000000508e-01
-6.149000000000000021e-01
-6.736999999999999655e-01
-1.582999999999999963e-01
-2.192999999999999949e-01
-2.436000000000000110e-01
-8.701999999999999735e-01
3.377999999999999892e-01
-1.650000000000000078e-01
3.659000000000000030e-01
-8.323000000000000398e-01
-4.495999999999999996e-01
8.790999999999999925e-01
-8.566000000000000281e-01
4.616999999999999993e-01
-8.208999999999999631e-01
-9.656000000000000139e-01
-6.559000000000000385e-01
-3.718000000000000194e-01
7.514999999999999458e-01
7.199999999999999456e-02
1.902999999999999969e-01
8.409999999999999698e-01
-8.892999999999999794e-01
-9.603000000000000425e-01
3.759000000000000119e-01
5.505999999999999783e-01
4.521000000000000019e-01
7.493999999999999551e-01
-1.650000000000000078e-01
-1.958000000000000018e-01
2.699999999999999969e-02
-4.608999999999999764e-01
4.274000000000000021e-01
-9.627999999999999892e-01
3.786999999999999811e-01
-8.699000000000000066e-01
-5.064999999999999503e-01
6.166000000000000369e-01
-7.402999999999999581e-01
-4.429000000000000159e-01
-9.452000000000000401e-01
1.050000000000000065e-02
9.533000000000000362e-01
-6.179999999999999938e-01
-1.885000000000000009e-01
-3.280000000000000138e-01
-4.670000000000000262e-01
-4.897000000000000242e-01
-9.991999999999999771e-01
6.928999999999999604e-01
6.313999999999999613e-01
-3.819999999999999785e-02
-2.061999999999999944e-01
7.012000000000000455e-01
5.698999999999999622e-01
-9.332000000000000295e-01
