-1.110000000000000014e-01
-3.975000000000000200e-01
-5.876000000000000112e-01
2.696999999999999953e-01
6.471999999999999975e-01
8.500999999999999668e-01
8.090000000000000524e-01
5.349999999999999895e-02
-3.412999999999999923e-01
8.944999999999999618e-01
-5.141999999999999904e-01
-3.713000000000000189e-01
-4.946999999999999731e-01
-5.624000000000000110e-01
6.420000000000000151e-01
3.114000000000000101e-01
-1.784999999999999920e-01
-8.363000000000000433e-01
-1.060000000000000005e-02
-4.999000000000000110e-01
-1.718000000000000083e-01
6.988999999999999657e-01
6.010999999999999677e-01
2.756000000000000116e-01
-4.951999999999999735e-01
1.174999999999999933e-01
-4.823999999999999955e-01
-2.243999999999999884e-01
6.197000000000000286e-01
-7.516000000000000458e-01
-4.545000000000000151e-01
-8.800000000000000530e-03
-7.422999999999999599e-01
-6.206000000000000405e-01
6.905999999999999917e-01
8.727000000000000313e-01
-8.054999999999999938e-01
1.918999999999999873e-01
4.673999999999999821e-01
4.434000000000000163e-01
