-8.023000000000000131e-01
-8.604000000000000536e-01
1.343999999999999917e-01
-6.631000000000000227e-01
2.871000000000000218e-01
-2.179999999999999993e-01
1.096000000000000030e-01
4.192000000000000171e-01
7.005000000000000115e-01
2.190999999999999892e-01
8.625000000000000444e-01
-5.403000000000000025e-01
9.986000000000000432e-01
-9.229000000000000536e-01
-9.975000000000000533e-01
5.586999999999999744e-01
-8.729000000000000092e-01
4.350999999999999868e-01
-4.464000000000000190e-01
-7.490999999999999881e-01
-9.182000000000000162e-01
-4.373000000000000220e-01
8.803999999999999604e-01
9.003999999999999782e-01
2.227000000000000091e-01
-4.411999999999999811e-01
3.989999999999999797e-02
-4.979000000000000092e-01
-1.173000000000000015e-01
-8.947000000000000508e-01
9.102999999999999980e-01
1.770000000000000046e-02
9.015999999999999570e-01
5.627999999999999670e-01
7.284000000000000474e-01
-4.768999999999999906e-01
1.000000000000000021e-02
4.560000000000000164e-01
5.194999999999999618e-01
-3.572000000000000175e-01
