-8.087999999999999634e-01
8.670999999999999819e-01
-8.500999999999999668e-01
4.970000000000000112e-02
-5.836000000000000076e-01
-6.709000000000000519e-01
7.582999999999999741e-01
7.604999999999999538e-01
-4.027000000000000024e-01
6.462999999999999856e-01
-5.662000000000000366e-01
9.318999999999999506e-01
4.399999999999999745e-02
-2.838999999999999857e-01
8.510999999999999677e-01
-7.735999999999999543e-01
9.465000000000000080e-01
-4.497999999999999776e-01
-8.038999999999999480e-01
2.436000000000000110e-01
7.844999999999999751e-01
7.137000000000000011e-01
6.177000000000000268e-01
-5.560000000000000497e-01
-5.427999999999999492e-01
3.390000000000000235e-01
-1.683000000000000052e-01
9.058000000000000496e-01
4.858999999999999986e-01
-5.433999999999999941e-01
-8.012000000000000233e-01
6.735999999999999766e-01
-6.018999999999999906e-01
-1.220000000000000077e-02
8.112000000000000322e-01
-2.970000000000000070e-02
-2.469999999999999973e-01
5.901999999999999469e-01
2.510000000000000078e-02
-4.996999999999999775e-01
