-2.477999999999999925e-01
-5.883000000000000451e-01
1.401999999999999913e-01
3.106999999999999762e-01
4.198000000000000065e-01
-5.933000000000000496e-01
8.814999999999999503e-01
-6.005000000000000338e-01
4.141000000000000236e-01
-3.559999999999999970e-02
6.780000000000000471e-01
6.111999999999999655e-01
-1.198000000000000037e-01
-5.181000000000000050e-01
-2.309999999999999901e-02
-5.707999999999999741e-01
4.441999999999999837e-01
3.700000000000000164e-03
-5.935000000000000275e-01
5.400000000000000355e-01
4.823999999999999955e-01
5.711000000000000520e-01
-4.923000000000000154e-01
4.670000000000000262e-01
8.728000000000000203e-01
-1.057000000000000023e-01
3.135000000000000009e-01
4.798000000000000043e-01
4.529000000000000248e-01
-9.545000000000000151e-01
6.086000000000000298e-01
7.227000000000000091e-01
6.010000000000000064e-02
6.612000000000000099e-01
4.188000000000000056e-01
-5.566999999999999726e-01
8.892999999999999794e-01
-1.908999999999999864e-01
5.195999999999999508e-01
-3.904000000000000248e-01
