7.802999999999999936e-01
6.142999999999999572e-01
9.294999999999999929e-01
3.483999999999999875e-01
-9.700000000000000289e-03
7.886999999999999567e-01
9.306999999999999718e-01
-1.355000000000000093e-01
3.320000000000000173e-01
-2.301999999999999880e-01
1.731999999999999929e-01
-9.714000000000000412e-01
-1.053999999999999937e-01
-7.510000000000000009e-02
2.567999999999999727e-01
-3.009999999999999898e-01
-5.940000000000000141e-02
-2.958999999999999964e-01
-1.040999999999999981e-01
-2.495999999999999885e-01
-8.810000000000000053e-01
8.369999999999999662e-02
9.737000000000000099e-01
5.601000000000000423e-01
5.967000000000000082e-01
-3.048000000000000154e-01
5.454999999999999849e-01
-6.392999999999999794e-01
-2.913000000000000034e-01
-9.391000000000000458e-01
-8.159999999999999476e-01
5.931999999999999496e-01
-1.701999999999999902e-01
7.347000000000000197e-01
5.683000000000000274e-01
7.539999999999999480e-02
-8.722999999999999643e-01
-5.886000000000000121e-01
-8.071000000000000396e-01
-7.689999999999999614e-02
