7.903000000000000025e-01
2.253000000000000003e-01
3.486000000000000210e-01
-1.443000000000000116e-01
3.542000000000000148e-01
-7.211999999999999522e-01
-5.999999999999999778e-02
6.136000000000000343e-01
-3.816999999999999837e-01
7.380000000000000449e-02
-2.884999999999999787e-01
2.595999999999999974e-01
9.667000000000000037e-01
2.336999999999999911e-01
-1.431999999999999940e-01
-9.837000000000000188e-01
5.316999999999999504e-01
4.037000000000000033e-01
-4.465000000000000080e-01
-5.231000000000000094e-01
2.195000000000000007e-01
-7.560000000000000053e-01
7.578000000000000291e-01
4.531999999999999917e-01
-8.010000000000000453e-01
-2.584000000000000186e-01
1.640000000000000069e-01
6.149000000000000021e-01
3.875000000000000111e-01
-5.249999999999999806e-02
-2.970999999999999752e-01
5.342999999999999972e-01
3.634000000000000008e-01
4.894000000000000017e-01
9.848999999999999977e-01
8.962999999999999856e-01
-1.135000000000000037e-01
-6.165000000000000480e-01
4.179999999999999688e-02
2.776000000000000134e-01
