-7.680000000000000160e-01
9.805000000000000382e-01
-1.938999999999999890e-01
-7.523999999999999577e-01
-9.586000000000000076e-01
5.653000000000000247e-01
8.822999999999999732e-01
-3.699999999999999817e-02
-7.784999999999999698e-01
-6.922000000000000375e-01
-8.888000000000000345e-01
8.044000000000000039e-01
-8.685000000000000497e-01
7.576000000000000512e-01
6.388000000000000345e-01
3.654000000000000026e-01
6.109999999999999876e-01
8.050000000000000488e-01
5.696999999999999842e-01
7.946999999999999620e-01
6.664999999999999813e-01
5.553000000000000158e-01
1.252999999999999947e-01
-9.414000000000000146e-01
-6.771000000000000352e-01
1.852999999999999925e-01
2.520000000000000018e-01
-7.265000000000000346e-01
-4.031000000000000139e-01
2.963999999999999968e-01
7.405000000000000471e-01
1.408999999999999975e-01
3.729999999999999982e-02
-3.295000000000000151e-01
1.409999999999999969e-02
4.338000000000000189e-01
9.828999999999999959e-01
-7.178999999999999826e-01
3.389999999999999958e-02
8.940000000000000169e-01
