7.282999999999999474e-01
7.992000000000000215e-01
-8.594000000000000528e-01
-7.905999999999999694e-01
-1.507000000000000006e-01
6.611000000000000210e-01
3.653000000000000136e-01
-1.292999999999999983e-01
5.300000000000000266e-01
-6.211999999999999744e-01
-9.201000000000000290e-01
-9.658999999999999808e-01
-7.642999999999999794e-01
5.389000000000000457e-01
-3.425000000000000266e-01
-7.164000000000000368e-01
6.615999999999999659e-01
9.570999999999999508e-01
2.553000000000000269e-01
3.492000000000000104e-01
9.014999999999999680e-01
-4.418000000000000260e-01
-6.095000000000000417e-01
6.445999999999999508e-01
5.334999999999999742e-01
8.094999999999999973e-01
-7.668000000000000371e-01
3.819000000000000172e-01
5.898999999999999799e-01
9.566999999999999948e-01
3.457999999999999963e-01
4.325999999999999845e-01
8.881999999999999895e-01
8.608999999999999986e-01
-6.712000000000000188e-01
-3.139000000000000123e-01
-3.876999999999999891e-01
2.368999999999999995e-01
8.660999999999999810e-01
-4.409000000000000141e-01
