-3.992999999999999883e-01
1.516000000000000125e-01
-8.250999999999999446e-01
5.365999999999999659e-01
1.192000000000000004e-01
-8.018999999999999462e-01
-3.765000000000000013e-01
-5.279000000000000359e-01
-1.142999999999999988e-01
4.399999999999999745e-02
6.359000000000000208e-01
7.923999999999999932e-01
-7.305000000000000382e-01
-1.083999999999999964e-01
-8.683999999999999497e-01
8.687000000000000277e-01
7.215000000000000302e-01
7.766999999999999460e-01
6.979999999999999538e-01
-4.789999999999999813e-02
2.343999999999999972e-01
-9.257999999999999563e-01
4.608999999999999764e-01
9.789999999999999813e-01
-7.389999999999999347e-02
-9.869999999999999885e-01
2.154000000000000081e-01
2.300000000000000100e-01
-2.866000000000000214e-01
5.121999999999999886e-01
1.277999999999999969e-01
2.260999999999999954e-01
9.028000000000000469e-01
-1.610999999999999932e-01
-3.439999999999999725e-01
-4.385000000000000009e-01
-9.755000000000000338e-01
-6.715999999999999748e-01
2.205999999999999905e-01
-4.741000000000000214e-01
