4.293000000000000149e-01
1.668000000000000038e-01
-1.170000000000000033e-02
-7.019999999999999574e-01
-4.611000000000000099e-01
1.396000000000000019e-01
6.457000000000000517e-01
5.551000000000000378e-01
9.318999999999999506e-01
-8.494000000000000439e-01
9.987000000000000322e-01
-6.835999999999999854e-01
-4.655000000000000249e-01
-4.376999999999999780e-01
9.220000000000000417e-01
-2.965999999999999748e-01
-1.502000000000000002e-01
8.127999999999999670e-01
-1.640000000000000069e-01
-8.057999999999999607e-01
6.596999999999999531e-01
-3.746999999999999775e-01
2.589999999999999941e-02
8.551999999999999602e-01
4.304000000000000048e-01
-5.940000000000000141e-02
-1.617000000000000104e-01
2.240999999999999936e-01
2.164000000000000090e-01
-1.519000000000000072e-01
6.303999999999999604e-01
-9.307999999999999607e-01
4.666000000000000147e-01
-3.049999999999999933e-01
-1.222000000000000031e-01
-8.346000000000000085e-01
-3.896999999999999909e-01
-3.608999999999999986e-01
6.051999999999999602e-01
1.171999999999999986e-01
