4.280999999999999805e-01
-5.698999999999999622e-01
3.393999999999999795e-01
-9.989999999999999991e-01
4.989999999999999991e-02
-4.783999999999999919e-01
7.059999999999999609e-02
1.799999999999999933e-01
-1.295999999999999930e-01
-2.980999999999999761e-01
-8.780000000000000304e-02
-9.462000000000000410e-01
3.019000000000000017e-01
-2.932000000000000162e-01
-5.081999999999999851e-01
6.395999999999999464e-01
4.544000000000000261e-01
3.803000000000000269e-01
-4.051000000000000156e-01
8.594000000000000528e-01
1.159999999999999920e-02
-7.010999999999999455e-01
-9.379999999999999449e-02
5.191000000000000059e-01
-7.230000000000000315e-02
-4.077000000000000068e-01
3.018000000000000127e-01
5.360000000000000320e-01
-2.467999999999999916e-01
5.827999999999999847e-01
-4.139999999999999930e-02
5.233999999999999764e-01
5.907999999999999918e-01
-4.551000000000000045e-01
7.062000000000000499e-01
9.379999999999999449e-02
-7.768000000000000460e-01
6.598000000000000531e-01
7.396000000000000352e-01
-1.413999999999999979e-01
