9.453000000000000291e-01
5.009000000000000119e-01
3.619999999999999885e-01
-8.052000000000000268e-01
-2.079999999999999905e-01
9.665000000000000258e-01
7.209999999999999742e-02
3.346999999999999975e-01
-8.828000000000000291e-01
-8.349999999999999645e-01
9.448999999999999622e-01
-8.240000000000000102e-02
-2.059999999999999887e-01
-6.843000000000000194e-01
-5.698999999999999622e-01
7.135000000000000231e-01
2.278999999999999915e-01
-4.284000000000000030e-01
3.508000000000000007e-01
-3.915000000000000147e-01
-5.221999999999999975e-01
9.350000000000000533e-01
4.661000000000000143e-01
-4.106000000000000205e-01
-9.871999999999999664e-01
1.252000000000000057e-01
3.704999999999999960e-01
3.457000000000000073e-01
5.310000000000000137e-02
1.887000000000000066e-01
-9.493000000000000327e-01
-1.990000000000000102e-01
3.291999999999999926e-01
-6.169999999999999929e-01
7.059999999999999609e-02
5.091999999999999860e-01
1.930999999999999939e-01
2.817999999999999949e-01
-3.914000000000000257e-01
4.411999999999999811e-01
