6.294999999999999485e-01
9.569999999999999341e-02
-2.298000000000000043e-01
-1.574000000000000121e-01
8.346000000000000085e-01
-8.071000000000000396e-01
4.880000000000000310e-02
-5.793000000000000371e-01
9.729999999999999760e-01
-7.873999999999999888e-01
2.596999999999999864e-01
-5.990999999999999659e-01
8.754999999999999449e-01
-5.923000000000000487e-01
-6.786999999999999700e-01
-5.214999999999999636e-01
-2.200999999999999901e-01
-3.577000000000000179e-01
-3.610000000000000014e-02
5.636999999999999789e-01
8.235000000000000098e-01
8.849999999999999534e-02
2.933999999999999941e-01
-4.077000000000000068e-01
7.390999999999999792e-01
4.013999999999999790e-01
-2.983000000000000096e-01
-5.742000000000000437e-01
9.405999999999999917e-01
-3.750999999999999890e-01
-8.296000000000000041e-01
6.564999999999999725e-01
5.334999999999999742e-01
-6.692000000000000171e-01
3.664999999999999925e-01
-3.466000000000000192e-01
9.790999999999999703e-01
1.030999999999999972e-01
8.911000000000000032e-01
-8.102000000000000313e-01
