-8.020000000000000462e-01
-9.982999999999999652e-01
-7.927999999999999492e-01
3.066999999999999726e-01
7.055000000000000160e-01
6.463999999999999746e-01
7.306000000000000272e-01
7.930000000000000382e-01
6.618000000000000549e-01
7.072000000000000508e-01
-3.856999999999999873e-01
-4.479000000000000203e-01
1.170000000000000033e-02
8.010000000000000453e-02
3.942999999999999838e-01
6.935000000000000053e-01
8.893999999999999684e-01
-7.156000000000000139e-01
-8.096999999999999753e-01
-1.632000000000000117e-01
3.578999999999999959e-01
6.693000000000000060e-01
-1.000000000000000021e-03
2.962000000000000188e-01
5.258000000000000451e-01
-7.645999999999999464e-01
7.047999999999999821e-01
-9.910999999999999810e-01
-3.236999999999999877e-01
-2.424000000000000044e-01
1.100000000000000066e-03
-4.349000000000000088e-01
5.043999999999999595e-01
8.062000000000000277e-01
6.501000000000000112e-01
2.129999999999999949e-02
4.632999999999999896e-01
9.082000000000000073e-01
3.684999999999999942e-01
-2.580000000000000071e-01
