-8.530000000000000082e-02
-5.538999999999999480e-01
4.703999999999999848e-01
9.705000000000000293e-01
6.655999999999999694e-01
-2.812000000000000055e-01
3.049999999999999933e-02
5.211999999999999966e-01
-6.075000000000000400e-01
-3.376000000000000112e-01
1.004000000000000031e-01
-8.393000000000000460e-01
6.469000000000000306e-01
4.830000000000000265e-02
4.909999999999999920e-01
-1.005000000000000060e-01
-3.577000000000000179e-01
-8.454000000000000403e-01
3.276999999999999913e-01
-9.989000000000000101e-01
-5.377999999999999448e-01
5.594999999999999973e-01
-1.519999999999999962e-01
-2.114000000000000046e-01
3.855000000000000093e-01
-3.588999999999999968e-01
6.474999999999999645e-01
-3.176999999999999824e-01
-9.450000000000000067e-02
-4.373000000000000220e-01
2.110000000000000070e-02
-1.343999999999999917e-01
-2.797999999999999932e-01
-9.971999999999999753e-01
-7.610000000000000098e-01
-1.839999999999999969e-02
-1.136999999999999955e-01
4.515000000000000124e-01
8.709000000000000075e-01
-4.460000000000000075e-02
