-1.739999999999999880e-02
5.427999999999999492e-01
-5.372999999999999998e-01
6.682000000000000162e-01
2.480999999999999872e-01
2.675000000000000155e-01
7.652999999999999803e-01
-3.189999999999999780e-02
3.956999999999999962e-01
2.102999999999999869e-01
2.837999999999999967e-01
-7.455000000000000515e-01
7.953999999999999959e-01
2.788999999999999813e-01
8.441999999999999504e-01
6.805999999999999828e-01
-8.619999999999999885e-02
-5.605999999999999872e-01
2.699999999999999969e-02
7.976999999999999647e-01
-6.485999999999999543e-01
-9.044999999999999707e-01
6.208000000000000185e-01
-2.914999999999999813e-01
1.016999999999999987e-01
-1.265000000000000013e-01
-3.932999999999999829e-01
-7.961000000000000298e-01
1.550999999999999879e-01
9.845000000000000417e-01
-7.194000000000000394e-01
-8.218999999999999639e-01
-8.085999999999999854e-01
8.225999999999999979e-01
7.901000000000000245e-01
3.179000000000000159e-01
3.548999999999999932e-01
8.858000000000000318e-01
1.794000000000000039e-01
4.751000000000000223e-01
