-1.859999999999999987e-01
1.960000000000000075e-01
9.979000000000000092e-01
5.493000000000000105e-01
-3.869000000000000217e-01
-4.727999999999999980e-01
-9.900000000000000466e-02
-6.041999999999999593e-01
8.022000000000000242e-01
5.152999999999999803e-01
8.974999999999999645e-01
-2.121000000000000107e-01
-6.146000000000000352e-01
-4.990999999999999881e-01
-7.832999999999999963e-01
1.441000000000000059e-01
-4.183999999999999941e-01
4.600000000000000200e-01
-2.447000000000000008e-01
-7.213000000000000522e-01
-9.410000000000000309e-02
9.410000000000000309e-02
5.395999999999999686e-01
-3.426000000000000156e-01
-8.040000000000000480e-01
-1.194000000000000061e-01
7.470000000000000251e-02
-3.442000000000000060e-01
-8.829000000000000181e-01
-5.222999999999999865e-01
2.084999999999999909e-01
-9.011000000000000121e-01
8.450999999999999623e-01
3.131999999999999784e-01
-6.831000000000000405e-01
-2.555999999999999939e-01
5.584000000000000075e-01
9.058000000000000496e-01
-3.447000000000000064e-01
4.940999999999999837e-01
7.737000000000000544e-01
-6.492999999999999883e-01
-3.049999999999999933e-01
-2.555000000000000049e-01
9.211000000000000298e-01
8.373000000000000442e-01
7.289999999999999813e-01
-9.900000000000000813e-03
-9.324999999999999956e-01
-2.929999999999999827e-01
-2.984999999999999876e-01
1.121000000000000052e-01
4.874999999999999889e-01
4.860999999999999766e-01
4.038999999999999813e-01
-5.002999999999999670e-01
-6.310999999999999943e-01
2.421999999999999986e-01
5.957999999999999963e-01
-8.739000000000000101e-01
-8.585000000000000409e-01
-2.558000000000000274e-01
-1.950000000000000067e-01
-3.370000000000000218e-01
-5.439999999999999697e-02
3.517000000000000126e-01
6.743999999999999995e-01
-8.132000000000000339e-01
2.316000000000000003e-01
3.773000000000000242e-01
-6.669000000000000483e-01
-3.407999999999999918e-01
-7.886999999999999567e-01
-7.029999999999999583e-01
7.055000000000000160e-01
7.196000000000000174e-01
4.066000000000000170e-01
9.869999999999999607e-02
-9.445999999999999952e-01
9.443000000000000282e-01
-3.642000000000000237e-01
6.029999999999999805e-01
6.389000000000000234e-01
-7.612999999999999767e-01
3.775999999999999912e-01
-2.015000000000000124e-01
-6.759999999999999343e-02
-1.870000000000000134e-02
-8.088999999999999524e-01
2.963999999999999968e-01
-3.214000000000000190e-01
7.318999999999999950e-01
-7.161999999999999478e-01
5.094999999999999529e-01
-7.079999999999999627e-01
1.250000000000000069e-02
2.424000000000000044e-01
6.203999999999999515e-01
4.632999999999999896e-01
-1.400000000000000133e-01
-9.725000000000000311e-01
-9.749999999999999778e-01
7.102000000000000535e-01
-7.752999999999999892e-01
8.473000000000000531e-01
-1.741000000000000048e-01
-3.902999999999999803e-01
-3.924000000000000266e-01
-4.771000000000000241e-01
5.047000000000000375e-01
1.691999999999999893e-01
-3.874000000000000221e-01
9.949999999999999956e-01
-2.812999999999999945e-01
-9.616999999999999993e-01
8.140000000000000013e-02
-5.646999999999999797e-01
-4.692999999999999949e-01
8.405000000000000249e-01
-8.239999999999999547e-01
4.495999999999999996e-01
-2.129999999999999949e-01
2.809999999999999998e-02
-4.285999999999999810e-01
4.415999999999999925e-01
3.708000000000000185e-01
-6.477000000000000535e-01
5.301000000000000156e-01
4.744999999999999774e-01
-3.185000000000000053e-01
-4.232000000000000206e-01
-2.346000000000000030e-01
6.573999999999999844e-01
-4.509000000000000230e-01
-3.559999999999999831e-01
-3.432000000000000051e-01
5.855000000000000204e-01
4.920000000000000068e-02
-6.539999999999999980e-02
8.679000000000000048e-01
-8.911999999999999922e-01
5.063999999999999613e-01
2.356999999999999929e-01
6.290000000000000036e-01
-4.007000000000000006e-01
-8.879000000000000226e-01
-7.639999999999999569e-02
5.513000000000000123e-01
1.474000000000000032e-01
1.562999999999999945e-01
1.375000000000000111e-01
-7.251999999999999558e-01
-1.241000000000000020e-01
-5.334999999999999742e-01
1.816000000000000114e-01
-8.385000000000000231e-01
8.064999999999999947e-01
-4.562999999999999834e-01
-7.029999999999999583e-01
7.694999999999999618e-01
-4.809999999999999692e-02
1.726999999999999924e-01
-9.810000000000000664e-02
-4.400000000000000265e-03
-1.600000000000000077e-03
-4.144999999999999796e-01
-4.985999999999999877e-01
1.567999999999999949e-01
-8.536000000000000254e-01
4.839999999999999858e-02
6.491000000000000103e-01
7.840000000000000302e-01
2.099000000000000032e-01
-3.099999999999999891e-03
-2.426999999999999991e-01
7.917999999999999483e-01
-5.189000000000000279e-01
-5.714000000000000190e-01
-8.541999999999999593e-01
7.507000000000000339e-01
-5.747999999999999776e-01
-8.663999999999999480e-01
8.090000000000000524e-01
2.165999999999999870e-01
-8.670999999999999819e-01
-6.627999999999999448e-01
-7.276000000000000245e-01
-5.433000000000000052e-01
8.766000000000000458e-01
-2.500999999999999890e-01
2.164000000000000090e-01
-9.405999999999999917e-01
7.675999999999999490e-01
-5.241999999999999993e-01
8.256999999999999895e-01
-9.900000000000000466e-02
8.859000000000000208e-01
8.206999999999999851e-01
-2.215999999999999914e-01
8.884999999999999565e-01
-7.488000000000000211e-01
-6.874000000000000110e-01
-3.240999999999999992e-01
5.141000000000000014e-01
-4.023999999999999799e-01
2.250000000000000056e-01
1.444999999999999896e-01
-5.214999999999999636e-01
-1.938000000000000000e-01
3.393999999999999795e-01
-1.494999999999999940e-01
1.338000000000000023e-01
-3.130000000000000004e-01
2.250000000000000056e-01
-2.550000000000000044e-01
2.521999999999999797e-01
7.560000000000000053e-02
-8.677000000000000268e-01
8.290999999999999481e-01
8.725000000000000533e-01
-8.565000000000000391e-01
6.153999999999999471e-01
-8.847000000000000419e-01
5.712000000000000410e-01
8.448999999999999844e-01
1.228999999999999954e-01
-7.429000000000000048e-01
-8.569999999999999840e-02
7.969000000000000528e-01
-1.625999999999999945e-01
-6.228000000000000203e-01
3.639999999999999902e-01
2.391999999999999960e-01
-4.143000000000000016e-01
-4.529000000000000248e-01
1.338000000000000023e-01
-9.663000000000000478e-01
-1.913999999999999868e-01
-4.501000000000000001e-01
4.596999999999999975e-01
-7.083000000000000407e-01
-5.514999999999999902e-01
-6.040999999999999703e-01
4.496999999999999886e-01
-6.491000000000000103e-01
-1.729999999999999871e-01
2.099000000000000032e-01
-6.620000000000000329e-01
-9.000000000000000222e-01
-3.034999999999999920e-01
