-5.265999999999999570e-01
-2.227999999999999980e-01
-5.220000000000000334e-02
-5.898999999999999799e-01
4.158000000000000029e-01
-1.487999999999999878e-01
4.909999999999999781e-02
3.363999999999999768e-01
-8.454000000000000403e-01
-7.496000000000000441e-01
3.272999999999999798e-01
-2.421000000000000096e-01
2.700000000000000178e-01
-3.618999999999999995e-01
1.293999999999999873e-01
-4.203000000000000069e-01
-8.395000000000000240e-01
1.537000000000000033e-01
-7.913999999999999924e-01
9.795000000000000373e-01
-2.667999999999999816e-01
6.780000000000000471e-01
-9.818000000000000060e-01
-7.325000000000000400e-01
2.778999999999999804e-01
1.688000000000000056e-01
-8.400999999999999579e-01
2.669000000000000261e-01
-7.116999999999999993e-01
-2.179000000000000103e-01
8.655000000000000471e-01
1.720000000000000001e-02
4.778000000000000025e-01
9.093999999999999861e-01
8.505000000000000338e-01
-8.788000000000000256e-01
-5.719999999999999529e-01
7.533999999999999586e-01
4.517999999999999794e-01
-4.041000000000000147e-01
9.320000000000000506e-01
-4.359000000000000097e-01
-8.607000000000000206e-01
5.073999999999999622e-01
3.597000000000000197e-01
2.016000000000000014e-01
7.962000000000000188e-01
8.948000000000000398e-01
-6.216000000000000414e-01
-2.111000000000000099e-01
9.130000000000000615e-02
-8.699999999999999400e-03
-3.325000000000000178e-01
4.000000000000000083e-03
6.360000000000000098e-01
6.987999999999999767e-01
6.759999999999999343e-02
-9.673000000000000487e-01
-9.706000000000000183e-01
2.202000000000000068e-01
3.009000000000000008e-01
6.363999999999999657e-01
1.564000000000000112e-01
-9.223000000000000087e-01
-8.373000000000000442e-01
-7.406000000000000361e-01
-7.882000000000000117e-01
1.741000000000000048e-01
7.531999999999999806e-01
-6.655999999999999694e-01
8.399999999999999689e-01
4.620000000000000218e-01
8.087999999999999634e-01
-6.054000000000000492e-01
2.626000000000000001e-01
5.825000000000000178e-01
3.840000000000000080e-01
-5.177000000000000490e-01
-6.237000000000000322e-01
-7.308000000000000052e-01
-3.272999999999999798e-01
-9.297999999999999599e-01
6.723999999999999977e-01
-1.118999999999999995e-01
8.104999999999999982e-01
-3.205000000000000071e-01
6.415999999999999481e-01
6.111999999999999655e-01
-9.552000000000000490e-01
-9.716000000000000192e-01
5.849999999999999645e-01
6.455999999999999517e-01
2.560000000000000053e-01
-8.449999999999999734e-01
-3.353999999999999759e-01
-4.454000000000000181e-01
2.348000000000000087e-01
3.729000000000000092e-01
-1.693999999999999950e-01
5.988999999999999879e-01
-1.386999999999999900e-01
-3.657000000000000250e-01
-4.350999999999999868e-01
2.533000000000000251e-01
7.314000000000000501e-01
1.386999999999999900e-01
9.777000000000000135e-01
-3.464999999999999747e-01
2.637999999999999790e-01
6.341999999999999860e-01
-9.003999999999999782e-01
-8.318999999999999728e-01
-4.760000000000000342e-02
-9.700999999999999623e-01
-3.720999999999999863e-01
8.834999999999999520e-01
7.755999999999999561e-01
-1.039999999999999952e-02
5.365999999999999659e-01
1.819999999999999951e-01
-1.359999999999999924e-02
-6.222999999999999643e-01
7.358000000000000096e-01
7.491999999999999771e-01
1.860999999999999877e-01
3.226999999999999869e-01
5.276999999999999469e-01
7.207000000000000073e-01
-2.167999999999999927e-01
-6.304999999999999494e-01
-3.038000000000000145e-01
4.102000000000000091e-01
3.094000000000000083e-01
9.516000000000000014e-01
-7.573999999999999622e-01
1.451999999999999957e-01
-6.510000000000000231e-01
-9.535000000000000142e-01
-3.588000000000000078e-01
4.848999999999999977e-01
-9.354999999999999982e-01
9.239999999999999603e-02
5.485999999999999766e-01
-1.476999999999999980e-01
-7.720000000000000195e-01
-7.463999999999999524e-01
-3.710000000000000103e-02
-4.136000000000000232e-01
6.585999999999999632e-01
-1.963999999999999913e-01
8.205999999999999961e-01
3.658000000000000140e-01
-8.779000000000000137e-01
5.507999999999999563e-01
-9.289999999999999647e-02
-9.757000000000000117e-01
-3.720999999999999863e-01
3.064999999999999947e-01
-6.382999999999999785e-01
5.229999999999999927e-02
6.028999999999999915e-01
-5.591000000000000414e-01
6.951000000000000512e-01
-5.351000000000000201e-01
3.594999999999999862e-01
7.334000000000000519e-01
7.741999999999999993e-01
9.617999999999999883e-01
1.170000000000000033e-02
9.788999999999999924e-01
-7.512999999999999678e-01
-5.505999999999999783e-01
3.518999999999999906e-01
8.616000000000000325e-01
-3.753000000000000225e-01
-1.370999999999999996e-01
-8.150000000000000300e-02
-3.881000000000000005e-01
4.944999999999999951e-01
9.968000000000000194e-01
9.266999999999999682e-01
7.956999999999999629e-01
6.130999999999999783e-01
1.850999999999999868e-01
-8.973999999999999755e-01
5.753000000000000336e-01
-2.040000000000000147e-02
-7.482999999999999652e-01
4.756000000000000227e-01
-3.824000000000000177e-01
6.760000000000000453e-01
7.920000000000000651e-02
2.333000000000000074e-01
4.041000000000000147e-01
7.169999999999999984e-02
2.891000000000000236e-01
7.268999999999999906e-01
5.878999999999999782e-01
-2.371999999999999942e-01
-4.429999999999999910e-02
-4.390000000000000013e-01
-9.013999999999999790e-01
9.714000000000000412e-01
-9.317999999999999616e-01
6.835999999999999854e-01
-5.199000000000000288e-01
2.570999999999999952e-01
-1.126000000000000056e-01
2.661000000000000032e-01
8.478999999999999870e-01
3.392999999999999905e-01
3.657000000000000250e-01
-6.307000000000000384e-01
-7.459000000000000075e-01
-1.243999999999999967e-01
-5.343999999999999861e-01
-4.557999999999999829e-01
-4.767000000000000126e-01
4.153000000000000025e-01
5.990999999999999659e-01
-8.501999999999999558e-01
-6.307000000000000384e-01
-7.779000000000000359e-01
-5.754000000000000226e-01
7.568000000000000282e-01
2.015000000000000124e-01
-7.536000000000000476e-01
4.499999999999999833e-02
6.342999999999999750e-01
-1.559999999999999928e-02
-1.154000000000000026e-01
-8.820000000000000062e-02
-1.912000000000000088e-01
4.429000000000000159e-01
-5.817999999999999838e-01
-7.650000000000000133e-01
9.344999999999999973e-01
-2.016000000000000014e-01
2.558000000000000274e-01
7.799999999999999642e-03
5.389000000000000457e-01
8.869000000000000217e-01
-9.252000000000000224e-01
5.346999999999999531e-01
6.432999999999999829e-01
-4.743999999999999884e-01
7.955999999999999739e-01
-9.127999999999999448e-01
-8.419999999999999707e-01
-5.006000000000000449e-01
