-1.200999999999999984e-01
-2.878000000000000003e-01
-8.429999999999999716e-01
-5.586999999999999744e-01
3.045999999999999819e-01
4.086000000000000187e-01
-6.310000000000000331e-02
1.806999999999999995e-01
-6.565999999999999615e-01
2.538000000000000256e-01
5.934000000000000385e-01
-8.086999999999999744e-01
-5.860999999999999543e-01
-8.939999999999999336e-02
9.978000000000000203e-01
6.210000000000000242e-02
-3.504999999999999782e-01
-1.842999999999999916e-01
6.512000000000000011e-01
-3.554999999999999827e-01
8.036999999999999700e-01
3.620000000000000301e-02
-6.590000000000000024e-02
9.030000000000000249e-01
-6.383999999999999675e-01
-6.479000000000000314e-01
9.322000000000000286e-01
4.421999999999999820e-01
-9.303000000000000158e-01
4.307000000000000273e-01
1.869000000000000106e-01
5.074999999999999512e-01
-2.344999999999999862e-01
-9.881999999999999673e-01
4.405999999999999917e-01
-6.540000000000000258e-01
-9.496999999999999886e-01
9.096999999999999531e-01
-9.424000000000000155e-01
6.261999999999999789e-01
