-4.349999999999999700e-02
-2.141000000000000125e-01
6.591000000000000192e-01
-2.210000000000000020e-01
4.000000000000000192e-04
1.463000000000000134e-01
-6.515999999999999570e-01
1.635000000000000064e-01
6.090999999999999748e-01
1.370999999999999996e-01
-8.524000000000000465e-01
3.781999999999999806e-01
6.552000000000000046e-01
8.589999999999999858e-01
7.546000000000000485e-01
-7.231999999999999540e-01
-4.071000000000000174e-01
-7.136000000000000121e-01
-2.093000000000000138e-01
4.300999999999999823e-01
-5.447999999999999510e-01
5.608999999999999542e-01
5.245999999999999552e-01
2.431000000000000105e-01
-3.790999999999999925e-01
-7.340999999999999748e-01
-6.881000000000000449e-01
-3.462999999999999967e-01
9.968000000000000194e-01
6.175000000000000488e-01
-8.743999999999999551e-01
-7.316000000000000281e-01
2.366000000000000048e-01
-9.061000000000000165e-01
-8.313000000000000389e-01
8.930000000000000160e-01
3.805999999999999939e-01
-3.699000000000000066e-01
4.742000000000000104e-01
7.171999999999999487e-01
