-5.143999999999999684e-01
7.625999999999999446e-01
-2.416999999999999982e-01
-8.084999999999999964e-01
6.979999999999999538e-01
-2.999999999999999737e-04
-8.434000000000000385e-01
2.137000000000000011e-01
-7.697000000000000508e-01
-7.671000000000000041e-01
-7.217000000000000082e-01
7.274000000000000465e-01
-9.274000000000000021e-01
7.864999999999999769e-01
-3.007000000000000228e-01
-9.532000000000000473e-01
4.588999999999999746e-01
6.350000000000000089e-02
5.473000000000000087e-01
8.200000000000000344e-02
-7.088999999999999746e-01
-5.756999999999999895e-01
-1.071000000000000008e-01
-2.333999999999999964e-01
2.066999999999999948e-01
-1.178000000000000019e-01
4.192000000000000171e-01
-7.149999999999999412e-02
-1.691000000000000003e-01
1.832999999999999907e-01
-9.494000000000000217e-01
9.034999999999999698e-01
9.059999999999999998e-02
-1.812000000000000000e-01
4.675000000000000266e-01
-2.247999999999999998e-01
-7.203000000000000513e-01
-6.878999999999999559e-01
-9.271000000000000352e-01
3.709999999999999964e-01
