-9.875000000000000444e-01
6.956999999999999851e-01
9.431000000000000494e-01
-1.715000000000000135e-01
-6.602999999999999980e-01
-3.410000000000000253e-01
3.623999999999999999e-01
-5.293999999999999817e-01
-5.475999999999999757e-01
5.039000000000000146e-01
-6.418000000000000371e-01
-3.569999999999999840e-01
8.450999999999999623e-01
-7.036000000000000032e-01
-5.846000000000000085e-01
9.346999999999999753e-01
-5.452000000000000179e-01
2.446000000000000119e-01
-9.338999999999999524e-01
-7.828000000000000513e-01
8.077999999999999625e-01
1.688000000000000056e-01
9.564000000000000279e-01
7.094000000000000306e-01
9.737999999999999989e-01
4.505000000000000115e-01
-8.678000000000000158e-01
8.000000000000000167e-03
-5.674000000000000155e-01
-3.891999999999999904e-01
-3.387000000000000011e-01
3.437999999999999945e-01
1.280000000000000061e-02
7.310999999999999721e-01
-3.720999999999999863e-01
6.944000000000000172e-01
-3.551000000000000267e-01
4.525000000000000133e-01
9.477999999999999758e-01
-9.471000000000000529e-01
