-1.973999999999999921e-01
5.934000000000000385e-01
-8.618999999999999995e-01
-1.411000000000000032e-01
8.570999999999999730e-01
7.737000000000000544e-01
-6.001999999999999558e-01
7.805999999999999606e-01
2.174999999999999989e-01
3.474999999999999756e-01
-2.760000000000000231e-01
-1.859000000000000097e-01
1.870000000000000134e-02
5.090000000000000080e-01
6.114000000000000545e-01
-3.583000000000000074e-01
-6.881000000000000449e-01
-9.782999999999999474e-01
-9.961999999999999744e-01
-7.278999999999999915e-01
6.804999999999999938e-01
-8.499999999999999778e-01
4.648999999999999799e-01
-1.426999999999999935e-01
4.391999999999999793e-01
-9.500999999999999446e-01
4.855999999999999761e-01
1.096000000000000030e-01
5.241000000000000103e-01
3.703000000000000180e-01
2.359999999999999945e-02
-9.032000000000000028e-01
-8.967000000000000526e-01
7.178999999999999826e-01
-9.935000000000000497e-01
6.754999999999999893e-01
4.960999999999999854e-01
7.187999999999999945e-01
-7.416000000000000369e-01
5.855000000000000204e-01
