4.676000000000000156e-01
-1.943000000000000005e-01
-7.703999999999999737e-01
3.376000000000000112e-01
-8.201000000000000512e-01
9.210000000000000409e-01
-9.788999999999999924e-01
9.624000000000000332e-01
-5.809999999999999887e-02
-6.359000000000000208e-01
-2.534000000000000141e-01
9.802999999999999492e-01
-9.980999999999999872e-01
7.364000000000000545e-01
7.038999999999999702e-01
-1.008000000000000007e-01
-3.336000000000000076e-01
-8.304000000000000270e-01
-6.350000000000000089e-01
-3.239000000000000212e-01
6.905000000000000027e-01
3.521000000000000241e-01
1.622999999999999998e-01
8.385000000000000231e-01
3.730999999999999872e-01
9.975000000000000533e-01
-2.230999999999999928e-01
7.823999999999999844e-01
-6.506999999999999451e-01
-5.227000000000000535e-01
-9.651999999999999469e-01
8.508000000000000007e-01
2.858999999999999875e-01
5.614999999999999991e-01
-4.603999999999999759e-01
8.983999999999999764e-01
-7.407000000000000250e-01
-8.119999999999999440e-02
8.589999999999999858e-01
6.444999999999999618e-01
