6.038999999999999924e-01
7.184000000000000385e-01
6.850000000000000533e-01
4.955999999999999850e-01
5.026000000000000467e-01
-7.671000000000000041e-01
6.028000000000000025e-01
1.097999999999999948e-01
1.716000000000000025e-01
5.308000000000000496e-01
7.671999999999999931e-01
-3.240000000000000102e-01
7.429999999999999938e-01
-7.218999999999999861e-01
6.888999999999999568e-01
-5.947000000000000064e-01
4.509000000000000230e-01
9.275999999999999801e-01
-8.838000000000000300e-01
-3.841999999999999860e-01
-9.971999999999999753e-01
-6.935999999999999943e-01
7.083000000000000407e-01
1.033000000000000029e-01
7.597000000000000419e-01
-2.945999999999999730e-01
4.908000000000000140e-01
4.168000000000000038e-01
-8.652999999999999581e-01
-5.318000000000000504e-01
6.854999999999999982e-01
-5.785000000000000142e-01
8.340000000000000191e-02
8.387999999999999901e-01
6.145000000000000462e-01
-7.592999999999999750e-01
2.394000000000000017e-01
-4.445999999999999952e-01
-4.657000000000000028e-01
9.496999999999999886e-01
