-9.052000000000000046e-01
-4.501000000000000001e-01
6.069999999999999840e-01
-9.197999999999999510e-01
-4.959000000000000075e-01
3.789000000000000146e-01
-6.276000000000000467e-01
2.066000000000000059e-01
-1.097000000000000058e-01
3.886999999999999900e-01
6.469000000000000306e-01
4.658999999999999808e-01
-4.682000000000000051e-01
-3.030000000000000054e-02
-6.482999999999999874e-01
-5.543000000000000149e-01
6.180000000000000077e-02
-4.606999999999999984e-01
-8.629999999999999893e-01
7.006999999999999895e-01
-7.070999999999999508e-01
5.151999999999999913e-01
4.460000000000000075e-02
-7.973999999999999977e-01
-3.798000000000000265e-01
-8.237999999999999767e-01
4.071000000000000174e-01
5.856999999999999984e-01
4.639999999999999680e-02
9.370000000000000551e-01
-4.746000000000000218e-01
8.643999999999999462e-01
-1.645999999999999963e-01
4.532999999999999807e-01
6.079999999999999988e-02
1.486000000000000099e-01
-4.283000000000000140e-01
1.059999999999999970e-01
-6.653000000000000025e-01
3.214000000000000190e-01
