-8.275000000000000133e-01
8.324000000000000288e-01
1.600000000000000033e-02
-1.904000000000000137e-01
-6.040000000000000230e-02
-2.520999999999999908e-01
3.086999999999999744e-01
-2.691999999999999948e-01
-4.076000000000000179e-01
-2.826000000000000179e-01
1.671999999999999875e-01
2.682999999999999829e-01
-3.587000000000000188e-01
2.746000000000000107e-01
4.410000000000000031e-01
-8.965999999999999526e-01
-8.223000000000000309e-01
2.109999999999999931e-01
-9.084999999999999742e-01
-7.131999999999999451e-01
1.559999999999999928e-02
2.544000000000000150e-01
7.893000000000000016e-01
-9.242000000000000215e-01
-2.709999999999999909e-02
-5.642000000000000348e-01
8.669000000000000039e-01
8.193000000000000282e-01
-4.540000000000000147e-01
-7.208999999999999853e-01
2.803999999999999826e-01
-7.523999999999999577e-01
7.923000000000000043e-01
5.220000000000000334e-02
4.389000000000000123e-01
-7.371999999999999664e-01
-8.846000000000000529e-01
6.072999999999999510e-01
7.325000000000000400e-01
7.149999999999999689e-01
