6.968999999999999639e-01
1.711000000000000021e-01
2.053999999999999992e-01
-1.305000000000000049e-01
-6.240999999999999881e-01
1.949999999999999997e-02
-4.663999999999999813e-01
-9.202000000000000179e-01
-8.506000000000000227e-01
-9.315999999999999837e-01
-8.480000000000000038e-02
-2.765000000000000235e-01
-7.711999999999999966e-01
4.156000000000000250e-01
-4.264999999999999902e-01
-1.073999999999999955e-01
5.774000000000000243e-01
-5.786999999999999922e-01
8.967000000000000526e-01
6.410000000000000420e-02
-1.020000000000000073e-02
6.916999999999999815e-01
8.770000000000000018e-02
5.116000000000000547e-01
-2.479999999999999913e-02
-7.984999999999999876e-01
4.052999999999999936e-01
-8.953999999999999737e-01
2.469999999999999973e-02
-4.027999999999999914e-01
5.465999999999999748e-01
5.905000000000000249e-01
-7.135000000000000231e-01
2.888999999999999901e-01
-1.250000000000000069e-02
6.596999999999999531e-01
3.509999999999999926e-02
2.409999999999999920e-01
-1.463000000000000134e-01
-1.082999999999999935e-01
