7.628000000000000336e-01
-7.462999999999999634e-01
-6.124000000000000554e-01
-2.869999999999999774e-01
1.731000000000000039e-01
-8.051000000000000378e-01
-5.456999999999999629e-01
3.266000000000000014e-01
9.854000000000000536e-01
7.606000000000000538e-01
5.735000000000000098e-01
-7.973000000000000087e-01
2.970000000000000070e-02
4.309999999999999942e-02
-7.581999999999999851e-01
-5.492000000000000215e-01
-7.150999999999999579e-01
-1.764000000000000012e-01
8.989999999999999380e-02
2.641000000000000014e-01
-6.127000000000000224e-01
-1.049999999999999961e-01
3.741999999999999771e-01
-9.587999999999999856e-01
4.390000000000000152e-02
-2.172999999999999932e-01
7.390999999999999792e-01
8.801999999999999824e-01
-8.760999999999999899e-01
-6.278000000000000247e-01
9.721999999999999531e-01
-6.300000000000000044e-02
-7.073000000000000398e-01
-7.786999999999999478e-01
4.843000000000000083e-01
1.579000000000000126e-01
9.796000000000000263e-01
-9.336999999999999744e-01
-4.176000000000000267e-01
3.605999999999999761e-01
