4.743999999999999884e-01
4.275999999999999801e-01
-3.155000000000000027e-01
7.620999999999999996e-01
-5.271000000000000130e-01
1.718000000000000083e-01
6.574999999999999734e-01
-6.876999999999999780e-01
4.168000000000000038e-01
6.953000000000000291e-01
-8.247999999999999776e-01
-2.579000000000000181e-01
-3.086999999999999744e-01
2.716999999999999971e-01
-5.161000000000000032e-01
5.300000000000000024e-03
9.990999999999999881e-01
-8.944999999999999618e-01
9.628999999999999782e-01
3.939999999999999752e-02
-3.744999999999999996e-01
-5.708999999999999631e-01
-7.177999999999999936e-01
-1.165000000000000063e-01
-6.461999999999999966e-01
4.850999999999999757e-01
9.059000000000000385e-01
-7.822000000000000064e-01
-2.647999999999999798e-01
4.758999999999999897e-01
7.562999999999999723e-01
-4.436999999999999833e-01
-8.178999999999999604e-01
4.554000000000000270e-01
3.785999999999999921e-01
7.085000000000000187e-01
9.846000000000000307e-01
-2.137000000000000011e-01
1.995999999999999996e-01
7.230000000000000315e-02
