-3.623999999999999999e-01
-5.501000000000000334e-01
-9.295999999999999819e-01
2.346999999999999920e-01
-4.766000000000000236e-01
-1.565000000000000002e-01
2.750000000000000014e-02
-2.083000000000000129e-01
-5.530000000000000471e-01
9.471000000000000529e-01
4.994999999999999996e-01
1.393000000000000071e-01
-5.040999999999999925e-01
-3.842999999999999750e-01
-2.666999999999999926e-01
2.025000000000000133e-01
-5.618999999999999551e-01
-6.186000000000000387e-01
-2.431000000000000105e-01
-5.599999999999999943e-03
7.814999999999999725e-01
-3.537000000000000144e-01
-8.071000000000000396e-01
-3.110999999999999877e-01
3.301000000000000045e-01
-5.269000000000000350e-01
-2.333000000000000074e-01
-9.425999999999999934e-01
-2.243999999999999884e-01
5.796999999999999931e-01
7.943000000000000060e-01
-4.899999999999999842e-03
-5.737999999999999767e-01
6.772000000000000242e-01
-8.475000000000000311e-01
-4.461999999999999855e-01
4.722000000000000086e-01
-5.037000000000000366e-01
-3.390000000000000235e-01
-9.926000000000000378e-01
-7.490999999999999881e-01
-8.883999999999999675e-01
9.744000000000000439e-01
5.369999999999999774e-02
4.223000000000000087e-01
-7.729999999999999372e-02
-1.049999999999999961e-01
-6.300999999999999934e-01
-1.327000000000000124e-01
-9.737999999999999989e-01
8.565000000000000391e-01
8.396000000000000130e-01
-5.808999999999999719e-01
6.997999999999999776e-01
-4.098999999999999866e-01
-8.447000000000000064e-01
-1.431000000000000050e-01
8.136999999999999789e-01
9.212000000000000188e-01
1.205999999999999989e-01
-3.109999999999999987e-01
-4.971999999999999753e-01
7.405000000000000471e-01
8.681999999999999718e-01
-7.788000000000000478e-01
-2.061000000000000054e-01
-7.701000000000000068e-01
-4.312000000000000277e-01
8.486000000000000210e-01
1.429999999999999882e-01
9.236999999999999655e-01
7.530000000000000027e-01
-5.943000000000000504e-01
6.672000000000000153e-01
6.695999999999999730e-01
8.487000000000000099e-01
-5.469000000000000528e-01
-3.500000000000000333e-02
-4.136000000000000232e-01
1.824000000000000066e-01
-3.085999999999999854e-01
-6.393999999999999684e-01
-5.546999999999999709e-01
9.098000000000000531e-01
2.799999999999999972e-03
-9.209000000000000519e-01
4.027999999999999914e-01
-7.740000000000000213e-01
-3.509999999999999926e-02
5.042999999999999705e-01
-5.515999999999999792e-01
-9.564000000000000279e-01
7.671000000000000041e-01
-8.690999999999999837e-01
-7.934999999999999831e-01
-8.872999999999999776e-01
1.957000000000000128e-01
-3.875000000000000111e-01
8.941999999999999948e-01
7.580000000000000071e-01
3.834000000000000186e-01
-5.426999999999999602e-01
-8.307999999999999829e-01
-7.330000000000000404e-02
-8.335000000000000187e-01
6.969999999999999529e-01
3.514999999999999791e-01
-1.731999999999999929e-01
-1.723000000000000087e-01
-2.881000000000000227e-01
-1.279000000000000137e-01
9.130000000000000615e-02
-2.610999999999999988e-01
-4.924999999999999933e-01
2.590999999999999970e-01
5.346999999999999531e-01
-7.833999999999999853e-01
5.809999999999999609e-01
-1.988999999999999935e-01
-5.473000000000000087e-01
8.465000000000000302e-01
-8.991000000000000103e-01
-1.223999999999999949e-01
1.918999999999999873e-01
