9.719999999999999474e-02
8.135999999999999899e-01
6.811000000000000387e-01
-9.612000000000000544e-01
4.477999999999999758e-01
-9.439999999999999780e-02
-9.546999999999999931e-01
3.028000000000000136e-01
-7.239999999999999769e-01
-7.294000000000000483e-01
3.377999999999999892e-01
-3.660999999999999810e-01
2.427999999999999881e-01
-5.843000000000000416e-01
-6.241999999999999771e-01
7.339999999999999858e-01
-6.908999999999999586e-01
-7.156000000000000139e-01
-2.560000000000000123e-02
9.008000000000000451e-01
9.065999999999999615e-01
5.713000000000000300e-01
2.718999999999999750e-01
-1.155999999999999944e-01
1.580000000000000154e-02
-7.858000000000000540e-01
-4.900999999999999801e-01
-2.053000000000000103e-01
1.141999999999999960e-01
5.788999999999999702e-01
-1.991999999999999882e-01
4.152000000000000135e-01
9.650999999999999579e-01
-3.700000000000000164e-03
7.638000000000000345e-01
2.932000000000000162e-01
-6.247000000000000330e-01
-2.310000000000000109e-01
-4.920999999999999819e-01
-9.808000000000000052e-01
9.589999999999999913e-02
-4.074999999999999734e-01
3.350000000000000200e-02
-3.938999999999999724e-01
7.994999999999999885e-01
5.409000000000000474e-01
4.757000000000000117e-01
8.873999999999999666e-01
-6.710000000000000409e-01
-8.499999999999999778e-01
9.254000000000000004e-01
2.051000000000000045e-01
2.104000000000000037e-01
-8.869000000000000217e-01
-8.776000000000000467e-01
3.855999999999999983e-01
3.096999999999999753e-01
4.576000000000000068e-01
-9.729999999999999760e-02
-9.352000000000000313e-01
2.856000000000000205e-01
-6.896999999999999797e-01
6.453999999999999737e-01
8.000000000000000383e-04
-2.101999999999999980e-01
-9.618999999999999773e-01
3.810999999999999943e-01
4.606000000000000094e-01
2.356000000000000039e-01
-7.140000000000000513e-02
2.054999999999999882e-01
-6.310000000000000053e-01
-5.800000000000000294e-02
7.238999999999999879e-01
-4.415000000000000036e-01
7.909000000000000474e-01
-2.210000000000000020e-01
7.859000000000000430e-01
-4.086000000000000187e-01
1.733999999999999986e-01
1.529999999999999971e-01
-8.008999999999999453e-01
6.185000000000000497e-01
2.918999999999999928e-01
8.639999999999999902e-01
-8.699999999999999400e-03
-4.877000000000000224e-01
6.098999999999999977e-01
3.827999999999999736e-01
4.102000000000000091e-01
-6.098000000000000087e-01
-8.992999999999999883e-01
-2.931000000000000272e-01
4.673999999999999821e-01
8.245000000000000107e-01
4.479000000000000203e-01
3.210999999999999965e-01
9.926000000000000378e-01
2.333000000000000074e-01
6.948999999999999622e-01
-6.206000000000000405e-01
9.926000000000000378e-01
1.940000000000000058e-02
7.964999999999999858e-01
1.413000000000000089e-01
-4.692999999999999949e-01
8.560999999999999721e-01
1.976999999999999869e-01
9.778999999999999915e-01
-4.330999999999999850e-01
7.148999999999999799e-01
1.671999999999999875e-01
-9.903999999999999471e-01
3.085999999999999854e-01
-8.871999999999999886e-01
-6.320000000000000617e-02
-7.344000000000000528e-01
-7.533999999999999586e-01
-3.373999999999999777e-01
-1.209999999999999964e-01
7.385000000000000453e-01
2.467000000000000026e-01
3.694999999999999951e-01
2.741000000000000103e-01
