-9.384000000000000119e-01
6.509000000000000341e-01
7.137000000000000011e-01
9.331000000000000405e-01
-8.605000000000000426e-01
8.278999999999999693e-01
-7.813999999999999835e-01
-3.010999999999999788e-01
-8.902999999999999803e-01
4.254000000000000004e-01
-4.146000000000000241e-01
3.899999999999999821e-03
2.585999999999999965e-01
-7.900000000000000772e-03
-4.839999999999999858e-02
-6.850000000000000533e-01
-9.616999999999999993e-01
-8.905999999999999472e-01
-6.423999999999999710e-01
-8.547000000000000153e-01
1.731000000000000039e-01
9.735000000000000320e-01
-5.979999999999999760e-01
-7.029999999999999583e-01
2.174000000000000099e-01
6.848999999999999533e-01
-8.574000000000000510e-01
-8.397000000000000020e-01
-9.026999999999999469e-01
7.632999999999999785e-01
-5.372000000000000108e-01
-7.074000000000000288e-01
-3.805999999999999939e-01
-3.098000000000000198e-01
-7.564999999999999503e-01
-5.191999999999999948e-01
-1.569000000000000117e-01
-6.873000000000000220e-01
-3.753000000000000225e-01
4.229999999999999732e-02
3.729999999999999982e-02
-4.409000000000000141e-01
-8.000000000000000167e-02
-2.523000000000000242e-01
-3.698000000000000176e-01
-3.130999999999999894e-01
8.658000000000000140e-01
9.296999999999999709e-01
2.741000000000000103e-01
5.470000000000000417e-01
-4.117999999999999994e-01
-3.280000000000000276e-02
-9.819999999999999840e-01
-5.309000000000000385e-01
-8.340000000000000191e-02
-2.806000000000000161e-01
-3.039000000000000035e-01
6.532999999999999918e-01
-1.784999999999999920e-01
4.737999999999999989e-01
-9.587999999999999856e-01
-6.025000000000000355e-01
1.123999999999999999e-01
9.177999999999999492e-01
-8.275000000000000133e-01
2.651999999999999913e-01
-7.821000000000000174e-01
7.057999999999999829e-01
-9.131000000000000227e-01
-6.886999999999999789e-01
6.289000000000000146e-01
4.190999999999999726e-01
-3.323999999999999733e-01
3.880000000000000115e-02
-4.349999999999999700e-02
5.442000000000000171e-01
-5.736999999999999877e-01
-1.617999999999999994e-01
-6.873000000000000220e-01
-4.435000000000000053e-01
9.979999999999999982e-01
3.718000000000000194e-01
-4.515000000000000124e-01
1.975999999999999979e-01
-4.939999999999999947e-01
-6.670000000000000373e-01
-3.826999999999999846e-01
-6.758999999999999453e-01
-9.965000000000000524e-01
6.680000000000000382e-01
3.320000000000000034e-02
1.829999999999999960e-01
-9.975000000000000533e-01
-3.010999999999999788e-01
-4.989999999999999991e-01
2.096999999999999975e-01
-5.384999999999999787e-01
5.138000000000000345e-01
4.884999999999999898e-01
7.357000000000000206e-01
5.924000000000000377e-01
-9.072999999999999954e-01
-4.324000000000000066e-01
8.090000000000000524e-01
-8.347999999999999865e-01
-5.874000000000000332e-01
-4.825999999999999734e-01
1.625000000000000056e-01
-2.422999999999999876e-01
7.279999999999999805e-01
7.649999999999999856e-02
4.657999999999999918e-01
-4.853999999999999981e-01
-8.004999999999999893e-01
2.424999999999999933e-01
8.690000000000000502e-02
-4.217000000000000193e-01
-6.210999999999999854e-01
-5.061999999999999833e-01
-9.116999999999999549e-01
-8.062000000000000277e-01
-9.304999999999999938e-01
9.493000000000000327e-01
-4.031000000000000139e-01
