-8.447000000000000064e-01
9.457999999999999741e-01
-1.801999999999999991e-01
5.927999999999999936e-01
9.527999999999999803e-01
-8.125999999999999890e-01
4.143999999999999906e-01
-4.974999999999999978e-01
9.291000000000000369e-01
-1.847999999999999921e-01
-7.969000000000000528e-01
-1.000000000000000056e-01
-2.363000000000000100e-01
-3.936000000000000054e-01
-6.552000000000000046e-01
-5.349999999999999895e-02
1.971999999999999864e-01
-2.006000000000000005e-01
-5.109999999999999959e-02
-8.745000000000000551e-01
6.408000000000000362e-01
1.859999999999999848e-02
6.127000000000000224e-01
9.987000000000000322e-01
-7.997999999999999554e-01
3.256999999999999895e-01
-9.936000000000000387e-01
-6.260999999999999899e-01
-3.014999999999999902e-01
-6.782000000000000250e-01
-3.331000000000000072e-01
-5.905000000000000249e-01
-5.625000000000000000e-01
8.579999999999999849e-01
-1.000999999999999945e-01
7.015000000000000124e-01
6.925000000000000044e-01
8.859999999999999820e-02
-2.199000000000000121e-01
-6.485999999999999543e-01
-5.275999999999999579e-01
-3.094000000000000083e-01
-5.303999999999999826e-01
5.683000000000000274e-01
-8.082000000000000295e-01
3.739999999999999991e-01
-4.728999999999999870e-01
-2.822000000000000064e-01
3.400000000000000244e-02
3.435000000000000275e-01
7.963999999999999968e-01
-2.192999999999999949e-01
-4.279999999999999916e-01
1.590000000000000094e-02
7.889000000000000457e-01
1.208999999999999936e-01
-3.684000000000000052e-01
9.334000000000000075e-01
-7.744999999999999662e-01
-8.299999999999999600e-01
-9.959000000000000075e-01
-1.300000000000000044e-01
7.993999999999999995e-01
-1.373999999999999944e-01
-3.200000000000000153e-03
-1.499999999999999944e-02
2.824999999999999734e-01
-6.458000000000000407e-01
8.972999999999999865e-01
-4.507999999999999785e-01
-2.680000000000000160e-01
-9.479999999999999538e-02
9.579999999999999627e-02
-5.252000000000000002e-01
-7.600000000000000089e-01
5.708999999999999631e-01
-2.025000000000000133e-01
4.390000000000000013e-01
1.386000000000000010e-01
-4.425999999999999934e-01
-9.365999999999999881e-01
-5.728999999999999648e-01
3.420000000000000123e-02
-9.479999999999999538e-02
7.167000000000000037e-01
-5.853000000000000425e-01
-3.750000000000000000e-01
-4.829999999999999849e-01
-9.460000000000000353e-02
-9.721999999999999531e-01
-5.209000000000000297e-01
5.051999999999999824e-01
-3.715999999999999859e-01
-2.555000000000000049e-01
7.186000000000000165e-01
-4.290000000000000063e-02
7.829999999999999460e-02
6.232999999999999652e-01
-3.355000000000000204e-01
-1.552000000000000046e-01
-7.324000000000000510e-01
8.203000000000000291e-01
1.459000000000000019e-01
2.089999999999999844e-02
7.175000000000000266e-01
-1.068000000000000060e-01
9.495000000000000107e-01
4.340000000000000108e-02
3.563999999999999946e-01
5.571000000000000396e-01
2.646000000000000019e-01
8.460999999999999632e-01
-8.808000000000000274e-01
-2.131000000000000116e-01
-1.146999999999999964e-01
-8.126999999999999780e-01
-6.533999999999999808e-01
9.586000000000000076e-01
8.832999999999999741e-01
2.482000000000000040e-01
-3.004999999999999893e-01
6.301999999999999824e-01
6.510000000000000508e-02
-9.173999999999999932e-01
