-8.899000000000000243e-01
6.612000000000000099e-01
4.292000000000000259e-01
8.284000000000000252e-01
-9.381000000000000449e-01
-6.987999999999999767e-01
6.317000000000000393e-01
-3.916999999999999926e-01
6.758999999999999453e-01
-7.104000000000000314e-01
2.036999999999999922e-01
3.847999999999999754e-01
7.883000000000000007e-01
-8.799999999999999489e-02
-2.958000000000000074e-01
-5.016000000000000458e-01
-8.359999999999999654e-01
-5.425999999999999712e-01
9.818999999999999950e-01
3.770000000000000018e-01
8.641999999999999682e-01
-4.222000000000000197e-01
-5.326999999999999513e-01
-9.650000000000000244e-02
-9.083999999999999853e-01
-7.260999999999999677e-01
-2.321000000000000008e-01
-8.005999999999999783e-01
-7.259999999999999787e-02
5.210000000000000187e-01
-9.831999999999999629e-01
-7.830000000000000293e-01
6.746999999999999664e-01
7.431999999999999718e-01
6.660000000000000642e-02
6.169000000000000039e-01
-9.447999999999999732e-01
1.423999999999999988e-01
-3.755999999999999894e-01
-6.528000000000000469e-01
7.361999999999999655e-01
4.929000000000000048e-01
-4.363000000000000211e-01
-7.329999999999999849e-01
8.212000000000000410e-01
-7.083000000000000407e-01
-1.517000000000000015e-01
1.899999999999999953e-02
5.945000000000000284e-01
1.943999999999999895e-01
-6.455999999999999517e-01
-4.267000000000000237e-01
8.244000000000000217e-01
1.233999999999999958e-01
4.209999999999999853e-01
2.558000000000000274e-01
-1.393999999999999961e-01
-6.106000000000000316e-01
-8.385000000000000231e-01
5.873000000000000442e-01
-8.662999999999999590e-01
-9.080000000000000293e-01
-4.603999999999999759e-01
-2.746999999999999997e-01
-8.537000000000000144e-01
7.702999999999999847e-01
-9.923999999999999488e-01
5.534999999999999920e-01
3.292999999999999816e-01
3.846999999999999864e-01
2.725000000000000200e-01
4.403000000000000247e-01
-5.374999999999999778e-01
4.760000000000000342e-02
1.688000000000000056e-01
-3.943999999999999728e-01
8.780000000000000027e-01
6.226000000000000423e-01
3.206999999999999851e-01
5.649999999999999467e-01
1.203000000000000042e-01
9.082999999999999963e-01
9.891999999999999682e-01
-1.048000000000000043e-01
2.028999999999999970e-01
-7.058999999999999719e-01
1.340999999999999970e-01
-5.668999999999999595e-01
-8.269999999999999574e-02
-5.103999999999999648e-01
-1.200999999999999984e-01
-1.401000000000000023e-01
-1.469999999999999953e-02
-5.120000000000000245e-02
3.260000000000000120e-01
-9.925000000000000488e-01
7.499999999999999722e-02
6.209000000000000075e-01
3.080000000000000099e-02
-6.280999999999999917e-01
5.169000000000000261e-01
2.897000000000000131e-01
1.928999999999999881e-01
-8.387999999999999901e-01
-1.360999999999999988e-01
-7.883000000000000007e-01
-9.294000000000000039e-01
4.455999999999999961e-01
5.393000000000000016e-01
6.177000000000000268e-01
9.919999999999999929e-01
5.963000000000000522e-01
4.633999999999999786e-01
7.102000000000000535e-01
-3.438999999999999835e-01
6.915000000000000036e-01
9.110000000000000042e-02
-9.798000000000000043e-01
8.519999999999999796e-02
-7.669000000000000261e-01
6.633999999999999897e-01
3.104000000000000092e-01
9.265999999999999792e-01
-7.527000000000000357e-01
