7.792999999999999927e-01
5.392000000000000126e-01
-9.717000000000000082e-01
-3.529999999999999805e-01
-2.263000000000000012e-01
8.864999999999999547e-01
2.721000000000000085e-01
-6.919999999999999485e-01
-8.932999999999999829e-01
-9.439999999999999780e-02
-5.023999999999999577e-01
-1.930000000000000049e-01
-2.775000000000000244e-01
-6.230999999999999872e-01
-3.847999999999999754e-01
5.318000000000000504e-01
3.371000000000000107e-01
-2.096000000000000085e-01
-1.585000000000000020e-01
-9.526000000000000023e-01
-1.710000000000000062e-02
1.069999999999999979e-01
1.696999999999999897e-01
1.584000000000000130e-01
-3.745999999999999885e-01
1.024999999999999939e-01
-7.917999999999999483e-01
4.319999999999999951e-01
-8.377999999999999892e-01
8.198999999999999622e-01
7.580000000000000071e-01
-8.061000000000000387e-01
9.342000000000000304e-01
-4.747000000000000108e-01
-6.891000000000000458e-01
-7.913999999999999924e-01
5.916000000000000147e-01
-3.009999999999999828e-02
-1.242999999999999938e-01
8.591999999999999638e-01
-8.756000000000000449e-01
6.952000000000000401e-01
-6.402999999999999803e-01
5.477999999999999536e-01
-5.360000000000000181e-02
-6.949999999999999512e-01
1.580000000000000016e-01
4.549000000000000266e-01
-5.235999999999999543e-01
-5.994000000000000439e-01
-6.608000000000000540e-01
-1.140000000000000041e-01
6.991000000000000547e-01
-2.874999999999999778e-01
-9.590999999999999526e-01
7.441999999999999726e-01
6.248000000000000220e-01
-6.655999999999999694e-01
1.985000000000000098e-01
3.709999999999999964e-01
-6.655999999999999694e-01
-4.284000000000000030e-01
-8.639000000000000012e-01
2.560000000000000053e-01
1.789000000000000035e-01
2.371000000000000052e-01
3.464999999999999747e-01
4.375000000000000000e-01
-1.239999999999999956e-02
9.700000000000000289e-03
6.798999999999999488e-01
-8.809999999999999776e-02
3.799999999999999992e-03
-8.699999999999999956e-01
8.480999999999999650e-01
4.769999999999999796e-01
-7.529000000000000137e-01
6.192999999999999616e-01
-9.463000000000000300e-01
-3.197999999999999732e-01
-8.550999999999999712e-01
9.207999999999999519e-01
-3.891000000000000014e-01
2.953999999999999959e-01
2.197000000000000064e-01
4.086000000000000187e-01
-4.324999999999999956e-01
-7.760000000000000231e-01
4.850999999999999757e-01
-5.508999999999999453e-01
-3.356000000000000094e-01
-9.445000000000000062e-01
-3.781999999999999806e-01
7.670000000000000151e-01
-9.562000000000000499e-01
7.268999999999999906e-01
5.620000000000000551e-01
-5.937000000000000055e-01
2.692999999999999838e-01
-2.253000000000000003e-01
7.810000000000000275e-01
6.290999999999999925e-01
6.785999999999999810e-01
2.591999999999999860e-01
6.261999999999999789e-01
8.762999999999999678e-01
-1.773000000000000131e-01
-5.322000000000000064e-01
7.348999999999999977e-01
-7.930000000000000382e-01
2.100000000000000130e-02
-5.059000000000000163e-01
7.528000000000000247e-01
-3.766999999999999793e-01
-4.867000000000000215e-01
8.519999999999999796e-02
-2.752000000000000002e-01
-7.691000000000000059e-01
-8.200000000000000691e-03
1.603999999999999870e-01
-7.270000000000000073e-02
-5.330000000000000293e-01
5.238000000000000433e-01
-5.099000000000000199e-01
