-4.490000000000000241e-02
-5.696999999999999842e-01
-6.834000000000000075e-01
5.555999999999999828e-01
7.177000000000000046e-01
9.098000000000000531e-01
-4.759999999999999787e-01
9.857000000000000206e-01
8.866000000000000547e-01
7.374000000000000554e-01
8.243000000000000327e-01
5.800000000000000294e-02
5.753000000000000336e-01
-8.944999999999999618e-01
8.451999999999999513e-01
6.181999999999999718e-01
3.734999999999999987e-01
5.135999999999999455e-01
7.822999999999999954e-01
-3.538999999999999924e-01
-7.739999999999999658e-02
1.733000000000000096e-01
6.631000000000000227e-01
4.307000000000000273e-01
-3.597000000000000197e-01
-1.068000000000000060e-01
-7.492999999999999661e-01
-4.863999999999999990e-01
-5.829999999999999766e-02
9.049999999999999711e-02
-5.324999999999999734e-01
5.312000000000000055e-01
9.526999999999999913e-01
-9.660000000000000531e-02
9.797000000000000153e-01
1.081000000000000016e-01
9.193000000000000060e-01
8.122000000000000330e-01
-6.385999999999999455e-01
-4.284000000000000030e-01
4.284999999999999920e-01
5.720000000000000084e-02
-7.931000000000000272e-01
-1.461999999999999966e-01
-6.096000000000000307e-01
-8.746000000000000441e-01
-5.452000000000000179e-01
7.528000000000000247e-01
7.290000000000000646e-02
-3.699999999999999956e-01
-6.381999999999999895e-01
3.950000000000000039e-02
1.190999999999999975e-01
-4.082999999999999963e-01
5.596999999999999753e-01
-7.809000000000000385e-01
4.117000000000000104e-01
9.856000000000000316e-01
4.179999999999999827e-01
9.584000000000000297e-01
-4.203999999999999959e-01
6.542999999999999927e-01
-4.000000000000000083e-03
9.109000000000000430e-01
-8.356000000000000094e-01
6.693999999999999950e-01
-1.451999999999999957e-01
3.059999999999999873e-02
-9.973999999999999533e-01
-4.717000000000000082e-01
3.649000000000000021e-01
-5.409000000000000474e-01
4.839999999999999858e-02
4.098999999999999866e-01
1.237999999999999934e-01
6.289000000000000146e-01
9.907000000000000250e-01
-1.836000000000000132e-01
4.228000000000000091e-01
1.708000000000000074e-01
-2.994999999999999885e-01
-4.739999999999999769e-02
4.587999999999999856e-01
-9.349999999999999978e-02
3.507000000000000117e-01
-8.162000000000000366e-01
9.481000000000000538e-01
5.803000000000000380e-01
7.432999999999999607e-01
-6.747999999999999554e-01
-7.134000000000000341e-01
-5.380000000000000060e-02
9.039999999999999425e-02
-5.031999999999999806e-01
-8.546000000000000263e-01
-2.237000000000000099e-01
5.729999999999999538e-01
-4.696000000000000174e-01
-2.212000000000000077e-01
5.079000000000000181e-01
6.460000000000000187e-01
8.128999999999999559e-01
-7.644999999999999574e-01
8.850000000000000089e-01
6.604999999999999760e-01
-9.186999999999999611e-01
-2.210999999999999910e-01
7.149999999999999689e-01
9.415999999999999925e-01
5.168000000000000371e-01
2.783999999999999808e-01
-8.211000000000000520e-01
7.197999999999999954e-01
6.221999999999999753e-01
4.605000000000000204e-01
2.242000000000000104e-01
-7.310999999999999721e-01
-4.843999999999999972e-01
1.769000000000000017e-01
-1.819000000000000061e-01
3.648000000000000131e-01
-3.859000000000000208e-01
6.502999999999999892e-01
-7.135000000000000231e-01
