1.320999999999999952e-01
9.680999999999999606e-01
-2.469999999999999973e-02
-1.610000000000000042e-01
9.847000000000000197e-01
6.695999999999999730e-01
-6.393999999999999684e-01
-7.661999999999999922e-01
4.838999999999999968e-01
-9.969000000000000083e-01
7.942000000000000171e-01
-3.038000000000000145e-01
-6.818999999999999506e-01
6.727999999999999536e-01
-2.565000000000000058e-01
-5.348000000000000531e-01
8.012000000000000233e-01
4.434000000000000163e-01
4.405999999999999917e-01
5.539999999999999786e-02
-4.436999999999999833e-01
2.732999999999999874e-01
-1.135000000000000037e-01
-6.742000000000000215e-01
-2.539000000000000146e-01
-4.083999999999999853e-01
-5.030000000000000027e-01
-4.691000000000000170e-01
8.093000000000000194e-01
3.159000000000000141e-01
4.320000000000000229e-02
2.939999999999999905e-02
6.926999999999999824e-01
-4.426999999999999824e-01
-7.820000000000000284e-01
-6.118000000000000105e-01
-8.235999999999999988e-01
2.801000000000000156e-01
-5.310000000000000275e-01
1.142999999999999988e-01
7.523999999999999577e-01
2.436000000000000110e-01
-6.942000000000000393e-01
1.015999999999999959e-01
3.057000000000000273e-01
2.399000000000000021e-01
6.293999999999999595e-01
-6.239000000000000101e-01
4.390000000000000152e-02
-7.991000000000000325e-01
-6.770000000000000462e-01
-4.632000000000000006e-01
9.520999999999999464e-01
-6.370000000000000107e-01
2.654000000000000248e-01
6.017000000000000126e-01
1.998000000000000054e-01
6.765999999999999792e-01
8.548999999999999932e-01
-1.857999999999999929e-01
5.766000000000000014e-01
-2.485999999999999877e-01
-9.297999999999999599e-01
5.616999999999999771e-01
4.613999999999999768e-01
-6.121999999999999664e-01
-1.526000000000000134e-01
-9.653000000000000469e-01
-1.575999999999999901e-01
-5.879999999999999671e-01
5.138000000000000345e-01
5.623000000000000220e-01
-1.597000000000000086e-01
-9.283000000000000140e-01
-1.092000000000000054e-01
-4.672000000000000042e-01
7.900000000000000355e-01
3.921000000000000041e-01
4.763000000000000012e-01
1.018000000000000016e-01
-3.743000000000000216e-01
-2.560999999999999943e-01
-7.040000000000000424e-02
3.005999999999999783e-01
7.470000000000000251e-02
-2.348999999999999977e-01
-8.146999999999999797e-01
7.215000000000000302e-01
4.583999999999999742e-01
7.557000000000000384e-01
-5.525999999999999801e-01
-7.359999999999999876e-02
-7.572999999999999732e-01
9.615000000000000213e-01
7.058999999999999719e-01
-2.111000000000000099e-01
3.889000000000000234e-01
5.222999999999999865e-01
5.619999999999999996e-02
-6.434999999999999609e-01
5.129999999999999838e-02
8.680999999999999828e-01
-2.401000000000000079e-01
-5.927999999999999936e-01
-5.443000000000000060e-01
3.049999999999999933e-02
1.262000000000000066e-01
9.552000000000000490e-01
7.795999999999999597e-01
-3.630999999999999783e-01
7.649000000000000243e-01
-8.204000000000000181e-01
9.840000000000000135e-02
-4.368000000000000216e-01
-9.195999999999999730e-01
3.342999999999999861e-01
-2.277000000000000135e-01
5.220000000000000195e-01
2.396000000000000074e-01
3.140999999999999903e-01
9.980999999999999872e-01
-1.058999999999999941e-01
8.749000000000000110e-01
-5.679999999999999494e-01
