-1.058000000000000052e-01
-3.332999999999999852e-01
-9.264000000000000012e-01
-1.494999999999999940e-01
-4.517999999999999794e-01
-6.635999999999999677e-01
8.320999999999999508e-01
-1.433999999999999997e-01
6.188000000000000167e-01
2.152999999999999914e-01
3.864000000000000212e-01
-2.783999999999999808e-01
6.651000000000000245e-01
-8.672999999999999599e-01
-2.333000000000000074e-01
6.279999999999999472e-02
7.020999999999999464e-01
1.257999999999999952e-01
2.829999999999999877e-02
-7.584999999999999520e-01
4.389000000000000123e-01
-2.167999999999999927e-01
-2.419000000000000039e-01
8.248999999999999666e-01
-3.644999999999999907e-01
2.217000000000000082e-01
-5.580000000000000515e-01
-4.728999999999999870e-01
-1.690000000000000113e-01
9.020000000000000240e-02
-6.993000000000000327e-01
4.920000000000000068e-02
-8.306999999999999940e-01
7.260999999999999677e-01
-7.198999999999999844e-01
-4.771000000000000241e-01
-5.091999999999999860e-01
9.011000000000000121e-01
-5.735000000000000098e-01
8.058999999999999497e-01
1.243999999999999967e-01
4.969999999999999973e-01
8.403000000000000469e-01
-7.862000000000000099e-01
9.768999999999999906e-01
-9.290000000000000480e-01
4.965999999999999859e-01
1.093999999999999972e-01
-3.700999999999999845e-01
-6.625999999999999668e-01
2.310999999999999999e-01
4.025000000000000244e-01
2.487999999999999934e-01
-1.396999999999999909e-01
4.146000000000000241e-01
-2.539999999999999897e-02
-5.384999999999999787e-01
1.729999999999999871e-01
-4.660000000000000253e-02
-4.339000000000000079e-01
-2.943999999999999950e-01
8.075999999999999845e-01
-8.012000000000000233e-01
-1.213999999999999940e-01
4.919000000000000039e-01
-8.657000000000000250e-01
-2.852999999999999980e-01
7.962000000000000188e-01
-5.774000000000000243e-01
-6.058000000000000052e-01
3.169000000000000150e-01
1.275999999999999912e-01
6.451000000000000068e-01
7.689999999999999614e-02
-7.276000000000000245e-01
-8.687000000000000277e-01
9.130000000000000615e-02
1.567000000000000060e-01
-8.982999999999999874e-01
4.482999999999999763e-01
-6.600000000000000311e-01
4.364000000000000101e-01
-9.485000000000000098e-01
3.013000000000000123e-01
3.725999999999999868e-01
1.199999999999999895e-03
-7.866999999999999549e-01
-1.228000000000000064e-01
5.245999999999999552e-01
-9.537999999999999812e-01
7.963000000000000078e-01
7.025000000000000133e-01
8.471999999999999531e-01
-6.763000000000000123e-01
3.699999999999999956e-01
-6.382999999999999785e-01
-3.251999999999999891e-01
3.323999999999999733e-01
-4.039999999999999841e-02
1.890000000000000013e-02
7.490999999999999881e-01
2.599000000000000199e-01
-2.170000000000000054e-02
7.932000000000000162e-01
8.840000000000000635e-02
-4.988000000000000211e-01
-2.467000000000000026e-01
-4.400999999999999912e-01
-8.406000000000000139e-01
-7.903999999999999915e-01
4.797000000000000153e-01
-2.585999999999999965e-01
-8.285000000000000142e-01
3.603000000000000091e-01
-5.563000000000000167e-01
-6.990000000000000380e-02
3.962999999999999856e-01
-3.170000000000000040e-01
4.704999999999999738e-01
-7.122000000000000552e-01
1.831000000000000127e-01
-8.117999999999999661e-01
-5.387999999999999456e-01
-1.409999999999999865e-01
