-2.549999999999999836e-02
9.459999999999999520e-01
4.780000000000000221e-02
-7.599000000000000199e-01
4.224999999999999867e-01
-3.448999999999999844e-01
-5.199999999999999761e-02
7.980000000000000426e-01
-1.620000000000000051e-01
-5.641000000000000458e-01
-5.698999999999999622e-01
1.542000000000000037e-01
6.716999999999999638e-01
-3.368999999999999773e-01
8.435000000000000275e-01
6.259000000000000119e-01
8.999999999999999754e-04
-1.613999999999999879e-01
6.522999999999999909e-01
-5.594999999999999973e-01
4.154999999999999805e-01
-6.215000000000000524e-01
2.586999999999999855e-01
3.062000000000000277e-01
-3.300000000000000155e-01
5.099999999999999672e-02
2.119000000000000050e-01
-1.560999999999999888e-01
7.145000000000000240e-01
-7.649999999999999856e-02
-7.936999999999999611e-01
5.553000000000000158e-01
-2.275000000000000078e-01
7.754999999999999671e-01
4.663999999999999813e-01
3.302999999999999825e-01
-1.557999999999999940e-01
-2.605999999999999983e-01
-7.809000000000000385e-01
-8.545000000000000373e-01
6.100999999999999757e-01
1.673999999999999932e-01
-1.280999999999999917e-01
7.977999999999999536e-01
-4.223999999999999977e-01
-5.323999999999999844e-01
6.953000000000000291e-01
6.140000000000000319e-02
-6.661000000000000254e-01
-4.561999999999999944e-01
-9.976000000000000423e-01
-6.385999999999999455e-01
-2.252000000000000113e-01
-5.903000000000000469e-01
2.720000000000000195e-01
-6.000999999999999668e-01
4.671000000000000152e-01
-5.914000000000000368e-01
-8.461999999999999522e-01
-5.107000000000000428e-01
-5.639999999999999458e-01
3.509999999999999787e-01
-3.665999999999999814e-01
7.292999999999999483e-01
-8.648000000000000131e-01
-8.629999999999999893e-01
6.824999999999999956e-01
7.355000000000000426e-01
2.270000000000000143e-02
4.897000000000000242e-01
-1.887999999999999956e-01
5.223999999999999755e-01
1.759999999999999898e-01
9.310000000000000220e-02
2.968999999999999972e-01
9.943999999999999506e-01
9.735000000000000320e-01
-6.368000000000000327e-01
