-3.539999999999999813e-01
7.865999999999999659e-01
-5.417999999999999483e-01
-1.552999999999999936e-01
4.586999999999999966e-01
-4.490000000000000102e-01
-5.678999999999999604e-01
-4.482999999999999763e-01
-3.331999999999999962e-01
-7.349999999999999589e-02
2.260000000000000064e-01
8.941999999999999948e-01
7.300999999999999712e-01
3.254000000000000226e-01
3.795000000000000040e-01
-5.745999999999999996e-01
4.978000000000000203e-01
8.450999999999999623e-01
-1.960000000000000075e-01
4.295999999999999819e-01
8.615000000000000435e-01
3.562000000000000166e-01
-4.797000000000000153e-01
1.068000000000000060e-01
-6.114000000000000545e-01
3.440000000000000002e-02
4.354000000000000092e-01
6.411999999999999922e-01
5.087000000000000410e-01
-1.433000000000000107e-01
-1.053999999999999937e-01
-4.872000000000000219e-01
2.531999999999999806e-01
5.000000000000000104e-04
6.817999999999999616e-01
-5.059999999999999915e-02
-9.199999999999999845e-03
-4.062999999999999945e-01
-8.044999999999999929e-01
-1.887000000000000066e-01
-2.137999999999999901e-01
-9.048000000000000487e-01
-6.722000000000000197e-01
5.624000000000000110e-01
-3.471000000000000196e-01
6.140000000000000319e-02
1.395000000000000129e-01
-5.250000000000000222e-01
2.023999999999999966e-01
-9.499999999999999556e-01
-4.500000000000000111e-01
-5.496999999999999664e-01
3.568999999999999950e-01
-9.769999999999999796e-01
-5.077000000000000401e-01
-9.429999999999999494e-02
5.086000000000000520e-01
-2.480999999999999872e-01
1.060000000000000005e-02
-8.629999999999999893e-01
4.099999999999999756e-01
1.484999999999999931e-01
-7.489000000000000101e-01
4.056000000000000161e-01
8.077999999999999625e-01
-2.756000000000000116e-01
6.867999999999999661e-01
-3.111999999999999766e-01
7.679999999999999327e-02
4.304999999999999938e-01
-5.434999999999999831e-01
-2.427999999999999881e-01
-6.438000000000000389e-01
-8.798000000000000265e-01
-7.906999999999999584e-01
-1.630000000000000060e-01
-1.779999999999999916e-01
7.960000000000000409e-02
