-9.795000000000000373e-01
4.232000000000000206e-01
-4.974000000000000088e-01
4.840999999999999748e-01
9.902999999999999581e-01
3.743000000000000216e-01
3.896999999999999909e-01
8.629000000000000004e-01
5.193999999999999728e-01
-2.674000000000000266e-01
7.423999999999999488e-01
-4.613999999999999768e-01
8.759000000000000119e-01
-9.289999999999999647e-02
-4.424000000000000155e-01
8.449999999999999734e-01
1.640000000000000138e-02
-2.258000000000000007e-01
-4.813000000000000056e-01
-3.357999999999999874e-01
-3.271000000000000019e-01
-1.574000000000000121e-01
3.336999999999999966e-01
-2.555999999999999939e-01
6.680000000000000382e-01
2.948000000000000065e-01
8.740000000000000546e-02
-2.555000000000000049e-01
-5.533000000000000140e-01
-5.481000000000000316e-01
-5.705999999999999961e-01
8.552999999999999492e-01
-1.864000000000000101e-01
-9.706000000000000183e-01
8.320999999999999508e-01
-6.443999999999999728e-01
-1.212000000000000022e-01
6.543999999999999817e-01
-2.767000000000000015e-01
5.979999999999999899e-02
-4.122000000000000108e-01
9.659999999999999698e-01
-4.525000000000000133e-01
4.189999999999999974e-02
-8.260000000000000675e-02
8.430999999999999606e-01
-9.157999999999999474e-01
-2.693999999999999728e-01
-1.446000000000000063e-01
-7.423999999999999488e-01
-9.834000000000000519e-01
-6.283999999999999586e-01
7.211999999999999522e-01
-9.744000000000000439e-01
3.493999999999999884e-01
-5.783000000000000362e-01
9.809999999999999831e-01
1.658999999999999919e-01
-1.409999999999999969e-02
9.485999999999999988e-01
6.890000000000000291e-02
8.807000000000000384e-01
-5.088000000000000300e-01
8.221000000000000529e-01
-1.625000000000000056e-01
2.369999999999999885e-01
4.299000000000000044e-01
-6.413999999999999702e-01
3.181999999999999829e-01
-1.486000000000000099e-01
-7.921000000000000263e-01
-5.953000000000000513e-01
1.859000000000000097e-01
5.759999999999999842e-02
1.512000000000000011e-01
-2.247000000000000108e-01
7.252999999999999448e-01
-4.752000000000000113e-01
