2.459999999999999964e-01
1.655999999999999972e-01
-7.520000000000000295e-02
3.114999999999999991e-01
-5.809999999999999609e-01
9.462000000000000410e-01
3.350000000000000200e-01
8.683999999999999497e-01
-2.899999999999999800e-01
5.514000000000000012e-01
5.626999999999999780e-01
-4.855999999999999761e-01
9.179000000000000492e-01
8.215000000000000080e-01
-8.782999999999999696e-01
-8.012000000000000233e-01
-6.304999999999999494e-01
7.450999999999999845e-01
-5.152999999999999803e-01
-1.529000000000000081e-01
-8.275000000000000133e-01
6.687999999999999501e-01
-8.234000000000000208e-01
-6.585999999999999632e-01
-1.315999999999999948e-01
6.007000000000000117e-01
-3.104000000000000092e-01
-2.960000000000000131e-02
-5.145999999999999464e-01
-3.440000000000000002e-02
-3.729999999999999982e-02
6.724999999999999867e-01
-8.792999999999999705e-01
7.284000000000000474e-01
2.299999999999999961e-03
-7.913000000000000034e-01
-5.031999999999999806e-01
-9.750999999999999668e-01
9.199999999999999845e-03
2.649000000000000243e-01
1.691999999999999893e-01
5.194999999999999618e-01
4.305999999999999828e-01
-8.415000000000000258e-01
5.133999999999999675e-01
-9.850999999999999757e-01
-2.510999999999999899e-01
1.844999999999999973e-01
1.441999999999999948e-01
-7.722999999999999865e-01
1.213000000000000050e-01
-1.213000000000000050e-01
9.011000000000000121e-01
6.032999999999999474e-01
7.590999999999999970e-01
1.691000000000000003e-01
6.927999999999999714e-01
7.379999999999999893e-01
-7.055000000000000160e-01
-4.487999999999999767e-01
7.972000000000000197e-01
-9.095999999999999641e-01
3.079999999999999960e-01
-6.864999999999999991e-01
9.151000000000000245e-01
-6.289000000000000146e-01
7.038999999999999702e-01
-4.230999999999999761e-01
9.989000000000000101e-01
6.878999999999999559e-01
8.174000000000000155e-01
-6.327000000000000401e-01
-1.865999999999999881e-01
1.759999999999999898e-01
-3.529999999999999805e-01
4.576999999999999957e-01
4.059999999999999720e-02
8.502999999999999448e-01
