-5.816000000000000059e-01
4.769999999999999796e-01
-3.499999999999999778e-01
3.409999999999999837e-02
7.095000000000000195e-01
-1.298999999999999877e-01
-1.129000000000000004e-01
-8.370999999999999552e-01
-5.004999999999999449e-01
4.583999999999999742e-01
-3.377999999999999892e-01
-8.138999999999999568e-01
-1.789999999999999925e-02
-5.662000000000000366e-01
-4.058999999999999830e-01
-5.906000000000000139e-01
6.360000000000000375e-02
7.893000000000000016e-01
3.477000000000000091e-01
5.561000000000000387e-01
-3.590999999999999748e-01
-8.606000000000000316e-01
-4.415999999999999925e-01
-2.549000000000000155e-01
2.732999999999999874e-01
2.590000000000000080e-01
-8.312000000000000499e-01
-2.799999999999999972e-03
8.263000000000000345e-01
6.855999999999999872e-01
-3.020000000000000115e-02
-7.330999999999999739e-01
9.485000000000000098e-01
-6.146000000000000352e-01
-3.185000000000000053e-01
-9.854000000000000536e-01
3.689000000000000057e-01
-8.076999999999999735e-01
-4.657000000000000028e-01
4.914999999999999925e-01
7.027999999999999803e-01
4.563999999999999724e-01
8.860999999999999988e-01
4.265999999999999792e-01
6.518000000000000460e-01
-3.989999999999999797e-02
2.594000000000000195e-01
-8.802999999999999714e-01
6.403999999999999693e-01
6.284999999999999476e-01
2.164999999999999980e-01
-2.464999999999999969e-01
-5.325999999999999623e-01
-7.254000000000000448e-01
-5.339000000000000412e-01
-3.773000000000000242e-01
-6.243999999999999551e-01
8.323000000000000398e-01
4.512999999999999790e-01
8.600999999999999757e-01
6.264999999999999458e-01
-5.354999999999999760e-01
-5.946000000000000174e-01
8.889000000000000234e-01
3.662000000000000255e-01
-4.699999999999999734e-01
-5.536999999999999700e-01
8.683999999999999497e-01
-1.633000000000000007e-01
1.535999999999999865e-01
-5.644000000000000128e-01
-1.221000000000000002e-01
7.725999999999999535e-01
2.376000000000000056e-01
-4.527999999999999803e-01
-3.360000000000000209e-01
-4.338000000000000189e-01
-2.520999999999999908e-01
