-8.727000000000000313e-01
9.660000000000000531e-02
-3.158000000000000251e-01
-9.909000000000000030e-01
-5.293999999999999817e-01
5.883000000000000451e-01
-6.962000000000000410e-01
-1.940000000000000058e-01
7.907999999999999474e-01
-2.655000000000000138e-01
-4.515000000000000124e-01
5.799999999999999600e-03
2.156000000000000139e-01
-6.181999999999999718e-01
9.405999999999999917e-01
-3.105999999999999872e-01
5.219000000000000306e-01
-4.178000000000000047e-01
8.860000000000000098e-01
1.985999999999999988e-01
-6.491000000000000103e-01
5.819999999999999618e-01
-4.300000000000000003e-03
-6.084000000000000519e-01
9.427999999999999714e-01
-6.766999999999999682e-01
-2.381000000000000061e-01
-8.984999999999999654e-01
9.779999999999999805e-02
6.983000000000000318e-01
-6.239999999999999714e-02
6.381999999999999895e-01
-2.592999999999999750e-01
9.323000000000000176e-01
-5.340000000000000302e-01
4.734999999999999765e-01
-2.394999999999999907e-01
-7.845999999999999641e-01
-8.590000000000000413e-02
-8.104999999999999982e-01
9.840999999999999748e-01
4.758999999999999897e-01
3.291999999999999926e-01
-7.893999999999999906e-01
-1.126000000000000056e-01
8.608000000000000096e-01
7.108999999999999764e-01
1.274000000000000132e-01
-6.660000000000000364e-01
-1.421999999999999931e-01
-9.224999999999999867e-01
5.657999999999999696e-01
8.615000000000000435e-01
-8.014999999999999902e-01
-1.059999999999999970e-01
-8.640000000000000457e-02
-9.690999999999999615e-01
2.712999999999999856e-01
6.550000000000000266e-02
6.395999999999999464e-01
-5.070999999999999952e-01
-7.874999999999999778e-01
-7.391999999999999682e-01
-5.888999999999999790e-01
-9.394000000000000128e-01
-9.142000000000000126e-01
-5.303999999999999826e-01
-1.068999999999999950e-01
-2.230000000000000038e-02
-4.492999999999999772e-01
-4.783999999999999919e-01
8.695000000000000506e-01
9.762999999999999456e-01
-9.177999999999999492e-01
-1.776999999999999968e-01
-2.152000000000000024e-01
4.485000000000000098e-01
-4.619999999999999801e-02
