-9.545000000000000151e-01
1.330000000000000071e-01
7.460999999999999854e-01
-1.250999999999999890e-01
-7.252999999999999448e-01
9.092999999999999972e-01
4.284000000000000030e-01
7.308999999999999941e-01
8.429999999999999993e-02
-7.962000000000000188e-01
-6.175000000000000488e-01
-9.410000000000000309e-02
-8.290000000000000147e-02
8.459999999999999742e-01
7.760000000000000231e-01
8.991999999999999993e-01
-6.288000000000000256e-01
-5.698999999999999622e-01
-3.064000000000000057e-01
-4.583999999999999742e-01
5.759999999999999842e-02
-8.046999999999999709e-01
-8.665000000000000480e-01
-6.289000000000000146e-01
-1.718000000000000083e-01
-7.375000000000000444e-01
-2.589999999999999941e-02
-5.944000000000000394e-01
7.471999999999999753e-01
-3.790000000000000313e-02
9.165999999999999703e-01
5.899999999999999689e-02
-5.675000000000000044e-01
7.435000000000000497e-01
8.761999999999999789e-01
3.945000000000000173e-01
8.010000000000000453e-01
3.224000000000000199e-01
2.651000000000000023e-01
-7.843999999999999861e-01
-2.083000000000000129e-01
-6.208000000000000185e-01
9.828000000000000069e-01
2.506999999999999784e-01
4.457999999999999741e-01
-1.393000000000000071e-01
4.051000000000000156e-01
8.061000000000000387e-01
-9.890999999999999792e-01
3.281000000000000028e-01
-1.269000000000000128e-01
-4.550000000000000155e-01
8.386000000000000121e-01
4.580000000000000043e-02
9.889999999999999902e-01
7.116000000000000103e-01
-1.565000000000000002e-01
9.367999999999999661e-01
4.205999999999999739e-01
6.454999999999999627e-01
9.747000000000000108e-01
-5.725999999999999979e-01
7.467000000000000304e-01
-1.444000000000000006e-01
-5.324999999999999734e-01
2.109000000000000041e-01
-9.528999999999999693e-01
9.503000000000000336e-01
5.199999999999999761e-03
-9.726000000000000201e-01
2.520000000000000018e-02
8.309999999999999332e-02
9.628999999999999782e-01
1.985999999999999988e-01
-8.651999999999999691e-01
2.611999999999999877e-01
-3.043000000000000149e-01
6.421000000000000041e-01
