4.956999999999999740e-01
-6.867999999999999661e-01
-6.171999999999999709e-01
-5.419000000000000483e-01
9.180000000000000659e-02
6.944000000000000172e-01
-8.227999999999999758e-01
4.769999999999999796e-01
2.942000000000000171e-01
-1.849000000000000088e-01
-4.699999999999999734e-01
7.639000000000000234e-01
-7.466000000000000414e-01
1.809000000000000052e-01
9.383000000000000229e-01
4.485000000000000098e-01
2.152999999999999914e-01
8.120000000000000551e-01
-1.210999999999999993e-01
9.021000000000000130e-01
9.892999999999999572e-01
3.444999999999999729e-01
7.127000000000000002e-01
-8.238999999999999657e-01
3.336000000000000076e-01
7.458000000000000185e-01
-7.143000000000000460e-01
7.833999999999999853e-01
-7.227000000000000091e-01
6.661000000000000254e-01
-1.998999999999999944e-01
-6.261999999999999789e-01
3.610000000000000014e-02
-4.714999999999999747e-01
-8.235999999999999988e-01
-6.290000000000000036e-01
-5.883000000000000451e-01
-7.786999999999999478e-01
-7.159999999999999698e-01
4.988000000000000211e-01
-1.731999999999999929e-01
-3.091999999999999749e-01
8.001000000000000334e-01
-4.036000000000000143e-01
2.010000000000000120e-01
-9.857000000000000206e-01
-4.999000000000000110e-01
9.164999999999999813e-01
-2.152000000000000024e-01
2.364999999999999880e-01
-3.398999999999999799e-01
2.900000000000000147e-02
9.193999999999999950e-01
-9.850999999999999757e-01
-9.758000000000000007e-01
-8.244000000000000217e-01
-1.237999999999999934e-01
-8.857000000000000428e-01
-1.829000000000000070e-01
7.009999999999999565e-02
-9.901999999999999691e-01
-3.988999999999999768e-01
4.939999999999999947e-01
2.706000000000000072e-01
-7.026999999999999913e-01
5.493999999999999995e-01
-5.968999999999999861e-01
4.313000000000000167e-01
5.543000000000000149e-01
3.723000000000000198e-01
-1.736999999999999933e-01
3.538000000000000034e-01
1.353999999999999926e-01
1.269999999999999948e-02
3.049000000000000044e-01
5.439999999999999697e-02
1.716999999999999915e-01
2.046999999999999931e-01
