8.226999999999999869e-01
2.237999999999999989e-01
7.191999999999999504e-01
3.487000000000000099e-01
-8.090000000000000524e-01
-8.289999999999999591e-01
2.349999999999999867e-01
3.855000000000000093e-01
-6.985999999999999988e-01
1.545999999999999874e-01
2.841000000000000192e-01
-9.569999999999999618e-01
5.145999999999999464e-01
-8.740000000000000546e-02
-3.039999999999999994e-02
4.994999999999999996e-01
2.497000000000000053e-01
6.721000000000000307e-01
6.606999999999999540e-01
-5.541000000000000369e-01
9.548999999999999710e-01
-9.045999999999999597e-01
3.437999999999999945e-01
-9.473000000000000309e-01
-3.403999999999999804e-01
-1.116999999999999937e-01
-9.267999999999999572e-01
1.406000000000000028e-01
3.332999999999999852e-01
8.661999999999999700e-01
-3.739999999999999991e-01
4.116000000000000214e-01
-1.484999999999999931e-01
5.644000000000000128e-01
7.690000000000000169e-01
5.790000000000000008e-02
-3.751999999999999780e-01
5.868999999999999773e-01
9.536999999999999922e-01
-1.345999999999999974e-01
4.547999999999999821e-01
-6.995999999999999996e-01
-1.319999999999999993e-02
-8.497000000000000108e-01
-2.328000000000000069e-01
4.575000000000000178e-01
-5.895000000000000240e-01
-8.713999999999999524e-01
8.592999999999999527e-01
-7.244000000000000439e-01
-4.350999999999999868e-01
-3.264000000000000234e-01
8.359999999999999376e-02
7.109999999999999654e-01
-3.528999999999999915e-01
-6.558000000000000496e-01
-6.975999999999999979e-01
-2.378000000000000114e-01
6.236000000000000432e-01
2.943999999999999950e-01
3.436000000000000165e-01
-9.429999999999999494e-02
-1.029999999999999943e-01
-5.314999999999999725e-01
1.151999999999999968e-01
7.106000000000000094e-01
1.123999999999999999e-01
2.497999999999999943e-01
7.497000000000000330e-01
-9.948000000000000176e-01
-2.902000000000000135e-01
-3.164000000000000146e-01
1.879000000000000115e-01
4.757000000000000117e-01
-4.248999999999999999e-01
1.516000000000000125e-01
2.280999999999999972e-01
6.410000000000000142e-01
