7.171999999999999487e-01
-8.283000000000000362e-01
-5.352000000000000091e-01
-4.774999999999999800e-01
9.798000000000000043e-01
-4.610000000000000209e-01
-6.058999999999999941e-01
5.673000000000000265e-01
-2.384999999999999898e-01
6.526999999999999469e-01
-3.459999999999999881e-02
3.526000000000000245e-01
5.048000000000000265e-01
-6.967999999999999750e-01
5.309000000000000385e-01
-4.378000000000000225e-01
-4.220000000000000140e-02
-6.651000000000000245e-01
3.587000000000000188e-01
-2.717999999999999861e-01
-8.804999999999999494e-01
7.845999999999999641e-01
-6.531000000000000139e-01
-2.179999999999999993e-01
-7.973000000000000087e-01
5.352000000000000091e-01
-6.760000000000000453e-01
6.430000000000000160e-01
7.103000000000000425e-01
7.247000000000000108e-01
5.407999999999999474e-01
5.007000000000000339e-01
5.061999999999999833e-01
7.744999999999999662e-01
3.846999999999999864e-01
7.647000000000000464e-01
-9.145999999999999686e-01
-7.158999999999999808e-01
1.350000000000000089e-01
-7.937999999999999501e-01
-9.701999999999999513e-01
2.119000000000000050e-01
-2.812999999999999945e-01
1.259000000000000119e-01
-8.637000000000000233e-01
-5.144999999999999574e-01
8.690000000000000502e-02
-9.950999999999999845e-01
-8.829000000000000181e-01
3.291999999999999926e-01
-1.590000000000000094e-02
-3.276999999999999913e-01
-1.542000000000000037e-01
-4.490000000000000241e-02
-8.833999999999999631e-01
4.505000000000000115e-01
-9.776000000000000245e-01
6.078000000000000069e-01
7.129999999999999671e-01
5.987000000000000099e-01
-1.315000000000000058e-01
9.756000000000000227e-01
8.140000000000000013e-02
-1.759000000000000008e-01
-5.596999999999999753e-01
-5.885000000000000231e-01
8.650999999999999801e-01
-2.426000000000000101e-01
4.242000000000000215e-01
-2.380000000000000171e-02
-9.180000000000000382e-01
-4.129999999999999782e-01
9.254999999999999893e-01
-2.331000000000000016e-01
-9.649999999999999689e-01
9.070000000000000284e-02
6.157000000000000250e-01
-8.334000000000000297e-01
