-7.262999999999999456e-01
-9.016999999999999460e-01
-6.067000000000000171e-01
-7.840000000000000302e-01
-5.289000000000000368e-01
-5.600000000000000533e-01
1.386000000000000010e-01
-9.245999999999999774e-01
-2.016999999999999904e-01
-8.968000000000000416e-01
3.953999999999999737e-01
-2.040000000000000147e-02
-2.416999999999999982e-01
2.605999999999999983e-01
-1.038000000000000034e-01
-4.325999999999999845e-01
6.410000000000000420e-02
9.961999999999999744e-01
5.805000000000000160e-01
8.985999999999999543e-01
4.039999999999999841e-02
2.501999999999999780e-01
8.636000000000000343e-01
-5.739999999999999547e-01
-3.891999999999999904e-01
-3.059999999999999942e-01
-6.901000000000000467e-01
-5.466999999999999638e-01
-7.321999999999999620e-01
7.048999999999999710e-01
-8.999000000000000332e-01
6.108999999999999986e-01
-3.438999999999999835e-01
6.088999999999999968e-01
3.220999999999999974e-01
-4.616000000000000103e-01
-3.800000000000000044e-01
-8.974999999999999645e-01
-9.035999999999999588e-01
-2.064999999999999891e-01
-7.151999999999999469e-01
3.780999999999999917e-01
-1.617999999999999994e-01
-4.596000000000000085e-01
4.838000000000000078e-01
6.529999999999999694e-02
3.050999999999999823e-01
6.752000000000000224e-01
-8.019999999999999352e-02
3.800999999999999934e-01
5.200000000000000178e-01
6.162999999999999590e-01
-7.880000000000000338e-01
9.519999999999999574e-01
-4.248000000000000109e-01
2.535999999999999921e-01
4.627000000000000002e-01
-2.101999999999999980e-01
-6.139000000000000012e-01
-5.129999999999999838e-02
6.021999999999999575e-01
3.209000000000000186e-01
-3.029000000000000026e-01
-4.882000000000000228e-01
1.842000000000000026e-01
6.713999999999999968e-01
4.923000000000000154e-01
7.316000000000000281e-01
-4.158999999999999919e-01
1.197000000000000008e-01
-8.250999999999999446e-01
-4.250000000000000305e-02
-4.542999999999999816e-01
-7.860000000000000320e-01
3.442999999999999949e-01
-2.515999999999999903e-01
2.444000000000000061e-01
-1.476000000000000090e-01
