-5.349000000000000421e-01
2.083000000000000129e-01
-2.311999999999999889e-01
-6.156000000000000361e-01
4.828999999999999959e-01
5.917999999999999927e-01
7.355000000000000426e-01
-8.225999999999999979e-01
3.810000000000000192e-02
1.335999999999999965e-01
-2.333999999999999964e-01
-4.677000000000000046e-01
-2.959999999999999853e-01
-5.865000000000000213e-01
9.053999999999999826e-01
4.580000000000000182e-01
-1.333999999999999908e-01
9.649999999999999689e-01
3.145999999999999908e-01
3.889000000000000234e-01
-5.330000000000000016e-02
6.124000000000000554e-01
-8.019999999999999352e-02
2.338000000000000078e-01
-9.667999999999999927e-01
-3.624999999999999889e-01
-6.610000000000000597e-02
5.568999999999999506e-01
-3.519999999999999796e-01
-9.401000000000000467e-01
-7.822999999999999954e-01
8.600999999999999757e-01
-6.867999999999999661e-01
-6.662000000000000144e-01
-1.140000000000000041e-02
9.723000000000000531e-01
-8.698000000000000176e-01
-6.548000000000000487e-01
6.755999999999999783e-01
6.604999999999999760e-01
3.962999999999999856e-01
1.228000000000000064e-01
4.289000000000000035e-01
-5.924000000000000377e-01
-8.393000000000000460e-01
-1.854000000000000092e-01
6.212999999999999634e-01
2.873999999999999888e-01
5.443999999999999950e-01
-1.082000000000000045e-01
-7.476000000000000423e-01
8.481999999999999540e-01
8.266000000000000014e-01
-4.809999999999999831e-01
3.207999999999999741e-01
-6.932000000000000384e-01
7.411999999999999700e-01
8.276999999999999913e-01
-8.316000000000000059e-01
-6.190999999999999837e-01
-9.976000000000000423e-01
-1.194999999999999951e-01
-4.369000000000000106e-01
1.226000000000000006e-01
-8.629999999999999893e-01
5.875000000000000222e-01
6.671000000000000263e-01
-5.765000000000000124e-01
-8.507000000000000117e-01
7.056999999999999940e-01
-2.785000000000000253e-01
-9.303000000000000158e-01
8.629999999999999893e-01
5.927999999999999936e-01
8.451999999999999513e-01
-3.618999999999999995e-01
8.731999999999999762e-01
-9.631999999999999451e-01
