-1.559999999999999998e-01
-3.215000000000000080e-01
-8.219999999999999529e-02
5.210000000000000187e-01
-6.049999999999999822e-01
-4.677000000000000046e-01
6.633999999999999897e-01
6.804999999999999938e-01
6.633000000000000007e-01
-3.453999999999999848e-01
2.268000000000000016e-01
9.689999999999999725e-01
-8.653999999999999471e-01
7.930000000000000382e-01
-5.436999999999999611e-01
-1.456000000000000072e-01
-6.461000000000000076e-01
-4.611999999999999988e-01
-4.662000000000000033e-01
5.329000000000000403e-01
-1.303999999999999881e-01
2.192999999999999949e-01
1.763000000000000123e-01
-5.721000000000000529e-01
-1.188000000000000028e-01
4.739999999999999769e-01
-2.847999999999999976e-01
2.409000000000000030e-01
5.723000000000000309e-01
-5.242999999999999883e-01
-2.079999999999999905e-02
2.571999999999999842e-01
-2.293999999999999928e-01
-3.705999999999999850e-01
9.900000000000000813e-03
-1.159999999999999920e-02
-4.405999999999999917e-01
-1.688999999999999946e-01
7.812999999999999945e-01
-6.865999999999999881e-01
8.827000000000000401e-01
-3.876999999999999891e-01
-4.099999999999999756e-01
8.239999999999999547e-01
7.220000000000000029e-02
-3.859000000000000208e-01
7.188999999999999835e-01
3.282999999999999807e-01
7.860000000000000320e-01
-9.376999999999999780e-01
1.285999999999999921e-01
1.486999999999999988e-01
-2.833999999999999853e-01
-7.190999999999999615e-01
4.057000000000000051e-01
4.560000000000000164e-02
7.127000000000000002e-01
-9.594000000000000306e-01
-1.645000000000000073e-01
-1.938000000000000000e-01
2.750000000000000222e-01
3.559999999999999970e-02
-2.479000000000000092e-01
-7.016000000000000014e-01
5.523000000000000131e-01
9.292000000000000259e-01
3.855999999999999983e-01
1.980000000000000093e-01
9.798000000000000043e-01
-7.136000000000000121e-01
2.832000000000000073e-01
3.277999999999999803e-01
-9.262000000000000233e-01
4.189999999999999836e-01
-6.871000000000000441e-01
2.592999999999999750e-01
4.238999999999999990e-01
8.399999999999999481e-03
