5.829999999999999627e-01
-4.514000000000000234e-01
-4.863999999999999990e-01
6.999999999999999556e-01
-9.405000000000000027e-01
-1.482999999999999874e-01
-4.209999999999999853e-01
3.135000000000000009e-01
4.958000000000000185e-01
-7.035000000000000142e-01
5.947000000000000064e-01
-3.313999999999999724e-01
-2.818999999999999839e-01
6.810000000000000497e-01
-1.370999999999999996e-01
-6.608000000000000540e-01
-4.264999999999999902e-01
4.847000000000000197e-01
-6.430000000000000160e-01
1.537999999999999923e-01
2.726999999999999980e-01
-1.554999999999999993e-01
-3.084000000000000075e-01
1.260999999999999899e-01
-7.710000000000000187e-02
7.223000000000000531e-01
2.058000000000000107e-01
6.690000000000000113e-02
-3.968999999999999750e-01
4.426999999999999824e-01
-3.710999999999999854e-01
-5.151999999999999913e-01
7.553999999999999604e-01
-3.307999999999999829e-01
-4.716000000000000192e-01
8.290999999999999481e-01
9.959999999999999409e-02
9.180000000000000659e-02
-5.411000000000000254e-01
-9.049000000000000377e-01
-2.983999999999999986e-01
7.980000000000000426e-01
-2.615999999999999992e-01
6.165000000000000480e-01
4.379000000000000115e-01
5.863000000000000433e-01
-1.199000000000000066e-01
9.229999999999999316e-02
-3.497999999999999998e-01
-4.087000000000000077e-01
9.034999999999999698e-01
3.231999999999999873e-01
1.360999999999999988e-01
5.224999999999999645e-01
-9.326999999999999735e-01
-9.349999999999999978e-02
-5.799999999999999600e-01
6.146000000000000352e-01
-2.454000000000000070e-01
-5.335999999999999632e-01
8.210000000000000631e-02
-6.772000000000000242e-01
9.460000000000000353e-02
-7.290999999999999703e-01
-9.586000000000000076e-01
-9.902999999999999581e-01
1.952000000000000124e-01
-1.827000000000000013e-01
8.203000000000000291e-01
2.280000000000000082e-01
8.175999999999999934e-01
-3.650999999999999801e-01
-4.178999999999999937e-01
-5.541000000000000369e-01
-1.949999999999999997e-02
8.743999999999999551e-01
-4.466999999999999860e-01
8.794999999999999485e-01
