-3.726999999999999758e-01
3.094000000000000083e-01
8.021000000000000352e-01
2.309999999999999901e-02
6.304999999999999494e-01
-1.940999999999999948e-01
-1.678999999999999937e-01
3.347999999999999865e-01
-7.375000000000000444e-01
-7.089999999999999636e-01
-5.364999999999999769e-01
7.462999999999999634e-01
2.847000000000000086e-01
5.655000000000000027e-01
-8.366000000000000103e-01
-4.882000000000000228e-01
8.930000000000000160e-01
-2.305000000000000104e-01
-8.683999999999999497e-01
-1.832000000000000017e-01
1.348000000000000032e-01
-8.372000000000000552e-01
8.652999999999999581e-01
7.122000000000000552e-01
7.557000000000000384e-01
2.288000000000000034e-01
-8.252000000000000446e-01
-5.009000000000000119e-01
2.914999999999999813e-01
9.464000000000000190e-01
-6.038000000000000034e-01
-1.589000000000000135e-01
-9.265999999999999792e-01
-4.560000000000000164e-02
-1.494999999999999940e-01
-8.671999999999999709e-01
7.923000000000000043e-01
6.055000000000000382e-01
8.559999999999999831e-01
-1.990000000000000102e-02
-8.349999999999999645e-01
-6.270000000000000018e-01
4.672000000000000042e-01
-5.333999999999999853e-01
-6.460000000000000187e-01
4.905999999999999805e-01
6.155000000000000471e-01
6.075000000000000400e-01
-3.155000000000000027e-01
-1.789999999999999925e-02
7.618000000000000327e-01
-3.029999999999999916e-01
3.477999999999999980e-01
5.911999999999999478e-01
-5.760999999999999455e-01
-6.408000000000000362e-01
7.219999999999999751e-01
2.205000000000000016e-01
6.840000000000000246e-02
-5.475999999999999757e-01
-5.800000000000000294e-02
7.140000000000000513e-02
-4.233999999999999986e-01
2.074999999999999900e-01
2.094000000000000028e-01
-9.641999999999999460e-01
-8.344000000000000306e-01
2.000000000000000096e-04
-4.319999999999999951e-01
7.700000000000000178e-01
5.980999999999999650e-01
-3.261999999999999900e-01
3.632000000000000228e-01
6.010000000000000064e-02
-4.854999999999999871e-01
-5.572000000000000286e-01
4.157000000000000139e-01
4.314999999999999947e-01
