8.260999999999999455e-01
3.064000000000000057e-01
-6.562999999999999945e-01
8.215000000000000080e-01
9.664000000000000368e-01
-9.418999999999999595e-01
-1.579000000000000126e-01
2.759999999999999953e-02
4.243999999999999995e-01
3.407999999999999918e-01
1.559999999999999928e-02
-5.487999999999999545e-01
-6.879999999999999449e-01
9.426999999999999824e-01
-3.801999999999999824e-01
-9.405000000000000027e-01
2.579000000000000181e-01
2.464000000000000079e-01
-8.345000000000000195e-01
-4.984999999999999987e-01
7.829000000000000403e-01
-2.388000000000000123e-01
4.979000000000000092e-01
5.703000000000000291e-01
2.480999999999999872e-01
8.222000000000000419e-01
2.844999999999999751e-01
1.756000000000000061e-01
-3.083000000000000185e-01
-7.377000000000000224e-01
-9.991999999999999771e-01
3.099999999999999978e-01
4.433000000000000274e-01
-3.432000000000000051e-01
-6.538000000000000478e-01
5.518999999999999462e-01
2.692999999999999838e-01
-8.129999999999999449e-01
7.900000000000000078e-02
-4.694999999999999729e-01
2.396999999999999964e-01
-8.268999999999999684e-01
3.131999999999999784e-01
-9.373000000000000220e-01
-1.564000000000000112e-01
-2.711000000000000076e-01
5.255999999999999561e-01
7.481999999999999762e-01
6.071999999999999620e-01
2.212999999999999967e-01
-3.597000000000000197e-01
8.719999999999999973e-01
-9.366999999999999771e-01
9.960999999999999854e-01
7.063000000000000389e-01
-5.844000000000000306e-01
9.092999999999999972e-01
-3.466000000000000192e-01
-5.947000000000000064e-01
9.759999999999999787e-01
-3.799999999999999906e-02
3.719999999999999973e-01
-6.993000000000000327e-01
6.116000000000000325e-01
8.917000000000000481e-01
5.826000000000000068e-01
3.700999999999999845e-01
-4.400000000000000265e-03
-8.922999999999999821e-01
4.598999999999999755e-01
3.199000000000000177e-01
6.238000000000000211e-01
1.771000000000000074e-01
6.149000000000000021e-01
-5.322000000000000064e-01
2.839999999999999747e-01
-3.409999999999999837e-02
-3.438999999999999835e-01
