6.740000000000000435e-01
-4.022999999999999909e-01
8.126999999999999780e-01
6.972000000000000419e-01
2.440000000000000155e-02
-5.580000000000000238e-02
9.443000000000000282e-01
-9.243000000000000105e-01
3.664000000000000035e-01
9.035999999999999588e-01
-7.330999999999999739e-01
-7.378000000000000114e-01
-3.261999999999999900e-01
6.454999999999999627e-01
-8.052000000000000268e-01
-1.181999999999999995e-01
6.637999999999999456e-01
5.022999999999999687e-01
9.222000000000000197e-01
3.089000000000000079e-01
-3.350000000000000200e-02
-5.832000000000000517e-01
7.721999999999999975e-01
-9.023999999999999799e-01
-6.958999999999999631e-01
-9.173000000000000043e-01
-8.900000000000000133e-01
-5.334999999999999742e-01
2.725000000000000200e-01
-2.639000000000000234e-01
7.472999999999999643e-01
-2.903999999999999915e-01
-1.746999999999999942e-01
5.189000000000000279e-01
-7.824999999999999734e-01
-6.867999999999999661e-01
1.680000000000000104e-01
-4.431999999999999829e-01
8.792999999999999705e-01
-2.447000000000000008e-01
3.035999999999999810e-01
7.829000000000000403e-01
-7.624999999999999556e-01
8.666000000000000369e-01
-1.272999999999999965e-01
1.014000000000000040e-01
4.142000000000000126e-01
9.844000000000000528e-01
1.439999999999999961e-02
3.417999999999999927e-01
9.919999999999999651e-02
-3.538999999999999924e-01
8.067999999999999616e-01
-7.639000000000000234e-01
6.701000000000000290e-01
-7.823999999999999844e-01
5.566999999999999726e-01
6.270999999999999908e-01
-2.525000000000000022e-01
-3.237999999999999767e-01
-6.819999999999999674e-02
-1.277999999999999969e-01
-1.431000000000000050e-01
2.560000000000000123e-02
3.499999999999999778e-01
-1.491999999999999993e-01
7.951000000000000290e-01
-4.418000000000000260e-01
3.121999999999999775e-01
-1.990000000000000102e-02
-3.497999999999999998e-01
-5.098000000000000309e-01
-9.220000000000000417e-02
1.490000000000000005e-02
1.093999999999999972e-01
2.275000000000000078e-01
-5.010000000000000009e-01
-2.800000000000000266e-01
-1.014000000000000040e-01
1.698000000000000065e-01
-4.794999999999999818e-01
-3.793000000000000260e-01
3.005999999999999783e-01
4.995999999999999885e-01
1.444999999999999896e-01
8.012000000000000233e-01
6.081999999999999629e-01
8.006999999999999673e-01
6.845999999999999863e-01
5.361000000000000210e-01
-4.781000000000000250e-01
6.510000000000000231e-01
8.304000000000000270e-01
-8.541999999999999593e-01
