-5.981999999999999540e-01
-1.781000000000000083e-01
-5.142999999999999794e-01
6.397000000000000464e-01
-1.491000000000000103e-01
5.921999999999999487e-01
-2.313999999999999946e-01
3.220999999999999974e-01
2.538000000000000256e-01
2.659999999999999865e-02
4.515000000000000124e-01
4.084999999999999742e-01
2.975999999999999757e-01
-8.753999999999999559e-01
-9.645000000000000240e-01
4.524000000000000243e-01
-4.872000000000000219e-01
7.390999999999999792e-01
-7.210999999999999632e-01
1.632000000000000117e-01
2.270000000000000073e-01
2.066000000000000059e-01
3.069000000000000061e-01
6.798999999999999488e-01
2.511999999999999789e-01
-4.288000000000000145e-01
3.563999999999999946e-01
9.694000000000000394e-01
-5.210000000000000048e-02
9.812999999999999501e-01
-3.139000000000000123e-01
2.680000000000000090e-02
5.901999999999999469e-01
9.095999999999999641e-01
-2.872999999999999998e-01
8.269999999999999574e-02
-5.325999999999999623e-01
-2.323000000000000065e-01
4.868999999999999995e-01
2.142000000000000015e-01
2.429000000000000048e-01
3.603000000000000091e-01
5.362000000000000099e-01
-4.187000000000000166e-01
9.203000000000000069e-01
-4.804999999999999827e-01
-3.150000000000000022e-02
9.929999999999999938e-01
8.508999999999999897e-01
7.526000000000000467e-01
4.829999999999999849e-01
4.193999999999999950e-01
-7.520999999999999908e-01
1.884000000000000119e-01
8.890000000000000679e-02
-3.524999999999999800e-01
5.975000000000000311e-01
3.449999999999999734e-01
-3.985000000000000209e-01
6.673999999999999932e-01
1.877000000000000057e-01
-6.632000000000000117e-01
-3.738000000000000211e-01
8.590000000000000413e-02
3.468999999999999861e-01
-6.959999999999999520e-02
8.699999999999999400e-02
-4.904000000000000026e-01
-2.060000000000000026e-02
-2.940999999999999726e-01
-2.399999999999999911e-01
-7.989999999999999880e-02
-8.054000000000000048e-01
9.829999999999999849e-01
-7.249999999999999778e-01
7.566000000000000503e-01
-8.378999999999999782e-01
-9.553000000000000380e-01
-3.704999999999999960e-01
4.171000000000000263e-01
9.757000000000000117e-01
2.119999999999999940e-01
3.413999999999999813e-01
-2.366999999999999937e-01
9.242000000000000215e-01
5.326999999999999513e-01
2.383000000000000118e-01
-3.951999999999999957e-01
-3.852999999999999758e-01
1.577999999999999958e-01
7.415000000000000480e-01
-2.459000000000000075e-01
-9.514000000000000234e-01
3.297999999999999821e-01
