7.282999999999999474e-01
-5.840000000000000052e-02
-2.286999999999999866e-01
9.239000000000000545e-01
-7.930000000000000382e-01
-2.167999999999999927e-01
-4.520000000000000129e-01
-8.645000000000000462e-01
7.491999999999999771e-01
-9.166999999999999593e-01
-3.603999999999999981e-01
6.259000000000000119e-01
3.008000000000000118e-01
-5.093999999999999639e-01
9.969999999999999696e-02
-2.313000000000000056e-01
1.419999999999999873e-01
-9.612000000000000544e-01
-2.978000000000000091e-01
9.210000000000000409e-01
7.399999999999999911e-01
5.754000000000000226e-01
-8.288999999999999702e-01
-4.556999999999999940e-01
-6.473999999999999755e-01
6.924000000000000155e-01
-8.554000000000000492e-01
1.328999999999999904e-01
-2.685000000000000164e-01
-1.816000000000000114e-01
1.105000000000000010e-01
6.925999999999999934e-01
4.376999999999999780e-01
-3.124000000000000110e-01
3.795999999999999930e-01
-1.831000000000000127e-01
4.879999999999999893e-01
1.778000000000000136e-01
-3.236999999999999877e-01
8.973999999999999755e-01
7.435000000000000497e-01
7.347000000000000197e-01
-8.053000000000000158e-01
-6.431999999999999940e-01
5.770999999999999464e-01
-5.366999999999999549e-01
-5.648999999999999577e-01
2.599000000000000199e-01
2.752999999999999892e-01
3.885000000000000120e-01
-7.795999999999999597e-01
-3.694000000000000061e-01
-1.683000000000000052e-01
-6.153999999999999471e-01
5.289000000000000368e-01
4.591000000000000081e-01
-6.868999999999999551e-01
-6.838999999999999524e-01
-2.686999999999999944e-01
9.801999999999999602e-01
-9.044999999999999707e-01
-1.899000000000000132e-01
-1.517999999999999905e-01
-5.059999999999999915e-02
5.322000000000000064e-01
5.810999999999999499e-01
-8.856000000000000538e-01
-5.760999999999999455e-01
2.672999999999999821e-01
-2.661999999999999922e-01
4.151000000000000245e-01
6.670000000000000373e-01
3.325000000000000178e-01
-9.064999999999999725e-01
2.554000000000000159e-01
1.393000000000000071e-01
7.644999999999999574e-01
6.391999999999999904e-01
-3.986999999999999988e-01
-2.333999999999999964e-01
-8.018999999999999462e-01
-5.050999999999999934e-01
-9.073999999999999844e-01
7.793999999999999817e-01
9.719999999999999474e-02
8.562999999999999501e-01
-6.336000000000000520e-01
-9.272000000000000242e-01
-8.315000000000000169e-01
-1.527000000000000024e-01
-7.589999999999999525e-02
-3.211999999999999855e-01
-8.460999999999999632e-01
5.900999999999999579e-01
