9.368999999999999551e-01
9.058000000000000496e-01
8.758000000000000229e-01
3.312999999999999834e-01
4.587999999999999856e-01
-3.186999999999999833e-01
7.430000000000000493e-02
-4.103999999999999870e-01
-9.443000000000000282e-01
-3.207999999999999741e-01
-1.521000000000000130e-01
3.770000000000000018e-01
4.803999999999999937e-01
-1.200999999999999984e-01
-5.613000000000000211e-01
-4.400000000000000022e-01
5.338000000000000522e-01
-9.062000000000000055e-01
-3.211999999999999855e-01
9.819999999999999563e-02
-2.610000000000000167e-02
4.971999999999999753e-01
4.880999999999999783e-01
9.333000000000000185e-01
-8.105999999999999872e-01
9.171000000000000263e-01
7.349999999999999867e-01
8.320999999999999508e-01
-5.917000000000000037e-01
8.242000000000000437e-01
3.169000000000000150e-01
-8.612999999999999545e-01
9.677999999999999936e-01
-3.700999999999999845e-01
5.160000000000000142e-01
-2.660000000000000142e-01
-5.663000000000000256e-01
7.240999999999999659e-01
1.784999999999999920e-01
-2.330000000000000127e-02
9.585000000000000187e-01
8.506000000000000227e-01
9.748999999999999888e-01
5.877999999999999892e-01
7.660000000000000142e-01
-3.556000000000000272e-01
3.064999999999999947e-01
-5.619999999999999996e-02
3.795999999999999930e-01
2.046999999999999931e-01
4.732000000000000095e-01
6.094000000000000528e-01
9.751999999999999558e-01
6.693000000000000060e-01
8.811999999999999833e-01
-8.286999999999999922e-01
9.979999999999999982e-01
4.556999999999999940e-01
-9.382000000000000339e-01
-8.253000000000000336e-01
-4.329000000000000070e-01
1.208999999999999936e-01
-5.522000000000000242e-01
-8.315000000000000169e-01
-9.364999999999999991e-01
-7.266000000000000236e-01
-1.837999999999999912e-01
3.409999999999999837e-02
-8.708000000000000185e-01
-5.023999999999999577e-01
4.499000000000000221e-01
-1.564000000000000112e-01
-6.349000000000000199e-01
1.713000000000000078e-01
-8.680999999999999828e-01
-6.799999999999999621e-03
-9.032999999999999918e-01
-6.370000000000000662e-02
-9.754000000000000448e-01
-1.199999999999999895e-03
1.322000000000000119e-01
2.046000000000000041e-01
-9.719999999999999751e-01
5.665000000000000036e-01
1.638000000000000012e-01
-8.142000000000000348e-01
7.082000000000000517e-01
-7.649000000000000243e-01
4.723999999999999866e-01
-1.542999999999999927e-01
-9.587999999999999856e-01
1.141999999999999960e-01
-2.838999999999999857e-01
9.206999999999999629e-01
