9.518999999999999684e-01
-4.968000000000000194e-01
-6.605999999999999650e-01
9.862999999999999545e-01
-9.090000000000000302e-01
-1.047000000000000014e-01
5.547999999999999599e-01
-8.504000000000000448e-01
-6.261999999999999789e-01
1.890999999999999903e-01
9.130000000000000615e-02
7.609000000000000208e-01
-9.404000000000000137e-01
-7.850000000000000311e-01
-1.666999999999999871e-01
-9.674000000000000377e-01
-4.492999999999999772e-01
-9.643000000000000460e-01
2.003999999999999948e-01
7.567000000000000393e-01
6.600000000000000311e-02
-9.582000000000000517e-01
-4.541000000000000036e-01
-1.144000000000000017e-01
-4.305999999999999828e-01
9.221000000000000307e-01
6.700000000000000400e-01
2.400000000000000050e-02
4.731000000000000205e-01
9.143000000000000016e-01
2.272000000000000131e-01
-3.514999999999999791e-01
9.959000000000000075e-01
-6.049999999999999822e-02
-5.705000000000000071e-01
5.842000000000000526e-01
-9.806000000000000272e-01
4.661000000000000143e-01
5.598999999999999533e-01
-4.063999999999999835e-01
9.792999999999999483e-01
1.656999999999999862e-01
1.731000000000000039e-01
-3.890000000000000124e-01
6.786999999999999700e-01
-8.381999999999999451e-01
-6.525999999999999579e-01
-7.186000000000000165e-01
7.560000000000000053e-01
-6.350000000000000089e-02
-2.823999999999999844e-01
5.653000000000000247e-01
8.455000000000000293e-01
6.528000000000000469e-01
2.762000000000000011e-01
1.922999999999999987e-01
-6.449000000000000288e-01
-9.320000000000000506e-02
8.011000000000000343e-01
-4.278000000000000136e-01
-9.667999999999999927e-01
3.412999999999999923e-01
-6.760000000000000453e-01
-5.559999999999999665e-02
-7.228999999999999870e-01
-5.319999999999999729e-02
2.336000000000000021e-01
7.299999999999999545e-02
-8.048999999999999488e-01
3.729999999999999982e-01
6.655999999999999694e-01
5.784000000000000252e-01
7.059999999999999609e-02
2.049999999999999878e-01
5.482000000000000206e-01
-6.616999999999999549e-01
2.735000000000000209e-01
-9.743000000000000549e-01
-5.622000000000000330e-01
-7.165000000000000258e-01
-5.387999999999999456e-01
9.250000000000000444e-01
-2.411999999999999977e-01
-1.681999999999999884e-01
9.353000000000000203e-01
-2.708999999999999742e-01
-6.680000000000000382e-01
-7.320999999999999730e-01
-3.081999999999999740e-01
7.694999999999999618e-01
-7.269999999999999796e-01
5.818999999999999728e-01
9.099999999999999756e-02
-4.446999999999999842e-01
