-5.571000000000000396e-01
-1.419999999999999873e-01
-8.791999999999999815e-01
-9.376999999999999780e-01
9.375000000000000000e-01
-5.564000000000000057e-01
8.424000000000000377e-01
4.897000000000000242e-01
-5.617999999999999661e-01
4.697000000000000064e-01
6.090000000000000274e-02
6.749000000000000554e-01
-8.827000000000000401e-01
9.931999999999999718e-01
9.658999999999999808e-01
-1.378000000000000058e-01
6.151999999999999691e-01
7.439000000000000057e-01
-5.644000000000000128e-01
6.913000000000000256e-01
-3.080999999999999850e-01
4.649999999999999967e-02
-5.773000000000000353e-01
9.532000000000000473e-01
-4.472999999999999754e-01
-8.048999999999999488e-01
-4.466999999999999860e-01
-2.023999999999999966e-01
-2.217999999999999972e-01
-4.996999999999999775e-01
3.670999999999999819e-01
-1.955000000000000071e-01
-9.277999999999999581e-01
-1.587999999999999967e-01
-1.446000000000000063e-01
8.558000000000000052e-01
-3.343999999999999750e-01
-1.348000000000000032e-01
-1.108999999999999986e-01
-1.444000000000000006e-01
-8.356000000000000094e-01
-8.416000000000000147e-01
-8.322000000000000508e-01
-7.035000000000000142e-01
3.892999999999999794e-01
5.320000000000000284e-01
-2.099999999999999922e-01
6.026000000000000245e-01
-1.529000000000000081e-01
9.585000000000000187e-01
4.486999999999999877e-01
5.041999999999999815e-01
4.457999999999999741e-01
8.218999999999999639e-01
-6.805999999999999828e-01
-6.310000000000000331e-02
1.120000000000000023e-01
6.560000000000000275e-01
4.535000000000000142e-01
8.746000000000000441e-01
-1.590000000000000094e-02
-5.445999999999999730e-01
7.106999999999999984e-01
1.701999999999999902e-01
9.825000000000000400e-01
-8.451999999999999513e-01
8.776000000000000467e-01
4.471999999999999864e-01
5.476999999999999647e-01
9.018000000000000460e-01
-6.302999999999999714e-01
8.739000000000000101e-01
-3.847999999999999754e-01
-3.370000000000000079e-02
3.368999999999999773e-01
2.179999999999999993e-02
-9.670999999999999597e-01
4.742000000000000104e-01
8.892999999999999794e-01
-6.260000000000000009e-01
4.398000000000000242e-01
-2.354999999999999871e-01
5.557999999999999607e-01
-8.267999999999999794e-01
-9.518999999999999684e-01
7.435000000000000497e-01
-9.083999999999999853e-01
8.379999999999999949e-02
7.901000000000000245e-01
1.832000000000000017e-01
-4.682999999999999940e-01
-4.506999999999999895e-01
9.967000000000000304e-01
-1.789999999999999925e-01
