-7.544999999999999485e-01
7.596000000000000529e-01
-6.470000000000000195e-01
-4.208000000000000074e-01
4.310999999999999832e-01
-1.150000000000000050e-01
5.626999999999999780e-01
-5.151999999999999913e-01
-4.837000000000000188e-01
1.779999999999999985e-02
-8.207999999999999741e-01
-5.855000000000000204e-01
6.677999999999999492e-01
-9.710000000000000575e-02
1.607999999999999985e-01
4.835999999999999743e-01
-3.814000000000000168e-01
-5.379000000000000448e-01
-7.691999999999999948e-01
-1.355000000000000093e-01
8.309999999999999609e-01
-1.938999999999999890e-01
-2.551999999999999824e-01
9.311000000000000387e-01
-9.093999999999999861e-01
2.036999999999999922e-01
9.504000000000000226e-01
1.681999999999999884e-01
-2.414000000000000035e-01
-7.082000000000000517e-01
7.399999999999999634e-02
3.482999999999999985e-01
8.260999999999999455e-01
8.189999999999999503e-01
1.129000000000000004e-01
8.329999999999999905e-02
4.618999999999999773e-01
9.271000000000000352e-01
-6.218000000000000194e-01
-5.114999999999999547e-01
4.074999999999999734e-01
-6.442999999999999838e-01
-4.965999999999999859e-01
4.244999999999999885e-01
1.184999999999999942e-01
-5.359000000000000430e-01
6.978999999999999648e-01
-4.344000000000000083e-01
-9.050000000000000266e-01
-1.159999999999999920e-02
3.739999999999999991e-01
9.864000000000000545e-01
-3.291999999999999926e-01
4.400000000000000022e-01
-6.775999999999999801e-01
6.831000000000000405e-01
3.134000000000000119e-01
3.412999999999999923e-01
-1.166999999999999982e-01
6.361999999999999877e-01
6.270999999999999908e-01
-2.340000000000000066e-02
-4.400000000000000265e-03
-7.713999999999999746e-01
-6.067000000000000171e-01
-8.319999999999999618e-01
-4.550000000000000155e-01
2.427999999999999881e-01
-2.338999999999999968e-01
6.117000000000000215e-01
-9.165999999999999703e-01
-9.135999999999999677e-01
2.740000000000000074e-02
5.613000000000000211e-01
2.847000000000000086e-01
2.963999999999999968e-01
3.719999999999999973e-01
-1.998000000000000054e-01
-2.580999999999999961e-01
-5.563000000000000167e-01
7.123000000000000442e-01
7.472999999999999643e-01
3.612000000000000210e-01
-3.362999999999999878e-01
-4.169999999999999818e-01
-9.718999999999999861e-01
6.856999999999999762e-01
-9.263000000000000123e-01
-7.811000000000000165e-01
-8.983999999999999764e-01
-4.345999999999999863e-01
-4.404000000000000137e-01
5.200000000000000178e-01
8.184000000000000163e-01
