2.893999999999999906e-01
-7.009999999999999565e-02
-4.365999999999999881e-01
3.680999999999999828e-01
4.804999999999999827e-01
-9.344000000000000083e-01
-1.288999999999999868e-01
6.780000000000000471e-01
2.068000000000000116e-01
-9.526000000000000023e-01
-5.757999999999999785e-01
9.935000000000000497e-01
-5.838999999999999746e-01
9.752999999999999448e-01
7.949000000000000510e-01
-9.598999999999999755e-01
6.924000000000000155e-01
2.664000000000000257e-01
4.883000000000000118e-01
1.532000000000000028e-01
9.100000000000000450e-03
-7.282999999999999474e-01
-9.857000000000000206e-01
8.429999999999999993e-02
-7.186000000000000165e-01
-1.532999999999999918e-01
-4.338000000000000189e-01
7.092000000000000526e-01
-9.550999999999999490e-01
-4.083999999999999853e-01
1.325000000000000067e-01
9.496999999999999886e-01
4.608999999999999764e-01
-3.850999999999999979e-01
3.786999999999999811e-01
1.723999999999999977e-01
4.822000000000000175e-01
-4.298000000000000154e-01
-4.355999999999999872e-01
9.392000000000000348e-01
8.209999999999999520e-01
3.847999999999999754e-01
-3.745999999999999885e-01
1.963999999999999913e-01
-8.221000000000000529e-01
-1.915000000000000036e-01
-2.726000000000000090e-01
-3.346999999999999975e-01
-5.766999999999999904e-01
-2.621999999999999886e-01
-1.545999999999999874e-01
-6.411999999999999922e-01
5.904000000000000359e-01
4.420000000000000318e-02
7.397000000000000242e-01
3.161999999999999811e-01
4.566999999999999948e-01
-6.550000000000000266e-01
-6.979999999999999538e-01
-9.243999999999999995e-01
8.528999999999999915e-01
1.000999999999999945e-01
-6.985000000000000098e-01
3.593000000000000083e-01
7.000000000000000666e-02
-3.780000000000000027e-01
8.666000000000000369e-01
-8.182000000000000384e-01
-3.842999999999999750e-01
-6.095000000000000417e-01
4.431999999999999829e-01
9.968000000000000194e-01
7.614999999999999547e-01
-6.895000000000000018e-01
-6.977999999999999758e-01
2.026999999999999913e-01
-5.197000000000000508e-01
9.215999999999999748e-01
-2.883000000000000007e-01
7.539999999999999480e-02
7.997999999999999554e-01
5.201000000000000068e-01
-8.646000000000000352e-01
1.145999999999999935e-01
-3.178000000000000269e-01
1.610000000000000042e-01
-7.089999999999999636e-01
-3.039999999999999994e-02
6.170999999999999819e-01
-7.405000000000000471e-01
5.298000000000000487e-01
-9.288999999999999480e-01
4.804999999999999827e-01
8.054000000000000048e-01
