8.218999999999999639e-01
2.228999999999999870e-01
-1.113999999999999990e-01
-2.571999999999999842e-01
2.101000000000000090e-01
4.904999999999999916e-01
1.254000000000000115e-01
2.778999999999999804e-01
9.610000000000000486e-02
-3.054000000000000048e-01
-1.373000000000000054e-01
-8.346000000000000085e-01
-6.756999999999999673e-01
4.830999999999999739e-01
7.936999999999999611e-01
1.844999999999999973e-01
-2.756000000000000116e-01
9.435000000000000053e-01
5.290000000000000258e-02
2.015000000000000124e-01
-4.130000000000000338e-02
-4.694999999999999729e-01
-2.726999999999999980e-01
6.241999999999999771e-01
7.482999999999999652e-01
1.993999999999999939e-01
-3.370000000000000079e-02
8.660999999999999810e-01
9.869999999999999885e-01
2.278000000000000025e-01
-5.569999999999999951e-02
1.194999999999999951e-01
6.865999999999999881e-01
2.891000000000000236e-01
3.806999999999999829e-01
4.315999999999999837e-01
3.577000000000000179e-01
-2.869999999999999982e-02
1.976999999999999869e-01
-3.862999999999999767e-01
-4.955999999999999850e-01
-5.300000000000000024e-03
4.375999999999999890e-01
9.417999999999999705e-01
-9.435999999999999943e-01
-5.010999999999999899e-01
-4.703999999999999848e-01
9.081000000000000183e-01
1.242999999999999938e-01
-2.321000000000000008e-01
7.593999999999999639e-01
8.708000000000000185e-01
1.025999999999999968e-01
6.630000000000000338e-01
2.099000000000000032e-01
4.863000000000000100e-01
-3.330000000000000182e-01
1.554000000000000103e-01
-9.186999999999999611e-01
-7.727000000000000535e-01
1.218999999999999945e-01
7.950000000000000122e-02
-6.489999999999999936e-02
-7.247000000000000108e-01
-5.834000000000000297e-01
5.923000000000000487e-01
9.042000000000000037e-01
7.392999999999999572e-01
-4.859999999999999876e-01
-9.040000000000000258e-01
7.258000000000000007e-01
4.899999999999999911e-01
4.951999999999999735e-01
-2.132999999999999896e-01
6.714999999999999858e-01
-2.646999999999999909e-01
-7.851000000000000201e-01
9.919999999999999929e-01
-2.023999999999999966e-01
9.919999999999999929e-01
-5.292000000000000037e-01
8.682999999999999607e-01
-8.052000000000000268e-01
3.768000000000000238e-01
7.914999999999999813e-01
-3.759000000000000119e-01
-2.088000000000000134e-01
5.054999999999999494e-01
-5.215999999999999526e-01
-8.298999999999999710e-01
-1.327000000000000124e-01
-3.855999999999999983e-01
7.205000000000000293e-01
9.569999999999999341e-02
