-1.729999999999999871e-01
-2.043999999999999984e-01
-7.876999999999999558e-01
-8.070000000000000506e-01
-7.149999999999999412e-02
-5.941999999999999504e-01
-7.215000000000000302e-01
6.610000000000000320e-01
-8.977000000000000535e-01
-6.171999999999999709e-01
1.409999999999999969e-02
5.170000000000000151e-01
6.706999999999999629e-01
7.682999999999999829e-01
7.016999999999999904e-01
2.950999999999999734e-01
5.880999999999999561e-01
-9.350000000000000533e-01
-5.403000000000000025e-01
5.422000000000000153e-01
4.410999999999999921e-01
-1.378000000000000058e-01
2.110000000000000070e-02
5.336999999999999522e-01
-8.787000000000000366e-01
7.290999999999999703e-01
3.446000000000000174e-01
-8.394000000000000350e-01
7.249999999999999500e-02
5.342999999999999972e-01
-7.658000000000000362e-01
6.824999999999999956e-01
1.164000000000000035e-01
-2.056999999999999940e-01
7.760000000000000231e-02
-6.281999999999999806e-01
2.843999999999999861e-01
7.116000000000000103e-01
-4.510000000000000120e-01
9.345999999999999863e-01
9.203000000000000069e-01
5.162999999999999812e-01
1.171999999999999986e-01
9.687999999999999945e-01
-4.694999999999999729e-01
5.241000000000000103e-01
-8.320999999999999508e-01
-1.880000000000000004e-01
-4.288000000000000145e-01
9.749999999999999778e-01
3.496000000000000218e-01
-7.532999999999999696e-01
7.177999999999999936e-01
-9.282000000000000250e-01
-1.107999999999999957e-01
5.651000000000000467e-01
-9.470000000000000639e-02
-4.309000000000000052e-01
9.731999999999999540e-01
-7.109999999999999654e-02
-2.822999999999999954e-01
-6.590000000000000024e-02
2.038000000000000089e-01
-5.809999999999999609e-01
-5.517999999999999572e-01
1.197000000000000008e-01
5.600000000000000117e-02
-5.427999999999999492e-01
-9.354000000000000092e-01
-9.675000000000000266e-01
8.115999999999999881e-01
-3.146999999999999797e-01
1.880000000000000004e-01
-7.722999999999999865e-01
9.211000000000000298e-01
4.621000000000000107e-01
1.754000000000000004e-01
4.214999999999999858e-01
5.275999999999999579e-01
-1.174999999999999933e-01
-3.066999999999999726e-01
9.337999999999999634e-01
1.544000000000000095e-01
-8.934999999999999609e-01
-4.993000000000000216e-01
6.298000000000000265e-01
-7.054000000000000270e-01
-5.639999999999999875e-02
9.583000000000000407e-01
6.590000000000000302e-01
9.176999999999999602e-01
-3.658000000000000140e-01
9.788000000000000034e-01
-3.735999999999999877e-01
