3.766999999999999793e-01
4.380000000000000004e-01
-6.100000000000000387e-03
2.780000000000000249e-01
-6.218000000000000194e-01
7.637000000000000455e-01
-4.830999999999999739e-01
1.089999999999999997e-02
-4.082999999999999963e-01
-7.764999999999999680e-01
-6.397000000000000464e-01
3.981000000000000094e-01
2.003000000000000058e-01
6.441000000000000059e-01
-5.732000000000000428e-01
4.199999999999999740e-03
-2.740000000000000213e-01
7.033000000000000362e-01
3.033000000000000140e-01
-3.538000000000000034e-01
5.893000000000000460e-01
-1.693000000000000060e-01
-8.792999999999999705e-01
-9.337999999999999634e-01
2.149999999999999967e-01
-7.035000000000000142e-01
4.591999999999999971e-01
3.058000000000000163e-01
9.220000000000000417e-02
-3.069000000000000061e-01
8.121000000000000441e-01
-8.018999999999999462e-01
-1.170000000000000068e-01
-8.095999999999999863e-01
1.464000000000000024e-01
6.878999999999999559e-01
8.673999999999999488e-01
9.344999999999999973e-01
-7.046999999999999931e-01
-6.429000000000000270e-01
-2.992000000000000215e-01
-1.203999999999999931e-01
-6.810000000000000497e-01
8.820000000000000062e-01
3.469999999999999751e-01
-5.412000000000000144e-01
-5.958999999999999853e-01
-2.456000000000000127e-01
4.636000000000000121e-01
4.661000000000000143e-01
-9.477999999999999758e-01
6.541000000000000147e-01
5.087000000000000410e-01
7.337000000000000188e-01
6.169000000000000039e-01
-2.655000000000000138e-01
2.580000000000000002e-02
3.370000000000000218e-01
4.019999999999999962e-02
-3.281000000000000028e-01
5.469999999999999862e-02
2.270000000000000073e-01
-9.525000000000000133e-01
4.289999999999999925e-01
8.456000000000000183e-01
1.786999999999999977e-01
8.038999999999999480e-01
-9.103999999999999870e-01
-2.383000000000000118e-01
-7.090999999999999526e-01
8.360999999999999543e-01
4.405999999999999917e-01
9.647999999999999909e-01
-2.295999999999999985e-01
-7.499999999999999722e-02
1.368999999999999939e-01
3.523000000000000020e-01
6.251999999999999780e-01
9.328999999999999515e-01
9.005999999999999561e-01
-3.352999999999999869e-01
6.740000000000000435e-01
-7.547000000000000375e-01
3.760000000000000009e-01
-7.006999999999999895e-01
-5.462000000000000188e-01
-6.787999999999999590e-01
-1.472999999999999865e-01
-3.573000000000000065e-01
5.480000000000000149e-02
3.973999999999999755e-01
4.537999999999999812e-01
-5.021999999999999797e-01
-7.606000000000000538e-01
-5.958999999999999853e-01
2.263999999999999901e-01
2.110000000000000070e-02
4.681000000000000161e-01
-6.808999999999999497e-01
-8.048999999999999488e-01
-9.605000000000000204e-01
-6.790000000000000202e-02
-3.407000000000000028e-01
-4.510000000000000120e-01
-6.111999999999999655e-01
-8.244000000000000217e-01
6.753000000000000114e-01
-4.525000000000000133e-01
-2.061999999999999944e-01
-7.743999999999999773e-01
-6.050999999999999712e-01
-4.754999999999999782e-01
-7.850000000000000033e-02
6.750000000000000444e-02
-2.172999999999999932e-01
7.187999999999999945e-01
8.524000000000000465e-01
-3.824000000000000177e-01
-7.156000000000000139e-01
8.080000000000000515e-01
-7.167999999999999927e-01
-2.259999999999999856e-02
7.679999999999999327e-02
-8.999999999999999667e-02
1.820000000000000090e-02
8.164000000000000146e-01
-7.062000000000000499e-01
2.555999999999999939e-01
3.674999999999999933e-01
8.459999999999999465e-02
3.704999999999999960e-01
-5.544999999999999929e-01
3.588999999999999968e-01
-1.900000000000000022e-01
-4.477999999999999758e-01
-6.532999999999999918e-01
