9.210000000000000131e-02
5.333999999999999853e-01
9.392000000000000348e-01
3.330000000000000321e-02
-8.751999999999999780e-01
6.586999999999999522e-01
-5.122999999999999776e-01
-7.580000000000000071e-01
-7.849000000000000421e-01
5.033999999999999586e-01
-3.018000000000000127e-01
-1.656999999999999862e-01
7.913000000000000034e-01
3.205000000000000071e-01
-7.354000000000000536e-01
-2.963000000000000078e-01
-6.542000000000000037e-01
4.700000000000000185e-03
-2.847000000000000086e-01
-4.308000000000000163e-01
-4.652999999999999914e-01
-6.061999999999999611e-01
-1.111000000000000043e-01
3.039000000000000035e-01
-5.329000000000000403e-01
-5.765000000000000124e-01
1.831000000000000127e-01
-4.344999999999999973e-01
6.546999999999999487e-01
-9.689999999999999725e-01
-3.418999999999999817e-01
7.040999999999999481e-01
6.270000000000000573e-02
-1.711999999999999911e-01
-5.009999999999999870e-02
-6.474999999999999645e-01
9.639999999999999958e-02
-1.691000000000000003e-01
-3.153000000000000247e-01
-2.457999999999999907e-01
-8.068999999999999506e-01
5.980999999999999650e-01
6.322999999999999732e-01
-6.240999999999999881e-01
7.775999999999999579e-01
-3.350000000000000200e-01
-8.289999999999999591e-01
-8.982999999999999874e-01
9.515000000000000124e-01
-3.156999999999999806e-01
-3.462999999999999967e-01
-7.408000000000000140e-01
-7.729000000000000314e-01
6.951000000000000512e-01
8.600000000000000006e-03
-5.432000000000000162e-01
5.716999999999999860e-01
4.709999999999999742e-01
9.690999999999999615e-01
4.400999999999999912e-01
3.810000000000000192e-02
-1.376999999999999891e-01
-1.477999999999999869e-01
-7.416000000000000369e-01
-4.561999999999999944e-01
4.969000000000000083e-01
-3.200000000000000153e-03
-9.890000000000000180e-02
-5.760999999999999455e-01
2.872000000000000108e-01
1.338999999999999913e-01
-4.245999999999999774e-01
5.908999999999999808e-01
6.663999999999999924e-01
-4.364000000000000101e-01
4.524000000000000243e-01
-8.642999999999999572e-01
7.689000000000000279e-01
-3.392999999999999905e-01
-1.228000000000000064e-01
2.136000000000000121e-01
7.302999999999999492e-01
8.577000000000000179e-01
-9.173000000000000043e-01
-9.468999999999999639e-01
-7.459000000000000075e-01
6.579999999999999738e-02
9.345999999999999863e-01
1.915000000000000036e-01
-5.970000000000000306e-02
3.269000000000000239e-01
-7.058999999999999719e-01
-3.570000000000000256e-02
5.333999999999999853e-01
7.207999999999999963e-01
-2.228999999999999870e-01
9.334000000000000075e-01
-6.289000000000000146e-01
9.383000000000000229e-01
7.259999999999999787e-01
-6.512000000000000011e-01
7.731000000000000094e-01
1.287000000000000088e-01
5.366999999999999549e-01
-8.242000000000000437e-01
3.502000000000000113e-01
9.209000000000000519e-01
-1.370000000000000037e-02
5.333999999999999853e-01
4.829999999999999849e-01
6.390000000000000124e-01
-3.477999999999999980e-01
1.882000000000000062e-01
3.057000000000000273e-01
-7.779999999999999416e-02
8.461999999999999522e-01
-7.849000000000000421e-01
-8.349999999999999645e-01
-7.909000000000000474e-01
-9.977000000000000313e-01
-6.078999999999999959e-01
8.930000000000000437e-02
3.174000000000000155e-01
4.183000000000000052e-01
-3.855000000000000093e-01
5.484999999999999876e-01
6.028000000000000025e-01
5.770999999999999464e-01
1.822000000000000008e-01
1.776000000000000079e-01
-6.479000000000000314e-01
3.588999999999999968e-01
-3.980000000000000204e-02
-7.405000000000000471e-01
2.995999999999999774e-01
1.529999999999999971e-01
