3.499999999999999778e-01
9.357999999999999652e-01
-1.905000000000000027e-01
5.534000000000000030e-01
6.377000000000000446e-01
-1.510000000000000057e-02
-9.660999999999999588e-01
4.073999999999999844e-01
-1.857999999999999929e-01
3.032000000000000250e-01
-2.681000000000000050e-01
2.741000000000000103e-01
-7.299999999999999822e-01
-6.562000000000000055e-01
2.847999999999999976e-01
6.316000000000000503e-01
-2.654000000000000248e-01
-2.101999999999999980e-01
-9.867000000000000215e-01
-1.006999999999999978e-01
5.977999999999999980e-01
7.450999999999999845e-01
4.479999999999999954e-02
-7.700000000000000247e-03
5.745999999999999996e-01
-5.500000000000000028e-02
-5.845000000000000195e-01
-3.921999999999999931e-01
-8.600000000000000006e-03
-9.797000000000000153e-01
-7.906999999999999584e-01
8.901000000000000023e-01
7.969000000000000528e-01
7.318000000000000060e-01
-8.592999999999999527e-01
6.968999999999999639e-01
6.149999999999999911e-01
1.547000000000000042e-01
-1.776999999999999968e-01
9.435999999999999943e-01
-4.983000000000000207e-01
-9.447999999999999732e-01
-8.161000000000000476e-01
1.330999999999999961e-01
-7.965999999999999748e-01
-7.487000000000000322e-01
2.535999999999999921e-01
-3.891000000000000014e-01
-4.532999999999999807e-01
-6.800000000000000488e-01
-1.100000000000000066e-03
2.782000000000000028e-01
-9.336999999999999744e-01
7.167999999999999927e-01
-4.168999999999999928e-01
8.061000000000000387e-01
-6.353999999999999648e-01
1.973000000000000032e-01
6.380000000000000115e-01
-8.122000000000000330e-01
-3.094000000000000083e-01
-1.333999999999999908e-01
2.019999999999999921e-02
-9.592000000000000526e-01
-9.768999999999999906e-01
1.202000000000000013e-01
7.143000000000000460e-01
6.389000000000000234e-01
-7.952000000000000179e-01
1.222000000000000031e-01
1.280999999999999917e-01
8.580000000000000127e-02
5.605999999999999872e-01
1.159000000000000030e-01
6.439999999999999891e-02
5.967999999999999972e-01
-6.089999999999999858e-01
-7.370000000000000162e-02
1.044999999999999957e-01
3.851999999999999869e-01
-5.178000000000000380e-01
-4.290000000000000063e-02
5.129000000000000226e-01
4.787000000000000144e-01
3.173000000000000265e-01
-9.508999999999999675e-01
5.214999999999999636e-01
-4.651000000000000134e-01
7.506000000000000449e-01
-8.698000000000000176e-01
-9.378999999999999559e-01
8.495000000000000329e-01
1.754000000000000004e-01
-5.674000000000000155e-01
8.881999999999999895e-01
7.163000000000000478e-01
-7.957999999999999519e-01
4.944999999999999951e-01
-7.078999999999999737e-01
6.934000000000000163e-01
3.962999999999999856e-01
8.999999999999999754e-04
-5.819999999999999618e-01
7.819000000000000394e-01
9.060000000000000275e-01
-9.826000000000000290e-01
-6.422999999999999821e-01
1.346999999999999864e-01
2.409999999999999920e-01
-7.325000000000000400e-01
-5.239000000000000323e-01
8.562999999999999501e-01
8.168999999999999595e-01
-1.590000000000000024e-01
-1.831000000000000127e-01
5.717999999999999750e-01
-2.644000000000000239e-01
9.629999999999999671e-01
8.696000000000000396e-01
3.728000000000000203e-01
-2.210999999999999910e-01
8.082000000000000295e-01
-2.647999999999999798e-01
-7.887999999999999456e-01
6.488000000000000433e-01
-8.023000000000000131e-01
6.119999999999999746e-02
4.393000000000000238e-01
8.787000000000000366e-01
6.997999999999999776e-01
1.026999999999999996e-01
7.755999999999999561e-01
-8.880000000000000115e-01
-8.223000000000000309e-01
-8.019999999999999352e-02
-7.255000000000000338e-01
