-8.516000000000000236e-01
-2.316000000000000003e-01
-4.754999999999999782e-01
-2.482999999999999929e-01
-4.576999999999999957e-01
4.646000000000000130e-01
-9.395000000000000018e-01
8.791999999999999815e-01
-1.165000000000000063e-01
6.472999999999999865e-01
-5.664000000000000146e-01
-2.957000000000000184e-01
9.009000000000000341e-01
7.718000000000000416e-01
-2.230000000000000038e-02
-2.918999999999999928e-01
8.750000000000000000e-01
9.170000000000000373e-02
3.976000000000000090e-01
7.102000000000000535e-01
9.149999999999999800e-02
-7.463999999999999524e-01
2.011999999999999900e-01
5.854000000000000314e-01
6.695999999999999730e-01
8.792999999999999705e-01
-5.750999999999999446e-01
-3.176999999999999824e-01
8.877000000000000446e-01
-7.190999999999999615e-01
-1.786999999999999977e-01
3.433999999999999830e-01
8.054000000000000048e-01
-2.147000000000000020e-01
-9.908000000000000140e-01
-9.110000000000000042e-02
4.865999999999999770e-01
9.955000000000000515e-01
3.202999999999999736e-01
-5.540000000000000480e-01
8.912999999999999812e-01
-6.654999999999999805e-01
6.078999999999999959e-01
-2.449999999999999956e-01
4.808999999999999941e-01
-6.560000000000000275e-01
-1.429999999999999882e-01
2.549999999999999836e-02
-6.815999999999999837e-01
7.211999999999999522e-01
-6.840000000000000246e-02
5.364999999999999769e-01
-5.843000000000000416e-01
5.786000000000000032e-01
-3.855000000000000093e-01
-8.838000000000000300e-01
5.240000000000000213e-02
-1.801000000000000101e-01
-1.351999999999999869e-01
9.071000000000000174e-01
-6.605999999999999650e-01
-2.286999999999999866e-01
6.686999999999999611e-01
1.655000000000000082e-01
4.066000000000000170e-01
-1.754000000000000004e-01
1.265999999999999903e-01
4.452999999999999736e-01
-2.620000000000000107e-01
2.185999999999999888e-01
2.761000000000000121e-01
8.224000000000000199e-01
-7.116000000000000103e-01
3.070999999999999841e-01
2.278000000000000025e-01
-3.309999999999999748e-02
2.149000000000000077e-01
6.209999999999999964e-01
-1.600000000000000033e-01
-5.706999999999999851e-01
-8.269999999999999574e-01
5.283999999999999808e-01
2.021000000000000019e-01
-7.865999999999999659e-01
6.250000000000000000e-01
-5.173999999999999710e-01
-2.154999999999999971e-01
1.617000000000000104e-01
-4.152000000000000135e-01
-1.282999999999999974e-01
4.884000000000000008e-01
-3.897999999999999798e-01
2.676000000000000045e-01
-8.256999999999999895e-01
-7.682999999999999829e-01
2.162000000000000033e-01
4.714999999999999747e-01
1.139000000000000012e-01
3.320000000000000173e-01
-2.199999999999999872e-02
6.907999999999999696e-01
-1.242000000000000048e-01
-9.721999999999999531e-01
9.407999999999999696e-01
3.547000000000000153e-01
3.069000000000000061e-01
5.652000000000000357e-01
8.369999999999999662e-01
6.118000000000000105e-01
7.282999999999999474e-01
6.491999999999999993e-01
-6.614999999999999769e-01
-8.931000000000000050e-01
1.509999999999999953e-01
4.080000000000000293e-02
5.778999999999999693e-01
6.357000000000000428e-01
-4.204999999999999849e-01
6.559000000000000385e-01
-8.459999999999999465e-02
-3.670999999999999819e-01
-4.410000000000000031e-01
-7.040000000000000424e-02
6.167000000000000259e-01
-9.567999999999999838e-01
-4.375000000000000000e-01
4.808000000000000052e-01
5.752000000000000446e-01
8.467999999999999972e-01
3.195999999999999952e-01
7.206000000000000183e-01
-6.471999999999999975e-01
1.925000000000000044e-01
5.429000000000000492e-01
-1.129000000000000004e-01
-7.654999999999999583e-01
