2.651999999999999913e-01
-1.655999999999999972e-01
-9.220000000000000417e-02
-2.793999999999999817e-01
-6.578000000000000513e-01
-9.526999999999999913e-01
3.844000000000000195e-01
7.965999999999999748e-01
5.925000000000000266e-01
1.340000000000000045e-02
-2.793999999999999817e-01
5.577999999999999625e-01
-6.865999999999999881e-01
1.113999999999999990e-01
7.096999999999999975e-01
4.685000000000000275e-01
6.481999999999999984e-01
9.048000000000000487e-01
-6.439000000000000279e-01
-3.168000000000000260e-01
-1.297999999999999987e-01
-9.633000000000000451e-01
-9.261000000000000343e-01
1.870999999999999885e-01
-2.506999999999999784e-01
-7.819000000000000394e-01
-1.218999999999999945e-01
-6.458000000000000407e-01
-7.163000000000000478e-01
-4.835999999999999743e-01
3.307999999999999829e-01
-8.204000000000000181e-01
6.936999999999999833e-01
-2.555000000000000049e-01
-3.441000000000000170e-01
-1.534000000000000086e-01
4.146000000000000241e-01
6.522000000000000020e-01
-7.691999999999999948e-01
2.963000000000000078e-01
1.658000000000000029e-01
-5.511000000000000343e-01
-3.469999999999999751e-01
-2.659000000000000252e-01
6.886999999999999789e-01
-5.560000000000000497e-01
8.822999999999999732e-01
6.683999999999999941e-01
3.471000000000000196e-01
9.993999999999999551e-01
-8.547000000000000153e-01
7.237000000000000099e-01
2.682999999999999829e-01
-3.879000000000000226e-01
-2.144999999999999962e-01
8.172000000000000375e-01
-2.731999999999999984e-01
-6.674999999999999822e-01
-9.220000000000000417e-01
2.698999999999999733e-01
7.299999999999999822e-01
3.482999999999999985e-01
8.390999999999999570e-01
-8.289999999999999591e-01
7.177999999999999936e-01
7.524999999999999467e-01
-8.722999999999999643e-01
-6.874000000000000110e-01
-6.719000000000000528e-01
9.149000000000000465e-01
-7.178999999999999826e-01
-2.061000000000000054e-01
-9.216999999999999638e-01
9.800999999999999712e-01
-5.006000000000000449e-01
1.655999999999999972e-01
1.766999999999999960e-01
-3.135000000000000009e-01
-4.410000000000000031e-02
3.664999999999999925e-01
6.264999999999999458e-01
-5.420000000000000373e-01
9.584000000000000297e-01
8.262000000000000455e-01
9.396999999999999797e-01
-1.708000000000000074e-01
-4.895999999999999797e-01
-6.530000000000000249e-01
4.576999999999999957e-01
1.297000000000000097e-01
-7.107999999999999874e-01
-5.189000000000000279e-01
-8.123000000000000220e-01
9.959999999999999409e-02
7.191999999999999504e-01
-9.379999999999999449e-02
-9.829999999999999849e-02
-4.400000000000000022e-01
-4.600000000000000200e-01
2.270000000000000073e-01
7.332999999999999519e-01
-5.453999999999999959e-01
-2.743999999999999773e-01
2.459000000000000075e-01
7.903000000000000025e-01
-2.832999999999999963e-01
1.421000000000000041e-01
6.393999999999999684e-01
8.510999999999999677e-01
-2.467999999999999916e-01
-5.260000000000000231e-01
-3.565999999999999726e-01
-1.219999999999999973e-01
1.522999999999999909e-01
9.617999999999999883e-01
7.942000000000000171e-01
-5.192999999999999838e-01
-8.494000000000000439e-01
-4.843000000000000083e-01
8.912999999999999812e-01
-8.928000000000000380e-01
-7.458000000000000185e-01
2.029999999999999860e-02
-1.371999999999999886e-01
7.065000000000000169e-01
-3.489999999999999769e-01
-6.979999999999999538e-01
-9.096999999999999531e-01
-1.598999999999999866e-01
-3.345000000000000195e-01
-8.459999999999999465e-02
5.399999999999999939e-02
4.764999999999999791e-01
7.690000000000000169e-01
5.667999999999999705e-01
-5.087000000000000410e-01
