5.550000000000000488e-01
8.620999999999999774e-01
7.149999999999999412e-02
5.135999999999999455e-01
-2.852999999999999980e-01
-2.303999999999999937e-01
-8.770999999999999908e-01
9.461000000000000520e-01
7.915999999999999703e-01
2.873999999999999888e-01
-9.328999999999999515e-01
-8.994999999999999662e-01
-3.130000000000000004e-01
1.438000000000000111e-01
5.753000000000000336e-01
4.424000000000000155e-01
-8.494000000000000439e-01
7.781000000000000139e-01
-1.021999999999999992e-01
3.669000000000000039e-01
-3.926999999999999935e-01
2.918999999999999928e-01
-9.059999999999999998e-02
-1.257000000000000062e-01
1.338000000000000023e-01
8.900000000000000133e-01
-3.337999999999999856e-01
9.747999999999999998e-01
-3.119999999999999857e-02
-9.353000000000000203e-01
3.256999999999999895e-01
6.830000000000000515e-01
9.854000000000000536e-01
-7.327000000000000179e-01
7.052000000000000490e-01
8.521999999999999575e-01
6.440000000000000169e-01
1.307999999999999996e-01
-1.807999999999999885e-01
-3.125999999999999890e-01
-9.306999999999999718e-01
2.716000000000000081e-01
-1.275000000000000022e-01
-7.073000000000000398e-01
1.237000000000000044e-01
4.858999999999999986e-01
-9.760000000000000620e-02
-7.386000000000000343e-01
6.500000000000000222e-01
2.555999999999999939e-01
-7.116000000000000103e-01
-8.459999999999999465e-02
-9.579999999999999627e-01
4.970000000000000112e-02
6.300000000000000044e-02
-9.848999999999999977e-01
6.903000000000000247e-01
-3.110999999999999877e-01
-1.869000000000000106e-01
-6.930000000000000049e-02
1.872999999999999943e-01
3.084000000000000075e-01
7.173000000000000487e-01
-6.974000000000000199e-01
-1.900000000000000022e-01
6.615999999999999659e-01
4.702000000000000068e-01
-3.667000000000000259e-01
1.663000000000000034e-01
8.054999999999999938e-01
9.110000000000000042e-02
-6.590000000000000302e-01
6.018000000000000016e-01
-3.251999999999999891e-01
7.660000000000000142e-01
-6.278000000000000247e-01
2.514000000000000123e-01
8.481999999999999540e-01
7.018999999999999684e-01
1.340999999999999970e-01
7.592999999999999750e-01
7.284000000000000474e-01
3.240999999999999992e-01
-2.807999999999999940e-01
-7.973000000000000087e-01
3.901000000000000023e-01
7.215000000000000302e-01
3.815000000000000058e-01
5.677999999999999714e-01
6.856999999999999762e-01
4.964999999999999969e-01
-7.502999999999999670e-01
9.522000000000000464e-01
6.866999999999999771e-01
-5.947000000000000064e-01
-8.395000000000000240e-01
4.527999999999999803e-01
-6.554999999999999716e-01
-8.745000000000000551e-01
-6.761000000000000343e-01
-5.948999999999999844e-01
-5.653000000000000247e-01
-3.750000000000000000e-01
5.873000000000000442e-01
4.592999999999999861e-01
-1.055999999999999994e-01
9.217999999999999527e-01
8.988000000000000433e-01
-8.231000000000000538e-01
-8.894999999999999574e-01
4.471999999999999864e-01
5.473000000000000087e-01
-7.836999999999999522e-01
-6.612000000000000099e-01
7.600000000000000089e-01
-6.616999999999999549e-01
-7.509000000000000119e-01
-5.298000000000000487e-01
5.393999999999999906e-01
6.596999999999999531e-01
-7.798000000000000487e-01
7.099999999999999645e-01
-2.185999999999999888e-01
-7.059999999999999609e-01
4.704999999999999738e-01
-5.155999999999999472e-01
-6.329000000000000181e-01
4.455000000000000071e-01
9.422000000000000375e-01
-6.076000000000000290e-01
1.683999999999999941e-01
5.099999999999999672e-02
-3.378999999999999782e-01
9.343000000000000194e-01
-7.053000000000000380e-01
6.271999999999999797e-01
