-7.099999999999999367e-02
-3.734999999999999987e-01
3.589999999999999858e-01
6.100999999999999757e-01
2.528000000000000247e-01
-1.097999999999999948e-01
-7.628000000000000336e-01
-8.125999999999999890e-01
7.641999999999999904e-01
-7.160999999999999588e-01
-3.426000000000000156e-01
-9.199000000000000510e-01
8.317999999999999838e-01
-8.346000000000000085e-01
-5.825000000000000178e-01
9.278999999999999471e-01
-9.088000000000000522e-01
3.383999999999999786e-01
8.993999999999999773e-01
9.896000000000000352e-01
1.247000000000000053e-01
8.899999999999999925e-03
2.943999999999999950e-01
-3.618000000000000105e-01
9.421000000000000485e-01
2.076000000000000068e-01
9.646000000000000130e-01
-1.787999999999999867e-01
6.944000000000000172e-01
2.622999999999999776e-01
-1.434999999999999887e-01
-5.600000000000000117e-02
7.167999999999999927e-01
7.789000000000000368e-01
8.050000000000000488e-01
-8.250000000000000389e-02
2.129999999999999949e-01
-6.143999999999999462e-01
-1.527000000000000024e-01
9.174999999999999822e-01
4.979999999999999982e-01
-6.102999999999999536e-01
3.647000000000000242e-01
5.810999999999999499e-01
-5.731000000000000538e-01
1.923999999999999877e-01
-8.030000000000000471e-01
-5.695000000000000062e-01
-4.998000000000000220e-01
6.410000000000000420e-02
1.519999999999999962e-01
-6.409000000000000252e-01
4.788999999999999924e-01
-4.344999999999999973e-01
9.925000000000000488e-01
-8.157999999999999696e-01
-3.372999999999999887e-01
-3.710000000000000103e-02
7.074000000000000288e-01
-1.715000000000000135e-01
6.608000000000000540e-01
2.587999999999999745e-01
7.360999999999999766e-01
7.839999999999999747e-02
-7.476000000000000423e-01
9.263000000000000123e-01
5.554000000000000048e-01
-1.580000000000000016e-01
3.271000000000000019e-01
7.080999999999999517e-01
3.501000000000000223e-01
5.594999999999999973e-01
6.848999999999999533e-01
-5.273999999999999799e-01
-4.672000000000000042e-01
3.325000000000000178e-01
-5.748999999999999666e-01
1.564000000000000112e-01
5.024999999999999467e-01
5.489999999999999741e-02
5.886000000000000121e-01
-7.655999999999999472e-01
2.099999999999999922e-01
-5.086000000000000520e-01
-3.099999999999999978e-02
4.462999999999999745e-01
9.315999999999999837e-01
-7.897999999999999465e-01
-3.633000000000000118e-01
6.876999999999999780e-01
-2.822999999999999954e-01
8.349999999999999645e-01
-9.460000000000000353e-02
8.283000000000000362e-01
5.100000000000000366e-03
5.883000000000000451e-01
-9.768999999999999906e-01
3.159000000000000141e-01
-4.902000000000000246e-01
3.232999999999999763e-01
-1.647000000000000131e-01
-4.093999999999999861e-01
5.589999999999999830e-02
-2.343000000000000083e-01
9.690000000000000002e-02
-7.905999999999999694e-01
-1.673000000000000043e-01
-8.589999999999999858e-01
-8.352000000000000535e-01
-7.165000000000000258e-01
-2.404999999999999916e-01
6.491000000000000103e-01
2.913999999999999924e-01
4.657000000000000028e-01
1.255000000000000004e-01
4.905999999999999805e-01
-8.971999999999999975e-01
4.633999999999999786e-01
-4.217000000000000193e-01
1.486999999999999988e-01
-3.541000000000000258e-01
4.712999999999999967e-01
-1.074999999999999983e-01
3.175999999999999934e-01
-9.701999999999999513e-01
6.760000000000000453e-01
7.599999999999999985e-03
4.384000000000000119e-01
-6.270999999999999908e-01
-1.484000000000000041e-01
-4.434000000000000163e-01
3.593000000000000083e-01
-6.619999999999999496e-02
-4.838000000000000078e-01
-5.031999999999999806e-01
-2.235000000000000042e-01
