9.782999999999999474e-01
1.771000000000000074e-01
4.403000000000000247e-01
-9.663000000000000478e-01
1.006999999999999978e-01
1.381999999999999895e-01
-6.478000000000000425e-01
1.819999999999999951e-01
-8.727000000000000313e-01
4.401999999999999802e-01
7.000999999999999446e-01
3.822999999999999732e-01
5.239000000000000323e-01
-8.961000000000000076e-01
-5.135999999999999455e-01
6.309000000000000163e-01
7.463999999999999524e-01
-3.529999999999999805e-01
7.337000000000000188e-01
8.550999999999999712e-01
6.883000000000000229e-01
-7.241999999999999549e-01
5.295999999999999597e-01
-7.763999999999999790e-01
9.360000000000000542e-01
-2.212999999999999967e-01
-4.706000000000000183e-01
-5.816000000000000059e-01
-6.381000000000000005e-01
-6.875000000000000000e-01
8.034999999999999920e-01
-5.222999999999999865e-01
-7.029999999999999583e-01
-9.356999999999999762e-01
1.650000000000000078e-02
9.170000000000000373e-02
1.922000000000000097e-01
-8.554000000000000492e-01
-6.065000000000000391e-01
-2.056000000000000050e-01
8.335000000000000187e-01
4.426999999999999824e-01
7.662999999999999812e-01
2.048999999999999988e-01
6.495999999999999552e-01
1.190000000000000085e-02
-6.683999999999999941e-01
-7.719000000000000306e-01
5.934000000000000385e-01
6.300000000000000044e-02
-9.771999999999999575e-01
5.070000000000000062e-01
-5.873000000000000442e-01
8.967000000000000526e-01
-5.086000000000000520e-01
-5.675999999999999934e-01
-1.038000000000000034e-01
-2.878000000000000003e-01
9.478999999999999648e-01
1.602999999999999980e-01
3.457000000000000073e-01
-1.693999999999999950e-01
9.298999999999999488e-01
6.072999999999999510e-01
2.288999999999999924e-01
2.826000000000000179e-01
-7.620000000000000107e-01
-6.609000000000000430e-01
1.411999999999999922e-01
-5.786000000000000032e-01
-6.553999999999999826e-01
4.993000000000000216e-01
8.100000000000000533e-01
4.696000000000000174e-01
-9.475000000000000089e-01
-2.649999999999999925e-02
3.644000000000000017e-01
1.824000000000000066e-01
-4.022999999999999909e-01
2.248999999999999888e-01
-5.275999999999999579e-01
-8.256999999999999895e-01
-2.775000000000000244e-01
-4.838999999999999968e-01
-2.579000000000000181e-01
2.197999999999999954e-01
1.832000000000000017e-01
4.113999999999999879e-01
6.783000000000000140e-01
-4.187000000000000166e-01
-5.786999999999999922e-01
6.791000000000000369e-01
6.769999999999999629e-02
-7.689000000000000279e-01
-3.330000000000000182e-01
-4.880000000000000310e-02
-1.140000000000000041e-02
6.569999999999999452e-02
-5.729999999999999677e-02
-7.663999999999999702e-01
-2.059999999999999887e-01
2.409000000000000030e-01
6.391999999999999904e-01
5.523000000000000131e-01
-1.371999999999999886e-01
-5.605999999999999872e-01
-7.122000000000000552e-01
9.726000000000000201e-01
7.578000000000000291e-01
-1.688999999999999946e-01
-2.787999999999999923e-01
-1.854000000000000092e-01
-1.220000000000000077e-02
8.551999999999999602e-01
-1.620999999999999941e-01
-6.395999999999999464e-01
3.389999999999999958e-02
2.725000000000000200e-01
2.482999999999999929e-01
-6.574999999999999734e-01
9.878000000000000114e-01
7.845999999999999641e-01
-2.323000000000000065e-01
6.107000000000000206e-01
9.916000000000000369e-01
-9.383000000000000229e-01
4.156000000000000250e-01
-5.393999999999999906e-01
-6.700000000000000226e-03
5.511000000000000343e-01
8.489999999999999769e-01
-8.008999999999999453e-01
3.620999999999999774e-01
3.553999999999999937e-01
4.168000000000000038e-01
6.018999999999999906e-01
