6.050999999999999712e-01
1.244999999999999996e-01
-9.182000000000000162e-01
-2.849999999999999756e-01
5.499000000000000554e-01
3.431000000000000161e-01
-7.833999999999999853e-01
-6.750000000000000444e-02
6.137000000000000233e-01
-8.509999999999999787e-01
-7.059999999999999609e-01
7.166000000000000147e-01
7.255000000000000338e-01
-6.764999999999999902e-01
-9.100000000000000311e-01
-3.119000000000000106e-01
1.532999999999999918e-01
7.205000000000000293e-01
7.255000000000000338e-01
-6.629000000000000448e-01
4.980999999999999872e-01
2.670000000000000151e-02
-5.711000000000000520e-01
4.279999999999999916e-01
-5.193999999999999728e-01
-7.854999999999999760e-01
7.717000000000000526e-01
2.255999999999999950e-01
9.346999999999999753e-01
-2.310999999999999999e-01
4.632999999999999896e-01
5.554999999999999938e-01
8.384000000000000341e-01
7.842000000000000082e-01
9.747999999999999998e-01
6.045000000000000373e-01
-8.238999999999999657e-01
4.914999999999999925e-01
8.269999999999999574e-02
4.501999999999999891e-01
-4.102999999999999980e-01
-5.558999999999999497e-01
-8.759999999999999731e-02
3.191999999999999837e-01
-5.906000000000000139e-01
-2.963999999999999968e-01
-7.546000000000000485e-01
8.421999999999999487e-01
-1.809000000000000052e-01
-6.672000000000000153e-01
-7.140999999999999570e-01
6.281999999999999806e-01
8.179999999999999771e-02
-8.447000000000000064e-01
3.047000000000000264e-01
-7.814999999999999725e-01
1.655000000000000082e-01
2.474000000000000088e-01
-1.398000000000000076e-01
-7.862999999999999989e-01
4.688999999999999835e-01
4.364999999999999991e-01
8.079999999999999682e-02
-1.340000000000000080e-01
8.786000000000000476e-01
-1.193000000000000033e-01
4.778999999999999915e-01
-8.089999999999999969e-02
4.495000000000000107e-01
-3.420000000000000262e-01
-9.515000000000000124e-01
-8.428999999999999826e-01
9.909000000000000030e-01
6.859999999999999432e-02
-1.380000000000000115e-01
-3.804000000000000159e-01
-8.869000000000000217e-01
-9.895000000000000462e-01
2.538000000000000256e-01
-5.436999999999999611e-01
-3.183000000000000274e-01
-6.331999999999999851e-01
-7.382999999999999563e-01
-9.129000000000000448e-01
-9.857000000000000206e-01
1.136999999999999955e-01
5.513000000000000123e-01
-2.212000000000000077e-01
1.214999999999999969e-01
7.075000000000000178e-01
-1.080000000000000057e-02
7.539999999999999480e-02
-2.876000000000000223e-01
2.520000000000000018e-02
-8.025999999999999801e-01
-7.399999999999999911e-01
-6.459000000000000297e-01
5.394999999999999796e-01
7.729000000000000314e-01
2.020000000000000129e-01
6.863000000000000211e-01
2.599999999999999881e-03
5.000000000000000104e-04
1.028000000000000025e-01
-7.271999999999999575e-01
-4.924000000000000044e-01
-5.732000000000000428e-01
-6.300000000000000044e-02
7.056999999999999940e-01
-9.700000000000000289e-03
3.499999999999999778e-01
-7.187999999999999945e-01
4.418000000000000260e-01
-3.551000000000000267e-01
-9.695000000000000284e-01
-2.646000000000000019e-01
-3.966999999999999971e-01
-4.229999999999999871e-01
2.549000000000000155e-01
3.961999999999999966e-01
6.775999999999999801e-01
-8.739000000000000101e-01
8.622999999999999554e-01
-1.850999999999999868e-01
4.501999999999999891e-01
5.565999999999999837e-01
6.108000000000000096e-01
7.849000000000000421e-01
1.580000000000000154e-02
-7.449000000000000066e-01
-1.050999999999999990e-01
4.461999999999999855e-01
-3.708000000000000185e-01
8.859999999999999820e-02
2.684000000000000274e-01
-1.348999999999999921e-01
