-2.040000000000000147e-02
-6.996999999999999886e-01
4.524000000000000243e-01
-2.691000000000000059e-01
8.417000000000000037e-01
3.453999999999999848e-01
3.360000000000000209e-01
-6.523999999999999799e-01
-8.786000000000000476e-01
-3.101999999999999758e-01
-2.361999999999999933e-01
3.567000000000000171e-01
-8.941000000000000059e-01
-6.836999999999999744e-01
-9.257999999999999563e-01
5.331000000000000183e-01
-2.018999999999999961e-01
8.929000000000000270e-01
-8.054999999999999938e-01
-2.348000000000000087e-01
5.239000000000000323e-01
-9.389999999999999736e-02
2.780000000000000249e-01
-4.097000000000000086e-01
-8.810999999999999943e-01
-9.870999999999999774e-01
7.993000000000000105e-01
-5.856000000000000094e-01
4.259999999999999898e-02
-7.442999999999999616e-01
5.822000000000000508e-01
2.194000000000000117e-01
3.514999999999999791e-01
-6.639000000000000457e-01
-1.010000000000000064e-01
-4.425000000000000044e-01
-1.037000000000000005e-01
9.805000000000000382e-01
1.899999999999999953e-02
1.875000000000000000e-01
-5.691000000000000503e-01
-5.036000000000000476e-01
-1.948999999999999899e-01
-9.504000000000000226e-01
-5.826999999999999957e-01
-2.010000000000000120e-01
-6.643999999999999906e-01
-8.198999999999999622e-01
3.212999999999999745e-01
-2.167000000000000037e-01
4.481999999999999873e-01
3.652000000000000246e-01
9.602000000000000535e-01
5.689999999999999503e-01
-7.960000000000000409e-02
8.420999999999999597e-01
7.085000000000000187e-01
-3.496000000000000218e-01
5.931999999999999496e-01
9.179000000000000492e-01
2.560999999999999943e-01
-6.493999999999999773e-01
1.063000000000000056e-01
-1.706000000000000016e-01
-7.520000000000000018e-01
-6.167000000000000259e-01
9.574000000000000288e-01
-7.784999999999999698e-01
-8.830999999999999961e-01
8.669999999999999929e-01
-4.724999999999999756e-01
-9.546999999999999931e-01
-7.295000000000000373e-01
9.759999999999999787e-01
7.570000000000000062e-01
6.876999999999999780e-01
9.220000000000000417e-02
-9.589999999999999913e-02
4.307000000000000273e-01
2.094999999999999918e-01
-7.574999999999999512e-01
-1.200000000000000025e-02
6.982000000000000428e-01
7.531999999999999806e-01
-6.950000000000000622e-02
5.991999999999999549e-01
3.185999999999999943e-01
2.094000000000000028e-01
6.149000000000000021e-01
7.735999999999999543e-01
-3.230999999999999983e-01
3.470000000000000168e-02
-2.980000000000000010e-02
7.092000000000000526e-01
4.698999999999999844e-01
-6.166000000000000369e-01
-5.059999999999999915e-02
-1.395000000000000129e-01
-5.813000000000000389e-01
5.086000000000000520e-01
-4.237000000000000210e-01
-7.926999999999999602e-01
8.280999999999999472e-01
-4.475999999999999979e-01
3.544999999999999818e-01
-4.571999999999999953e-01
-3.951999999999999957e-01
-9.756000000000000227e-01
-8.522999999999999465e-01
-5.676999999999999824e-01
-8.429999999999999716e-01
8.869000000000000217e-01
-9.234999999999999876e-01
-5.852000000000000535e-01
2.381000000000000061e-01
8.287999999999999812e-01
3.135000000000000009e-01
-5.281000000000000139e-01
8.236999999999999877e-01
-2.353999999999999981e-01
7.985999999999999766e-01
-7.411999999999999700e-01
1.758000000000000118e-01
9.838999999999999968e-01
4.539000000000000257e-01
-6.241999999999999771e-01
-8.457000000000000073e-01
-1.517999999999999905e-01
-1.178000000000000019e-01
-9.162000000000000144e-01
6.260999999999999899e-01
-4.834999999999999853e-01
-8.622999999999999554e-01
-6.320000000000000617e-02
7.420000000000000207e-02
-9.106999999999999540e-01
