7.116999999999999993e-01
3.989999999999999797e-02
8.411999999999999478e-01
6.909999999999999476e-02
2.973999999999999977e-01
1.131999999999999951e-01
-2.151000000000000134e-01
3.356000000000000094e-01
-7.346000000000000307e-01
5.467999999999999527e-01
4.993000000000000216e-01
1.260000000000000009e-02
9.080000000000000571e-02
-1.010999999999999954e-01
-5.477999999999999536e-01
2.202000000000000068e-01
7.389999999999999902e-01
-1.865999999999999881e-01
-6.704999999999999849e-01
5.108000000000000318e-01
3.615999999999999770e-01
-3.307999999999999829e-01
6.282999999999999696e-01
8.081000000000000405e-01
8.099999999999999561e-03
-5.110000000000000098e-01
-2.126000000000000112e-01
8.574000000000000510e-01
1.189999999999999947e-01
5.646999999999999797e-01
2.409000000000000030e-01
8.308999999999999719e-01
-5.944000000000000394e-01
-8.780999999999999917e-01
-2.881000000000000227e-01
5.143999999999999684e-01
-8.300999999999999490e-01
-6.026000000000000245e-01
9.549999999999999600e-01
3.532000000000000139e-01
7.397000000000000242e-01
-7.864999999999999769e-01
-4.222000000000000197e-01
-4.756000000000000227e-01
-2.434000000000000052e-01
-1.524000000000000077e-01
9.418999999999999595e-01
1.874000000000000110e-01
-8.024999999999999911e-01
7.500999999999999890e-01
3.503000000000000003e-01
2.750000000000000014e-02
-1.575999999999999901e-01
-4.514000000000000234e-01
3.251999999999999891e-01
5.705000000000000071e-01
-2.743999999999999773e-01
7.985999999999999766e-01
-8.169999999999999485e-01
-4.908000000000000140e-01
-3.282999999999999807e-01
6.833000000000000185e-01
4.208000000000000074e-01
5.215999999999999526e-01
3.961000000000000076e-01
9.936000000000000387e-01
3.309999999999999748e-02
-8.117999999999999661e-01
-1.565999999999999892e-01
-7.788000000000000478e-01
9.314999999999999947e-01
2.577999999999999736e-01
3.674999999999999933e-01
-1.549000000000000099e-01
7.547000000000000375e-01
-4.000000000000000192e-04
-2.850000000000000103e-02
3.123000000000000220e-01
6.895999999999999908e-01
-4.159999999999999809e-01
3.020000000000000115e-02
-3.076999999999999735e-01
-4.984000000000000097e-01
5.480000000000000149e-02
3.447000000000000064e-01
-2.868999999999999884e-01
-8.105999999999999872e-01
-1.797999999999999876e-01
6.822000000000000286e-01
5.859999999999999931e-02
7.075000000000000178e-01
3.934000000000000274e-01
-8.567000000000000171e-01
-8.662999999999999590e-01
-3.672000000000000264e-01
3.740000000000000269e-02
-4.904000000000000026e-01
-9.687999999999999945e-01
8.003000000000000114e-01
-8.356000000000000094e-01
-8.957000000000000517e-01
-6.627999999999999448e-01
-8.692999999999999616e-01
-9.694000000000000394e-01
6.706999999999999629e-01
3.140000000000000013e-01
2.526999999999999802e-01
7.794999999999999707e-01
-6.007000000000000117e-01
1.173000000000000015e-01
8.141000000000000458e-01
4.529000000000000248e-01
-3.417000000000000037e-01
2.687999999999999834e-01
-9.546999999999999931e-01
-9.937000000000000277e-01
-4.802000000000000157e-01
7.145000000000000240e-01
3.120999999999999885e-01
-7.858000000000000540e-01
-5.976000000000000201e-01
5.009999999999999870e-02
8.964999999999999636e-01
7.823999999999999844e-01
-8.637000000000000233e-01
-6.150999999999999801e-01
9.393000000000000238e-01
7.749999999999999944e-02
-9.656000000000000139e-01
-9.535000000000000142e-01
1.895999999999999908e-01
3.734000000000000097e-01
-6.385999999999999455e-01
-1.461000000000000076e-01
4.007000000000000006e-01
-6.358000000000000318e-01
