-6.624999999999999778e-01
-3.507000000000000117e-01
-3.351000000000000090e-01
7.419999999999999929e-01
3.729999999999999982e-01
-9.085999999999999632e-01
7.218999999999999861e-01
6.746999999999999664e-01
-4.365999999999999881e-01
6.427000000000000490e-01
1.232000000000000040e-01
5.877000000000000002e-01
-4.956999999999999740e-01
-7.639000000000000234e-01
-6.443999999999999728e-01
-8.912999999999999812e-01
3.687000000000000277e-01
-3.644999999999999907e-01
-5.054999999999999494e-01
1.030999999999999972e-01
7.489999999999999991e-01
-9.582000000000000517e-01
-9.462000000000000410e-01
-3.976000000000000090e-01
-7.349999999999999867e-01
1.801999999999999991e-01
8.429999999999999716e-01
-9.738999999999999879e-01
6.724999999999999867e-01
9.917000000000000259e-01
-8.598000000000000087e-01
-6.710000000000000686e-02
-4.988000000000000211e-01
5.160000000000000003e-02
-2.982000000000000206e-01
-1.023000000000000020e-01
-7.715999999999999526e-01
1.466000000000000081e-01
4.398000000000000242e-01
-8.447999999999999954e-01
8.759000000000000119e-01
6.118999999999999995e-01
1.590000000000000024e-01
8.229999999999999816e-02
0.000000000000000000e+00
-4.126000000000000223e-01
-6.160000000000000198e-02
-3.130999999999999894e-01
9.829999999999999849e-01
7.586000000000000520e-01
3.276999999999999913e-01
7.652999999999999803e-01
-7.009999999999999565e-01
7.816999999999999504e-01
4.680000000000000271e-01
2.038999999999999979e-01
-5.372000000000000108e-01
4.685000000000000275e-01
3.489999999999999769e-01
4.494000000000000217e-01
-6.530000000000000249e-01
8.957000000000000517e-01
-1.439999999999999961e-02
-7.500000000000000000e-01
7.047999999999999821e-01
1.884000000000000119e-01
7.176000000000000156e-01
-2.330000000000000127e-02
-3.234000000000000208e-01
9.794000000000000483e-01
-9.243000000000000105e-01
4.713999999999999857e-01
-7.779000000000000359e-01
6.442999999999999838e-01
-7.389999999999999347e-02
8.231000000000000538e-01
9.082999999999999963e-01
3.969999999999999918e-02
-7.009999999999999565e-01
6.059999999999999831e-01
-4.027999999999999914e-01
-2.620000000000000107e-02
-3.729000000000000092e-01
1.617000000000000104e-01
-4.542999999999999816e-01
2.949999999999999845e-02
4.729999999999999760e-01
9.394000000000000128e-01
-8.041000000000000369e-01
5.589999999999999830e-02
8.818000000000000282e-01
9.900999999999999801e-01
-7.671000000000000041e-01
-1.158000000000000002e-01
8.882999999999999785e-01
-7.766999999999999460e-01
6.347000000000000419e-01
-3.351000000000000090e-01
4.430000000000000049e-01
-7.560000000000000053e-01
-5.823000000000000398e-01
-7.235000000000000320e-01
8.580000000000000127e-02
5.689999999999999503e-01
-9.362000000000000322e-01
-9.545000000000000151e-01
3.886000000000000010e-01
5.916000000000000147e-01
9.196999999999999620e-01
-2.726999999999999980e-01
-2.058999999999999997e-01
-3.760999999999999899e-01
8.396000000000000130e-01
-7.773999999999999799e-01
-7.188999999999999835e-01
-2.659999999999999865e-02
3.432999999999999940e-01
2.746999999999999997e-01
-4.578999999999999737e-01
-7.332999999999999519e-01
8.279999999999999583e-01
-1.562999999999999945e-01
1.113999999999999990e-01
-9.778000000000000025e-01
-5.921999999999999487e-01
3.100999999999999868e-01
-4.828000000000000069e-01
-5.082999999999999741e-01
-5.232999999999999874e-01
3.313999999999999724e-01
-1.986999999999999877e-01
-9.518999999999999684e-01
6.463999999999999746e-01
-5.729999999999999538e-01
2.701999999999999957e-01
1.681999999999999884e-01
