-3.775999999999999912e-01
-1.363000000000000045e-01
3.020999999999999797e-01
-4.726000000000000201e-01
4.066000000000000170e-01
2.892000000000000126e-01
4.008999999999999786e-01
-8.250999999999999446e-01
-5.482000000000000206e-01
4.471999999999999864e-01
5.914000000000000368e-01
6.268000000000000238e-01
-5.119000000000000217e-01
2.851000000000000201e-01
-8.943999999999999728e-01
-8.020000000000000462e-01
9.891999999999999682e-01
-2.520999999999999908e-01
4.519999999999999712e-02
-3.119999999999999857e-02
8.197999999999999732e-01
-7.156000000000000139e-01
-4.324999999999999956e-01
-9.120000000000000329e-01
-8.890000000000000124e-01
8.214000000000000190e-01
2.931000000000000272e-01
7.365000000000000435e-01
-5.302999999999999936e-01
-4.077000000000000068e-01
4.793999999999999928e-01
-1.642000000000000126e-01
9.189999999999999558e-02
4.122999999999999998e-01
8.736000000000000432e-01
-6.776999999999999691e-01
7.906999999999999584e-01
-5.614000000000000101e-01
1.019000000000000045e-01
8.338999999999999746e-01
-5.430000000000000104e-02
-9.385000000000000009e-01
-1.137999999999999984e-01
9.254000000000000004e-01
9.779999999999999805e-02
-3.304000000000000270e-01
5.158000000000000362e-01
-3.664999999999999925e-01
3.654000000000000026e-01
8.023000000000000131e-01
5.084999999999999520e-01
8.309999999999999609e-01
8.384000000000000341e-01
9.556000000000000050e-01
-7.991000000000000325e-01
1.668000000000000038e-01
-8.761999999999999789e-01
1.620000000000000051e-01
6.108000000000000096e-01
3.259999999999999704e-02
-5.819999999999999618e-01
7.499999999999999722e-02
-1.100000000000000006e-01
-8.983999999999999764e-01
-7.956999999999999629e-01
2.351999999999999924e-01
-2.141000000000000125e-01
-1.544999999999999984e-01
1.361999999999999877e-01
-4.290999999999999814e-01
-2.174000000000000099e-01
2.242000000000000104e-01
3.199000000000000177e-01
3.879000000000000226e-01
-7.187000000000000055e-01
-9.759999999999999787e-01
4.032999999999999918e-01
6.189000000000000057e-01
6.729999999999999871e-02
-9.429999999999999494e-02
-9.391000000000000458e-01
-2.824999999999999734e-01
6.412999999999999812e-01
2.898000000000000020e-01
-8.766000000000000458e-01
-6.814999999999999947e-01
-6.351999999999999869e-01
1.259000000000000119e-01
-2.179000000000000103e-01
-8.847000000000000419e-01
4.814999999999999836e-01
-8.867000000000000437e-01
-9.099999999999999756e-02
-4.662000000000000033e-01
-3.559999999999999831e-01
3.613999999999999990e-01
2.333000000000000074e-01
1.739999999999999880e-02
6.454999999999999627e-01
6.523999999999999799e-01
5.263999999999999790e-01
8.868000000000000327e-01
-9.596000000000000085e-01
-6.247000000000000330e-01
6.473999999999999755e-01
5.008000000000000229e-01
-4.617999999999999883e-01
-5.137000000000000455e-01
-6.965000000000000080e-01
2.131000000000000116e-01
7.475000000000000533e-01
-8.377999999999999892e-01
-7.747000000000000552e-01
7.850000000000000311e-01
-8.735000000000000542e-01
9.409999999999999476e-01
-7.542999999999999705e-01
-1.233000000000000068e-01
-3.286999999999999922e-01
7.554999999999999494e-01
6.606999999999999540e-01
7.086999999999999966e-01
3.321999999999999953e-01
-9.961999999999999744e-01
-7.204000000000000403e-01
6.793000000000000149e-01
5.725999999999999979e-01
4.030000000000000249e-02
-3.965000000000000191e-01
-9.537999999999999812e-01
5.951999999999999513e-01
4.297000000000000264e-01
8.919000000000000261e-01
-9.859999999999999321e-02
4.188000000000000056e-01
7.771000000000000130e-01
