-7.439999999999999392e-02
-1.460000000000000013e-02
-3.514999999999999791e-01
1.652000000000000135e-01
7.909000000000000474e-01
-7.429999999999999938e-01
-9.383000000000000229e-01
-4.560000000000000164e-02
-1.237000000000000044e-01
-3.405000000000000249e-01
-1.539000000000000090e-01
1.019000000000000045e-01
4.368000000000000216e-01
-8.569999999999999840e-02
-9.478999999999999648e-01
4.213999999999999968e-01
-5.007000000000000339e-01
-1.194999999999999951e-01
-7.459999999999999964e-01
4.171000000000000263e-01
6.026000000000000245e-01
-3.174000000000000155e-01
3.406000000000000139e-01
6.339000000000000190e-01
-7.217000000000000082e-01
-2.177000000000000046e-01
-6.633000000000000007e-01
4.756000000000000227e-01
-4.865999999999999770e-01
7.094000000000000306e-01
-2.592999999999999750e-01
-9.160000000000000364e-01
-3.262999999999999790e-01
-7.198999999999999844e-01
-4.425000000000000044e-01
-5.806000000000000050e-01
-1.899999999999999953e-02
8.540000000000000369e-02
7.500000000000000000e-01
-6.634999999999999787e-01
2.088000000000000134e-01
1.223999999999999949e-01
-9.143999999999999906e-01
-6.175000000000000488e-01
1.330000000000000071e-01
-7.669000000000000261e-01
-2.780000000000000249e-01
5.480000000000000149e-02
8.415000000000000258e-01
-3.009000000000000008e-01
4.829999999999999849e-01
1.285999999999999921e-01
-6.499000000000000332e-01
3.643000000000000127e-01
-9.010000000000000231e-01
-5.332000000000000073e-01
4.319999999999999951e-01
4.079999999999999738e-01
6.180999999999999828e-01
-3.226999999999999869e-01
-2.008999999999999952e-01
2.681000000000000050e-01
9.038000000000000478e-01
-3.304000000000000270e-01
2.299999999999999961e-02
-6.680000000000000382e-01
4.899000000000000021e-01
-6.702000000000000179e-01
6.519999999999999407e-02
5.229999999999999927e-02
-8.068999999999999506e-01
-8.799999999999999489e-02
6.541000000000000147e-01
1.845999999999999863e-01
8.254000000000000226e-01
-8.450999999999999623e-01
6.932000000000000384e-01
4.012000000000000011e-01
9.419999999999999485e-01
7.368000000000000105e-01
-5.649999999999999467e-01
-2.258999999999999897e-01
-1.209999999999999964e-01
-2.099000000000000032e-01
3.047000000000000264e-01
8.961999999999999966e-01
-2.726999999999999980e-01
4.467999999999999750e-01
-4.658999999999999808e-01
5.465999999999999748e-01
-7.016000000000000014e-01
-6.042999999999999483e-01
-9.094999999999999751e-01
-3.589999999999999858e-01
-7.040999999999999481e-01
9.524000000000000243e-01
-4.978000000000000203e-01
1.077000000000000041e-01
6.385999999999999455e-01
4.853999999999999981e-01
-2.842999999999999972e-01
-9.891999999999999682e-01
1.870999999999999885e-01
8.374000000000000332e-01
7.754999999999999671e-01
-5.352999999999999980e-01
-9.404000000000000137e-01
-4.008999999999999786e-01
4.858999999999999986e-01
-9.544000000000000261e-01
-4.623999999999999777e-01
7.470000000000000251e-02
9.403000000000000247e-01
-4.596999999999999975e-01
-4.460999999999999965e-01
-7.747000000000000552e-01
5.423999999999999932e-01
-7.879999999999999505e-02
-8.348999999999999755e-01
-7.035000000000000142e-01
6.431999999999999940e-01
-2.500000000000000052e-03
-9.362000000000000322e-01
-2.381000000000000061e-01
-1.275000000000000022e-01
1.500000000000000031e-03
5.197000000000000508e-01
-1.859999999999999848e-02
-1.391000000000000014e-01
4.757000000000000117e-01
-9.582000000000000517e-01
5.788999999999999702e-01
-2.505999999999999894e-01
-3.110999999999999877e-01
-7.479999999999999982e-01
5.158000000000000362e-01
