4.607999999999999874e-01
-3.896999999999999909e-01
6.189000000000000057e-01
-6.613999999999999879e-01
6.844999999999999973e-01
-8.983999999999999764e-01
9.766000000000000236e-01
9.874000000000000554e-01
5.229000000000000314e-01
4.293000000000000149e-01
-9.512000000000000455e-01
6.029999999999999805e-01
9.334999999999999964e-01
-1.890000000000000013e-02
7.063000000000000389e-01
-5.846000000000000085e-01
8.269999999999999574e-01
-4.255999999999999783e-01
-8.588000000000000078e-01
-9.648999999999999799e-01
4.685000000000000275e-01
1.617000000000000104e-01
-3.024999999999999911e-01
8.103000000000000203e-01
-3.135999999999999899e-01
-4.938000000000000167e-01
9.367999999999999661e-01
4.915999999999999814e-01
6.545999999999999597e-01
2.369999999999999885e-01
4.061000000000000165e-01
4.062000000000000055e-01
9.334000000000000075e-01
3.528000000000000025e-01
8.111000000000000432e-01
1.930000000000000118e-02
-4.254000000000000004e-01
1.388999999999999957e-01
2.646999999999999909e-01
-2.117999999999999883e-01
-1.472999999999999865e-01
-6.562999999999999945e-01
-3.055999999999999828e-01
-8.908000000000000362e-01
-5.823000000000000398e-01
4.230999999999999761e-01
6.191999999999999726e-01
5.481000000000000316e-01
-3.347999999999999865e-01
3.116999999999999771e-01
4.922000000000000264e-01
2.205999999999999905e-01
1.060000000000000005e-02
-2.906000000000000250e-01
-4.545000000000000151e-01
-3.886999999999999900e-01
-4.722999999999999976e-01
-6.784000000000000030e-01
-7.730000000000000204e-01
5.205999999999999517e-01
8.316000000000000059e-01
2.793999999999999817e-01
8.824999999999999512e-01
-4.713999999999999857e-01
-9.106999999999999540e-01
-2.908999999999999919e-01
-4.746000000000000218e-01
2.523000000000000242e-01
3.612000000000000210e-01
-2.490999999999999881e-01
-3.961999999999999966e-01
6.143999999999999462e-01
4.707000000000000073e-01
8.955999999999999517e-01
-4.101000000000000201e-01
-7.130000000000000226e-02
-8.894999999999999574e-01
4.238000000000000100e-01
8.747000000000000330e-01
6.805999999999999828e-01
-3.734999999999999987e-01
9.547999999999999821e-01
9.973999999999999533e-01
5.009999999999999870e-02
2.230000000000000038e-01
-8.366999999999999993e-01
-5.709999999999999520e-01
7.866999999999999549e-01
-1.247000000000000053e-01
-9.205999999999999739e-01
-6.730000000000000426e-01
-7.851000000000000201e-01
-2.965999999999999748e-01
1.887999999999999956e-01
5.845000000000000195e-01
3.145000000000000018e-01
4.094999999999999751e-01
-2.722999999999999865e-01
6.072999999999999510e-01
-9.835000000000000409e-01
-7.508000000000000229e-01
1.802999999999999881e-01
-4.789999999999999813e-01
-6.840000000000000246e-02
3.844000000000000195e-01
9.953999999999999515e-01
2.926000000000000267e-01
1.222000000000000031e-01
-4.571999999999999953e-01
5.756999999999999895e-01
-6.222999999999999643e-01
-8.403000000000000469e-01
-8.483000000000000540e-01
-2.369999999999999885e-01
-8.921000000000000041e-01
8.829000000000000181e-01
9.213999999999999968e-01
-9.121000000000000218e-01
2.960000000000000131e-02
-1.307999999999999996e-01
-3.689000000000000057e-01
4.394000000000000128e-01
3.617000000000000215e-01
2.354999999999999871e-01
-2.456000000000000127e-01
-8.370999999999999552e-01
-4.316999999999999726e-01
-2.654000000000000248e-01
4.844999999999999862e-01
-4.752000000000000113e-01
-4.274000000000000021e-01
-7.489999999999999436e-02
-9.246999999999999664e-01
-8.323000000000000398e-01
8.646000000000000352e-01
7.296000000000000263e-01
