6.459000000000000297e-01
2.172999999999999932e-01
5.714000000000000190e-01
-2.424999999999999933e-01
1.960000000000000075e-01
-1.072000000000000036e-01
-7.167999999999999927e-01
2.636000000000000010e-01
-4.364000000000000101e-01
-6.078000000000000069e-01
-7.858000000000000540e-01
-7.067999999999999838e-01
9.980999999999999872e-01
-2.983999999999999986e-01
-8.444000000000000394e-01
7.429999999999999938e-01
5.553000000000000158e-01
3.446000000000000174e-01
8.733999999999999542e-01
-7.229999999999999760e-01
-9.351000000000000423e-01
5.936000000000000165e-01
5.625000000000000000e-01
7.042000000000000481e-01
-1.547999999999999932e-01
-2.346999999999999920e-01
6.248000000000000220e-01
-1.628000000000000003e-01
-9.210000000000000131e-02
-8.988000000000000433e-01
5.749999999999999556e-01
5.020000000000000018e-01
8.172000000000000375e-01
1.014000000000000040e-01
8.366999999999999993e-01
-3.846999999999999864e-01
7.237000000000000099e-01
-9.019000000000000350e-01
-6.262999999999999678e-01
7.728000000000000425e-01
-4.416999999999999815e-01
5.876000000000000112e-01
1.067000000000000032e-01
-9.881999999999999673e-01
4.854999999999999871e-01
8.546000000000000263e-01
-6.727999999999999536e-01
8.814999999999999503e-01
-2.681000000000000050e-01
7.487000000000000322e-01
7.220000000000000029e-02
3.381000000000000116e-01
4.380999999999999894e-01
-7.395000000000000462e-01
6.200999999999999845e-01
-8.238999999999999657e-01
-6.857999999999999652e-01
7.110999999999999543e-01
-6.990000000000000380e-02
-3.382999999999999896e-01
-5.573000000000000176e-01
-7.814999999999999725e-01
2.684000000000000274e-01
3.598999999999999977e-01
3.145999999999999908e-01
-9.193999999999999950e-01
8.326999999999999957e-01
9.502000000000000446e-01
6.699000000000000510e-01
4.294999999999999929e-01
-9.143000000000000016e-01
4.390999999999999903e-01
-5.027000000000000357e-01
1.756000000000000061e-01
-9.553000000000000380e-01
-4.152000000000000135e-01
5.840000000000000052e-02
-3.714000000000000079e-01
8.763999999999999568e-01
7.759000000000000341e-01
3.362999999999999878e-01
-6.310000000000000053e-01
-9.125999999999999668e-01
4.763999999999999901e-01
-7.560999999999999943e-01
3.279000000000000248e-01
1.238999999999999962e-01
-2.089999999999999913e-01
-4.619999999999999801e-02
5.507999999999999563e-01
-5.240000000000000213e-02
-4.569999999999999757e-02
-6.029999999999999805e-01
-1.073999999999999955e-01
-7.772000000000000020e-01
-6.221999999999999753e-01
6.571000000000000174e-01
-8.764999999999999458e-01
-8.741999999999999771e-01
-5.142999999999999794e-01
-8.365000000000000213e-01
-4.791000000000000258e-01
4.000000000000000083e-02
-2.701999999999999957e-01
-1.348999999999999921e-01
-3.755999999999999894e-01
-9.937000000000000277e-01
8.668000000000000149e-01
-2.899999999999999800e-01
-8.103000000000000203e-01
1.034999999999999948e-01
-9.829999999999999849e-01
-1.173000000000000015e-01
9.215999999999999748e-01
7.926999999999999602e-01
-5.202999999999999847e-01
-9.680999999999999606e-01
4.526000000000000023e-01
-1.484000000000000041e-01
-4.092000000000000082e-01
9.422000000000000375e-01
-5.839999999999999636e-01
-5.948999999999999844e-01
-1.071000000000000008e-01
6.639000000000000457e-01
-7.368999999999999995e-01
2.390000000000000110e-02
-3.956000000000000072e-01
-9.122999999999999998e-01
8.892999999999999794e-01
-2.828999999999999848e-01
4.189999999999999836e-01
5.275999999999999579e-01
-7.979999999999999594e-02
8.868000000000000327e-01
-5.027000000000000357e-01
