7.198999999999999844e-01
-3.906000000000000028e-01
6.232999999999999652e-01
-8.451999999999999513e-01
-7.890000000000000346e-01
3.825999999999999956e-01
9.784000000000000474e-01
9.791999999999999593e-01
4.796000000000000263e-01
7.237999999999999989e-01
-2.359999999999999876e-01
-1.050999999999999990e-01
5.390000000000000346e-01
-6.370999999999999996e-01
7.203000000000000513e-01
8.949000000000000288e-01
-3.403999999999999804e-01
-9.505000000000000115e-01
-6.084000000000000519e-01
-2.735000000000000209e-01
9.699999999999999734e-01
-7.649999999999999856e-02
-1.552000000000000046e-01
-6.990000000000000380e-02
-3.670000000000000345e-02
6.443999999999999728e-01
-1.141999999999999960e-01
4.854999999999999871e-01
-4.420999999999999930e-01
6.922000000000000375e-01
-3.721999999999999753e-01
9.008000000000000451e-01
-7.067999999999999838e-01
2.036999999999999922e-01
3.652000000000000246e-01
9.442000000000000393e-01
-2.306999999999999884e-01
7.521999999999999797e-01
-3.575999999999999734e-01
1.834000000000000075e-01
-1.504999999999999949e-01
-2.288000000000000034e-01
-2.767000000000000015e-01
-9.791999999999999593e-01
-9.829999999999999849e-01
2.510000000000000078e-02
-1.696000000000000008e-01
-6.360000000000000098e-01
-7.110999999999999543e-01
5.256999999999999451e-01
4.041000000000000147e-01
-5.916000000000000147e-01
-8.387999999999999901e-01
-2.449000000000000066e-01
-6.862000000000000322e-01
6.156000000000000361e-01
8.851999999999999869e-01
7.036000000000000032e-01
3.627000000000000224e-01
-8.493000000000000549e-01
-4.260999999999999788e-01
3.819000000000000172e-01
-2.336999999999999911e-01
-8.971000000000000085e-01
2.730000000000000204e-01
2.299999999999999961e-02
-6.130999999999999783e-01
-9.303000000000000158e-01
8.461999999999999522e-01
4.956999999999999740e-01
6.975000000000000089e-01
-6.879999999999999449e-01
1.615000000000000047e-01
7.329999999999999849e-01
9.375999999999999890e-01
7.805999999999999606e-01
-2.149999999999999967e-01
7.546000000000000485e-01
2.852000000000000091e-01
7.148999999999999799e-01
6.848999999999999533e-01
7.897999999999999465e-01
-2.242000000000000104e-01
4.098999999999999866e-01
-3.996000000000000107e-01
-9.913999999999999480e-01
5.058000000000000274e-01
9.770999999999999686e-01
7.920000000000000651e-02
-5.143999999999999684e-01
-4.722999999999999976e-01
1.963999999999999913e-01
5.530000000000000193e-02
-7.842999999999999972e-01
-7.013000000000000345e-01
1.107000000000000067e-01
-7.420000000000000207e-02
2.116000000000000103e-01
1.010999999999999954e-01
7.309999999999999831e-02
6.299000000000000155e-01
8.610999999999999766e-01
-6.812000000000000277e-01
3.119999999999999996e-01
-7.691000000000000059e-01
-7.270999999999999686e-01
4.189999999999999836e-01
-1.221000000000000002e-01
-3.038000000000000145e-01
6.459000000000000297e-01
-1.963000000000000023e-01
-1.819999999999999951e-01
9.882999999999999563e-01
2.538000000000000256e-01
2.717999999999999861e-01
-9.883999999999999453e-01
1.192000000000000004e-01
-2.919999999999999818e-01
1.226000000000000006e-01
-8.174000000000000155e-01
1.185999999999999971e-01
9.008000000000000451e-01
9.133000000000000007e-01
-5.556999999999999718e-01
3.305000000000000160e-01
-8.571999999999999620e-01
2.511999999999999789e-01
-9.614000000000000323e-01
9.696000000000000174e-01
7.793999999999999817e-01
1.787999999999999867e-01
9.565000000000000169e-01
-4.441999999999999837e-01
5.326999999999999513e-01
6.759999999999999343e-02
-9.515000000000000124e-01
