-9.735000000000000320e-01
-2.711000000000000076e-01
-5.593000000000000194e-01
-8.191000000000000503e-01
-5.624000000000000110e-01
-4.184999999999999831e-01
-6.250000000000000000e-01
1.439999999999999891e-01
-5.685999999999999943e-01
1.346999999999999864e-01
-6.861000000000000432e-01
-1.039000000000000062e-01
2.911000000000000254e-01
5.798999999999999710e-01
-6.916999999999999815e-01
-4.546999999999999931e-01
-6.079999999999999988e-02
8.256000000000000005e-01
-2.477999999999999925e-01
1.870000000000000134e-02
-6.444999999999999618e-01
-6.058999999999999941e-01
-4.606999999999999984e-01
-4.449999999999999789e-02
-7.700000000000000247e-03
7.695999999999999508e-01
-7.806999999999999496e-01
2.540000000000000036e-01
8.476000000000000201e-01
8.307999999999999829e-01
-6.271999999999999797e-01
4.188000000000000056e-01
3.458999999999999853e-01
9.311000000000000387e-01
4.069999999999999729e-01
3.575999999999999734e-01
-6.871000000000000441e-01
6.310000000000000331e-02
-8.941999999999999948e-01
6.569999999999999452e-02
2.469999999999999973e-01
7.899000000000000465e-01
-8.366000000000000103e-01
6.098999999999999977e-01
3.629000000000000004e-01
4.719999999999999751e-01
6.594999999999999751e-01
-5.292000000000000037e-01
-5.097000000000000419e-01
-7.940000000000000391e-01
7.692999999999999838e-01
9.739999999999999769e-01
-3.649999999999999911e-01
1.307000000000000106e-01
8.326999999999999957e-01
-1.796000000000000096e-01
8.357999999999999874e-01
-1.595000000000000029e-01
-8.494000000000000439e-01
-2.054999999999999882e-01
-7.486000000000000432e-01
8.935999999999999499e-01
-9.038000000000000478e-01
-7.140000000000000513e-02
-3.310000000000000164e-01
3.440000000000000002e-02
2.852999999999999980e-01
-5.150000000000000133e-01
-4.166000000000000258e-01
6.237000000000000322e-01
8.003000000000000114e-01
-3.337999999999999856e-01
-6.329000000000000181e-01
1.060999999999999999e-01
-6.087000000000000188e-01
-3.904000000000000248e-01
7.542999999999999705e-01
4.096000000000000196e-01
-5.439999999999999697e-02
6.729000000000000536e-01
9.308999999999999497e-01
-4.329000000000000070e-01
6.987999999999999767e-01
3.341000000000000081e-01
-2.953999999999999959e-01
-5.599999999999999943e-03
3.340000000000000191e-01
4.235999999999999766e-01
-9.219000000000000528e-01
-8.093000000000000194e-01
-4.850999999999999757e-01
-9.286999999999999700e-01
6.064000000000000501e-01
-9.766000000000000236e-01
-7.100999999999999535e-01
-3.457999999999999963e-01
-7.830000000000000293e-01
9.616000000000000103e-01
-4.869999999999999885e-01
6.788999999999999480e-01
-4.900000000000000189e-02
6.909999999999999476e-01
1.106000000000000039e-01
2.394999999999999907e-01
-1.983999999999999930e-01
-2.690000000000000030e-02
-4.030000000000000249e-02
-3.400000000000000244e-02
-5.958999999999999853e-01
-7.341999999999999638e-01
-5.423000000000000043e-01
8.136999999999999789e-01
9.465999999999999970e-01
-3.194000000000000172e-01
-4.253000000000000114e-01
-2.225999999999999923e-01
-5.703000000000000291e-01
-3.936000000000000054e-01
7.599999999999999985e-03
-2.893000000000000016e-01
9.952999999999999625e-01
5.493999999999999995e-01
-3.501000000000000223e-01
7.016999999999999904e-01
-2.906000000000000250e-01
-7.662999999999999812e-01
7.465000000000000524e-01
-9.297999999999999599e-01
7.007999999999999785e-01
8.277999999999999803e-01
2.388000000000000123e-01
-5.100000000000000366e-03
9.335999999999999854e-01
5.756999999999999895e-01
8.165000000000000036e-01
-8.555000000000000382e-01
