-3.936999999999999944e-01
-9.787000000000000144e-01
3.150000000000000022e-02
4.923000000000000154e-01
8.870999999999999996e-01
-3.331000000000000072e-01
-2.227000000000000091e-01
-3.645999999999999797e-01
-1.295000000000000040e-01
-8.287999999999999812e-01
5.151000000000000023e-01
-8.877000000000000446e-01
2.831000000000000183e-01
-7.788000000000000478e-01
-6.458000000000000407e-01
6.352999999999999758e-01
-2.900000000000000147e-02
-3.294000000000000261e-01
8.989999999999999380e-02
-8.915999999999999481e-01
8.395000000000000240e-01
-9.050000000000000266e-01
4.803999999999999937e-01
-9.854000000000000536e-01
-2.154000000000000081e-01
-6.887999999999999678e-01
-4.757000000000000117e-01
-1.026999999999999996e-01
4.712999999999999967e-01
-4.859999999999999876e-01
3.140000000000000013e-01
-4.178999999999999937e-01
6.540000000000000258e-01
2.373999999999999999e-01
4.907000000000000250e-01
-5.441000000000000281e-01
-4.499000000000000221e-01
-4.119999999999999774e-01
-9.141000000000000236e-01
6.680000000000000382e-01
-6.231999999999999762e-01
-5.989999999999999769e-01
7.661999999999999922e-01
-8.511999999999999567e-01
-1.405000000000000138e-01
-5.905000000000000249e-01
4.063999999999999835e-01
-2.126000000000000112e-01
6.623999999999999888e-01
-1.469999999999999918e-01
2.651000000000000023e-01
-8.988000000000000433e-01
-8.229999999999999816e-02
2.038999999999999979e-01
-4.976999999999999758e-01
2.076999999999999957e-01
6.017000000000000126e-01
3.803000000000000269e-01
3.039999999999999994e-02
9.851999999999999647e-01
4.489000000000000212e-01
9.769999999999999796e-01
-8.446000000000000174e-01
-8.691999999999999726e-01
-9.396999999999999797e-01
-8.100000000000000255e-02
3.562000000000000166e-01
7.886999999999999567e-01
1.401999999999999913e-01
7.224000000000000421e-01
4.368000000000000216e-01
-6.761000000000000343e-01
-6.000999999999999668e-01
7.236000000000000210e-01
-1.063000000000000056e-01
7.009999999999999565e-02
3.066999999999999726e-01
4.368000000000000216e-01
6.785999999999999810e-01
5.539999999999999786e-02
3.991000000000000103e-01
5.725000000000000089e-01
2.705000000000000182e-01
6.143999999999999462e-01
-1.337000000000000133e-01
1.766000000000000070e-01
-7.731999999999999984e-01
-1.092999999999999944e-01
6.114000000000000545e-01
8.600000000000000006e-03
8.793999999999999595e-01
-9.976000000000000423e-01
4.783999999999999919e-01
6.039999999999999813e-01
6.290999999999999925e-01
6.814999999999999947e-01
-7.917999999999999483e-01
6.317000000000000393e-01
5.298000000000000487e-01
8.122000000000000330e-01
2.426999999999999991e-01
-6.264999999999999458e-01
7.510999999999999899e-01
8.320999999999999508e-01
6.481999999999999984e-01
7.378000000000000114e-01
-4.760000000000000342e-02
2.802999999999999936e-01
-4.583999999999999742e-01
-4.591000000000000081e-01
-8.630999999999999783e-01
2.727999999999999869e-01
-2.560000000000000123e-02
-3.379999999999999671e-02
7.383999999999999453e-01
-6.938999999999999613e-01
-8.631999999999999673e-01
-6.193999999999999506e-01
2.134000000000000064e-01
7.062000000000000499e-01
1.544000000000000095e-01
-7.925999999999999712e-01
7.066000000000000059e-01
7.228999999999999870e-01
1.360000000000000098e-01
1.000000000000000000e+00
2.558000000000000274e-01
9.092000000000000082e-01
-6.484999999999999654e-01
3.074000000000000066e-01
-7.810000000000000275e-02
5.340000000000000302e-02
-3.321000000000000063e-01
3.256999999999999895e-01
5.819999999999999618e-01
-5.833000000000000407e-01
