-6.006000000000000227e-01
8.026999999999999691e-01
-3.211999999999999855e-01
5.941999999999999504e-01
-1.985999999999999988e-01
-6.478000000000000425e-01
-1.045999999999999985e-01
7.504999999999999449e-01
-4.872000000000000219e-01
6.000999999999999668e-01
-9.193999999999999950e-01
-4.225999999999999757e-01
-1.332000000000000128e-01
-2.040000000000000147e-02
8.252000000000000446e-01
-4.893000000000000127e-01
-1.638999999999999901e-01
-5.782000000000000473e-01
-3.357999999999999874e-01
7.580000000000000071e-01
-6.000999999999999668e-01
8.288999999999999702e-01
7.720000000000000195e-01
-6.120999999999999774e-01
1.691999999999999893e-01
-6.096000000000000307e-01
-3.259999999999999704e-02
-4.017000000000000015e-01
-5.192999999999999838e-01
-2.285000000000000087e-01
-4.510000000000000120e-02
-8.284000000000000252e-01
3.925000000000000155e-01
2.494999999999999996e-01
3.230000000000000093e-01
-5.659999999999999754e-02
-2.761000000000000121e-01
-7.547000000000000375e-01
1.494999999999999940e-01
8.893999999999999684e-01
-5.028000000000000247e-01
-7.480999999999999872e-01
-4.022999999999999909e-01
-3.783000000000000251e-01
5.323999999999999844e-01
8.999999999999999320e-03
1.047000000000000014e-01
-5.342000000000000082e-01
-2.969999999999999862e-01
-5.664000000000000146e-01
-1.080000000000000057e-02
1.945999999999999952e-01
5.248000000000000442e-01
1.044000000000000067e-01
5.002999999999999670e-01
4.324999999999999956e-01
-3.769000000000000128e-01
5.021999999999999797e-01
-8.495000000000000329e-01
-8.095999999999999863e-01
-2.487000000000000044e-01
-6.008000000000000007e-01
-1.490000000000000005e-02
7.607000000000000428e-01
4.026000000000000134e-01
3.629999999999999893e-01
-4.786000000000000254e-01
-1.203999999999999931e-01
1.572999999999999954e-01
1.675000000000000100e-01
-4.648999999999999799e-01
-5.552000000000000268e-01
-9.054999999999999716e-01
-3.014000000000000012e-01
-4.450999999999999956e-01
-7.902000000000000135e-01
-2.315000000000000113e-01
9.868000000000000105e-01
7.197000000000000064e-01
-5.944000000000000394e-01
-3.849999999999999950e-02
-5.904000000000000359e-01
-9.286999999999999700e-01
-7.789000000000000368e-01
-8.051000000000000378e-01
6.612000000000000099e-01
2.919999999999999818e-01
-3.099999999999999978e-02
1.067000000000000032e-01
-6.927999999999999714e-01
-3.325000000000000178e-01
-5.551000000000000378e-01
-3.765000000000000013e-01
1.140000000000000041e-01
2.384000000000000008e-01
5.300000000000000266e-01
9.510999999999999455e-01
4.057000000000000051e-01
-9.568999999999999728e-01
9.635000000000000231e-01
-3.884000000000000230e-01
5.927999999999999936e-01
2.927000000000000157e-01
-2.824999999999999734e-01
-1.957000000000000128e-01
4.057000000000000051e-01
5.410000000000000225e-02
3.862999999999999767e-01
-1.290000000000000036e-01
3.588999999999999968e-01
-8.476000000000000201e-01
9.202000000000000179e-01
-9.489999999999999825e-02
-3.795000000000000040e-01
-2.111000000000000099e-01
1.923999999999999877e-01
3.074999999999999956e-01
7.499000000000000110e-01
9.759999999999999787e-01
-7.007999999999999785e-01
5.101999999999999869e-01
4.963000000000000189e-01
-2.893000000000000016e-01
1.608999999999999875e-01
8.848000000000000309e-01
-5.940999999999999615e-01
-4.042999999999999927e-01
-2.358999999999999986e-01
-6.642000000000000126e-01
8.945999999999999508e-01
-3.805000000000000049e-01
-9.409999999999999476e-01
3.191999999999999837e-01
3.200000000000000067e-01
5.894000000000000350e-01
-4.716000000000000192e-01
