7.854999999999999760e-01
-8.927000000000000490e-01
-4.430000000000000049e-01
1.932999999999999996e-01
-9.076999999999999513e-01
-9.220000000000000417e-01
3.205999999999999961e-01
7.401999999999999691e-01
-6.445999999999999508e-01
-3.529999999999999805e-02
3.259999999999999704e-02
-7.451999999999999735e-01
-5.689999999999999919e-02
-7.431999999999999718e-01
-3.496000000000000218e-01
-2.566999999999999837e-01
4.573999999999999733e-01
-8.249999999999999556e-01
-9.066999999999999504e-01
9.051000000000000156e-01
-4.778000000000000025e-01
2.134000000000000064e-01
5.614999999999999991e-01
4.388000000000000234e-01
-8.653999999999999471e-01
5.449999999999999983e-02
-5.799999999999999600e-03
1.405000000000000138e-01
-2.797999999999999932e-01
7.866999999999999549e-01
-9.454000000000000181e-01
-5.729999999999999677e-02
7.006999999999999895e-01
-8.531999999999999584e-01
9.497999999999999776e-01
4.677000000000000046e-01
-9.569999999999999341e-02
-9.730999999999999650e-01
1.794000000000000039e-01
3.724000000000000088e-01
2.916000000000000258e-01
-5.338000000000000522e-01
-4.769999999999999796e-01
5.738999999999999657e-01
3.524999999999999800e-01
-8.507000000000000117e-01
1.955000000000000071e-01
1.998000000000000054e-01
6.659000000000000474e-01
4.321999999999999731e-01
-8.904999999999999583e-01
7.929000000000000492e-01
-8.135999999999999899e-01
-3.234000000000000208e-01
-5.530000000000000471e-01
-8.126999999999999780e-01
-8.993999999999999773e-01
-7.814999999999999725e-01
-6.028999999999999915e-01
-2.409999999999999989e-02
3.991999999999999993e-01
-5.471000000000000307e-01
5.213999999999999746e-01
2.323999999999999955e-01
-5.829999999999999766e-02
-1.812000000000000000e-01
6.650000000000000355e-02
-2.230000000000000038e-02
-7.654999999999999583e-01
-1.141999999999999960e-01
-6.798999999999999488e-01
-9.290000000000000480e-01
-9.112000000000000099e-01
9.988000000000000211e-01
-2.159000000000000086e-01
6.421000000000000041e-01
9.837000000000000188e-01
-7.742999999999999883e-01
4.902000000000000246e-01
-6.732000000000000206e-01
6.787999999999999590e-01
4.237000000000000210e-01
-4.661000000000000143e-01
-2.167999999999999927e-01
-2.888999999999999901e-01
-8.931000000000000050e-01
5.526999999999999691e-01
5.563000000000000167e-01
6.999999999999999929e-04
-5.218000000000000416e-01
2.303000000000000047e-01
9.841999999999999638e-01
8.997000000000000552e-01
-4.760000000000000342e-02
3.219000000000000195e-01
-6.933000000000000274e-01
-6.741000000000000325e-01
-3.002000000000000224e-01
-5.735000000000000098e-01
5.293999999999999817e-01
-1.155000000000000054e-01
-9.836000000000000298e-01
-6.012999999999999456e-01
-1.920999999999999930e-01
-5.745000000000000107e-01
8.079999999999999682e-02
-3.313999999999999724e-01
-4.058999999999999830e-01
-6.593999999999999861e-01
-1.053000000000000047e-01
1.297999999999999987e-01
5.943000000000000504e-01
3.584999999999999853e-01
-5.439999999999999697e-02
-1.640000000000000138e-02
6.690000000000000113e-02
-7.157999999999999918e-01
6.243999999999999551e-01
-1.383999999999999952e-01
-6.419999999999999318e-02
-3.237999999999999767e-01
6.397000000000000464e-01
-4.233999999999999986e-01
-4.783999999999999919e-01
-6.693000000000000060e-01
6.684999999999999831e-01
-7.302999999999999492e-01
-1.287999999999999978e-01
-7.936999999999999611e-01
-5.500000000000000444e-01
4.744999999999999774e-01
-4.006000000000000116e-01
-6.835999999999999854e-01
-5.999999999999999474e-04
-7.890000000000000346e-01
-2.117999999999999883e-01
