8.519999999999999796e-02
8.454000000000000403e-01
-9.126999999999999558e-01
-9.495000000000000107e-01
-5.546999999999999709e-01
-7.030999999999999472e-01
9.600000000000000200e-02
-8.346999999999999975e-01
-7.939999999999999836e-02
3.810999999999999943e-01
-4.692999999999999949e-01
7.169999999999999984e-02
-8.396000000000000130e-01
3.729000000000000092e-01
3.620999999999999774e-01
2.856000000000000205e-01
7.989999999999999880e-02
7.012000000000000455e-01
-3.333999999999999742e-01
-8.417000000000000037e-01
-9.041000000000000147e-01
-2.587999999999999745e-01
-9.402000000000000357e-01
-7.188999999999999835e-01
3.670000000000000345e-02
8.695000000000000506e-01
1.967000000000000137e-01
-8.897000000000000464e-01
-4.385000000000000009e-01
5.974000000000000421e-01
8.079999999999999682e-02
8.780999999999999917e-01
7.449000000000000066e-01
4.660000000000000253e-02
6.819999999999999674e-02
1.860999999999999877e-01
5.177000000000000490e-01
8.241000000000000547e-01
-2.174999999999999989e-01
8.254000000000000226e-01
-5.522000000000000242e-01
-1.152999999999999997e-01
-8.417999999999999927e-01
5.300000000000000266e-01
-9.707999999999999963e-01
-8.077999999999999625e-01
-8.175000000000000044e-01
-9.415000000000000036e-01
-4.479999999999999954e-02
1.985999999999999988e-01
1.595000000000000029e-01
8.340000000000000191e-02
1.663999999999999924e-01
6.292999999999999705e-01
5.037000000000000366e-01
8.349999999999999645e-01
-1.396000000000000019e-01
6.320000000000000062e-01
-4.750000000000000056e-02
3.353999999999999759e-01
-8.504000000000000448e-01
-9.193000000000000060e-01
-2.752999999999999892e-01
9.190000000000000391e-01
-7.611999999999999877e-01
3.546000000000000263e-01
-9.100000000000000311e-01
6.560000000000000553e-02
9.346999999999999753e-01
-6.680000000000000382e-01
-3.323999999999999733e-01
9.676000000000000156e-01
8.413000000000000478e-01
-2.879999999999999921e-02
6.459000000000000297e-01
6.632000000000000117e-01
-2.247999999999999998e-01
3.929000000000000270e-01
5.689999999999999503e-01
-9.765000000000000346e-01
8.434000000000000385e-01
1.867999999999999938e-01
2.733999999999999764e-01
-2.290999999999999981e-01
-6.105000000000000426e-01
1.698999999999999955e-01
4.562999999999999834e-01
-3.195000000000000062e-01
-1.195999999999999980e-01
-8.851999999999999869e-01
3.492999999999999994e-01
-7.950000000000000400e-01
3.318999999999999728e-01
-7.911000000000000254e-01
2.280000000000000082e-01
-7.655999999999999472e-01
-2.972000000000000197e-01
3.257999999999999785e-01
4.769999999999999796e-01
-6.226000000000000423e-01
8.737000000000000322e-01
4.354000000000000092e-01
-8.014000000000000012e-01
-4.617999999999999883e-01
5.807999999999999829e-01
-7.299999999999999545e-02
9.933999999999999497e-01
-6.825999999999999845e-01
-4.885999999999999788e-01
7.158999999999999808e-01
-6.298000000000000265e-01
1.666999999999999871e-01
4.465000000000000080e-01
4.072000000000000064e-01
-2.340000000000000135e-01
-9.743000000000000549e-01
9.379999999999999449e-01
-3.905000000000000138e-01
5.816000000000000059e-01
1.014000000000000040e-01
-2.321999999999999897e-01
1.499999999999999944e-01
6.332999999999999741e-01
4.247000000000000219e-01
-4.205999999999999739e-01
-6.877999999999999670e-01
-7.806999999999999496e-01
-2.419999999999999929e-01
1.660000000000000017e-02
3.375000000000000222e-01
-9.249999999999999889e-02
2.530000000000000027e-01
-4.292000000000000259e-01
6.772000000000000242e-01
-1.799999999999999951e-03
7.150999999999999579e-01
