1.799999999999999933e-01
7.012000000000000455e-01
-1.688000000000000056e-01
2.536999999999999811e-01
-2.514000000000000123e-01
-7.765999999999999570e-01
-2.053999999999999992e-01
-8.540999999999999703e-01
6.136000000000000343e-01
9.661999999999999478e-01
-8.903999999999999693e-01
6.309000000000000163e-01
3.981000000000000094e-01
-6.533999999999999808e-01
-7.250999999999999668e-01
-7.295000000000000373e-01
-6.632000000000000117e-01
-8.045999999999999819e-01
-8.353000000000000425e-01
-9.748999999999999888e-01
8.585000000000000409e-01
8.004999999999999893e-01
9.750999999999999668e-01
8.023000000000000131e-01
8.567000000000000171e-01
4.683999999999999830e-01
5.434999999999999831e-01
-5.960999999999999632e-01
6.129000000000000004e-01
2.696999999999999953e-01
1.607999999999999985e-01
6.058000000000000052e-01
-2.189999999999999933e-02
9.349999999999999978e-02
7.500000000000000000e-01
-9.957000000000000295e-01
5.419000000000000483e-01
4.536999999999999922e-01
7.530000000000000027e-01
-4.930999999999999828e-01
3.943999999999999728e-01
9.829999999999999849e-01
-7.496000000000000441e-01
9.949999999999999956e-01
-6.289000000000000146e-01
7.661999999999999922e-01
-1.265999999999999903e-01
2.798999999999999821e-01
8.195000000000000062e-01
5.489000000000000545e-01
7.691999999999999948e-01
8.450000000000000566e-02
-4.532999999999999807e-01
4.411999999999999811e-01
-5.272000000000000020e-01
-9.758999999999999897e-01
-7.019999999999999851e-02
-7.625999999999999446e-01
7.114000000000000323e-01
8.873999999999999666e-01
-3.950000000000000178e-01
2.139999999999999888e-02
-2.235999999999999932e-01
-9.701999999999999513e-01
-2.437000000000000000e-01
3.004999999999999893e-01
-6.800000000000000488e-01
-1.948999999999999899e-01
1.776999999999999968e-01
2.091000000000000081e-01
-5.862000000000000544e-01
-4.878000000000000114e-01
-8.884999999999999565e-01
8.663999999999999480e-01
-6.975999999999999979e-01
6.914000000000000146e-01
6.691000000000000281e-01
-6.541000000000000147e-01
-5.698999999999999622e-01
9.595000000000000195e-01
-9.599999999999999645e-01
2.422999999999999876e-01
-4.793999999999999928e-01
1.312000000000000111e-01
-3.266000000000000014e-01
9.485000000000000098e-01
-9.394000000000000128e-01
-5.538999999999999480e-01
8.943999999999999728e-01
-3.960000000000000187e-01
-2.180999999999999883e-01
9.395000000000000018e-01
4.737000000000000099e-01
2.041999999999999926e-01
5.777999999999999803e-01
6.445999999999999508e-01
-2.861000000000000210e-01
-4.278000000000000136e-01
6.267000000000000348e-01
-8.877000000000000446e-01
9.346999999999999753e-01
-2.912000000000000144e-01
2.700000000000000143e-03
-9.517999999999999794e-01
3.351999999999999980e-01
-7.340000000000000691e-02
2.610999999999999988e-01
-4.724999999999999756e-01
3.960000000000000187e-01
-8.276000000000000023e-01
-5.321000000000000174e-01
8.980000000000000204e-01
8.209999999999999520e-01
-7.153000000000000469e-01
7.409999999999999920e-01
-1.248999999999999971e-01
2.247000000000000108e-01
3.232999999999999763e-01
-7.627000000000000446e-01
4.304999999999999938e-01
2.303999999999999937e-01
-7.062000000000000499e-01
3.130000000000000004e-01
4.062999999999999945e-01
-1.378999999999999948e-01
-2.539999999999999897e-02
7.963000000000000078e-01
2.351000000000000034e-01
9.842999999999999527e-01
7.146000000000000130e-01
3.012000000000000233e-01
-7.376000000000000334e-01
-5.194999999999999618e-01
3.125999999999999890e-01
-4.917000000000000259e-01
2.826000000000000179e-01
