-3.774000000000000132e-01
2.983999999999999986e-01
-9.588999999999999746e-01
-6.454999999999999627e-01
-9.900999999999999801e-01
-5.252000000000000002e-01
2.982000000000000206e-01
-7.903999999999999915e-01
-5.386999999999999567e-01
-8.920000000000000151e-01
5.272999999999999909e-01
8.977000000000000535e-01
5.557999999999999607e-01
-9.875000000000000444e-01
-5.987999999999999989e-01
1.107999999999999957e-01
-5.278000000000000469e-01
-4.873999999999999999e-01
-1.302000000000000102e-01
-3.416000000000000147e-01
4.536999999999999922e-01
-8.072000000000000286e-01
6.929999999999999494e-01
9.059000000000000385e-01
6.752000000000000224e-01
-8.531999999999999584e-01
1.827999999999999903e-01
-6.300999999999999934e-01
-4.970000000000000112e-02
-9.858000000000000096e-01
-2.066000000000000059e-01
2.409000000000000030e-01
6.419999999999999318e-02
-3.438999999999999835e-01
-6.071999999999999620e-01
5.243999999999999773e-01
2.102999999999999869e-01
-8.114999999999999991e-01
-8.357999999999999874e-01
8.245000000000000107e-01
-7.171999999999999487e-01
2.245999999999999941e-01
-6.601000000000000201e-01
6.284999999999999476e-01
-2.182000000000000051e-01
7.960000000000000409e-02
5.350000000000000311e-01
-8.481999999999999540e-01
-3.804000000000000159e-01
4.080000000000000293e-02
-1.262000000000000066e-01
8.682999999999999607e-01
3.149000000000000132e-01
-1.666999999999999871e-01
-5.489000000000000545e-01
-4.665000000000000258e-01
-6.469999999999999363e-02
7.652999999999999803e-01
6.040000000000000230e-02
-6.858999999999999542e-01
1.620000000000000051e-01
4.161000000000000254e-01
-7.188999999999999835e-01
2.480999999999999872e-01
2.989999999999999880e-01
-2.144999999999999962e-01
-4.818999999999999950e-01
7.541999999999999815e-01
-5.927000000000000046e-01
6.965999999999999970e-01
7.388000000000000123e-01
8.599999999999999312e-02
6.009999999999999787e-01
-9.320000000000000506e-02
3.004999999999999893e-01
-9.602000000000000535e-01
3.911000000000000032e-01
7.399999999999999911e-01
-3.715999999999999859e-01
-4.400999999999999912e-01
-8.104000000000000092e-01
-6.751000000000000334e-01
1.945000000000000062e-01
-1.955000000000000071e-01
-4.269999999999999907e-01
-4.254000000000000004e-01
-4.800000000000000100e-02
3.409999999999999837e-02
-4.305999999999999828e-01
-6.483999999999999764e-01
-8.911000000000000032e-01
9.549999999999999600e-01
-9.191000000000000281e-01
-2.850000000000000103e-02
2.641000000000000014e-01
1.933999999999999886e-01
-1.111000000000000043e-01
-3.245999999999999996e-01
6.171999999999999709e-01
-9.294999999999999929e-01
4.685000000000000275e-01
3.664999999999999925e-01
1.195999999999999980e-01
-4.373000000000000220e-01
-2.220000000000000098e-02
-5.295999999999999597e-01
-9.185999999999999721e-01
-8.224000000000000199e-01
-2.283000000000000029e-01
9.230000000000000426e-01
5.220000000000000195e-01
-1.844000000000000083e-01
2.205999999999999905e-01
9.952999999999999625e-01
-3.572000000000000175e-01
-9.953999999999999515e-01
3.577000000000000179e-01
-3.909000000000000252e-01
-8.316000000000000059e-01
-3.261999999999999900e-01
7.309999999999999831e-02
-5.823000000000000398e-01
6.423999999999999710e-01
-2.399999999999999911e-01
-5.300000000000000024e-03
-1.068999999999999950e-01
6.180000000000000077e-02
2.189999999999999933e-02
4.648999999999999799e-01
8.750999999999999890e-01
-7.287000000000000144e-01
-9.657999999999999918e-01
-7.075000000000000178e-01
-9.659999999999999698e-01
5.879999999999999671e-01
-7.640000000000000124e-01
