8.312000000000000499e-01
8.641999999999999682e-01
6.788999999999999480e-01
-1.643999999999999906e-01
1.096000000000000030e-01
2.459000000000000075e-01
-3.352999999999999869e-01
-6.877999999999999670e-01
2.733999999999999764e-01
-9.010000000000000231e-01
3.513000000000000012e-01
7.271999999999999575e-01
8.008999999999999453e-01
8.808000000000000274e-01
-6.532000000000000028e-01
-5.102999999999999758e-01
-8.018999999999999462e-01
8.104999999999999982e-01
-7.311999999999999611e-01
8.971999999999999975e-01
-1.368999999999999939e-01
-6.506999999999999451e-01
-7.221999999999999531e-01
7.359999999999999876e-02
3.714999999999999969e-01
7.472999999999999643e-01
8.437999999999999945e-01
1.519000000000000072e-01
-4.139999999999999791e-01
2.214000000000000135e-01
-7.177999999999999936e-01
9.926000000000000378e-01
4.814999999999999836e-01
-8.530000000000000082e-02
8.529999999999999805e-01
-5.554000000000000048e-01
-9.966000000000000414e-01
9.560999999999999499e-01
-4.641000000000000125e-01
1.791000000000000092e-01
7.843999999999999861e-01
3.925000000000000155e-01
-1.832000000000000017e-01
-5.432000000000000162e-01
9.059000000000000385e-01
-3.398999999999999799e-01
8.256000000000000005e-01
5.954000000000000403e-01
7.376000000000000334e-01
5.789999999999999591e-01
7.302999999999999492e-01
-9.197999999999999510e-01
-1.817000000000000004e-01
8.084999999999999964e-01
-3.983999999999999764e-01
-1.864999999999999991e-01
6.181999999999999718e-01
9.969999999999999696e-02
8.161000000000000476e-01
-4.212000000000000188e-01
-8.366000000000000103e-01
-8.446000000000000174e-01
-1.817999999999999894e-01
2.076999999999999957e-01
-2.827000000000000068e-01
3.904000000000000248e-01
8.930000000000000160e-01
4.440000000000000197e-02
1.739999999999999880e-02
-9.754000000000000448e-01
1.746000000000000052e-01
4.894999999999999907e-01
8.013000000000000123e-01
7.357000000000000206e-01
1.690000000000000113e-01
6.270000000000000018e-01
5.000000000000000104e-04
-8.972999999999999865e-01
-4.161000000000000254e-01
-4.904999999999999916e-01
4.270999999999999797e-01
1.048000000000000043e-01
-6.892000000000000348e-01
3.393999999999999795e-01
-8.144000000000000128e-01
-9.619999999999999662e-01
-5.411000000000000254e-01
-1.295000000000000040e-01
8.207999999999999741e-01
-9.970999999999999863e-01
-6.875999999999999890e-01
-7.278999999999999915e-01
-1.353000000000000036e-01
-4.395000000000000018e-01
-7.500000000000000000e-01
2.723999999999999755e-01
4.142000000000000126e-01
-3.937999999999999834e-01
-4.102000000000000091e-01
2.041999999999999926e-01
8.055999999999999828e-01
-2.038000000000000089e-01
-4.213000000000000078e-01
-8.649000000000000021e-01
8.414000000000000368e-01
-7.086000000000000076e-01
7.292999999999999483e-01
8.561999999999999611e-01
5.702000000000000401e-01
8.233000000000000318e-01
-5.191000000000000059e-01
1.887999999999999956e-01
8.696000000000000396e-01
3.405000000000000249e-01
-3.120999999999999885e-01
-4.803000000000000047e-01
-6.905999999999999917e-01
2.616999999999999882e-01
1.880000000000000074e-02
-1.092000000000000054e-01
8.910000000000000142e-01
-9.023999999999999799e-01
-6.199999999999999782e-03
-1.683999999999999941e-01
3.433999999999999830e-01
-4.591000000000000081e-01
-8.500000000000000611e-02
5.090000000000000080e-02
-2.928999999999999937e-01
-1.953000000000000014e-01
-3.574999999999999845e-01
-2.933999999999999941e-01
-4.784999999999999809e-01
-2.272000000000000131e-01
-5.848999999999999755e-01
9.869999999999999885e-01
