-2.604000000000000203e-01
-3.196999999999999842e-01
-8.490999999999999659e-01
8.439999999999999725e-01
-3.595999999999999752e-01
7.163000000000000478e-01
-9.788999999999999924e-01
-1.069999999999999979e-01
-6.465999999999999526e-01
7.852000000000000091e-01
-6.203999999999999515e-01
5.170000000000000290e-02
-9.370000000000000551e-01
-7.557000000000000384e-01
-5.879999999999999671e-01
-9.193000000000000060e-01
-2.686000000000000054e-01
-6.366000000000000547e-01
4.516999999999999904e-01
-8.667000000000000259e-01
7.425000000000000488e-01
-8.266000000000000014e-01
-8.297999999999999821e-01
4.748999999999999888e-01
5.106000000000000538e-01
-4.067000000000000060e-01
-4.104999999999999760e-01
1.590000000000000094e-02
8.405000000000000249e-01
-7.570999999999999952e-01
-2.736999999999999988e-01
-7.228999999999999870e-01
7.754999999999999671e-01
1.597999999999999976e-01
-8.721999999999999753e-01
8.731999999999999762e-01
8.072000000000000286e-01
9.036999999999999478e-01
-7.116000000000000103e-01
-6.945999999999999952e-01
-2.528000000000000247e-01
8.999000000000000332e-01
4.976999999999999758e-01
6.163999999999999480e-01
-3.741999999999999771e-01
3.911999999999999922e-01
-8.060000000000000497e-02
-3.191999999999999837e-01
-8.491999999999999549e-01
-9.676000000000000156e-01
-7.870000000000000329e-01
4.541999999999999926e-01
2.773999999999999799e-01
6.155000000000000471e-01
-6.580000000000000293e-01
-1.500000000000000031e-03
-2.525999999999999912e-01
-6.686999999999999611e-01
4.567999999999999838e-01
2.645000000000000129e-01
7.122000000000000552e-01
-8.367999999999999883e-01
3.411000000000000143e-01
-6.207000000000000295e-01
-4.435000000000000053e-01
3.482999999999999985e-01
8.639000000000000012e-01
8.488999999999999879e-01
3.993999999999999773e-01
5.446999999999999620e-01
-9.546999999999999931e-01
6.745999999999999774e-01
3.640000000000000180e-02
-1.761000000000000065e-01
-8.287999999999999812e-01
3.103000000000000203e-01
2.132000000000000006e-01
-3.589999999999999858e-01
3.599999999999999901e-03
-2.787000000000000033e-01
1.400000000000000133e-01
-4.020000000000000240e-01
5.089000000000000190e-01
4.489000000000000212e-01
-1.205999999999999989e-01
8.410999999999999588e-01
-2.489000000000000101e-01
7.133000000000000451e-01
8.319999999999999618e-01
2.154000000000000081e-01
-1.111999999999999933e-01
3.260000000000000120e-01
3.146999999999999797e-01
-3.222999999999999754e-01
-6.241999999999999771e-01
-7.563999999999999613e-01
-4.929999999999999660e-02
-9.233000000000000096e-01
7.276000000000000245e-01
-8.629999999999999893e-01
-9.127999999999999448e-01
-4.834999999999999853e-01
-1.724999999999999867e-01
5.282000000000000028e-01
-4.144999999999999796e-01
-3.916999999999999926e-01
-6.213999999999999524e-01
4.504000000000000226e-01
-4.229999999999999732e-02
-9.474000000000000199e-01
3.911000000000000032e-01
-8.972999999999999865e-01
-3.980000000000000204e-02
-2.142000000000000015e-01
3.980000000000000204e-01
-4.469999999999999668e-02
7.296000000000000263e-01
3.098000000000000198e-01
2.709999999999999909e-02
1.899999999999999953e-02
7.247999999999999998e-01
6.995999999999999996e-01
-5.296999999999999487e-01
-4.198000000000000065e-01
6.371999999999999886e-01
9.999000000000000110e-01
2.469999999999999973e-01
-6.647999999999999465e-01
5.004999999999999449e-01
7.616000000000000547e-01
7.463999999999999524e-01
5.190000000000000169e-01
-7.540999999999999925e-01
-9.961999999999999744e-01
-1.380000000000000115e-01
4.242000000000000215e-01
6.267000000000000348e-01
4.959999999999999964e-01
4.390000000000000152e-02
1.178000000000000019e-01
-4.010000000000000231e-01
2.109000000000000041e-01
7.391999999999999682e-01
8.695000000000000506e-01
1.401999999999999913e-01
-1.274000000000000132e-01
9.838999999999999968e-01
-9.790000000000000091e-02
-1.194999999999999951e-01
-4.899999999999999842e-03
3.799000000000000155e-01
2.351000000000000034e-01
-9.520999999999999464e-01
