-8.840000000000000080e-01
-9.900000000000000813e-03
-4.040000000000000258e-01
-9.011000000000000121e-01
-8.574000000000000510e-01
8.319999999999999618e-02
-6.694999999999999840e-01
8.569999999999999840e-01
-8.166999999999999815e-01
1.071000000000000008e-01
-4.163999999999999924e-01
-5.973000000000000531e-01
9.439999999999999503e-01
-2.960000000000000131e-02
6.071999999999999620e-01
-7.851000000000000201e-01
5.280000000000000249e-01
-4.520000000000000129e-01
-5.943000000000000504e-01
-9.442000000000000393e-01
-1.754000000000000004e-01
5.502000000000000224e-01
4.870999999999999774e-01
6.062999999999999501e-01
-6.287000000000000366e-01
-9.950000000000000511e-02
6.180999999999999828e-01
-5.997999999999999998e-01
-7.832000000000000073e-01
-8.105999999999999872e-01
-9.489999999999999825e-02
1.827000000000000013e-01
-9.145999999999999686e-01
8.066999999999999726e-01
4.259000000000000008e-01
-4.249999999999999889e-01
-9.795000000000000373e-01
-2.499000000000000110e-01
-2.197000000000000064e-01
9.423000000000000265e-01
6.838999999999999524e-01
-1.955999999999999961e-01
8.477999999999999980e-01
7.951000000000000290e-01
2.786000000000000143e-01
-5.433000000000000052e-01
-7.584999999999999520e-01
8.018999999999999462e-01
2.009999999999999981e-02
9.266999999999999682e-01
-9.694000000000000394e-01
4.726000000000000201e-01
-9.596999999999999975e-01
3.272999999999999798e-01
9.666000000000000147e-01
-4.787000000000000144e-01
8.307999999999999829e-01
-9.544000000000000261e-01
-4.142000000000000126e-01
9.546999999999999931e-01
8.584000000000000519e-01
-4.899000000000000021e-01
-7.148999999999999799e-01
-1.068000000000000060e-01
-2.659999999999999865e-02
4.247000000000000219e-01
1.782999999999999863e-01
6.010999999999999677e-01
-6.420000000000000151e-01
-8.320999999999999508e-01
1.091000000000000025e-01
-6.170999999999999819e-01
-4.411999999999999811e-01
-3.553000000000000047e-01
4.058999999999999830e-01
8.434000000000000385e-01
5.954000000000000403e-01
8.934999999999999609e-01
-3.719999999999999973e-01
-3.230000000000000232e-02
-9.049000000000000377e-01
-6.788999999999999480e-01
4.035000000000000253e-01
-6.258000000000000229e-01
3.060999999999999832e-01
2.903000000000000025e-01
-5.419999999999999818e-02
-2.736000000000000099e-01
-6.331999999999999851e-01
-2.950999999999999734e-01
-5.826000000000000068e-01
5.694000000000000172e-01
9.473000000000000309e-01
6.866999999999999771e-01
7.806999999999999496e-01
5.376999999999999558e-01
9.906000000000000361e-01
1.237999999999999934e-01
-8.901000000000000023e-01
-8.854999999999999538e-01
5.100999999999999979e-01
4.760000000000000342e-02
8.485000000000000320e-01
5.103999999999999648e-01
3.593000000000000083e-01
4.749999999999999778e-01
8.854999999999999538e-01
6.542000000000000037e-01
9.886000000000000343e-01
7.251999999999999558e-01
3.225999999999999979e-01
7.860000000000000320e-01
8.296999999999999931e-01
-6.058999999999999941e-01
2.888999999999999901e-01
1.962000000000000133e-01
7.669000000000000261e-01
3.002000000000000224e-01
-5.020999999999999908e-01
5.445999999999999730e-01
9.819999999999999563e-02
-8.476000000000000201e-01
-8.874999999999999556e-01
-6.569999999999999452e-02
-9.836000000000000298e-01
-7.090999999999999526e-01
5.271000000000000130e-01
9.003999999999999782e-01
6.601000000000000201e-01
-2.686999999999999944e-01
2.091999999999999971e-01
2.867000000000000104e-01
8.451999999999999513e-01
2.253999999999999893e-01
8.546000000000000263e-01
1.113999999999999990e-01
1.544999999999999984e-01
5.223999999999999755e-01
-7.957999999999999519e-01
7.461999999999999744e-01
4.842000000000000193e-01
-4.420000000000000040e-01
-7.271999999999999575e-01
-9.072000000000000064e-01
-1.669999999999999957e-02
-1.229999999999999982e-01
-7.620000000000000384e-02
8.659999999999999920e-01
-3.282999999999999807e-01
3.020000000000000115e-02
-6.226000000000000423e-01
4.702000000000000068e-01
-8.307999999999999829e-01
