8.468999999999999861e-01
-1.655999999999999972e-01
-9.549999999999999600e-01
-4.240000000000000019e-02
3.958999999999999742e-01
-7.359999999999999876e-01
-7.036000000000000032e-01
-4.907000000000000250e-01
-4.242000000000000215e-01
-8.660999999999999810e-01
-3.849000000000000199e-01
2.702999999999999847e-01
2.441000000000000114e-01
8.343000000000000416e-01
-2.033000000000000085e-01
1.770000000000000046e-02
-4.724999999999999756e-01
-2.558000000000000274e-01
9.137999999999999456e-01
-3.487000000000000099e-01
-5.941999999999999504e-01
-2.626000000000000001e-01
2.034999999999999865e-01
-8.453000000000000513e-01
-2.979999999999999871e-01
-6.306000000000000494e-01
-3.469999999999999751e-01
-4.909000000000000030e-01
5.153999999999999693e-01
9.012999999999999901e-01
6.663999999999999924e-01
5.775000000000000133e-01
-2.560000000000000123e-02
9.345999999999999863e-01
-6.440000000000000169e-01
6.071999999999999620e-01
1.862000000000000044e-01
7.490999999999999881e-01
-5.091999999999999860e-01
-3.210000000000000075e-01
-4.951999999999999735e-01
7.887999999999999456e-01
-7.070999999999999508e-01
5.542000000000000259e-01
4.652000000000000024e-01
-9.711999999999999522e-01
-3.059999999999999873e-02
-9.917000000000000259e-01
3.035999999999999810e-01
7.387000000000000233e-01
-1.129000000000000004e-01
-9.747000000000000108e-01
3.276000000000000023e-01
-7.350999999999999757e-01
-3.210000000000000075e-01
1.110000000000000014e-01
9.788999999999999924e-01
9.261000000000000343e-01
-6.011999999999999567e-01
-3.003000000000000114e-01
6.744999999999999885e-01
-2.612999999999999767e-01
-9.992999999999999661e-01
4.600000000000000200e-01
-4.591999999999999971e-01
-7.513999999999999568e-01
-3.220999999999999974e-01
-7.668000000000000371e-01
-3.205000000000000071e-01
-6.844999999999999973e-01
1.696000000000000008e-01
-5.089000000000000190e-01
-6.625999999999999668e-01
-8.546000000000000263e-01
-4.990999999999999881e-01
-7.886999999999999567e-01
9.219000000000000528e-01
-3.499999999999999778e-01
-5.960000000000000020e-02
-8.931000000000000050e-01
-9.477999999999999758e-01
2.577999999999999736e-01
9.420000000000000595e-02
-5.906000000000000139e-01
-6.344999999999999529e-01
7.354000000000000536e-01
7.976999999999999647e-01
-5.884000000000000341e-01
-1.711999999999999911e-01
-9.082999999999999963e-01
-3.160999999999999921e-01
-6.250000000000000000e-01
3.129000000000000115e-01
1.359999999999999924e-02
-7.421999999999999709e-01
4.779999999999999805e-01
1.499999999999999944e-02
-9.741999999999999549e-01
-7.029999999999999583e-01
-2.306999999999999884e-01
-3.194000000000000172e-01
-5.712000000000000410e-01
9.610000000000000486e-02
-9.002999999999999892e-01
7.309999999999999831e-01
7.829999999999999460e-02
-5.027000000000000357e-01
2.570000000000000062e-02
-5.856000000000000094e-01
7.924999999999999822e-01
-2.863999999999999879e-01
-4.818999999999999950e-01
9.068000000000000504e-01
-2.268999999999999906e-01
6.280999999999999917e-01
-9.645000000000000240e-01
-5.951999999999999513e-01
5.595999999999999863e-01
-2.127999999999999892e-01
7.973999999999999977e-01
-1.441000000000000059e-01
-5.765000000000000124e-01
-5.713000000000000300e-01
-5.820999999999999508e-01
-2.474999999999999978e-01
-6.619999999999999496e-02
1.058000000000000052e-01
-9.333000000000000185e-01
8.046999999999999709e-01
3.640000000000000180e-02
8.529999999999999805e-01
-6.069999999999999701e-02
4.445999999999999952e-01
-6.869999999999999718e-02
-6.582999999999999963e-01
-4.032000000000000028e-01
6.812000000000000277e-01
-8.413000000000000478e-01
3.074000000000000066e-01
-4.955999999999999850e-01
-1.145000000000000046e-01
-2.524000000000000132e-01
7.684999999999999609e-01
9.437999999999999723e-01
4.043999999999999817e-01
-5.463000000000000078e-01
-4.340999999999999859e-01
-4.102999999999999980e-01
4.480000000000000093e-01
2.295000000000000095e-01
9.439999999999999503e-01
-5.090000000000000080e-02
-6.824999999999999956e-01
