-3.592000000000000193e-01
7.983000000000000096e-01
7.897999999999999465e-01
-6.919999999999999762e-02
6.627999999999999448e-01
-2.659000000000000252e-01
2.755000000000000226e-01
-4.076000000000000179e-01
2.908000000000000029e-01
-5.527999999999999581e-01
-2.232999999999999985e-01
-6.484999999999999654e-01
1.029000000000000054e-01
-7.816999999999999504e-01
2.639999999999999986e-02
-7.106000000000000094e-01
6.433999999999999719e-01
-7.691000000000000059e-01
-2.534000000000000141e-01
2.858999999999999875e-01
3.366000000000000103e-01
-1.706999999999999906e-01
-6.813000000000000167e-01
-8.051000000000000378e-01
-5.182999999999999829e-01
-5.377999999999999448e-01
-7.472999999999999643e-01
2.069000000000000006e-01
-5.539999999999999786e-02
-4.626000000000000112e-01
-7.188999999999999835e-01
9.293000000000000149e-01
-5.018000000000000238e-01
-6.581000000000000183e-01
3.885000000000000120e-01
5.276999999999999469e-01
-4.863000000000000100e-01
-7.213000000000000522e-01
5.090000000000000080e-02
1.915999999999999925e-01
-8.242000000000000437e-01
7.319999999999999840e-01
-9.616000000000000103e-01
4.157000000000000139e-01
-3.192999999999999727e-01
2.064999999999999891e-01
-3.448999999999999844e-01
8.703999999999999515e-01
-2.036999999999999922e-01
2.570000000000000062e-01
6.018999999999999906e-01
-6.821000000000000396e-01
3.462999999999999967e-01
-6.435999999999999499e-01
4.771000000000000241e-01
3.598999999999999977e-01
3.259999999999999704e-02
-3.481000000000000205e-01
4.853999999999999981e-01
-5.272000000000000020e-01
-8.380999999999999561e-01
-6.400000000000000133e-02
-9.657999999999999918e-01
7.836999999999999522e-01
8.651999999999999691e-01
1.713999999999999968e-01
-2.167000000000000037e-01
5.036000000000000476e-01
6.801000000000000378e-01
3.204000000000000181e-01
8.899000000000000243e-01
9.572000000000000508e-01
-4.859999999999999737e-02
7.858000000000000540e-01
-6.693999999999999950e-01
-9.357999999999999652e-01
-5.406999999999999584e-01
7.974999999999999867e-01
-6.276000000000000467e-01
-4.436999999999999833e-01
-3.507000000000000117e-01
6.834999999999999964e-01
-4.082000000000000073e-01
4.560000000000000164e-01
4.998000000000000220e-01
8.353000000000000425e-01
4.502999999999999781e-01
-3.543999999999999928e-01
3.910000000000000281e-02
7.590000000000000080e-01
-8.400000000000000522e-02
7.002000000000000446e-01
8.909000000000000252e-01
-8.101000000000000423e-01
8.185000000000000053e-01
-8.763999999999999568e-01
4.238999999999999990e-01
9.737000000000000099e-01
-3.869999999999999829e-02
-3.311000000000000054e-01
4.813000000000000056e-01
2.827000000000000068e-01
9.687000000000000055e-01
4.274000000000000021e-01
1.741999999999999937e-01
-9.568999999999999728e-01
-8.111000000000000432e-01
-5.212999999999999856e-01
-7.388000000000000123e-01
8.840999999999999970e-01
3.740999999999999881e-01
-2.772999999999999909e-01
5.439000000000000501e-01
-2.033999999999999975e-01
3.713000000000000189e-01
6.766999999999999682e-01
1.494000000000000050e-01
-7.418000000000000149e-01
-3.523999999999999910e-01
8.466000000000000192e-01
1.233000000000000068e-01
-6.079999999999999849e-01
8.605000000000000426e-01
2.074999999999999900e-01
2.550999999999999934e-01
6.381999999999999895e-01
5.299999999999999850e-02
5.577999999999999625e-01
-7.389999999999999902e-01
8.500000000000000611e-02
1.441000000000000059e-01
-1.652000000000000135e-01
2.444999999999999951e-01
9.818999999999999950e-01
3.042000000000000259e-01
1.444999999999999896e-01
-6.938999999999999613e-01
4.639999999999999680e-02
-8.365000000000000213e-01
8.641999999999999682e-01
-3.286999999999999922e-01
-3.822999999999999732e-01
-7.871000000000000218e-01
8.252000000000000446e-01
6.095000000000000417e-01
6.129999999999999893e-01
-7.166000000000000147e-01
7.791000000000000147e-01
-3.622000000000000219e-01
-3.004999999999999893e-01
6.760000000000000453e-01
-7.277000000000000135e-01
1.980000000000000163e-02
