7.795999999999999597e-01
-3.075999999999999845e-01
9.690000000000000002e-02
-3.962999999999999856e-01
4.047000000000000042e-01
-9.366999999999999771e-01
-3.783000000000000251e-01
-6.441000000000000059e-01
6.806999999999999718e-01
4.809999999999999831e-01
-4.777000000000000135e-01
9.787000000000000144e-01
-2.685000000000000164e-01
-2.454000000000000070e-01
-6.152999999999999581e-01
-6.739000000000000545e-01
1.242999999999999938e-01
7.389000000000000012e-01
-2.945999999999999730e-01
-2.215999999999999914e-01
8.907000000000000473e-01
-6.281999999999999806e-01
9.879000000000000004e-01
2.058000000000000107e-01
6.884000000000000119e-01
-3.144000000000000128e-01
-1.287000000000000088e-01
7.080999999999999517e-01
-4.103999999999999870e-01
9.247999999999999554e-01
-9.879999999999999893e-02
-8.219999999999999529e-02
-3.735999999999999877e-01
4.988000000000000211e-01
2.529999999999999957e-02
7.320999999999999730e-01
-3.614999999999999880e-01
-4.401999999999999802e-01
-8.330999999999999517e-01
4.855999999999999761e-01
3.300000000000000155e-02
-4.076000000000000179e-01
-6.260000000000000286e-02
4.032000000000000028e-01
-8.849999999999999534e-02
-6.711000000000000298e-01
-2.018000000000000071e-01
8.024999999999999911e-01
-9.345999999999999863e-01
-1.262000000000000066e-01
7.710000000000000187e-01
9.620999999999999552e-01
-1.047000000000000014e-01
6.449000000000000288e-01
-8.169999999999999485e-02
-5.580000000000000515e-01
4.356999999999999762e-01
-2.388000000000000123e-01
-3.478999999999999870e-01
1.194000000000000061e-01
1.776000000000000079e-01
6.004000000000000448e-01
-9.677000000000000046e-01
5.619999999999999996e-02
-8.792999999999999705e-01
3.180999999999999939e-01
-7.927999999999999492e-01
7.147000000000000020e-01
5.607999999999999652e-01
9.411000000000000476e-01
-6.938999999999999613e-01
-1.118999999999999995e-01
-9.872999999999999554e-01
-1.582000000000000073e-01
-1.955999999999999961e-01
5.011999999999999789e-01
6.469999999999999363e-02
-2.911000000000000254e-01
3.309999999999999748e-02
-4.817000000000000171e-01
-8.601999999999999647e-01
6.816999999999999726e-01
2.857999999999999985e-01
-6.581000000000000183e-01
-6.366000000000000547e-01
-9.100000000000000311e-01
6.155000000000000471e-01
-1.744999999999999885e-01
-1.864000000000000101e-01
-6.320999999999999952e-01
-7.065000000000000169e-01
-9.903999999999999471e-01
-9.101000000000000201e-01
-9.488999999999999657e-01
9.745000000000000329e-01
3.507000000000000117e-01
-8.516000000000000236e-01
6.569000000000000394e-01
-2.046000000000000041e-01
6.727999999999999536e-01
1.456000000000000072e-01
-1.373999999999999944e-01
-2.984999999999999876e-01
-5.909999999999999698e-01
7.280999999999999694e-01
2.699999999999999969e-02
4.158000000000000029e-01
2.457000000000000017e-01
4.873000000000000109e-01
-6.124000000000000554e-01
6.327000000000000401e-01
-4.912000000000000255e-01
-3.440000000000000002e-02
-5.832000000000000517e-01
6.959999999999999520e-01
-6.171999999999999709e-01
2.449000000000000066e-01
4.823999999999999955e-01
3.472000000000000086e-01
-2.001000000000000001e-01
-1.068999999999999950e-01
-7.763999999999999790e-01
-7.007999999999999785e-01
-2.058999999999999997e-01
-7.669000000000000261e-01
-5.332000000000000073e-01
4.830999999999999739e-01
-1.486999999999999988e-01
-2.346999999999999920e-01
5.825000000000000178e-01
8.062000000000000277e-01
5.379000000000000448e-01
8.910000000000000142e-01
-8.390999999999999570e-01
9.868000000000000105e-01
-1.224999999999999978e-01
7.829000000000000403e-01
-4.299999999999999656e-02
9.123999999999999888e-01
-8.110000000000000542e-02
1.836000000000000132e-01
-5.242999999999999883e-01
-8.965999999999999526e-01
6.750000000000000444e-01
-4.040000000000000258e-01
5.725999999999999979e-01
7.586000000000000520e-01
1.539999999999999980e-01
3.135999999999999899e-01
4.193000000000000060e-01
-3.524999999999999800e-01
7.092000000000000526e-01
-5.161000000000000032e-01
