1.267999999999999960e-01
1.418000000000000094e-01
6.591000000000000192e-01
-8.536000000000000254e-01
-8.300000000000000433e-02
-3.761999999999999789e-01
5.890000000000000097e-02
-8.405000000000000249e-01
-5.746999999999999886e-01
4.229999999999999871e-01
4.753000000000000003e-01
-7.191999999999999504e-01
2.391000000000000070e-01
1.817000000000000004e-01
-1.522999999999999909e-01
-7.843999999999999861e-01
9.536999999999999922e-01
-5.989999999999999769e-01
7.300999999999999712e-01
-1.026999999999999996e-01
-4.097000000000000086e-01
8.419999999999999707e-02
1.521000000000000130e-01
-4.470999999999999974e-01
-5.585999999999999854e-01
-8.437000000000000055e-01
4.441999999999999837e-01
2.038000000000000089e-01
5.941999999999999504e-01
-3.135999999999999899e-01
3.476000000000000201e-01
3.895000000000000129e-01
1.250000000000000000e-01
4.410000000000000031e-02
1.585000000000000020e-01
4.893000000000000127e-01
-5.173999999999999710e-01
7.086999999999999966e-01
-9.527999999999999803e-01
4.153999999999999915e-01
6.598000000000000531e-01
-3.190000000000000058e-01
-9.653000000000000469e-01
4.597999999999999865e-01
4.964000000000000079e-01
-5.021999999999999797e-01
-1.350999999999999979e-01
5.891999999999999460e-01
-7.530000000000000027e-01
6.493999999999999773e-01
3.496000000000000218e-01
5.443999999999999950e-01
-6.500000000000000222e-02
7.492999999999999661e-01
-8.447000000000000064e-01
-4.783000000000000029e-01
-9.263000000000000123e-01
-1.242000000000000048e-01
5.506999999999999673e-01
8.103000000000000203e-01
1.955999999999999961e-01
-9.694000000000000394e-01
-9.805000000000000382e-01
-7.234000000000000430e-01
5.780999999999999472e-01
-9.727999999999999980e-01
7.870000000000000329e-01
3.785999999999999921e-01
6.898999999999999577e-01
-7.570000000000000062e-01
-6.387000000000000455e-01
7.708000000000000407e-01
-7.009999999999999565e-01
3.279000000000000248e-01
-6.846999999999999753e-01
-7.700000000000000178e-01
1.416000000000000036e-01
-8.091000000000000414e-01
-7.493999999999999551e-01
-4.809999999999999831e-01
-1.282999999999999974e-01
-5.665000000000000036e-01
8.303000000000000380e-01
6.704999999999999849e-01
-8.496000000000000218e-01
-9.929999999999999938e-01
2.000000000000000042e-03
-2.944999999999999840e-01
-2.756000000000000116e-01
-5.263999999999999790e-01
-2.799999999999999972e-03
-3.654999999999999916e-01
2.900000000000000147e-02
3.600999999999999757e-01
-5.914000000000000368e-01
2.716999999999999971e-01
-9.125999999999999668e-01
5.652000000000000357e-01
5.624000000000000110e-01
-8.562999999999999501e-01
-5.019000000000000128e-01
3.004000000000000004e-01
5.066000000000000503e-01
7.104000000000000314e-01
-6.457000000000000517e-01
4.771000000000000241e-01
-9.908000000000000140e-01
7.890000000000000346e-01
2.785000000000000253e-01
1.643000000000000016e-01
-4.716000000000000192e-01
-7.993999999999999995e-01
-1.509999999999999953e-01
-9.991999999999999771e-01
-4.966999999999999749e-01
-2.505000000000000004e-01
-9.825000000000000400e-01
7.643999999999999684e-01
-4.899999999999999911e-01
-7.906999999999999584e-01
9.356999999999999762e-01
-1.510000000000000057e-02
-2.122999999999999887e-01
-3.296999999999999931e-01
-3.839000000000000190e-01
-7.465000000000000524e-01
8.437999999999999945e-01
2.290000000000000022e-02
2.467999999999999916e-01
-9.868999999999999995e-01
6.653999999999999915e-01
-4.409000000000000141e-01
8.997000000000000552e-01
-4.534000000000000252e-01
3.810000000000000192e-02
-5.260000000000000231e-01
3.482999999999999985e-01
-2.157000000000000028e-01
8.144000000000000128e-01
-6.052999999999999492e-01
1.781000000000000083e-01
9.212000000000000188e-01
-5.067000000000000393e-01
-8.286999999999999922e-01
5.844000000000000306e-01
-3.582000000000000184e-01
4.737000000000000099e-01
-5.915000000000000258e-01
-9.100000000000000311e-01
2.913999999999999924e-01
-2.849999999999999756e-01
5.091999999999999860e-01
-2.869999999999999982e-02
