1.118999999999999995e-01
1.093999999999999972e-01
1.852000000000000035e-01
-6.539999999999999980e-02
-8.114999999999999991e-01
-9.411000000000000476e-01
1.147999999999999993e-01
3.508000000000000007e-01
5.899999999999999689e-02
-4.635000000000000231e-01
9.795000000000000373e-01
5.493000000000000105e-01
3.508000000000000007e-01
4.067999999999999949e-01
3.924000000000000266e-01
5.435999999999999721e-01
7.603999999999999648e-01
8.395000000000000240e-01
-3.225999999999999979e-01
7.534999999999999476e-01
1.729999999999999941e-02
4.999000000000000110e-01
-8.177999999999999714e-01
-8.803999999999999604e-01
-2.867999999999999994e-01
9.959000000000000075e-01
-3.382999999999999896e-01
-5.599999999999999943e-03
5.564000000000000057e-01
-2.126000000000000112e-01
-3.610999999999999766e-01
7.805999999999999606e-01
-8.506000000000000227e-01
1.837999999999999912e-01
-7.874999999999999778e-01
-9.871999999999999664e-01
-7.812000000000000055e-01
-4.879000000000000004e-01
4.222000000000000197e-01
-3.736999999999999766e-01
-3.479999999999999760e-02
-6.730000000000000426e-01
5.078000000000000291e-01
8.483000000000000540e-01
7.298000000000000043e-01
3.819999999999999785e-02
3.696999999999999731e-01
2.510000000000000078e-02
9.529999999999999583e-01
5.850999999999999535e-01
-1.000000000000000048e-04
2.101999999999999980e-01
-5.116000000000000547e-01
-3.150999999999999912e-01
5.736999999999999877e-01
-2.866000000000000214e-01
-2.899999999999999800e-03
-8.899000000000000243e-01
-8.399999999999999689e-01
-6.701000000000000290e-01
8.626000000000000334e-01
5.679999999999999494e-01
-6.794000000000000039e-01
1.203000000000000042e-01
-7.335000000000000409e-01
-8.614000000000000545e-01
1.116000000000000048e-01
3.930000000000000160e-01
-6.119999999999999746e-02
6.941000000000000503e-01
1.670000000000000095e-01
3.791999999999999815e-01
2.964999999999999858e-01
7.800000000000000266e-01
-5.847999999999999865e-01
-3.996999999999999997e-01
9.852999999999999536e-01
-7.033000000000000362e-01
-7.290999999999999703e-01
8.179999999999999494e-01
1.140000000000000041e-02
3.839999999999999664e-02
-3.655999999999999805e-01
2.434999999999999942e-01
3.541000000000000258e-01
-4.395999999999999908e-01
-3.103000000000000203e-01
8.495000000000000329e-01
4.159999999999999809e-02
-2.248999999999999888e-01
8.474000000000000421e-01
2.167000000000000037e-01
-4.369000000000000106e-01
-7.119999999999999940e-02
-5.613000000000000211e-01
6.733999999999999986e-01
-3.574999999999999845e-01
-6.189000000000000057e-01
4.179999999999999688e-02
9.337999999999999634e-01
9.614000000000000323e-01
-9.127999999999999448e-01
4.630000000000000226e-01
-4.233999999999999986e-01
7.758000000000000451e-01
-3.755000000000000004e-01
5.419000000000000483e-01
2.907000000000000139e-01
6.737999999999999545e-01
9.018000000000000460e-01
1.476000000000000090e-01
-2.051999999999999935e-01
5.326999999999999513e-01
2.248999999999999888e-01
-2.884999999999999787e-01
4.970999999999999863e-01
3.131999999999999784e-01
-6.261999999999999789e-01
4.890999999999999792e-01
4.386999999999999789e-01
9.707999999999999963e-01
-2.071000000000000063e-01
9.940000000000000224e-02
-5.443000000000000060e-01
3.187999999999999723e-01
-7.178999999999999826e-01
7.106999999999999984e-01
4.250000000000000305e-02
-1.862999999999999934e-01
-6.841000000000000414e-01
-5.305999999999999606e-01
2.217999999999999972e-01
1.514999999999999958e-01
-6.189999999999999669e-02
8.174000000000000155e-01
6.913000000000000256e-01
7.755999999999999561e-01
6.576999999999999513e-01
-4.229999999999999732e-02
-5.241000000000000103e-01
7.599999999999999985e-03
-4.238000000000000100e-01
4.083999999999999853e-01
5.728999999999999648e-01
6.919999999999999485e-01
9.751999999999999558e-01
-3.679999999999999938e-02
-7.490999999999999881e-01
8.859000000000000208e-01
-8.173000000000000265e-01
2.878000000000000003e-01
-1.680999999999999994e-01
-3.130999999999999894e-01
