9.713000000000000522e-01
6.880000000000000004e-02
-4.189999999999999836e-01
-9.276999999999999691e-01
5.692000000000000393e-01
3.109999999999999917e-02
6.300000000000000044e-01
-3.931999999999999940e-01
-4.098999999999999866e-01
5.664000000000000146e-01
8.939000000000000279e-01
8.675000000000000488e-01
-4.230999999999999761e-01
-8.327999999999999847e-01
8.516000000000000236e-01
-2.093000000000000138e-01
1.233000000000000068e-01
-5.299000000000000377e-01
-2.856000000000000205e-01
-1.100000000000000006e-01
-9.700000000000000289e-03
-1.283999999999999864e-01
-8.066999999999999726e-01
1.973999999999999921e-01
-3.511000000000000232e-01
-1.887999999999999956e-01
-7.959000000000000519e-01
-8.487999999999999989e-01
4.146000000000000241e-01
-2.982000000000000206e-01
9.104999999999999760e-01
-2.708999999999999742e-01
9.211000000000000298e-01
4.945999999999999841e-01
-6.588000000000000522e-01
-6.550000000000000266e-02
-7.278000000000000025e-01
-3.244000000000000217e-01
3.109000000000000097e-01
6.352999999999999758e-01
-8.897000000000000464e-01
6.024000000000000465e-01
-5.641000000000000458e-01
-3.315000000000000169e-01
6.478000000000000425e-01
6.046000000000000263e-01
-3.649999999999999911e-01
7.043000000000000371e-01
2.620999999999999996e-01
5.665000000000000036e-01
-2.450000000000000094e-02
9.836000000000000298e-01
-9.885000000000000453e-01
-7.695999999999999508e-01
9.062000000000000055e-01
2.565999999999999948e-01
7.367000000000000215e-01
2.341999999999999915e-01
-4.159999999999999809e-02
7.311999999999999611e-01
-2.116000000000000103e-01
9.836000000000000298e-01
-3.094000000000000083e-01
-7.964999999999999858e-01
1.159999999999999920e-02
8.850000000000000089e-01
-3.242999999999999772e-01
1.537999999999999923e-01
-7.187999999999999945e-01
5.694000000000000172e-01
2.597999999999999754e-01
-7.348000000000000087e-01
8.909000000000000252e-01
8.419999999999999707e-02
5.646999999999999797e-01
-4.551999999999999935e-01
-1.327000000000000124e-01
-7.982000000000000206e-01
-4.657000000000000028e-01
-2.467000000000000026e-01
-6.520000000000000240e-01
-8.116999999999999771e-01
-8.265000000000000124e-01
-1.229999999999999982e-01
-5.431000000000000272e-01
8.852999999999999758e-01
-7.720000000000000473e-02
8.532999999999999474e-01
1.461999999999999966e-01
-5.436999999999999611e-01
9.805000000000000382e-01
-6.077000000000000179e-01
3.169000000000000150e-01
6.550000000000000266e-01
6.087000000000000188e-01
-6.854000000000000092e-01
6.945000000000000062e-01
3.805000000000000049e-01
6.346000000000000529e-01
-4.233999999999999986e-01
8.811999999999999833e-01
6.162999999999999590e-01
9.902999999999999581e-01
5.790999999999999481e-01
1.660000000000000017e-02
-8.605000000000000426e-01
-5.935000000000000275e-01
1.190999999999999975e-01
-5.672000000000000375e-01
-7.325000000000000400e-01
4.056000000000000161e-01
3.085999999999999854e-01
2.121000000000000107e-01
-2.544000000000000150e-01
-6.594999999999999751e-01
-9.871999999999999664e-01
5.124999999999999556e-01
6.876999999999999780e-01
-8.126999999999999780e-01
-4.100000000000000346e-03
3.044000000000000039e-01
-2.449999999999999956e-01
-4.711000000000000187e-01
-3.484999999999999765e-01
-1.411000000000000032e-01
-8.750999999999999890e-01
-1.132999999999999979e-01
1.781999999999999973e-01
1.229999999999999982e-01
9.506999999999999895e-01
8.417999999999999927e-01
3.286000000000000032e-01
5.217000000000000526e-01
1.183000000000000024e-01
-7.759000000000000341e-01
4.658999999999999808e-01
-7.339999999999999858e-01
-7.423999999999999488e-01
-4.591999999999999971e-01
-3.037000000000000255e-01
5.412000000000000144e-01
-9.098000000000000531e-01
4.102000000000000091e-01
8.546000000000000263e-01
-8.137999999999999678e-01
2.396000000000000074e-01
-1.971999999999999864e-01
-2.988999999999999990e-01
4.880999999999999783e-01
-8.689000000000000057e-01
5.178000000000000380e-01
5.662000000000000366e-01
4.756000000000000227e-01
