-1.701999999999999902e-01
9.092000000000000082e-01
7.453999999999999515e-01
-7.762999999999999901e-01
-3.735999999999999877e-01
4.308000000000000163e-01
-1.259000000000000119e-01
-5.210000000000000187e-01
-8.949999999999999623e-02
-6.084000000000000519e-01
3.494999999999999774e-01
-5.397999999999999465e-01
2.869999999999999774e-01
4.514000000000000234e-01
-4.209999999999999853e-01
6.744999999999999885e-01
-7.149999999999999689e-01
-4.830000000000000265e-02
7.059999999999999609e-01
-6.773000000000000131e-01
-9.919000000000000039e-01
-2.712999999999999856e-01
-9.083999999999999853e-01
1.852999999999999925e-01
-7.176000000000000156e-01
-5.334999999999999742e-01
1.383999999999999952e-01
5.559999999999999665e-02
-1.739999999999999880e-01
5.144999999999999574e-01
7.705999999999999517e-01
-7.692999999999999838e-01
3.951000000000000068e-01
4.971999999999999753e-01
-1.433999999999999997e-01
-1.526000000000000134e-01
1.895999999999999908e-01
8.300000000000000433e-02
-7.671000000000000041e-01
6.300000000000000044e-02
-4.454000000000000181e-01
9.325999999999999845e-01
-4.272000000000000242e-01
5.390000000000000346e-01
-9.352000000000000313e-01
2.184999999999999998e-01
6.246000000000000441e-01
4.945999999999999841e-01
1.685000000000000109e-01
-2.988000000000000100e-01
2.064999999999999891e-01
3.205000000000000071e-01
-5.722000000000000419e-01
3.000999999999999779e-01
8.080000000000000515e-01
-2.726999999999999980e-01
-6.897999999999999687e-01
1.001999999999999974e-01
1.753000000000000114e-01
5.031999999999999806e-01
-2.558000000000000274e-01
2.958000000000000074e-01
-3.584999999999999853e-01
-9.962999999999999634e-01
-7.723999999999999755e-01
-8.522999999999999465e-01
7.563999999999999613e-01
8.042000000000000259e-01
-2.612999999999999767e-01
-4.232000000000000206e-01
2.575000000000000067e-01
-8.776000000000000467e-01
-1.068000000000000060e-01
-4.570000000000000173e-01
-4.111000000000000210e-01
6.854000000000000092e-01
5.103999999999999648e-01
2.913000000000000034e-01
7.699000000000000288e-01
6.679999999999999827e-02
4.087999999999999967e-01
-6.228000000000000203e-01
-3.209999999999999659e-02
7.862999999999999989e-01
4.399999999999999745e-02
-8.999999999999999754e-04
4.808999999999999941e-01
-6.570000000000000284e-01
-3.985000000000000209e-01
-4.662999999999999923e-01
8.236999999999999877e-01
-8.500000000000000611e-02
6.167000000000000259e-01
5.082999999999999741e-01
-4.445000000000000062e-01
8.665000000000000480e-01
7.193000000000000504e-01
-4.395999999999999908e-01
5.705999999999999961e-01
-3.004000000000000004e-01
5.189000000000000279e-01
1.542000000000000037e-01
-5.873000000000000442e-01
8.773999999999999577e-01
-1.512999999999999901e-01
1.426000000000000045e-01
1.140000000000000041e-02
-9.880999999999999783e-01
-3.180999999999999939e-01
-4.854999999999999871e-01
2.940999999999999726e-01
2.514000000000000123e-01
8.114000000000000101e-01
4.214999999999999858e-01
8.171000000000000485e-01
9.099999999999999756e-02
-7.020999999999999464e-01
6.022999999999999465e-01
6.814000000000000057e-01
3.131999999999999784e-01
-8.256999999999999895e-01
-9.247999999999999554e-01
3.889000000000000234e-01
-7.174000000000000377e-01
1.313000000000000000e-01
1.285000000000000031e-01
-9.608999999999999764e-01
-8.490000000000000324e-02
2.755000000000000226e-01
-7.461999999999999744e-01
-5.795000000000000151e-01
1.119999999999999989e-02
7.471999999999999753e-01
1.340999999999999970e-01
1.340999999999999970e-01
-5.499999999999999681e-03
-7.499999999999999722e-02
2.489999999999999852e-02
8.196999999999999842e-01
-8.328999999999999737e-01
-2.993999999999999995e-01
-7.347000000000000197e-01
-1.302000000000000102e-01
-9.574000000000000288e-01
3.877999999999999781e-01
-6.971000000000000529e-01
-1.217000000000000026e-01
9.919000000000000039e-01
5.249999999999999806e-02
-3.869999999999999829e-02
8.738000000000000211e-01
-4.259999999999999898e-02
3.687000000000000277e-01
