-9.364999999999999991e-01
5.524999999999999911e-01
-3.951999999999999957e-01
-6.847999999999999643e-01
-5.159000000000000252e-01
-8.282000000000000473e-01
6.751000000000000334e-01
-3.729000000000000092e-01
6.670000000000000373e-01
-1.170999999999999958e-01
9.256999999999999673e-01
7.694999999999999618e-01
-7.338999999999999968e-01
-9.750999999999999668e-01
9.467999999999999750e-01
-6.137000000000000233e-01
1.456000000000000072e-01
-9.278999999999999471e-01
-6.096000000000000307e-01
9.411000000000000476e-01
-8.441999999999999504e-01
-2.899999999999999800e-01
-1.199999999999999956e-01
-4.994999999999999996e-01
8.477000000000000091e-01
6.190999999999999837e-01
-8.209999999999999520e-01
5.403999999999999915e-01
1.023000000000000020e-01
2.807999999999999940e-01
6.351999999999999869e-01
-2.510000000000000078e-02
-5.609999999999999709e-02
-8.459999999999999465e-02
2.480999999999999872e-01
7.026000000000000023e-01
-1.822000000000000008e-01
4.552999999999999825e-01
-7.044000000000000261e-01
-1.433999999999999997e-01
7.873999999999999888e-01
2.574000000000000177e-01
-9.102000000000000091e-01
-9.828000000000000069e-01
-6.974000000000000199e-01
4.080000000000000293e-02
5.991999999999999549e-01
7.328000000000000069e-01
8.333000000000000407e-01
4.961999999999999744e-01
-6.058999999999999941e-01
-8.820999999999999952e-01
-4.732999999999999985e-01
4.839999999999999858e-01
2.369999999999999885e-02
-5.241000000000000103e-01
-3.317999999999999838e-01
-7.045000000000000151e-01
1.147999999999999993e-01
2.112999999999999878e-01
2.949999999999999845e-01
-5.967999999999999972e-01
1.666999999999999871e-01
8.343000000000000416e-01
-2.888999999999999901e-01
1.885999999999999899e-01
-7.979999999999999594e-02
-6.138000000000000123e-01
4.660000000000000253e-02
5.207000000000000517e-01
1.230000000000000017e-02
2.792999999999999927e-01
-5.806000000000000050e-01
1.900999999999999912e-01
-3.706999999999999740e-01
-2.472000000000000031e-01
1.947000000000000119e-01
-3.543999999999999928e-01
3.598999999999999977e-01
6.091999999999999638e-01
4.561999999999999944e-01
4.199999999999999845e-01
-4.670000000000000262e-01
-2.823999999999999844e-01
-7.838000000000000522e-01
-2.110000000000000070e-02
7.859000000000000430e-01
-4.031000000000000139e-01
4.754999999999999782e-01
7.500000000000000000e-01
9.546000000000000041e-01
-6.272999999999999687e-01
6.857999999999999652e-01
6.821000000000000396e-01
-4.542999999999999816e-01
4.915999999999999814e-01
4.904000000000000026e-01
-2.584000000000000186e-01
9.343000000000000194e-01
2.993999999999999995e-01
4.481999999999999873e-01
-7.560000000000000053e-01
-6.136000000000000343e-01
6.021999999999999575e-01
7.550000000000000044e-01
5.349000000000000421e-01
2.790000000000000258e-01
7.573999999999999622e-01
-6.914000000000000146e-01
7.724999999999999645e-01
-5.813000000000000389e-01
5.019000000000000128e-01
7.594999999999999529e-01
7.009999999999999565e-02
8.418999999999999817e-01
-6.199999999999999782e-03
-5.211000000000000076e-01
4.026000000000000134e-01
2.235999999999999932e-01
-2.570000000000000062e-01
-2.174000000000000099e-01
-9.546999999999999931e-01
-3.615999999999999770e-01
4.213000000000000078e-01
-9.717999999999999972e-01
3.689000000000000057e-01
-2.812999999999999945e-01
8.306999999999999940e-01
-4.062999999999999945e-01
-5.117000000000000437e-01
-6.887999999999999678e-01
-4.139999999999999791e-01
3.694999999999999951e-01
8.676000000000000378e-01
-5.430000000000000382e-01
7.879999999999999505e-02
-9.582000000000000517e-01
-7.930000000000000382e-01
3.946000000000000063e-01
-5.881999999999999451e-01
-4.018999999999999795e-01
9.162000000000000144e-01
-5.897000000000000020e-01
5.395999999999999686e-01
-5.054999999999999494e-01
8.456000000000000183e-01
4.571999999999999953e-01
-5.683000000000000274e-01
7.093000000000000416e-01
4.128000000000000003e-01
2.094999999999999918e-01
9.154999999999999805e-01
-2.008000000000000063e-01
