-8.358999999999999764e-01
-6.015000000000000346e-01
9.025999999999999579e-01
5.229999999999999927e-02
-2.054999999999999882e-01
2.763999999999999790e-01
-5.133999999999999675e-01
8.784999999999999476e-01
-3.313999999999999724e-01
-5.916000000000000147e-01
8.309999999999999332e-02
-3.017000000000000237e-01
9.525000000000000133e-01
-8.508999999999999897e-01
-1.048999999999999932e-01
4.444000000000000172e-01
5.753000000000000336e-01
3.062000000000000277e-01
9.092000000000000082e-01
-2.888000000000000012e-01
1.386000000000000010e-01
-1.512000000000000011e-01
-1.645000000000000073e-01
-6.044000000000000483e-01
9.542000000000000481e-01
-7.458000000000000185e-01
8.751999999999999780e-01
-7.019999999999999851e-02
-6.933000000000000274e-01
-7.917999999999999483e-01
-8.385000000000000231e-01
-8.706000000000000405e-01
-7.500000000000000000e-01
-3.541000000000000258e-01
-6.560000000000000553e-02
4.183000000000000052e-01
6.250000000000000000e-02
-4.682999999999999940e-01
-3.950000000000000178e-01
-6.993000000000000327e-01
1.292000000000000093e-01
7.631000000000000005e-01
3.981000000000000094e-01
-1.680000000000000104e-01
-5.263999999999999790e-01
6.939999999999999503e-01
-6.965999999999999970e-01
6.969999999999999529e-01
7.328000000000000069e-01
9.695000000000000284e-01
-7.029999999999999583e-01
-6.153999999999999471e-01
-4.129999999999999782e-01
-9.795000000000000373e-01
-6.078000000000000069e-01
-4.502999999999999781e-01
1.718999999999999972e-01
6.542000000000000037e-01
-5.899999999999999863e-03
-4.833000000000000074e-01
3.669999999999999929e-01
2.758999999999999786e-01
2.750000000000000222e-01
-4.068999999999999839e-01
6.350000000000000089e-01
3.185000000000000053e-01
9.120000000000000329e-01
1.047000000000000014e-01
-2.073000000000000120e-01
3.211999999999999855e-01
8.515000000000000346e-01
7.719000000000000306e-01
9.073999999999999844e-01
-8.055999999999999828e-01
-2.469999999999999973e-01
5.840000000000000052e-02
9.366999999999999771e-01
-2.630000000000000046e-02
-4.566999999999999948e-01
3.164000000000000146e-01
-1.159000000000000030e-01
-5.966000000000000192e-01
-6.235000000000000542e-01
-7.572999999999999732e-01
4.865999999999999770e-01
-7.098999999999999755e-01
4.414000000000000146e-01
2.479000000000000092e-01
-4.447999999999999732e-01
4.850999999999999757e-01
3.421000000000000152e-01
-1.640999999999999959e-01
-8.677000000000000268e-01
9.970999999999999863e-01
-5.936000000000000165e-01
1.159000000000000030e-01
9.886000000000000343e-01
-7.400000000000000328e-03
6.821000000000000396e-01
-5.029000000000000137e-01
-7.036000000000000032e-01
-3.963999999999999746e-01
1.458000000000000129e-01
1.965999999999999970e-01
-2.957000000000000184e-01
2.419999999999999929e-01
-5.975000000000000311e-01
-9.332000000000000295e-01
5.057000000000000384e-01
-8.600999999999999757e-01
1.199999999999999956e-01
-9.555000000000000160e-01
6.850000000000000533e-02
3.088000000000000189e-01
6.542999999999999927e-01
-5.502000000000000224e-01
9.130000000000000338e-01
-1.965000000000000080e-01
-2.817999999999999949e-01
-2.923999999999999932e-01
4.766000000000000236e-01
-9.461000000000000520e-01
1.521000000000000130e-01
9.800999999999999712e-01
6.491000000000000103e-01
-7.380999999999999783e-01
1.254000000000000115e-01
4.001000000000000112e-01
-3.827999999999999736e-01
-4.089999999999999886e-02
4.300999999999999823e-01
9.396999999999999797e-01
-8.699999999999999400e-02
6.713999999999999968e-01
-8.746000000000000441e-01
6.175000000000000488e-01
-2.611999999999999877e-01
2.325000000000000122e-01
-1.804000000000000048e-01
-2.852999999999999980e-01
9.836000000000000298e-01
-2.215000000000000024e-01
1.771999999999999964e-01
9.799999999999999822e-01
3.438999999999999835e-01
-4.198000000000000065e-01
7.449999999999999678e-02
6.419999999999999318e-02
4.899999999999999911e-01
2.109999999999999931e-01
6.414999999999999591e-01
6.040000000000000230e-02
4.920999999999999819e-01
