-9.900000000000000813e-03
-6.526999999999999469e-01
-9.720999999999999641e-01
9.304000000000000048e-01
-6.974000000000000199e-01
7.596000000000000529e-01
-3.224000000000000199e-01
-1.585000000000000020e-01
7.953999999999999959e-01
-3.383999999999999786e-01
8.609999999999999598e-02
6.367000000000000437e-01
1.038000000000000034e-01
-6.805999999999999828e-01
-9.350000000000000533e-01
-1.453000000000000125e-01
-8.879000000000000226e-01
5.219000000000000306e-01
4.983000000000000207e-01
6.115000000000000435e-01
-6.427000000000000490e-01
-5.604999999999999982e-01
-9.104999999999999760e-01
-9.364000000000000101e-01
2.922000000000000153e-01
8.997000000000000552e-01
-8.790999999999999925e-01
4.078999999999999848e-01
-2.549000000000000155e-01
9.030000000000000249e-01
-2.857999999999999985e-01
-8.647000000000000242e-01
6.956999999999999851e-01
-8.502999999999999448e-01
6.576999999999999513e-01
-3.884000000000000230e-01
8.397000000000000020e-01
-7.529000000000000137e-01
-4.583999999999999742e-01
5.734000000000000208e-01
-1.376999999999999891e-01
-1.318000000000000005e-01
-7.657000000000000473e-01
-7.180000000000000271e-02
1.965000000000000080e-01
-9.278999999999999471e-01
8.053000000000000158e-01
-5.207000000000000517e-01
-9.006999999999999451e-01
1.131999999999999951e-01
1.572999999999999954e-01
3.262999999999999790e-01
-4.815999999999999726e-01
8.225999999999999979e-01
-3.677000000000000268e-01
4.282000000000000250e-01
8.215000000000000080e-01
8.203000000000000291e-01
8.307999999999999829e-01
-6.259000000000000119e-01
-6.055000000000000382e-01
-4.929999999999999660e-02
6.549000000000000377e-01
8.594000000000000528e-01
6.559000000000000385e-01
-9.032999999999999918e-01
-7.409999999999999920e-02
1.814999999999999947e-01
5.927999999999999936e-01
-3.034999999999999920e-01
6.562000000000000055e-01
4.388000000000000234e-01
2.265999999999999959e-01
-2.084000000000000019e-01
7.136000000000000121e-01
-2.599999999999999881e-02
-6.094000000000000528e-01
-8.817000000000000393e-01
1.290999999999999925e-01
-8.786000000000000476e-01
-4.098999999999999866e-01
-4.153999999999999915e-01
-8.437000000000000055e-01
7.900000000000000078e-02
5.253999999999999782e-01
-6.167000000000000259e-01
-4.243000000000000105e-01
4.993000000000000216e-01
-1.897000000000000075e-01
9.363000000000000211e-01
-4.198999999999999955e-01
8.689999999999999947e-01
-2.639999999999999986e-02
-6.740000000000000435e-01
-2.204000000000000126e-01
-1.787999999999999867e-01
-7.440999999999999837e-01
9.990000000000000269e-02
-3.089999999999999969e-01
9.201000000000000290e-01
3.075999999999999845e-01
7.925999999999999712e-01
9.998000000000000220e-01
2.018000000000000071e-01
-5.172999999999999821e-01
1.844999999999999973e-01
7.500999999999999890e-01
7.086999999999999966e-01
-7.471999999999999753e-01
6.842000000000000304e-01
6.499999999999999702e-03
5.451000000000000290e-01
8.512999999999999456e-01
-8.042000000000000259e-01
5.432000000000000162e-01
8.165999999999999925e-01
4.506000000000000005e-01
5.100999999999999979e-01
1.102999999999999953e-01
2.005000000000000115e-01
1.001999999999999974e-01
-8.661999999999999700e-01
-9.657999999999999918e-01
6.196000000000000396e-01
-7.026000000000000023e-01
-9.916000000000000369e-01
-7.112000000000000544e-01
9.939999999999999947e-01
3.305000000000000160e-01
4.933000000000000163e-01
1.131999999999999951e-01
-2.631000000000000005e-01
-3.819999999999999785e-02
-8.235000000000000098e-01
4.838000000000000078e-01
-9.524000000000000243e-01
-4.946999999999999731e-01
-9.618999999999999773e-01
2.993000000000000105e-01
-2.614000000000000212e-01
-8.142000000000000348e-01
3.458999999999999853e-01
5.574000000000000066e-01
8.981000000000000094e-01
3.180999999999999939e-01
-2.916000000000000258e-01
-6.296000000000000485e-01
-4.561999999999999944e-01
1.774000000000000021e-01
6.475999999999999535e-01
7.183000000000000496e-01
-2.926000000000000267e-01
-3.381000000000000116e-01
