-2.669000000000000261e-01
-6.649000000000000465e-01
9.957000000000000295e-01
4.823000000000000065e-01
-5.120000000000000107e-01
-2.028000000000000080e-01
-9.213999999999999968e-01
-9.401000000000000467e-01
-4.999000000000000110e-01
-9.526000000000000023e-01
-3.138000000000000234e-01
-8.950000000000000178e-01
-5.786000000000000032e-01
7.923999999999999932e-01
-7.380000000000000449e-02
7.919000000000000483e-01
-3.236999999999999877e-01
5.423999999999999932e-01
2.636000000000000010e-01
9.030000000000000249e-01
-4.825999999999999734e-01
7.923999999999999932e-01
-9.127999999999999448e-01
-6.883000000000000229e-01
-6.460000000000000464e-02
1.100000000000000066e-03
-6.981000000000000538e-01
5.659999999999999476e-01
6.200999999999999845e-01
3.551000000000000267e-01
9.760999999999999677e-01
-8.803999999999999604e-01
9.506000000000000005e-01
-7.995999999999999774e-01
-8.554000000000000492e-01
-1.220000000000000077e-02
2.174000000000000099e-01
-4.719999999999999890e-02
-4.220999999999999752e-01
7.190999999999999615e-01
-5.312999999999999945e-01
-3.781999999999999806e-01
-3.618999999999999995e-01
1.930000000000000118e-02
8.870000000000000107e-01
2.223999999999999866e-01
5.999999999999999778e-01
5.453000000000000069e-01
-5.227000000000000535e-01
5.654000000000000137e-01
2.172999999999999932e-01
-8.490000000000000324e-02
5.803000000000000380e-01
6.627999999999999448e-01
-2.964999999999999858e-01
9.415000000000000036e-01
5.995000000000000329e-01
2.093000000000000138e-01
4.017999999999999905e-01
-8.157999999999999696e-01
-4.239999999999999880e-01
6.491000000000000103e-01
-6.421000000000000041e-01
-8.485000000000000320e-01
-8.054999999999999938e-01
2.829999999999999738e-01
6.199999999999999956e-01
-7.584999999999999520e-01
3.980000000000000204e-02
-7.769000000000000350e-01
3.573999999999999955e-01
1.358000000000000040e-01
-2.110000000000000070e-02
2.918999999999999928e-01
-6.754000000000000004e-01
1.577000000000000068e-01
-5.356999999999999540e-01
-6.219999999999999973e-01
-6.450000000000000178e-01
-8.173000000000000265e-01
-7.094000000000000306e-01
4.293000000000000149e-01
-6.629999999999999782e-02
2.998999999999999999e-01
-7.016999999999999904e-01
-5.517999999999999572e-01
4.666000000000000147e-01
7.056000000000000050e-01
-5.118000000000000327e-01
-4.737000000000000099e-01
-7.567000000000000393e-01
-4.148999999999999910e-01
7.421999999999999709e-01
6.878999999999999559e-01
2.227999999999999980e-01
8.469999999999999751e-01
-9.592000000000000526e-01
8.407999999999999918e-01
8.695000000000000506e-01
-8.858000000000000318e-01
2.245000000000000051e-01
-3.522000000000000131e-01
1.715000000000000135e-01
6.524999999999999689e-01
-9.949999999999999956e-01
-1.419999999999999873e-01
6.590000000000000302e-01
1.023000000000000020e-01
-8.426000000000000156e-01
-6.988999999999999657e-01
1.962000000000000133e-01
-3.866999999999999882e-01
-1.693999999999999950e-01
-4.037000000000000033e-01
-3.619999999999999885e-01
-3.644999999999999907e-01
-7.106000000000000094e-01
5.252000000000000002e-01
9.767000000000000126e-01
7.552999999999999714e-01
7.362999999999999545e-01
-9.661999999999999478e-01
5.605999999999999872e-01
-5.138000000000000345e-01
2.199999999999999872e-02
2.121000000000000107e-01
9.415999999999999925e-01
8.418999999999999817e-01
-3.741999999999999771e-01
9.243000000000000105e-01
8.295000000000000151e-01
-3.148000000000000242e-01
-8.414000000000000368e-01
8.655000000000000471e-01
-3.158000000000000251e-01
-5.735999999999999988e-01
4.888000000000000123e-01
-2.318999999999999950e-01
-9.774000000000000465e-01
-5.500000000000000028e-02
-4.057999999999999940e-01
3.716999999999999749e-01
-8.875999999999999446e-01
-4.455000000000000071e-01
5.093999999999999639e-01
3.078000000000000180e-01
7.161999999999999478e-01
5.872000000000000552e-01
9.139999999999999514e-02
2.800000000000000266e-01
-7.286000000000000254e-01
-2.852999999999999980e-01
1.930000000000000118e-02
