9.493000000000000327e-01
5.785000000000000142e-01
-6.233999999999999542e-01
7.389999999999999347e-02
5.162999999999999812e-01
-1.625999999999999945e-01
8.867000000000000437e-01
-6.720000000000000417e-01
6.395999999999999464e-01
9.153000000000000025e-01
-9.444000000000000172e-01
2.746000000000000107e-01
-7.880000000000000338e-01
-9.222000000000000197e-01
3.020999999999999797e-01
-6.784000000000000030e-01
9.019000000000000350e-01
-4.399999999999999745e-02
6.771000000000000352e-01
-3.930000000000000160e-02
9.956000000000000405e-01
-4.482999999999999763e-01
-5.013999999999999568e-01
-6.794999999999999929e-01
1.865999999999999881e-01
2.909999999999999809e-01
-6.596999999999999531e-01
-2.036000000000000032e-01
-5.197000000000000508e-01
-8.467000000000000082e-01
-5.622000000000000330e-01
-8.146999999999999797e-01
-5.019000000000000128e-01
-6.800000000000000488e-02
2.210999999999999910e-01
-7.614999999999999547e-01
-7.859000000000000430e-01
6.543999999999999817e-01
-9.555000000000000160e-01
3.905000000000000138e-01
-5.268000000000000460e-01
5.427999999999999492e-01
-9.106999999999999540e-01
3.309000000000000274e-01
-7.371999999999999664e-01
4.965999999999999859e-01
6.185000000000000497e-01
2.654000000000000248e-01
4.418000000000000260e-01
-8.712999999999999634e-01
-1.159999999999999920e-02
-3.048000000000000154e-01
-7.445000000000000506e-01
-9.644000000000000350e-01
8.342000000000000526e-01
-5.600000000000000533e-01
5.082999999999999741e-01
-3.025999999999999801e-01
7.278999999999999915e-01
-7.758000000000000451e-01
4.445000000000000062e-01
6.263999999999999568e-01
9.203999999999999959e-01
-7.910000000000000364e-01
-9.361000000000000432e-01
-2.787000000000000033e-01
-4.539000000000000257e-01
-6.922000000000000375e-01
-7.987999999999999545e-01
-5.368000000000000549e-01
-7.305000000000000382e-01
-4.358000000000000207e-01
-4.778999999999999915e-01
-7.440999999999999837e-01
-5.439999999999999697e-02
-9.858999999999999986e-01
-7.372999999999999554e-01
-9.465000000000000080e-01
4.924000000000000044e-01
-8.771999999999999797e-01
-3.050999999999999823e-01
-1.346999999999999864e-01
4.254000000000000004e-01
-9.304999999999999938e-01
-5.203999999999999737e-01
7.393999999999999462e-01
-9.787000000000000144e-01
-9.822999999999999510e-01
-4.179999999999999827e-01
-9.790999999999999703e-01
-8.003000000000000114e-01
-3.261000000000000010e-01
9.425000000000000044e-01
6.302999999999999714e-01
6.959999999999999520e-01
5.062999999999999723e-01
3.396000000000000130e-01
-6.026000000000000245e-01
5.552000000000000268e-01
-5.574999999999999956e-01
1.214999999999999969e-01
2.802000000000000046e-01
-9.414000000000000146e-01
1.490000000000000005e-02
5.794000000000000261e-01
1.009000000000000036e-01
5.469999999999999862e-02
-6.975000000000000089e-01
-3.139999999999999736e-02
-6.025000000000000355e-01
-9.106999999999999540e-01
3.931000000000000050e-01
-7.372999999999999554e-01
-1.082999999999999935e-01
5.198000000000000398e-01
3.980000000000000204e-01
8.405000000000000249e-01
6.606999999999999540e-01
-2.179000000000000103e-01
9.422000000000000375e-01
6.270999999999999908e-01
-1.770000000000000046e-02
5.996000000000000218e-01
-6.790000000000000480e-01
7.825999999999999623e-01
-5.741000000000000547e-01
-3.809000000000000163e-01
4.481999999999999873e-01
2.227999999999999980e-01
-7.264000000000000457e-01
6.900000000000000577e-02
-4.505000000000000115e-01
6.223999999999999533e-01
1.004000000000000031e-01
5.171000000000000041e-01
6.832000000000000295e-01
-2.202999999999999958e-01
-6.511000000000000121e-01
6.915999999999999925e-01
3.899000000000000243e-01
6.117000000000000215e-01
5.516999999999999682e-01
-1.072000000000000036e-01
1.000000000000000048e-04
-7.260999999999999677e-01
-5.091999999999999860e-01
-2.207999999999999963e-01
1.618999999999999884e-01
-2.194000000000000117e-01
-6.107000000000000206e-01
-3.150000000000000022e-01
9.673000000000000487e-01
1.282000000000000084e-01
