7.240999999999999659e-01
-3.927999999999999825e-01
2.999999999999999889e-01
-6.866999999999999771e-01
-8.943999999999999728e-01
-4.869999999999999885e-01
8.846000000000000529e-01
-3.859000000000000208e-01
-5.141000000000000014e-01
-3.493999999999999884e-01
4.732999999999999985e-01
-1.593999999999999861e-01
6.350000000000000089e-02
3.195999999999999952e-01
-4.889999999999999902e-01
9.939000000000000057e-01
-7.667000000000000481e-01
-1.602000000000000091e-01
8.763999999999999568e-01
1.125000000000000028e-01
5.422000000000000153e-01
-1.718000000000000083e-01
1.519999999999999962e-01
8.618999999999999995e-01
3.237999999999999767e-01
7.627000000000000446e-01
9.379999999999999449e-01
3.625999999999999779e-01
6.148000000000000131e-01
7.107999999999999874e-01
4.573999999999999733e-01
-1.693000000000000060e-01
5.442000000000000171e-01
-3.200000000000000067e-01
1.776999999999999968e-01
-4.561999999999999944e-01
-1.603999999999999870e-01
-5.879999999999999671e-01
-6.198000000000000176e-01
-4.390000000000000013e-01
-4.380000000000000004e-01
-6.118999999999999995e-01
-9.979999999999999982e-02
9.169000000000000483e-01
-4.804999999999999827e-01
7.816999999999999504e-01
2.741999999999999993e-01
-2.414000000000000035e-01
-5.506999999999999673e-01
1.099999999999999936e-02
-2.907000000000000139e-01
-5.404999999999999805e-01
-6.226000000000000423e-01
9.669999999999999429e-02
-4.610000000000000209e-02
-8.721999999999999753e-01
-6.269000000000000128e-01
-2.701000000000000068e-01
-9.499999999999999556e-01
-7.459999999999999964e-01
9.527999999999999803e-01
-3.049999999999999933e-02
-7.315000000000000391e-01
5.390000000000000346e-01
7.076000000000000068e-01
5.800000000000000294e-02
-4.299000000000000044e-01
-7.744999999999999662e-01
-8.408999999999999808e-01
-8.584000000000000519e-01
-9.061000000000000165e-01
-3.090999999999999859e-01
9.389999999999999736e-02
-7.822999999999999954e-01
-4.361999999999999766e-01
-6.422999999999999821e-01
-4.143000000000000016e-01
8.618999999999999995e-01
-5.670000000000000040e-02
4.166000000000000258e-01
3.891000000000000014e-01
5.653000000000000247e-01
1.932000000000000106e-01
9.597999999999999865e-01
-8.826000000000000512e-01
5.961999999999999522e-01
-4.964999999999999969e-01
1.701999999999999902e-01
1.998000000000000054e-01
-2.921000000000000263e-01
-2.566999999999999837e-01
-4.742000000000000104e-01
8.641999999999999682e-01
-9.015999999999999570e-01
7.389999999999999902e-01
4.532999999999999807e-01
2.305000000000000104e-01
-9.308999999999999497e-01
7.194000000000000394e-01
3.084999999999999964e-01
-6.420000000000000151e-01
4.055000000000000271e-01
2.348999999999999977e-01
-7.861000000000000210e-01
-4.485000000000000098e-01
-6.411000000000000032e-01
-7.065000000000000169e-01
-6.602999999999999980e-01
-1.864999999999999991e-01
-9.922999999999999599e-01
-6.068000000000000060e-01
-1.748999999999999999e-01
7.544999999999999485e-01
9.055999999999999606e-01
7.877999999999999448e-01
-3.790000000000000036e-01
1.015999999999999959e-01
6.260000000000000009e-01
8.427000000000000046e-01
9.659999999999999698e-01
3.683000000000000163e-01
8.120000000000000551e-01
-1.899000000000000132e-01
6.602000000000000091e-01
-9.209000000000000519e-01
3.939999999999999752e-02
4.390000000000000013e-01
3.588000000000000078e-01
8.903999999999999693e-01
1.059999999999999970e-01
-9.095999999999999641e-01
-7.791000000000000147e-01
6.131999999999999673e-01
6.153999999999999471e-01
-6.287000000000000366e-01
-9.199999999999999845e-02
8.171000000000000485e-01
-4.479000000000000203e-01
8.316999999999999948e-01
-4.381999999999999784e-01
4.450999999999999956e-01
7.752000000000000002e-01
7.166000000000000147e-01
-2.907000000000000139e-01
2.275999999999999968e-01
7.441999999999999726e-01
7.886999999999999567e-01
-7.245000000000000329e-01
-9.902999999999999581e-01
8.145999999999999908e-01
-2.748999999999999777e-01
5.195999999999999508e-01
3.042000000000000259e-01
