-6.260999999999999899e-01
6.036000000000000254e-01
3.847999999999999754e-01
-6.047000000000000153e-01
4.702999999999999958e-01
-1.532000000000000028e-01
-1.572999999999999954e-01
8.055999999999999828e-01
-2.706999999999999962e-01
-2.426999999999999991e-01
4.284999999999999920e-01
2.702999999999999847e-01
-7.030000000000000138e-02
-2.521999999999999797e-01
-1.388999999999999957e-01
9.481000000000000538e-01
-4.460000000000000075e-02
3.124000000000000110e-01
6.845999999999999863e-01
-7.924999999999999822e-01
8.631999999999999673e-01
4.099999999999999756e-01
-6.247000000000000330e-01
-6.999999999999999929e-04
1.028000000000000025e-01
-5.959999999999999742e-01
-6.104000000000000536e-01
8.246999999999999886e-01
6.075000000000000400e-01
8.790999999999999925e-01
-5.231999999999999984e-01
3.285000000000000142e-01
9.550999999999999490e-01
4.309000000000000052e-01
9.464000000000000190e-01
