-1.782999999999999863e-01
-4.454000000000000181e-01
-2.761000000000000121e-01
-6.552999999999999936e-01
8.457999999999999963e-01
-2.431999999999999995e-01
2.212000000000000077e-01
-1.365999999999999992e-01
-5.574000000000000066e-01
1.181999999999999995e-01
-4.641000000000000125e-01
-7.403999999999999471e-01
2.374999999999999889e-01
2.064000000000000001e-01
3.359999999999999792e-02
5.009999999999999870e-02
-1.554999999999999993e-01
-3.917999999999999816e-01
-4.619999999999999801e-02
-6.050999999999999712e-01
6.616999999999999549e-01
-5.891999999999999460e-01
-5.099000000000000199e-01
8.510999999999999677e-01
-5.684000000000000163e-01
3.548000000000000043e-01
-8.612999999999999545e-01
-3.280000000000000276e-02
-7.357000000000000206e-01
8.589999999999999858e-01
-4.738999999999999879e-01
7.348999999999999977e-01
4.839999999999999858e-01
-6.911000000000000476e-01
-3.754000000000000115e-01
