3.698000000000000176e-01
3.746999999999999775e-01
-2.237000000000000099e-01
-5.876000000000000112e-01
-6.770000000000000462e-01
3.504999999999999782e-01
1.353000000000000036e-01
7.468000000000000194e-01
8.193000000000000282e-01
7.667000000000000481e-01
-1.343999999999999917e-01
1.454999999999999905e-01
1.080000000000000057e-02
-3.983999999999999764e-01
8.834999999999999520e-01
-1.925999999999999934e-01
1.006999999999999978e-01
2.363000000000000100e-01
-1.474999999999999922e-01
-4.759999999999999787e-01
6.356000000000000538e-01
6.673999999999999932e-01
-7.602999999999999758e-01
-1.716000000000000025e-01
-6.288000000000000256e-01
-9.388999999999999568e-01
3.523999999999999910e-01
8.387999999999999901e-01
-7.691000000000000059e-01
-9.371000000000000441e-01
1.845999999999999863e-01
-4.089999999999999886e-02
1.490000000000000005e-02
5.020999999999999908e-01
2.028000000000000080e-01
