-5.161000000000000032e-01
-4.320000000000000229e-02
6.968999999999999639e-01
-6.629000000000000448e-01
5.303999999999999826e-01
6.931000000000000494e-01
6.618000000000000549e-01
-9.619999999999999385e-02
-1.666999999999999871e-01
3.260000000000000120e-01
-5.338000000000000522e-01
4.712999999999999967e-01
-1.814999999999999947e-01
-9.286999999999999700e-01
-5.722000000000000419e-01
-5.212999999999999856e-01
1.980999999999999983e-01
7.389999999999999902e-01
-3.259000000000000230e-01
1.092999999999999944e-01
6.602999999999999980e-01
5.561000000000000387e-01
7.953000000000000069e-01
-6.206000000000000405e-01
4.647000000000000020e-01
4.027000000000000024e-01
-5.790999999999999481e-01
9.866000000000000325e-01
3.313999999999999724e-01
8.393000000000000460e-01
6.389999999999999847e-02
3.453999999999999848e-01
9.567999999999999838e-01
3.988999999999999768e-01
3.919999999999999873e-02
