2.713999999999999746e-01
9.371000000000000441e-01
-3.794000000000000150e-01
-4.146000000000000241e-01
9.959999999999999964e-01
-3.230000000000000232e-02
-9.858999999999999986e-01
6.781000000000000361e-01
-5.990999999999999659e-01
-8.448999999999999844e-01
6.283999999999999586e-01
-5.349999999999999895e-02
2.615999999999999992e-01
7.048999999999999710e-01
-1.010000000000000064e-01
-1.537000000000000033e-01
-9.214999999999999858e-01
1.764999999999999902e-01
7.019999999999999574e-01
4.475000000000000089e-01
4.945999999999999841e-01
-2.388000000000000123e-01
4.047999999999999932e-01
-9.246999999999999664e-01
-2.051000000000000045e-01
-5.560000000000000497e-01
-3.277999999999999803e-01
-3.209000000000000186e-01
8.148999999999999577e-01
7.769000000000000350e-01
-7.490999999999999881e-01
-2.285999999999999976e-01
8.075999999999999845e-01
-2.691000000000000059e-01
6.200999999999999845e-01
