-8.807000000000000384e-01
9.270000000000000462e-02
-1.711999999999999911e-01
-6.092999999999999527e-01
7.364000000000000545e-01
7.278000000000000025e-01
-7.818000000000000504e-01
-7.652999999999999803e-01
-6.749000000000000554e-01
-4.948000000000000176e-01
-7.577000000000000401e-01
2.539999999999999897e-02
3.691999999999999726e-01
4.822000000000000175e-01
-4.716000000000000192e-01
6.175000000000000488e-01
-2.657999999999999807e-01
5.978999999999999870e-01
-3.294000000000000261e-01
-9.349999999999999978e-02
-3.356999999999999984e-01
-4.461999999999999855e-01
3.635999999999999788e-01
3.255000000000000115e-01
-8.214000000000000190e-01
-5.320000000000000284e-01
-8.689000000000000057e-01
1.020000000000000073e-02
-1.781999999999999973e-01
2.116999999999999993e-01
9.114999999999999769e-01
-6.693999999999999950e-01
-4.806000000000000272e-01
1.801000000000000101e-01
-2.016000000000000014e-01
