1.325000000000000067e-01
1.708000000000000074e-01
9.022000000000000020e-01
7.969999999999999307e-02
-7.207999999999999963e-01
-9.639999999999999680e-01
7.808000000000000496e-01
-5.333999999999999853e-01
8.921000000000000041e-01
8.296000000000000041e-01
-2.731999999999999984e-01
-4.875999999999999779e-01
-2.883999999999999897e-01
-7.130999999999999561e-01
3.239999999999999825e-02
3.945000000000000173e-01
6.660000000000000364e-01
-5.567999999999999616e-01
-2.124000000000000055e-01
-1.378999999999999948e-01
3.677000000000000268e-01
-7.951000000000000290e-01
5.739999999999999547e-01
4.929999999999999660e-02
4.089999999999999886e-02
1.236000000000000015e-01
-4.313000000000000167e-01
7.842999999999999972e-01
1.834999999999999964e-01
8.155000000000000027e-01
-7.870000000000000606e-02
4.888000000000000123e-01
-2.960999999999999743e-01
9.754000000000000448e-01
-4.975999999999999868e-01
