2.710000000000000187e-01
-7.829000000000000403e-01
-2.079999999999999905e-02
-9.891999999999999682e-01
-5.006000000000000449e-01
5.607999999999999652e-01
8.598999999999999977e-01
-1.047000000000000014e-01
2.500000000000000139e-02
-9.187999999999999501e-01
-6.890000000000000291e-02
-8.519999999999999796e-01
-8.117999999999999661e-01
-5.385999999999999677e-01
-7.399000000000000021e-01
7.620000000000000107e-01
-3.950000000000000039e-02
4.102999999999999980e-01
-9.795000000000000373e-01
5.190000000000000169e-01
8.681999999999999718e-01
-2.851000000000000201e-01
7.270999999999999686e-01
8.914999999999999591e-01
2.230999999999999928e-01
4.404000000000000137e-01
-9.512000000000000455e-01
3.790000000000000313e-02
-2.742999999999999883e-01
8.675000000000000488e-01
1.544999999999999984e-01
1.554999999999999993e-01
-5.743000000000000327e-01
-7.926999999999999602e-01
4.655000000000000249e-01
