-2.740000000000000213e-01
-2.116999999999999993e-01
-6.723000000000000087e-01
7.325000000000000400e-01
-3.123000000000000220e-01
8.762999999999999678e-01
-5.240000000000000213e-02
-7.357000000000000206e-01
1.811000000000000110e-01
4.290999999999999814e-01
-1.806000000000000105e-01
9.517999999999999794e-01
-6.429000000000000270e-01
3.015999999999999792e-01
-2.470999999999999863e-01
6.183999999999999497e-01
-1.715000000000000135e-01
-3.523000000000000020e-01
-4.563999999999999724e-01
2.777000000000000024e-01
-8.656000000000000361e-01
5.711000000000000520e-01
-1.930000000000000118e-02
-8.508000000000000007e-01
-3.378999999999999782e-01
-9.413000000000000256e-01
-1.834000000000000075e-01
-8.192000000000000393e-01
8.891999999999999904e-01
3.599999999999999728e-02
-6.995000000000000107e-01
3.986999999999999988e-01
7.462999999999999634e-01
-3.996000000000000107e-01
-9.627000000000000002e-01
