-9.189999999999999558e-02
9.442000000000000393e-01
5.933000000000000496e-01
3.552000000000000157e-01
7.893999999999999906e-01
3.685999999999999832e-01
-7.588000000000000300e-01
9.475999999999999979e-01
6.544999999999999707e-01
-6.471000000000000085e-01
8.596000000000000307e-01
-9.629999999999999671e-02
8.678000000000000158e-01
-7.491999999999999771e-01
7.351999999999999647e-01
1.346999999999999864e-01
1.910000000000000031e-01
6.064000000000000501e-01
-6.362999999999999767e-01
5.070000000000000062e-01
-4.495000000000000107e-01
9.871999999999999664e-01
-4.848000000000000087e-01
-8.195000000000000062e-01
9.140000000000000346e-01
7.112000000000000544e-01
-1.721999999999999920e-01
-3.325000000000000178e-01
-6.178000000000000158e-01
-5.567999999999999616e-01
-1.370999999999999996e-01
-1.005000000000000060e-01
-2.889999999999999791e-01
-6.519999999999999407e-02
-1.869999999999999996e-01
