7.288000000000000034e-01
-4.894000000000000017e-01
7.750000000000000222e-01
-2.099999999999999922e-01
-1.355000000000000093e-01
1.005999999999999950e-01
9.848000000000000087e-01
-6.571000000000000174e-01
7.510000000000000009e-02
2.310999999999999999e-01
-4.424000000000000155e-01
1.363999999999999935e-01
5.023999999999999577e-01
-3.408999999999999808e-01
-7.133000000000000451e-01
8.873999999999999666e-01
2.670000000000000151e-02
4.809999999999999831e-01
-6.042999999999999483e-01
-7.013000000000000345e-01
-4.959999999999999964e-01
-8.532999999999999474e-01
-5.419999999999999818e-02
4.892000000000000237e-01
6.428000000000000380e-01
5.738999999999999657e-01
-3.983999999999999764e-01
8.116999999999999771e-01
9.565000000000000169e-01
-5.696999999999999842e-01
-7.194000000000000394e-01
8.219999999999999529e-01
-4.133000000000000007e-01
-7.236000000000000210e-01
4.490000000000000241e-02
