3.523000000000000020e-01
3.380000000000000226e-01
-7.097999999999999865e-01
5.797999999999999821e-01
-3.724000000000000088e-01
8.811999999999999833e-01
3.716999999999999749e-01
2.731000000000000094e-01
-1.776000000000000079e-01
-4.519000000000000239e-01
2.797000000000000042e-01
-1.255000000000000004e-01
-2.235000000000000042e-01
-9.839999999999999858e-01
-6.429000000000000270e-01
4.197000000000000175e-01
-7.965999999999999748e-01
4.203999999999999959e-01
3.017000000000000237e-01
1.971999999999999864e-01
-5.489000000000000545e-01
4.939999999999999947e-02
-9.703000000000000513e-01
-6.709000000000000519e-01
-2.967000000000000193e-01
-8.075999999999999845e-01
-5.827999999999999847e-01
-6.744999999999999885e-01
-5.354999999999999760e-01
6.520000000000000240e-01
-2.662999999999999812e-01
-3.708000000000000185e-01
5.479000000000000536e-01
1.774000000000000021e-01
5.006000000000000449e-01
