5.239000000000000323e-01
-3.588999999999999968e-01
-7.506000000000000449e-01
-8.343000000000000416e-01
3.437000000000000055e-01
1.812000000000000000e-01
5.024999999999999467e-01
-4.837000000000000188e-01
-1.969999999999999876e-02
6.840000000000000246e-02
-4.305999999999999828e-01
-2.018999999999999961e-01
-9.161000000000000254e-01
5.319999999999999729e-02
2.560000000000000123e-02
-6.061999999999999611e-01
-4.698999999999999844e-01
2.444999999999999951e-01
7.305000000000000382e-01
3.579999999999999849e-01
5.240000000000000213e-02
-6.810000000000000497e-01
-1.882000000000000062e-01
5.729999999999999677e-02
7.087999999999999856e-01
-9.260000000000000175e-02
-4.880000000000000310e-02
-3.179000000000000159e-01
2.599999999999999881e-03
2.074000000000000010e-01
6.291999999999999815e-01
-3.634000000000000008e-01
-7.138999999999999790e-01
7.731000000000000094e-01
-6.782000000000000250e-01
