1.910999999999999921e-01
4.452999999999999736e-01
-7.592999999999999750e-01
-9.619999999999999662e-01
-5.845000000000000195e-01
-3.627000000000000224e-01
-7.660000000000000142e-01
-2.341000000000000025e-01
-6.814999999999999947e-01
-9.560999999999999499e-01
5.523000000000000131e-01
8.567000000000000171e-01
-4.517999999999999794e-01
-2.525000000000000022e-01
-7.248999999999999888e-01
-2.149999999999999828e-02
-2.020000000000000129e-01
-6.864000000000000101e-01
1.179999999999999938e-01
-5.593000000000000194e-01
8.026999999999999691e-01
6.904000000000000137e-01
-9.023999999999999799e-01
8.280999999999999472e-01
-8.409999999999999698e-01
-1.262000000000000066e-01
1.067000000000000032e-01
9.651999999999999469e-01
-5.850999999999999535e-01
2.137999999999999901e-01
-6.999999999999999556e-01
3.705999999999999850e-01
-5.153999999999999693e-01
1.376000000000000001e-01
-3.577000000000000179e-01
