6.660000000000000642e-02
2.363999999999999990e-01
8.588999999999999968e-01
3.200000000000000067e-02
7.590999999999999970e-01
-5.489000000000000545e-01
3.496000000000000218e-01
7.472999999999999643e-01
7.748000000000000442e-01
4.505000000000000115e-01
9.414000000000000146e-01
-9.183999999999999941e-01
9.339999999999999691e-02
-4.386999999999999789e-01
7.903999999999999915e-01
1.537000000000000033e-01
-9.102000000000000091e-01
-4.514000000000000234e-01
-6.222999999999999643e-01
7.173000000000000487e-01
8.200000000000000344e-02
-5.500000000000000444e-01
-7.524999999999999467e-01
4.168999999999999928e-01
-8.991999999999999993e-01
9.010000000000000231e-01
2.469999999999999973e-02
3.932999999999999829e-01
3.938999999999999724e-01
-6.640000000000000346e-01
-9.295999999999999819e-01
3.548999999999999932e-01
4.254999999999999893e-01
-5.390000000000000346e-02
8.125000000000000000e-01
