-7.633999999999999675e-01
-2.029999999999999860e-02
4.333000000000000185e-01
-8.970000000000000195e-01
2.429000000000000048e-01
9.000000000000000222e-01
6.219000000000000083e-01
-1.421999999999999931e-01
3.035999999999999810e-01
-4.569999999999999757e-02
-2.641999999999999904e-01
6.867999999999999661e-01
2.953999999999999959e-01
2.892000000000000126e-01
-8.066999999999999726e-01
7.411999999999999700e-01
3.371000000000000107e-01
-2.600000000000000089e-01
1.628999999999999893e-01
1.668999999999999928e-01
-6.997999999999999776e-01
5.911999999999999478e-01
-6.268000000000000238e-01
-1.370999999999999996e-01
-1.870000000000000134e-02
-9.866000000000000325e-01
5.585999999999999854e-01
-3.614999999999999880e-01
-6.372999999999999776e-01
-7.497000000000000330e-01
7.301999999999999602e-01
4.701000000000000179e-01
2.474999999999999978e-01
-8.025999999999999801e-01
-3.019000000000000017e-01
-3.115999999999999881e-01
-2.487000000000000044e-01
5.151999999999999913e-01
-8.019999999999999352e-02
-4.037000000000000033e-01
7.956999999999999629e-01
-8.820999999999999952e-01
2.303000000000000047e-01
-5.323999999999999844e-01
-1.743999999999999995e-01
-1.474999999999999922e-01
-8.469999999999999751e-02
6.268000000000000238e-01
2.718999999999999750e-01
4.314000000000000057e-01
6.979999999999999538e-01
-9.550000000000000155e-02
7.729000000000000314e-01
2.074999999999999900e-01
-1.839999999999999969e-02
-9.812999999999999501e-01
6.912000000000000366e-01
9.187999999999999501e-01
-5.899999999999999863e-03
9.098000000000000531e-01
-3.844000000000000195e-01
-5.768999999999999684e-01
9.035999999999999588e-01
-6.494999999999999662e-01
-3.941000000000000059e-01
-1.920000000000000040e-01
5.084999999999999520e-01
-6.394999999999999574e-01
-1.310000000000000053e-01
1.171999999999999986e-01
9.958000000000000185e-01
4.585000000000000187e-01
9.153999999999999915e-01
2.301999999999999880e-01
-8.511999999999999567e-01
-6.239000000000000101e-01
-7.737000000000000544e-01
-1.691999999999999893e-01
9.985000000000000542e-01
5.554000000000000048e-01
5.930999999999999606e-01
6.977999999999999758e-01
-1.416000000000000036e-01
-5.887000000000000011e-01
-8.639000000000000012e-01
-2.651999999999999913e-01
4.825999999999999734e-01
-4.796000000000000263e-01
7.781000000000000139e-01
-4.391999999999999793e-01
-6.109999999999999876e-01
-3.976000000000000090e-01
3.618000000000000105e-01
-2.605999999999999983e-01
1.630999999999999950e-01
-4.319000000000000061e-01
-9.200000000000000400e-01
-4.399000000000000132e-01
6.051999999999999602e-01
-1.943999999999999895e-01
