-9.636000000000000121e-01
-9.919000000000000039e-01
5.104999999999999538e-01
9.489999999999999547e-01
-1.013000000000000012e-01
3.375000000000000222e-01
-9.441000000000000503e-01
2.926000000000000267e-01
2.391999999999999960e-01
1.796000000000000096e-01
-6.296000000000000485e-01
2.821000000000000174e-01
3.880000000000000115e-02
-7.420000000000000207e-02
5.810999999999999499e-01
2.479999999999999982e-01
5.516999999999999682e-01
2.980999999999999761e-01
-3.261999999999999900e-01
-2.409999999999999989e-02
-3.700000000000000164e-03
-6.413999999999999702e-01
-3.876999999999999891e-01
-2.384999999999999898e-01
7.489000000000000101e-01
-4.884999999999999898e-01
6.869999999999999718e-02
4.015000000000000235e-01
9.022000000000000020e-01
8.811999999999999833e-01
9.750999999999999668e-01
-5.550000000000000488e-01
-4.864999999999999880e-01
-3.348999999999999755e-01
2.109000000000000041e-01
-4.269999999999999907e-01
-1.839999999999999969e-01
-2.316999999999999893e-01
-2.260000000000000064e-01
-5.151000000000000023e-01
7.660000000000000142e-01
-8.560999999999999721e-01
-2.560999999999999943e-01
7.220999999999999641e-01
-7.489999999999999436e-02
3.086999999999999744e-01
3.719000000000000083e-01
6.157000000000000250e-01
3.695999999999999841e-01
-6.099999999999999867e-02
-7.270000000000000073e-02
-6.201999999999999735e-01
-5.290000000000000258e-02
8.736000000000000432e-01
5.341000000000000192e-01
-3.119000000000000106e-01
4.549000000000000266e-01
3.788000000000000256e-01
6.421999999999999931e-01
-6.810000000000000497e-01
8.529999999999999805e-01
1.988000000000000045e-01
2.116999999999999993e-01
-6.019999999999999657e-02
-8.696000000000000396e-01
-5.169000000000000261e-01
4.097000000000000086e-01
-8.320999999999999508e-01
7.429999999999999938e-01
8.263000000000000345e-01
6.390000000000000124e-01
6.751000000000000334e-01
7.501999999999999780e-01
-4.210999999999999743e-01
-5.695999999999999952e-01
-6.837999999999999634e-01
7.029999999999999583e-01
-1.393999999999999961e-01
-7.830000000000000293e-01
6.961000000000000520e-01
6.098000000000000087e-01
-6.034000000000000474e-01
-2.968000000000000083e-01
2.771000000000000130e-01
3.194000000000000172e-01
3.403999999999999804e-01
8.548000000000000043e-01
-2.039999999999999869e-01
-3.932999999999999829e-01
-8.669999999999999929e-02
-2.160999999999999865e-01
-1.708000000000000074e-01
5.433000000000000052e-01
2.978999999999999981e-01
-3.365000000000000213e-01
-1.063999999999999946e-01
-3.774000000000000132e-01
5.934000000000000385e-01
-2.036000000000000032e-01
-2.248999999999999888e-01
