-1.948000000000000009e-01
-5.033999999999999586e-01
-4.351999999999999758e-01
-5.948999999999999844e-01
6.006000000000000227e-01
9.179000000000000492e-01
2.834999999999999742e-01
6.468000000000000416e-01
-1.199999999999999895e-03
-7.040999999999999481e-01
8.232000000000000428e-01
-3.613999999999999990e-01
2.086999999999999966e-01
-3.052000000000000268e-01
4.068999999999999839e-01
1.743000000000000105e-01
-7.930000000000000382e-01
-1.907999999999999974e-01
3.466000000000000192e-01
2.149999999999999828e-02
6.478000000000000425e-01
-1.645999999999999963e-01
-7.065000000000000169e-01
2.868999999999999884e-01
-3.438999999999999835e-01
-4.209999999999999853e-02
-2.000000000000000111e-01
1.076000000000000012e-01
1.834000000000000075e-01
-9.403000000000000247e-01
3.068000000000000171e-01
-9.569999999999999618e-01
-6.691000000000000281e-01
-7.710000000000000187e-01
5.998999999999999888e-01
-4.320999999999999841e-01
6.137000000000000233e-01
-6.469000000000000306e-01
-2.899999999999999800e-01
4.680000000000000132e-02
-5.550000000000000488e-01
4.319999999999999951e-01
-1.298999999999999877e-01
8.217999999999999750e-01
7.364000000000000545e-01
9.782999999999999474e-01
-2.129999999999999949e-02
9.952999999999999625e-01
-7.069999999999999896e-02
-3.371999999999999997e-01
8.939999999999999336e-02
2.144000000000000072e-01
-3.604999999999999871e-01
2.872000000000000108e-01
-7.102000000000000535e-01
4.671000000000000152e-01
-4.399000000000000132e-01
-8.981999999999999984e-01
4.490999999999999992e-01
1.897999999999999965e-01
-8.417999999999999927e-01
9.450000000000000067e-02
-3.887999999999999790e-01
-2.772999999999999909e-01
-8.878000000000000336e-01
6.172999999999999599e-01
-8.389999999999999680e-01
-5.784000000000000252e-01
6.028000000000000025e-01
-7.789999999999999702e-02
8.831999999999999851e-01
9.051000000000000156e-01
2.273999999999999910e-01
2.424999999999999933e-01
-8.450999999999999623e-01
-8.587000000000000188e-01
5.483000000000000096e-01
-3.589999999999999858e-01
7.902000000000000135e-01
-1.102000000000000063e-01
3.599999999999999867e-01
-1.629999999999999852e-02
-7.169999999999999707e-01
-3.578000000000000069e-01
-3.126999999999999780e-01
-5.222999999999999865e-01
8.300000000000000433e-02
-8.400000000000000522e-02
-5.061999999999999833e-01
-8.165000000000000036e-01
8.870000000000000107e-02
-8.764999999999999458e-01
5.070999999999999952e-01
4.845999999999999752e-01
6.992000000000000437e-01
-5.031999999999999806e-01
-1.497999999999999887e-01
-8.991000000000000103e-01
9.520000000000000684e-02
-8.937000000000000499e-01
