-4.354000000000000092e-01
-9.444000000000000172e-01
5.693000000000000282e-01
8.877000000000000446e-01
8.423000000000000487e-01
7.936999999999999611e-01
8.421999999999999487e-01
-6.879999999999999449e-01
-8.602999999999999536e-01
1.915000000000000036e-01
-5.763000000000000345e-01
5.725000000000000089e-01
1.246000000000000024e-01
-3.714000000000000079e-01
8.873999999999999666e-01
-2.993000000000000105e-01
9.504000000000000226e-01
-4.630000000000000088e-02
-3.164000000000000146e-01
7.731999999999999984e-01
3.128000000000000225e-01
4.807000000000000162e-01
5.366999999999999549e-01
-3.498999999999999888e-01
-9.665000000000000258e-01
5.040000000000000036e-01
8.377000000000000002e-01
9.648999999999999799e-01
8.200000000000000691e-03
7.694999999999999618e-01
-6.972000000000000419e-01
8.788000000000000256e-01
-4.318000000000000171e-01
8.602999999999999536e-01
5.433000000000000052e-01
2.164999999999999980e-01
