-9.651999999999999469e-01
3.955000000000000182e-01
4.005000000000000226e-01
-1.265000000000000013e-01
-6.010999999999999677e-01
9.788999999999999924e-01
-1.262999999999999956e-01
3.024000000000000021e-01
-7.400000000000000328e-03
-5.830999999999999517e-01
4.132000000000000117e-01
-4.950000000000000233e-02
3.655999999999999805e-01
-4.646000000000000130e-01
-7.909000000000000474e-01
-9.204999999999999849e-01
-4.613999999999999768e-01
-3.396000000000000130e-01
-2.726000000000000090e-01
-9.254999999999999893e-01
8.888000000000000345e-01
1.257000000000000062e-01
8.289999999999999591e-01
-7.981000000000000316e-01
-7.489000000000000101e-01
-2.701999999999999957e-01
3.289999999999999869e-02
9.249999999999999889e-02
7.250999999999999668e-01
7.451999999999999735e-01
-9.002000000000000002e-01
-7.183000000000000496e-01
-1.574000000000000121e-01
9.224999999999999867e-01
5.373999999999999888e-01
-4.661000000000000143e-01
