-8.821999999999999842e-01
-4.747000000000000108e-01
8.127999999999999670e-01
8.929000000000000270e-01
-1.481000000000000094e-01
9.889999999999999902e-01
-3.466000000000000192e-01
-7.243000000000000549e-01
1.098999999999999977e-01
-2.528000000000000247e-01
-5.649999999999999467e-01
4.707000000000000073e-01
8.148999999999999577e-01
9.800999999999999712e-01
-6.056000000000000272e-01
7.227000000000000091e-01
1.504999999999999949e-01
3.245999999999999996e-01
-7.695999999999999508e-01
-2.800000000000000266e-01
-8.108999999999999542e-01
2.495999999999999885e-01
-1.509000000000000064e-01
4.782000000000000139e-01
-2.554000000000000159e-01
5.750999999999999446e-01
1.439999999999999891e-01
-9.859999999999999876e-01
1.010000000000000064e-01
-2.505999999999999894e-01
5.172999999999999821e-01
-3.396000000000000130e-01
7.199999999999999734e-01
-1.020999999999999963e-01
-6.031999999999999584e-01
2.225000000000000033e-01
