-9.526000000000000023e-01
-7.427000000000000268e-01
7.082000000000000517e-01
9.798999999999999932e-01
-8.245999999999999996e-01
-1.580999999999999905e-01
-6.382999999999999785e-01
-9.140000000000000346e-01
4.756000000000000227e-01
6.281999999999999806e-01
3.563000000000000056e-01
2.209000000000000130e-01
-7.489999999999999991e-01
-7.694999999999999618e-01
8.645000000000000462e-01
-7.146000000000000130e-01
1.044999999999999957e-01
8.164000000000000146e-01
3.804000000000000159e-01
-3.400000000000000244e-02
-9.707999999999999963e-01
5.113999999999999657e-01
5.747999999999999776e-01
8.129999999999999449e-01
8.800999999999999934e-01
8.834999999999999520e-01
4.069999999999999729e-01
-5.999999999999999778e-01
2.394999999999999907e-01
5.564999999999999947e-01
-9.199999999999999845e-02
-9.229000000000000536e-01
-2.909999999999999809e-01
8.596000000000000307e-01
8.559999999999999831e-01
-2.912000000000000144e-01
