-1.539999999999999980e-01
-7.540999999999999925e-01
-9.688999999999999835e-01
-8.829000000000000181e-01
2.159999999999999976e-01
-3.603000000000000091e-01
-4.640000000000000235e-01
1.089999999999999997e-01
7.479999999999999982e-01
-7.682999999999999829e-01
-9.134999999999999787e-01
-8.408999999999999808e-01
3.457000000000000073e-01
-6.729999999999999871e-02
-6.611000000000000210e-01
6.329999999999999516e-02
7.124000000000000332e-01
-2.127999999999999892e-01
-5.627999999999999670e-01
-9.817000000000000171e-01
-3.541000000000000258e-01
-8.416000000000000147e-01
2.079999999999999905e-02
-1.472999999999999865e-01
7.405000000000000471e-01
5.469000000000000528e-01
9.997000000000000330e-01
4.171000000000000263e-01
4.491999999999999882e-01
-8.660999999999999810e-01
-9.947000000000000286e-01
-4.205999999999999739e-01
6.511000000000000121e-01
1.037000000000000005e-01
2.356000000000000039e-01
9.072999999999999954e-01
