5.131999999999999895e-01
8.800000000000000530e-03
-6.205000000000000515e-01
-7.710000000000000187e-02
-8.987000000000000544e-01
-2.474999999999999978e-01
2.504000000000000115e-01
-4.435000000000000053e-01
-8.800000000000000530e-03
-9.233999999999999986e-01
6.625999999999999668e-01
9.233999999999999986e-01
-4.752000000000000113e-01
-4.403000000000000247e-01
-8.245000000000000107e-01
-2.066999999999999948e-01
-7.531999999999999806e-01
-6.934000000000000163e-01
3.804000000000000159e-01
5.125999999999999446e-01
-9.074999999999999734e-01
3.907999999999999807e-01
-4.743999999999999884e-01
-6.535999999999999588e-01
-3.778000000000000247e-01
3.471000000000000196e-01
-1.661999999999999866e-01
1.010000000000000064e-01
-2.616999999999999882e-01
8.206999999999999851e-01
2.982000000000000206e-01
-4.975999999999999868e-01
8.223000000000000309e-01
3.590000000000000135e-02
-4.964000000000000079e-01
-2.142000000000000015e-01
