-8.292000000000000481e-01
2.933999999999999941e-01
5.961999999999999522e-01
8.809999999999999776e-02
-9.835000000000000409e-01
-8.803999999999999604e-01
7.280999999999999694e-01
-8.675000000000000488e-01
6.253999999999999559e-01
-6.068999999999999950e-01
8.121000000000000441e-01
8.578000000000000069e-01
-9.356999999999999762e-01
-9.417999999999999705e-01
5.281000000000000139e-01
-8.904999999999999583e-01
1.932000000000000106e-01
2.958999999999999964e-01
-5.544999999999999929e-01
-3.382000000000000006e-01
-4.678999999999999826e-01
5.314999999999999725e-01
-7.446000000000000396e-01
9.191000000000000281e-01
4.330999999999999850e-01
4.771000000000000241e-01
-5.284999999999999698e-01
-8.792999999999999705e-01
6.985999999999999988e-01
-3.921000000000000041e-01
6.647999999999999465e-01
-6.499999999999999702e-03
-2.549999999999999836e-02
6.532000000000000028e-01
9.431000000000000494e-01
-7.781000000000000139e-01
7.247000000000000108e-01
9.528999999999999693e-01
8.474000000000000421e-01
7.574999999999999512e-01
7.508000000000000229e-01
9.121000000000000218e-01
-9.597999999999999865e-01
-3.739000000000000101e-01
-9.223999999999999977e-01
9.989000000000000101e-01
7.112000000000000544e-01
4.299000000000000044e-01
-3.254000000000000226e-01
-8.698000000000000176e-01
8.431999999999999496e-01
-2.864999999999999769e-01
-6.729999999999999871e-02
-4.345999999999999863e-01
-8.155999999999999917e-01
9.770999999999999686e-01
8.012000000000000233e-01
-4.152000000000000135e-01
6.049999999999999822e-01
-5.036000000000000476e-01
-8.781999999999999806e-01
7.618000000000000327e-01
7.380000000000000449e-02
-1.116999999999999937e-01
4.323000000000000176e-01
-2.746999999999999997e-01
7.570999999999999952e-01
2.212000000000000077e-01
4.143000000000000016e-01
2.475999999999999868e-01
-6.471999999999999975e-01
2.281999999999999862e-01
-7.054000000000000270e-01
-6.865999999999999881e-01
-2.936000000000000276e-01
-3.407000000000000028e-01
6.526999999999999469e-01
-7.059999999999999609e-02
-9.677999999999999936e-01
8.303000000000000380e-01
8.241000000000000547e-01
7.547000000000000375e-01
-3.109999999999999917e-02
5.584000000000000075e-01
4.939999999999999947e-01
9.705000000000000293e-01
8.455000000000000293e-01
-2.210000000000000159e-02
6.359000000000000208e-01
2.361999999999999933e-01
5.510000000000000314e-02
-7.610999999999999988e-01
9.655000000000000249e-01
9.089999999999999469e-02
6.959999999999999520e-02
-9.320000000000000506e-02
7.413999999999999480e-01
2.120000000000000009e-02
-4.908000000000000140e-01
4.128000000000000003e-01
-9.622000000000000552e-01
-5.062999999999999723e-01
8.111000000000000432e-01
-5.814000000000000279e-01
-7.033000000000000362e-01
3.663000000000000145e-01
5.531000000000000361e-01
9.247999999999999554e-01
3.039999999999999925e-01
-6.378000000000000336e-01
-6.062999999999999501e-01
-5.585999999999999854e-01
8.039999999999999925e-02
-6.300999999999999934e-01
-1.779999999999999985e-02
4.280999999999999805e-01
-9.530999999999999472e-01
-9.438999999999999613e-01
7.732999999999999874e-01
-1.313000000000000000e-01
-4.477999999999999758e-01
5.531000000000000361e-01
-6.482999999999999874e-01
-2.290000000000000091e-01
-7.691000000000000059e-01
9.844000000000000528e-01
5.584999999999999964e-01
3.002000000000000224e-01
1.598999999999999866e-01
1.260999999999999899e-01
1.859999999999999987e-01
2.121000000000000107e-01
-3.367999999999999883e-01
-3.649999999999999772e-02
3.371000000000000107e-01
2.441000000000000114e-01
-7.781000000000000139e-01
4.437999999999999723e-01
9.960999999999999854e-01
7.296000000000000263e-01
-2.313999999999999946e-01
8.871999999999999886e-01
-5.766999999999999904e-01
-6.733999999999999986e-01
-4.321999999999999731e-01
4.059999999999999720e-02
-2.670000000000000151e-01
9.321000000000000396e-01
7.292999999999999483e-01
-9.829999999999999849e-01
-5.100999999999999979e-01
-8.790000000000000036e-01
-8.588000000000000078e-01
-1.077000000000000041e-01
-5.296999999999999487e-01
-9.847000000000000197e-01
4.914999999999999925e-01
5.722000000000000419e-01
-6.069999999999999840e-01
9.825000000000000400e-01
-8.885999999999999455e-01
9.210000000000000409e-01
1.771999999999999964e-01
5.310000000000000275e-01
1.474999999999999922e-01
7.016000000000000014e-01
-8.907000000000000473e-01
8.701999999999999735e-01
-1.895999999999999908e-01
4.199999999999999740e-03
-9.785000000000000364e-01
4.058999999999999830e-01
-8.162000000000000366e-01
5.109999999999999959e-02
-3.039000000000000035e-01
-1.889000000000000123e-01
-7.843999999999999861e-01
1.713000000000000078e-01
3.805000000000000049e-01
5.917999999999999927e-01
-4.798000000000000043e-01
9.747999999999999998e-01
-7.533999999999999586e-01
-6.705999999999999739e-01
-4.032000000000000028e-01
9.314000000000000057e-01
5.681000000000000494e-01
8.073000000000000176e-01
4.118999999999999884e-01
-7.778000000000000469e-01
3.869000000000000217e-01
6.330999999999999961e-01
-9.102999999999999980e-01
-6.455999999999999517e-01
-6.904000000000000137e-01
-3.539999999999999813e-01
6.451000000000000068e-01
-5.990000000000000185e-02
8.428999999999999826e-01
-4.480000000000000093e-01
9.600999999999999535e-01
-5.477999999999999536e-01
7.510999999999999899e-01
6.722000000000000197e-01
-8.808000000000000274e-01
5.979999999999999760e-01
-6.999999999999999929e-04
8.535000000000000364e-01
8.081000000000000405e-01
9.851999999999999647e-01
-7.487000000000000322e-01
1.859999999999999848e-02
-8.948000000000000398e-01
-5.360000000000000181e-02
-6.270999999999999908e-01
-8.298999999999999710e-01
-7.775999999999999579e-01
4.294000000000000039e-01
7.127000000000000002e-01
1.436999999999999944e-01
4.682000000000000051e-01
-1.922000000000000097e-01
1.779999999999999985e-02
-1.794999999999999929e-01
-2.604000000000000203e-01
-1.976999999999999869e-01
2.100000000000000130e-02
4.499000000000000221e-01
-2.676999999999999935e-01
6.540000000000000258e-01
