4.837000000000000188e-01
3.985000000000000209e-01
-4.501000000000000001e-01
7.913999999999999924e-01
6.942000000000000393e-01
8.888000000000000345e-01
7.914999999999999813e-01
-2.136000000000000121e-01
3.020000000000000115e-02
-3.699000000000000066e-01
-8.018999999999999462e-01
-1.854000000000000092e-01
7.943000000000000060e-01
4.799999999999999580e-03
4.813999999999999946e-01
-2.280000000000000082e-01
6.655999999999999694e-01
-9.094999999999999751e-01
6.882000000000000339e-01
5.189000000000000279e-01
7.050999999999999490e-01
7.099999999999999645e-01
5.716999999999999860e-01
-6.170999999999999819e-01
-6.040999999999999703e-01
9.565000000000000169e-01
5.140000000000000124e-01
-8.767000000000000348e-01
-9.375000000000000000e-01
3.895000000000000129e-01
4.324000000000000066e-01
5.582000000000000295e-01
9.460000000000000353e-02
-5.518999999999999462e-01
5.299000000000000377e-01
9.274999999999999911e-01
7.764999999999999680e-01
-4.727999999999999980e-01
-7.038999999999999702e-01
6.292999999999999705e-01
-8.780000000000000304e-02
-5.703000000000000291e-01
-6.379000000000000226e-01
8.256000000000000005e-01
6.437000000000000499e-01
7.862999999999999989e-01
-3.665999999999999814e-01
9.174999999999999822e-01
9.675000000000000266e-01
4.158999999999999919e-01
7.168999999999999817e-01
7.995999999999999774e-01
9.955000000000000515e-01
8.003000000000000114e-01
3.587000000000000188e-01
-1.796000000000000096e-01
7.508000000000000229e-01
8.820000000000000062e-02
-5.088000000000000300e-01
4.000000000000000083e-02
6.124000000000000554e-01
4.934000000000000052e-01
5.599999999999999943e-03
-9.108000000000000540e-01
6.407000000000000473e-01
-8.064000000000000057e-01
5.272999999999999909e-01
-2.097999999999999865e-01
9.565000000000000169e-01
5.567999999999999616e-01
8.439999999999999725e-01
5.242999999999999883e-01
-4.524000000000000243e-01
2.278000000000000025e-01
-6.998999999999999666e-01
-9.977000000000000313e-01
3.023000000000000131e-01
3.968999999999999750e-01
-7.501999999999999780e-01
-3.956999999999999962e-01
7.055000000000000160e-01
-8.920000000000000151e-01
-6.842000000000000304e-01
-2.900000000000000147e-02
8.210000000000000631e-02
-8.933999999999999719e-01
3.971000000000000085e-01
1.570999999999999897e-01
-7.916999999999999593e-01
6.582000000000000073e-01
5.410000000000000364e-01
-5.137000000000000455e-01
-1.884000000000000119e-01
-9.284999999999999920e-01
-8.248999999999999666e-01
9.838999999999999968e-01
4.344999999999999973e-01
2.378000000000000114e-01
-8.366000000000000103e-01
-7.401999999999999691e-01
1.799999999999999933e-01
1.164000000000000035e-01
-7.924999999999999822e-01
-1.676999999999999880e-01
-4.505000000000000115e-01
8.816000000000000503e-01
-2.782000000000000028e-01
5.975000000000000311e-01
-3.231999999999999873e-01
8.387000000000000011e-01
7.849000000000000421e-01
6.091999999999999638e-01
-4.870999999999999774e-01
-7.360999999999999766e-01
-5.314999999999999725e-01
1.223999999999999949e-01
-6.245000000000000551e-01
-3.709000000000000075e-01
9.070000000000000284e-02
-4.330999999999999850e-01
1.814999999999999947e-01
7.994999999999999885e-01
9.284999999999999920e-01
8.318999999999999728e-01
4.673999999999999821e-01
2.068000000000000116e-01
-4.460000000000000075e-01
5.507999999999999563e-01
-9.453000000000000291e-01
-1.015999999999999959e-01
-1.305999999999999939e-01
2.190999999999999892e-01
8.979000000000000314e-01
1.763000000000000123e-01
-1.351999999999999869e-01
-3.835000000000000075e-01
-3.704000000000000070e-01
-7.594999999999999529e-01
-7.119999999999999940e-02
-4.692000000000000060e-01
-9.417999999999999705e-01
-6.138000000000000123e-01
-2.702999999999999847e-01
-7.006999999999999895e-01
-1.562000000000000055e-01
6.578000000000000513e-01
-4.894999999999999907e-01
-8.740000000000000546e-02
-2.306999999999999884e-01
7.350999999999999757e-01
8.760000000000000009e-01
-7.042000000000000481e-01
-2.009999999999999981e-02
2.050000000000000086e-02
-1.325000000000000067e-01
-9.040000000000000258e-01
-2.177000000000000046e-01
-7.511999999999999789e-01
5.828999999999999737e-01
5.328000000000000513e-01
-4.925999999999999823e-01
8.407999999999999918e-01
-6.336000000000000520e-01
7.272999999999999465e-01
-5.310000000000000137e-02
-8.569999999999999840e-01
-5.733000000000000318e-01
-3.791999999999999815e-01
-4.776000000000000245e-01
3.262999999999999790e-01
2.268999999999999906e-01
-6.379000000000000226e-01
6.885999999999999899e-01
1.066000000000000003e-01
1.248999999999999971e-01
-4.479999999999999954e-02
9.870999999999999774e-01
1.029999999999999943e-01
-5.389000000000000457e-01
3.206999999999999851e-01
-4.077999999999999958e-01
-4.112999999999999989e-01
2.621999999999999886e-01
-5.614000000000000101e-01
5.940000000000000141e-02
-9.274000000000000021e-01
-1.023000000000000020e-01
-8.010000000000000453e-02
-4.541999999999999926e-01
6.086000000000000298e-01
5.231999999999999984e-01
2.394000000000000017e-01
-5.231000000000000094e-01
-3.459999999999999742e-01
9.620999999999999552e-01
1.598999999999999866e-01
6.020999999999999686e-01
9.132000000000000117e-01
5.266999999999999460e-01
8.129999999999999449e-01
-6.958999999999999631e-01
-8.296999999999999931e-01
5.517999999999999572e-01
-5.391000000000000236e-01
-6.260000000000000286e-02
8.058999999999999497e-01
-5.656999999999999806e-01
-1.403999999999999970e-01
6.990000000000000380e-02
-8.792999999999999705e-01
-4.890999999999999792e-01
-1.137999999999999984e-01
-1.169000000000000039e-01
-6.662000000000000144e-01
8.522999999999999465e-01
-3.739000000000000101e-01
-7.492999999999999661e-01
3.256000000000000005e-01
6.479999999999999649e-02
-1.480000000000000066e-02
-8.849999999999999534e-02
1.025999999999999968e-01
-5.568999999999999506e-01
-5.152999999999999803e-01
1.751000000000000056e-01
2.802999999999999936e-01
8.190000000000000058e-02
-6.959999999999999520e-01
9.534000000000000252e-01
-5.873000000000000442e-01
