-3.706999999999999740e-01
9.826000000000000290e-01
-2.871000000000000218e-01
6.233999999999999542e-01
1.890999999999999903e-01
2.265000000000000069e-01
1.356999999999999873e-01
-7.470999999999999863e-01
-2.323999999999999955e-01
4.627000000000000002e-01
-7.597000000000000419e-01
-5.864000000000000323e-01
8.965999999999999526e-01
-1.549999999999999989e-02
-1.610000000000000042e-01
6.605999999999999650e-01
4.586000000000000076e-01
-5.664000000000000146e-01
-5.423000000000000043e-01
6.018000000000000016e-01
4.375000000000000000e-01
1.250000000000000069e-02
-8.191000000000000503e-01
5.750000000000000250e-02
3.425000000000000266e-01
7.549999999999999767e-02
3.739999999999999991e-01
1.499999999999999944e-01
-7.711000000000000076e-01
-4.798000000000000043e-01
7.278999999999999915e-01
2.949999999999999845e-01
8.911999999999999922e-01
-6.667999999999999483e-01
9.598999999999999755e-01
5.808999999999999719e-01
8.911999999999999922e-01
2.283000000000000029e-01
-8.829000000000000181e-01
5.964000000000000412e-01
-1.303999999999999881e-01
-4.338000000000000189e-01
1.986999999999999877e-01
-1.519999999999999997e-02
-2.580999999999999961e-01
-4.877000000000000224e-01
2.427999999999999881e-01
1.029999999999999943e-01
-5.745999999999999996e-01
-7.131999999999999451e-01
-2.590000000000000080e-01
-9.600999999999999535e-01
7.309999999999999831e-01
6.009999999999999787e-01
9.599999999999999159e-03
-7.748000000000000442e-01
2.974999999999999867e-01
6.100999999999999757e-01
-2.939999999999999905e-02
-3.301000000000000045e-01
2.515000000000000013e-01
-1.923999999999999877e-01
6.712000000000000188e-01
-7.199999999999999456e-02
3.716999999999999749e-01
7.670000000000000429e-02
-3.291999999999999926e-01
-6.077000000000000179e-01
1.414999999999999869e-01
-1.889000000000000123e-01
-4.344000000000000083e-01
2.850000000000000103e-02
-7.893999999999999906e-01
-2.369999999999999885e-02
8.544000000000000483e-01
1.255000000000000004e-01
6.138000000000000123e-01
-5.322999999999999954e-01
3.835000000000000075e-01
2.273000000000000020e-01
-4.685000000000000275e-01
-5.139000000000000234e-01
-7.627000000000000446e-01
-3.740999999999999881e-01
3.788000000000000256e-01
-6.773000000000000131e-01
-9.808999999999999941e-01
-4.002000000000000002e-01
-1.058000000000000052e-01
3.718000000000000194e-01
-4.335999999999999854e-01
3.111999999999999766e-01
-7.426000000000000378e-01
5.816999999999999948e-01
-9.574000000000000288e-01
-7.560999999999999943e-01
3.407000000000000028e-01
-3.049999999999999933e-02
-5.190000000000000169e-02
-1.872999999999999943e-01
8.300000000000000086e-03
-3.486000000000000210e-01
-3.673000000000000154e-01
-6.088999999999999968e-01
-2.667999999999999816e-01
5.037000000000000366e-01
3.897999999999999798e-01
1.587999999999999967e-01
-6.643000000000000016e-01
7.522999999999999687e-01
5.345999999999999641e-01
-5.533000000000000140e-01
3.795999999999999930e-01
4.884000000000000008e-01
3.869999999999999829e-02
4.058999999999999830e-01
-4.828999999999999959e-01
-8.752999999999999670e-01
-8.572999999999999510e-01
-5.919999999999999707e-01
-2.293999999999999928e-01
8.780000000000000027e-01
-8.809999999999999776e-02
5.221000000000000085e-01
7.451999999999999735e-01
-7.143000000000000460e-01
6.439000000000000279e-01
-1.163000000000000006e-01
-6.205000000000000515e-01
-1.633000000000000007e-01
-2.265999999999999959e-01
4.146000000000000241e-01
-6.909999999999999476e-01
4.519999999999999712e-02
-6.351999999999999869e-01
6.293999999999999595e-01
-2.818999999999999839e-01
8.024999999999999911e-01
-2.980999999999999761e-01
1.511000000000000121e-01
7.345000000000000417e-01
-7.860000000000000320e-02
-7.419000000000000039e-01
3.140000000000000013e-01
8.106999999999999762e-01
7.010999999999999455e-01
6.004000000000000448e-01
2.384999999999999898e-01
3.461000000000000187e-01
2.426000000000000101e-01
-9.815000000000000391e-01
-4.233000000000000096e-01
5.229999999999999927e-02
-8.899000000000000243e-01
-6.731000000000000316e-01
7.161999999999999478e-01
-3.766999999999999793e-01
-4.375999999999999890e-01
4.844999999999999862e-01
5.141999999999999904e-01
7.569000000000000172e-01
-6.482999999999999874e-01
2.770000000000000240e-01
5.079999999999999793e-02
-7.150999999999999579e-01
-6.640000000000000069e-02
-2.777000000000000024e-01
2.808999999999999830e-01
-6.169000000000000039e-01
-8.060000000000000497e-02
7.473999999999999533e-01
-3.430000000000000271e-01
-3.362999999999999878e-01
-2.565999999999999948e-01
-1.241000000000000020e-01
-8.000000000000000167e-03
3.978999999999999759e-01
5.034999999999999476e-01
-4.990999999999999881e-01
2.309999999999999901e-02
-4.429000000000000159e-01
2.710000000000000187e-01
-9.510000000000000397e-02
-2.513000000000000234e-01
-1.242000000000000048e-01
-4.854999999999999871e-01
3.387999999999999901e-01
-8.148999999999999577e-01
4.888000000000000123e-01
-3.047000000000000264e-01
4.732999999999999985e-01
5.522000000000000242e-01
-1.900999999999999912e-01
9.133999999999999897e-01
-2.253000000000000003e-01
8.160000000000000586e-02
7.046000000000000041e-01
-9.428999999999999604e-01
-1.764000000000000012e-01
1.121999999999999942e-01
-3.790999999999999925e-01
-3.895000000000000129e-01
1.656999999999999862e-01
9.363000000000000211e-01
-5.160000000000000003e-02
-4.077999999999999958e-01
9.768000000000000016e-01
7.960000000000000409e-02
-9.053999999999999826e-01
-6.089999999999999858e-01
-2.121000000000000107e-01
2.587999999999999745e-01
1.943999999999999895e-01
-2.068000000000000116e-01
5.344999999999999751e-01
-1.822000000000000008e-01
-1.189000000000000057e-01
9.510999999999999455e-01
5.410000000000000225e-02
6.098999999999999977e-01
8.466000000000000192e-01
5.747999999999999776e-01
5.500000000000000444e-01
-9.130000000000000615e-02
-3.835999999999999965e-01
-2.419000000000000039e-01
-9.175999999999999712e-01
6.026000000000000245e-01
-3.114000000000000101e-01
6.333999999999999631e-01
