2.134999999999999953e-01
7.930000000000000382e-01
-6.600000000000000311e-02
-7.643999999999999684e-01
-8.823999999999999622e-01
-9.936000000000000387e-01
-7.127000000000000002e-01
9.187999999999999501e-01
6.450000000000000178e-02
5.580000000000000515e-01
-8.318999999999999728e-01
-3.469999999999999751e-01
2.555999999999999939e-01
8.961000000000000076e-01
-1.400000000000000133e-01
-5.345999999999999641e-01
-4.190999999999999726e-01
7.148999999999999799e-01
7.391999999999999682e-01
4.678999999999999826e-01
9.840999999999999748e-01
-3.770000000000000018e-01
3.373999999999999777e-01
-2.821000000000000174e-01
-5.787999999999999812e-01
6.284999999999999476e-01
3.951999999999999957e-01
-4.823999999999999955e-01
-8.880000000000000115e-01
7.730000000000000204e-01
-5.214999999999999636e-01
-8.129999999999999449e-01
1.932999999999999996e-01
1.270999999999999908e-01
7.692999999999999838e-01
4.595000000000000195e-01
-8.141000000000000458e-01
-6.583999999999999853e-01
8.819000000000000172e-01
6.115000000000000435e-01
-5.702000000000000401e-01
-2.281999999999999862e-01
-3.032000000000000250e-01
-4.560000000000000164e-01
7.327000000000000179e-01
-6.419000000000000261e-01
-2.889999999999999791e-01
7.005000000000000115e-01
2.675000000000000155e-01
-5.272000000000000020e-01
-1.839999999999999969e-02
-1.759000000000000008e-01
-8.840999999999999970e-01
-8.037999999999999590e-01
9.260000000000000453e-01
7.587000000000000410e-01
9.824000000000000510e-01
-4.915999999999999814e-01
3.089999999999999969e-01
-2.406999999999999973e-01
-6.397000000000000464e-01
1.565999999999999892e-01
-6.257000000000000339e-01
8.263000000000000345e-01
3.508000000000000007e-01
-1.716999999999999915e-01
-1.817999999999999894e-01
5.650000000000000161e-02
-8.053000000000000158e-01
-8.218999999999999639e-01
-9.559999999999999609e-01
9.104999999999999760e-01
-3.880000000000000115e-01
-7.491999999999999771e-01
6.018999999999999906e-01
-4.801000000000000267e-01
-2.529999999999999957e-02
-7.433999999999999497e-01
-3.886000000000000010e-01
8.169999999999999485e-02
-3.291999999999999926e-01
-9.565000000000000169e-01
-5.423999999999999932e-01
-2.755000000000000226e-01
5.588999999999999524e-01
-4.907000000000000250e-01
1.151999999999999968e-01
-3.613000000000000100e-01
-8.458999999999999853e-01
-8.649000000000000021e-01
4.449000000000000177e-01
-7.019999999999999851e-02
-9.808999999999999941e-01
-8.340000000000000191e-02
-1.436000000000000054e-01
-7.268000000000000016e-01
-1.145000000000000046e-01
-1.754000000000000004e-01
-4.680000000000000271e-01
-8.816000000000000503e-01
-7.106999999999999984e-01
6.915999999999999925e-01
5.343999999999999861e-01
-7.705999999999999517e-01
8.198999999999999622e-01
-4.601000000000000090e-01
1.797999999999999876e-01
-1.194999999999999951e-01
-7.070999999999999508e-01
7.743999999999999773e-01
6.854000000000000092e-01
8.538999999999999924e-01
-3.709999999999999964e-01
-1.074999999999999983e-01
-8.135000000000000009e-01
-2.434999999999999942e-01
-5.426999999999999602e-01
-6.498000000000000442e-01
-5.998999999999999888e-01
4.370999999999999885e-01
-4.409000000000000141e-01
-5.581000000000000405e-01
7.642999999999999794e-01
7.747000000000000552e-01
-1.678000000000000047e-01
6.933000000000000274e-01
-8.819000000000000172e-01
3.685999999999999832e-01
3.914000000000000257e-01
2.159000000000000086e-01
-7.955999999999999739e-01
-6.731000000000000316e-01
-3.160000000000000309e-02
3.490000000000000047e-02
-2.570000000000000062e-01
-3.649999999999999772e-02
-2.622999999999999776e-01
6.461999999999999966e-01
-8.455000000000000293e-01
7.630000000000000671e-02
6.854999999999999982e-01
7.865999999999999659e-01
-7.344000000000000528e-01
-3.830000000000000071e-02
9.284999999999999920e-01
6.776999999999999691e-01
-3.125999999999999890e-01
-1.676999999999999880e-01
3.025999999999999801e-01
-9.372000000000000330e-01
1.283999999999999864e-01
-1.998999999999999944e-01
-9.391000000000000458e-01
-3.637000000000000233e-01
2.698999999999999733e-01
5.910999999999999588e-01
1.620000000000000051e-01
-3.801999999999999824e-01
8.559999999999999831e-01
-1.057000000000000023e-01
-8.169999999999999485e-02
-2.584000000000000186e-01
3.467999999999999972e-01
-7.171999999999999487e-01
5.769999999999999574e-01
7.257000000000000117e-01
-8.046999999999999709e-01
-1.567999999999999949e-01
4.707999999999999963e-01
5.282000000000000028e-01
-7.700000000000000247e-03
-1.801999999999999991e-01
5.104999999999999538e-01
3.482000000000000095e-01
6.453999999999999737e-01
4.390999999999999903e-01
-2.691999999999999948e-01
2.725000000000000200e-01
-1.897000000000000075e-01
9.565000000000000169e-01
-2.343000000000000083e-01
-5.877999999999999892e-01
-9.020000000000000240e-01
-6.627999999999999448e-01
6.014000000000000457e-01
-2.755000000000000226e-01
-3.724000000000000088e-01
-1.605999999999999928e-01
-3.104999999999999982e-01
2.267000000000000126e-01
9.950999999999999845e-01
2.518000000000000238e-01
5.931999999999999496e-01
-8.054000000000000048e-01
5.611000000000000432e-01
-1.213000000000000050e-01
6.528000000000000469e-01
-3.703000000000000180e-01
-4.424000000000000155e-01
1.619999999999999912e-02
2.389999999999999902e-01
6.829999999999999960e-02
-7.177999999999999936e-01
7.046999999999999931e-01
1.655000000000000082e-01
3.380000000000000226e-01
3.766999999999999793e-01
-5.234999999999999654e-01
-4.546999999999999931e-01
4.897000000000000242e-01
5.574999999999999956e-01
6.210999999999999854e-01
-3.284000000000000252e-01
-5.057000000000000384e-01
3.962999999999999856e-01
-6.488000000000000433e-01
1.986999999999999877e-01
-8.387000000000000011e-01
-7.334000000000000519e-01
-8.450999999999999623e-01
2.670000000000000151e-01
-8.879000000000000226e-01
3.175999999999999934e-01
1.232000000000000040e-01
-8.209999999999999520e-01
-1.073000000000000065e-01
5.525999999999999801e-01
4.700000000000000011e-02
-6.017000000000000126e-01
-9.746000000000000218e-01
