8.923999999999999710e-01
-2.000000000000000042e-02
-7.960000000000000409e-01
-6.530000000000000249e-01
3.540000000000000091e-02
9.401000000000000467e-01
7.004000000000000226e-01
-9.136999999999999567e-01
-1.111000000000000043e-01
-4.888000000000000123e-01
1.330999999999999961e-01
-8.741999999999999771e-01
-8.346999999999999975e-01
-7.801000000000000156e-01
4.712999999999999967e-01
1.605999999999999928e-01
-3.872999999999999776e-01
5.399000000000000465e-01
-6.791000000000000369e-01
9.272000000000000242e-01
-7.703999999999999737e-01
-4.550000000000000155e-01
-8.300000000000000086e-03
-8.400000000000000522e-02
4.830000000000000265e-02
-2.306999999999999884e-01
3.466000000000000192e-01
2.978999999999999981e-01
-9.162000000000000144e-01
4.507999999999999785e-01
-1.917000000000000093e-01
2.600000000000000089e-01
-3.580999999999999739e-01
-6.333999999999999631e-01
1.428000000000000103e-01
3.433999999999999830e-01
-3.388999999999999790e-01
-4.455999999999999961e-01
5.762000000000000455e-01
-3.058000000000000163e-01
-5.225999999999999535e-01
-2.659000000000000252e-01
5.987000000000000099e-01
-1.180999999999999966e-01
-2.050000000000000086e-02
6.220999999999999863e-01
-4.808000000000000052e-01
-9.519999999999999574e-01
5.228000000000000425e-01
-8.927000000000000490e-01
-9.606999999999999984e-01
6.450000000000000178e-01
-4.592999999999999861e-01
2.321999999999999897e-01
-5.512000000000000233e-01
-9.566000000000000059e-01
-6.918999999999999595e-01
4.312000000000000277e-01
-6.974000000000000199e-01
-2.272000000000000131e-01
3.094000000000000083e-01
-7.033000000000000362e-01
-9.156999999999999584e-01
5.970000000000000306e-02
6.751000000000000334e-01
9.634000000000000341e-01
-7.883999999999999897e-01
-2.119999999999999940e-01
-6.484999999999999654e-01
-7.564999999999999503e-01
-6.117000000000000215e-01
7.511999999999999789e-01
-1.799999999999999864e-02
1.892999999999999960e-01
4.946999999999999731e-01
9.283000000000000140e-01
-9.558999999999999719e-01
-5.766999999999999904e-01
2.945999999999999730e-01
-1.370000000000000037e-02
5.929999999999999716e-01
4.313000000000000167e-01
-6.862000000000000322e-01
1.969999999999999876e-02
7.844999999999999751e-01
4.047000000000000042e-01
-2.089999999999999844e-02
5.898999999999999799e-01
6.250999999999999890e-01
5.404999999999999805e-01
3.360000000000000209e-01
-6.041999999999999593e-01
3.140000000000000013e-01
-2.404999999999999916e-01
-6.723999999999999977e-01
2.071000000000000063e-01
-5.153999999999999693e-01
1.242999999999999938e-01
5.412000000000000144e-01
-4.470000000000000084e-01
9.460000000000000353e-02
-7.786999999999999478e-01
-7.274000000000000465e-01
9.414000000000000146e-01
8.381999999999999451e-01
-9.714000000000000412e-01
-5.542000000000000259e-01
-8.849999999999999534e-02
6.017000000000000126e-01
9.758000000000000007e-01
-3.573000000000000065e-01
-8.990000000000000213e-01
8.007999999999999563e-01
8.841999999999999860e-01
-4.224999999999999867e-01
2.116000000000000103e-01
7.376000000000000334e-01
-3.687000000000000277e-01
3.559999999999999831e-01
8.409999999999999698e-01
-2.020000000000000129e-01
-1.660000000000000017e-02
6.208000000000000185e-01
2.923999999999999932e-01
-5.575999999999999845e-01
2.142999999999999905e-01
6.500000000000000222e-01
-3.809000000000000163e-01
-1.892999999999999960e-01
7.197999999999999954e-01
7.320000000000000118e-02
-7.036999999999999922e-01
-1.297999999999999987e-01
5.530000000000000471e-01
4.116000000000000214e-01
8.033000000000000140e-01
3.810999999999999943e-01
1.660000000000000087e-01
-5.581000000000000405e-01
7.872000000000000108e-01
1.550999999999999879e-01
4.627000000000000002e-01
-8.000000000000000444e-01
-5.420000000000000373e-01
7.449999999999999678e-02
-5.788999999999999702e-01
6.209999999999999964e-01
7.421999999999999709e-01
2.456000000000000127e-01
-2.580999999999999961e-01
-4.700000000000000011e-02
9.405000000000000027e-01
-9.976000000000000423e-01
-1.635000000000000064e-01
9.946000000000000396e-01
-8.416000000000000147e-01
2.894999999999999796e-01
-7.691999999999999948e-01
6.283999999999999586e-01
-3.628000000000000114e-01
8.014000000000000012e-01
3.079000000000000070e-01
-8.750999999999999890e-01
5.796999999999999931e-01
1.577999999999999958e-01
6.040000000000000230e-02
-5.759999999999999565e-01
8.699999999999999400e-03
-9.842999999999999527e-01
-7.510000000000000009e-02
-7.608000000000000318e-01
2.235000000000000042e-01
6.641000000000000236e-01
3.118000000000000216e-01
-6.458000000000000407e-01
5.404999999999999805e-01
-9.918000000000000149e-01
-7.574999999999999512e-01
2.706999999999999962e-01
8.536000000000000254e-01
-4.242000000000000215e-01
6.077000000000000179e-01
-5.835000000000000187e-01
-1.869999999999999996e-01
5.630000000000000282e-02
8.461999999999999522e-01
-2.124999999999999944e-01
-1.507999999999999896e-01
3.297999999999999821e-01
-5.778999999999999693e-01
-6.922000000000000375e-01
-3.099999999999999978e-01
-8.769000000000000128e-01
4.240999999999999770e-01
-9.479999999999999538e-01
2.275000000000000078e-01
-8.328999999999999737e-01
-3.956999999999999962e-01
7.009999999999999565e-01
-3.150999999999999912e-01
-7.176000000000000156e-01
1.125000000000000028e-01
-2.333000000000000074e-01
-8.763999999999999568e-01
-6.403999999999999693e-01
-5.301000000000000156e-01
-5.897999999999999909e-01
-5.918999999999999817e-01
-5.254999999999999671e-01
7.655999999999999472e-01
-3.845000000000000084e-01
5.927999999999999936e-01
-1.529999999999999971e-01
7.779000000000000359e-01
1.640000000000000138e-02
5.117000000000000437e-01
-8.692999999999999616e-01
-8.631999999999999673e-01
4.808999999999999941e-01
8.867000000000000437e-01
8.044000000000000039e-01
-8.235999999999999988e-01
9.526999999999999913e-01
-7.629000000000000226e-01
5.148000000000000353e-01
6.258000000000000229e-01
5.840000000000000052e-02
-4.118999999999999884e-01
7.720000000000000473e-02
5.560000000000000497e-01
