8.849999999999999534e-02
-9.494000000000000217e-01
4.000000000000000083e-02
-7.600000000000000089e-01
-3.401000000000000134e-01
-7.157000000000000028e-01
9.743000000000000549e-01
-6.983000000000000318e-01
5.100000000000000089e-01
3.080999999999999850e-01
6.498000000000000442e-01
6.506999999999999451e-01
-2.321000000000000008e-01
1.030999999999999972e-01
6.572000000000000064e-01
-6.370000000000000662e-02
-4.542999999999999816e-01
-5.596999999999999753e-01
-5.696999999999999842e-01
-6.788999999999999480e-01
-3.854000000000000203e-01
9.318999999999999506e-01
-5.906000000000000139e-01
-9.438999999999999613e-01
-8.760999999999999899e-01
-1.052000000000000018e-01
3.155999999999999917e-01
-4.318000000000000171e-01
-3.743000000000000216e-01
-1.985000000000000098e-01
3.039999999999999925e-01
4.937000000000000277e-01
-7.076999999999999957e-01
8.272000000000000464e-01
1.922000000000000097e-01
-6.299000000000000155e-01
7.740000000000000213e-01
8.745000000000000551e-01
9.404000000000000137e-01
9.720999999999999641e-01
-5.463999999999999968e-01
-5.530000000000000471e-01
-6.229000000000000092e-01
7.979000000000000536e-01
-2.534000000000000141e-01
-8.103000000000000203e-01
-6.907999999999999696e-01
5.149000000000000243e-01
3.332999999999999852e-01
6.622999999999999998e-01
2.901000000000000245e-01
-1.739999999999999880e-01
5.736999999999999877e-01
-4.480000000000000093e-01
3.687000000000000277e-01
-2.432999999999999885e-01
-6.211999999999999744e-01
9.018000000000000460e-01
-4.929000000000000048e-01
4.746000000000000218e-01
-3.074999999999999956e-01
2.368000000000000105e-01
7.586000000000000520e-01
3.533000000000000029e-01
-3.442000000000000060e-01
-7.167000000000000037e-01
-5.890000000000000097e-02
7.201999999999999513e-01
1.978000000000000036e-01
-4.235999999999999766e-01
-1.287000000000000088e-01
3.039999999999999925e-01
-3.366000000000000103e-01
-4.109999999999999765e-01
-1.829999999999999960e-01
-6.380000000000000115e-01
4.499999999999999660e-03
9.307999999999999607e-01
-5.738999999999999657e-01
-6.461999999999999966e-01
-5.011999999999999789e-01
8.463000000000000522e-01
6.919999999999999485e-01
-4.956999999999999740e-01
3.091999999999999749e-01
-7.492999999999999661e-01
4.692999999999999949e-01
-5.040000000000000036e-02
9.159000000000000474e-01
1.669999999999999957e-02
6.438000000000000389e-01
6.189999999999999669e-02
-3.467999999999999972e-01
8.097999999999999643e-01
2.939999999999999836e-01
-4.042999999999999927e-01
-9.124999999999999778e-01
-6.972000000000000419e-01
8.659999999999999643e-02
5.758999999999999675e-01
-5.028000000000000247e-01
6.590000000000000024e-02
8.935999999999999499e-01
-1.100000000000000066e-03
-6.209999999999999964e-01
-2.911000000000000254e-01
-3.860000000000000236e-02
-2.172999999999999932e-01
-1.105000000000000010e-01
4.853999999999999981e-01
-4.067999999999999949e-01
5.782000000000000473e-01
6.974000000000000199e-01
9.908000000000000140e-01
-1.925000000000000044e-01
-9.720999999999999641e-01
-5.735000000000000098e-01
5.550000000000000072e-02
9.766000000000000236e-01
-2.005000000000000115e-01
-2.716000000000000081e-01
-3.008000000000000118e-01
2.419999999999999929e-02
4.302000000000000268e-01
9.638999999999999790e-01
-3.570999999999999730e-01
6.812000000000000277e-01
-9.859999999999999321e-02
5.609999999999999709e-02
6.977999999999999758e-01
7.790000000000000258e-01
-7.079999999999999627e-01
-7.260999999999999677e-01
3.773000000000000242e-01
-6.461999999999999966e-01
8.686000000000000387e-01
-6.445999999999999508e-01
-8.250999999999999446e-01
8.029999999999999638e-02
5.034999999999999476e-01
-3.588999999999999968e-01
-5.239000000000000323e-01
-5.561000000000000387e-01
-2.220999999999999919e-01
4.808999999999999941e-01
8.773999999999999577e-01
-4.819999999999999840e-01
1.079999999999999988e-01
-7.738000000000000433e-01
8.040000000000000480e-01
4.838000000000000078e-01
6.702000000000000179e-01
6.057000000000000162e-01
9.020000000000000240e-01
3.599999999999999901e-03
-1.098999999999999977e-01
-4.007999999999999896e-01
-6.169999999999999790e-02
-5.567999999999999616e-01
6.180999999999999828e-01
2.489000000000000101e-01
-1.223000000000000059e-01
8.315000000000000169e-01
9.024999999999999689e-01
8.316000000000000059e-01
7.612999999999999767e-01
2.624000000000000221e-01
-2.298999999999999932e-01
5.970999999999999641e-01
-4.416999999999999815e-01
5.493000000000000105e-01
-4.343000000000000194e-01
9.690999999999999615e-01
-5.994000000000000439e-01
4.307000000000000273e-01
-7.890000000000000346e-01
7.286000000000000254e-01
-9.947000000000000286e-01
-5.924000000000000377e-01
-3.570999999999999730e-01
1.068999999999999950e-01
-5.160000000000000003e-02
7.582999999999999741e-01
6.301999999999999824e-01
9.466999999999999860e-01
3.812999999999999723e-01
2.277000000000000135e-01
-1.610999999999999932e-01
-6.653000000000000025e-01
6.897999999999999687e-01
-7.190000000000000557e-02
-9.519999999999999574e-01
1.865999999999999881e-01
-9.434000000000000163e-01
2.561999999999999833e-01
-7.481999999999999762e-01
-8.376000000000000112e-01
6.320000000000000617e-02
2.013999999999999957e-01
3.135999999999999899e-01
-8.616000000000000325e-01
7.950000000000000400e-01
4.751000000000000223e-01
-7.913999999999999924e-01
-6.652000000000000135e-01
-1.179999999999999973e-02
-4.497999999999999776e-01
6.210000000000000242e-02
-3.902999999999999803e-01
4.487999999999999767e-01
5.000000000000000000e-01
-4.130000000000000338e-02
5.612000000000000322e-01
7.600000000000000089e-01
2.157000000000000028e-01
9.372000000000000330e-01
7.756999999999999451e-01
3.540000000000000091e-02
-9.250000000000000444e-01
-3.968999999999999750e-01
-2.717999999999999861e-01
7.930000000000000382e-01
3.362999999999999878e-01
9.636000000000000121e-01
3.598000000000000087e-01
5.996000000000000218e-01
3.366999999999999993e-01
9.415999999999999925e-01
7.155000000000000249e-01
-8.914999999999999591e-01
