-8.138999999999999568e-01
-1.895000000000000018e-01
-5.129999999999999838e-02
9.014999999999999680e-01
-9.535000000000000142e-01
5.947999999999999954e-01
7.489000000000000101e-01
2.013000000000000067e-01
5.604000000000000092e-01
-9.328999999999999515e-01
-3.618999999999999995e-01
-9.437999999999999723e-01
2.977000000000000202e-01
-7.164000000000000368e-01
-8.622999999999999554e-01
-4.702999999999999958e-01
-2.887000000000000122e-01
8.672999999999999599e-01
2.889999999999999791e-01
2.309999999999999901e-02
-9.612000000000000544e-01
5.994000000000000439e-01
1.696999999999999897e-01
9.750000000000000333e-02
1.756000000000000061e-01
-6.079999999999999849e-01
-9.527999999999999803e-01
7.318000000000000060e-01
-3.608999999999999986e-01
2.001999999999999891e-01
4.904000000000000026e-01
2.081999999999999962e-01
-6.935999999999999943e-01
-9.897000000000000242e-01
-7.040000000000000424e-02
-3.635999999999999788e-01
6.014000000000000457e-01
8.973999999999999755e-01
-1.710000000000000131e-01
-1.026999999999999996e-01
8.218999999999999639e-01
-2.210000000000000020e-01
5.346999999999999531e-01
-4.496999999999999886e-01
9.811999999999999611e-01
9.877000000000000224e-01
-2.556999999999999829e-01
4.130000000000000338e-02
-9.383000000000000229e-01
5.322000000000000064e-01
2.718999999999999750e-01
7.742999999999999883e-01
-1.585999999999999910e-01
7.043000000000000371e-01
-4.628999999999999782e-01
6.478000000000000425e-01
-3.817999999999999727e-01
2.651999999999999913e-01
-8.920000000000000151e-01
6.256000000000000449e-01
6.875000000000000000e-01
8.279999999999999860e-02
9.719999999999999751e-01
-6.656999999999999584e-01
-5.383000000000000007e-01
-6.865999999999999881e-01
1.103999999999999981e-01
9.423000000000000265e-01
-8.333000000000000407e-01
1.205999999999999989e-01
6.854000000000000092e-01
-4.632000000000000006e-01
-1.852999999999999925e-01
4.299999999999999933e-01
-4.677999999999999936e-01
7.689000000000000279e-01
9.499999999999999556e-01
-6.594999999999999751e-01
-1.801000000000000101e-01
-2.711999999999999966e-01
-8.250000000000000389e-02
-3.229000000000000203e-01
-4.912000000000000255e-01
6.349000000000000199e-01
-9.918000000000000149e-01
6.088000000000000078e-01
-1.526000000000000134e-01
2.973000000000000087e-01
5.321000000000000174e-01
-7.824999999999999734e-01
7.960000000000000409e-02
8.604000000000000536e-01
-5.410000000000000225e-02
4.670000000000000262e-01
1.265999999999999903e-01
4.254000000000000004e-01
-2.452000000000000013e-01
-7.415000000000000480e-01
5.444999999999999840e-01
-9.484000000000000208e-01
6.010000000000000064e-02
-4.079999999999999738e-01
-9.529999999999999583e-02
-4.173000000000000043e-01
-1.255000000000000004e-01
4.157000000000000139e-01
-9.849999999999999867e-01
-3.749000000000000110e-01
2.303999999999999937e-01
6.088999999999999968e-01
1.010999999999999954e-01
-5.662000000000000366e-01
-6.452999999999999847e-01
-5.322000000000000064e-01
-4.953000000000000180e-01
4.374000000000000110e-01
-6.333999999999999631e-01
-7.645999999999999464e-01
7.700000000000000247e-03
7.833999999999999853e-01
-8.968000000000000416e-01
4.869999999999999885e-01
-8.263000000000000345e-01
9.821999999999999620e-01
7.396000000000000352e-01
-8.468999999999999861e-01
5.575999999999999845e-01
5.141999999999999904e-01
7.199999999999999734e-01
1.001999999999999974e-01
-2.524000000000000132e-01
4.546000000000000041e-01
3.020000000000000115e-02
4.210999999999999743e-01
1.688999999999999946e-01
2.142000000000000015e-01
-5.405999999999999694e-01
5.533000000000000140e-01
-5.109000000000000208e-01
7.845999999999999641e-01
9.049000000000000377e-01
7.737000000000000544e-01
-8.939999999999999336e-02
-5.294999999999999707e-01
6.377000000000000446e-01
5.449000000000000510e-01
-2.722999999999999865e-01
-9.166999999999999593e-01
-1.015999999999999959e-01
7.718000000000000416e-01
4.652000000000000024e-01
1.942000000000000115e-01
-4.888000000000000123e-01
4.902000000000000246e-01
-8.425000000000000266e-01
3.998999999999999777e-01
-6.495999999999999552e-01
3.562000000000000166e-01
-1.461000000000000076e-01
9.136999999999999567e-01
-6.400000000000000133e-02
3.800000000000000044e-01
6.074000000000000510e-01
6.563999999999999835e-01
-3.669000000000000039e-01
7.533999999999999586e-01
-6.861000000000000432e-01
-2.659999999999999865e-02
-8.633999999999999453e-01
-4.689999999999999725e-01
8.859000000000000208e-01
-1.400000000000000133e-01
-9.733000000000000540e-01
-3.075999999999999845e-01
4.313000000000000167e-01
-6.031999999999999584e-01
-5.048000000000000265e-01
-1.701000000000000012e-01
7.549000000000000155e-01
-4.336999999999999744e-01
5.887000000000000011e-01
8.565000000000000391e-01
-1.645999999999999963e-01
-6.790000000000000202e-02
2.848999999999999866e-01
-3.518000000000000016e-01
6.403999999999999693e-01
1.637000000000000122e-01
7.184000000000000385e-01
-1.207000000000000017e-01
2.625000000000000111e-01
-2.235999999999999932e-01
8.619999999999999885e-01
1.292000000000000093e-01
-4.170000000000000095e-02
-4.552999999999999825e-01
-3.130000000000000004e-01
-7.562999999999999723e-01
9.907000000000000250e-01
-6.018999999999999906e-01
6.499000000000000332e-01
-9.937000000000000277e-01
1.812999999999999889e-01
-4.697999999999999954e-01
-9.276999999999999691e-01
-2.134999999999999953e-01
-7.314000000000000501e-01
4.623999999999999777e-01
1.058000000000000052e-01
5.394999999999999796e-01
4.899999999999999911e-01
-1.592999999999999972e-01
5.584999999999999964e-01
7.109999999999999654e-02
5.480000000000000426e-01
6.495999999999999552e-01
-7.371999999999999664e-01
9.707999999999999963e-01
8.484000000000000430e-01
5.272999999999999909e-01
-5.716999999999999860e-01
8.653999999999999471e-01
-3.387000000000000011e-01
7.364000000000000545e-01
3.553999999999999937e-01
-6.364999999999999547e-01
-3.442000000000000060e-01
-7.532999999999999696e-01
5.262999999999999901e-01
-4.436999999999999833e-01
