-9.606000000000000094e-01
1.349999999999999985e-02
-1.441000000000000059e-01
9.444000000000000172e-01
-9.820999999999999730e-01
-7.469000000000000083e-01
-2.096000000000000085e-01
5.637999999999999678e-01
-7.574999999999999512e-01
-5.253999999999999782e-01
1.010999999999999954e-01
4.064999999999999725e-01
-1.511000000000000121e-01
-5.100000000000000089e-01
-9.497999999999999776e-01
-5.099000000000000199e-01
-6.785999999999999810e-01
-7.157000000000000028e-01
5.809999999999999887e-02
-4.228999999999999981e-01
-8.720999999999999863e-01
-7.299999999999999545e-02
5.110999999999999988e-01
6.726999999999999647e-01
6.312999999999999723e-01
-2.934999999999999831e-01
8.750999999999999890e-01
-4.976999999999999758e-01
7.714999999999999636e-01
5.336999999999999522e-01
-7.900000000000000772e-03
-8.552999999999999492e-01
-4.001000000000000112e-01
-8.266000000000000014e-01
1.787999999999999867e-01
8.953999999999999737e-01
-9.170000000000000373e-02
-9.794000000000000483e-01
4.716000000000000192e-01
3.427999999999999936e-01
-5.205999999999999517e-01
-8.739999999999999991e-01
4.254999999999999893e-01
9.686000000000000165e-01
6.213999999999999524e-01
-8.840000000000000080e-01
3.521000000000000241e-01
3.280000000000000138e-01
-4.658999999999999808e-01
7.130999999999999561e-01
-4.465000000000000080e-01
-5.360000000000000320e-01
-5.082999999999999741e-01
-1.918999999999999873e-01
-1.991999999999999882e-01
1.277999999999999969e-01
2.280000000000000082e-01
-9.721999999999999531e-01
-4.414000000000000146e-01
-4.019999999999999962e-02
8.356000000000000094e-01
5.647999999999999687e-01
-1.058999999999999941e-01
-3.245999999999999996e-01
1.333000000000000018e-01
5.770000000000000129e-02
1.146999999999999964e-01
-1.413000000000000089e-01
9.112999999999999989e-01
-3.436000000000000165e-01
-1.995000000000000107e-01
-9.516000000000000014e-01
7.079999999999999627e-01
-4.652999999999999914e-01
-9.192000000000000171e-01
5.853000000000000425e-01
-2.247000000000000108e-01
8.445000000000000284e-01
3.134000000000000119e-01
-6.016000000000000236e-01
6.039999999999999813e-01
-1.209999999999999964e-02
5.695999999999999952e-01
4.504000000000000226e-01
6.287000000000000366e-01
6.976999999999999869e-01
-8.710999999999999854e-01
-3.679000000000000048e-01
-6.935999999999999943e-01
4.112000000000000099e-01
3.151999999999999802e-01
9.243000000000000105e-01
5.239000000000000323e-01
-6.565999999999999615e-01
-3.317999999999999838e-01
-3.513999999999999901e-01
9.232000000000000206e-01
-7.644999999999999574e-01
-7.842999999999999972e-01
8.290000000000000147e-02
4.290999999999999814e-01
3.053000000000000158e-01
3.956999999999999962e-01
1.852000000000000035e-01
2.432999999999999885e-01
1.413999999999999979e-01
-9.292000000000000259e-01
-9.147999999999999465e-01
6.632000000000000117e-01
-6.847999999999999643e-01
8.730000000000000260e-02
5.899999999999999689e-01
-9.886000000000000343e-01
1.270999999999999908e-01
3.326999999999999957e-01
5.096000000000000529e-01
6.330999999999999961e-01
9.400000000000000022e-02
-2.950999999999999734e-01
-9.555000000000000160e-01
-7.544999999999999485e-01
-3.706999999999999740e-01
8.501999999999999558e-01
4.000000000000000083e-03
6.247000000000000330e-01
4.782000000000000139e-01
-3.775999999999999912e-01
8.485000000000000320e-01
5.789999999999999591e-01
-8.842999999999999750e-01
-4.608999999999999764e-01
7.176000000000000156e-01
-5.680000000000000326e-02
8.379999999999999671e-01
7.661000000000000032e-01
7.092000000000000526e-01
-1.436999999999999944e-01
-9.980999999999999872e-01
3.377999999999999892e-01
-2.837999999999999967e-01
-9.351000000000000423e-01
-7.664999999999999591e-01
-1.280999999999999917e-01
-8.676000000000000378e-01
6.884000000000000119e-01
1.615000000000000047e-01
9.636000000000000121e-01
2.404000000000000026e-01
-9.474000000000000199e-01
6.499999999999999702e-03
1.165999999999999953e-01
-8.437000000000000055e-01
1.160999999999999949e-01
-3.939999999999999752e-02
-9.300000000000000488e-01
-5.837999999999999856e-01
2.280000000000000082e-02
-8.988000000000000433e-01
-7.537000000000000366e-01
2.114999999999999936e-01
-1.899000000000000132e-01
-1.448000000000000120e-01
-8.034999999999999920e-01
1.953999999999999904e-01
3.894000000000000239e-01
-2.263999999999999901e-01
7.010999999999999455e-01
-6.179000000000000048e-01
1.679999999999999896e-02
-3.330000000000000182e-01
7.237000000000000099e-01
8.453000000000000513e-01
9.927000000000000268e-01
4.975999999999999868e-01
-9.222000000000000197e-01
-3.561000000000000276e-01
-3.427000000000000046e-01
4.321999999999999731e-01
1.628000000000000003e-01
-2.076999999999999957e-01
-7.252999999999999448e-01
-2.497000000000000053e-01
-5.222999999999999865e-01
-8.670999999999999819e-01
-5.936000000000000165e-01
-5.937999999999999945e-01
-2.718999999999999750e-01
2.642999999999999794e-01
8.389999999999999680e-01
4.963000000000000189e-01
-7.644999999999999574e-01
-4.973000000000000198e-01
-9.046999999999999487e-01
2.419000000000000039e-01
8.960000000000000187e-01
-3.663000000000000145e-01
-5.614999999999999991e-01
5.559999999999999665e-02
8.470999999999999641e-01
-5.229000000000000314e-01
-7.731999999999999984e-01
2.110000000000000070e-02
-2.876000000000000223e-01
6.618000000000000549e-01
-9.810999999999999721e-01
-7.799999999999999642e-03
-3.019000000000000017e-01
8.516000000000000236e-01
-2.883000000000000007e-01
-6.502999999999999892e-01
9.296999999999999709e-01
6.462999999999999856e-01
-3.696999999999999731e-01
-9.959000000000000075e-01
-4.010000000000000231e-01
-9.780999999999999694e-01
1.559999999999999998e-01
-4.937000000000000277e-01
5.306999999999999496e-01
-9.069000000000000394e-01
-8.558000000000000052e-01
2.043999999999999984e-01
1.809000000000000052e-01
7.460999999999999854e-01
9.275999999999999801e-01
8.924999999999999600e-01
2.220000000000000098e-02
5.043999999999999595e-01
9.929999999999999938e-01
9.314000000000000057e-01
