-4.136000000000000232e-01
2.137999999999999901e-01
-1.282000000000000084e-01
-6.503999999999999782e-01
9.477999999999999758e-01
6.145000000000000462e-01
-5.598999999999999533e-01
6.590000000000000024e-02
-5.804000000000000270e-01
3.891000000000000014e-01
3.689000000000000057e-01
-9.931999999999999718e-01
6.380000000000000115e-01
-5.846000000000000085e-01
-4.156000000000000250e-01
-2.048000000000000098e-01
-6.433999999999999719e-01
8.292000000000000481e-01
4.354000000000000092e-01
9.012999999999999901e-01
-3.425000000000000266e-01
-1.870999999999999885e-01
4.915999999999999814e-01
9.220000000000000417e-02
-8.878000000000000336e-01
-4.394000000000000128e-01
-9.029000000000000359e-01
5.377999999999999448e-01
4.270000000000000184e-02
5.476999999999999647e-01
1.892999999999999960e-01
6.703999999999999959e-01
7.244000000000000439e-01
-1.059999999999999970e-01
-8.618000000000000105e-01
-8.784999999999999476e-01
7.939000000000000501e-01
-4.228000000000000091e-01
1.728000000000000091e-01
5.735000000000000098e-01
4.107000000000000095e-01
7.911000000000000254e-01
-8.820000000000000062e-02
-6.919999999999999485e-01
1.345999999999999974e-01
-9.120000000000000329e-01
1.403999999999999970e-01
-5.973000000000000531e-01
-4.692999999999999949e-01
-9.807000000000000162e-01
8.407000000000000028e-01
-3.346999999999999975e-01
-3.795000000000000040e-01
-7.778000000000000469e-01
2.822999999999999954e-01
6.622999999999999998e-01
2.164000000000000090e-01
-7.776999999999999469e-01
-9.070000000000000284e-02
-2.353000000000000091e-01
-2.101999999999999980e-01
-7.763999999999999790e-01
7.357000000000000206e-01
9.502000000000000446e-01
-5.391000000000000236e-01
-4.409000000000000141e-01
-3.144000000000000128e-01
8.853999999999999648e-01
9.297999999999999599e-01
6.112999999999999545e-01
5.274999999999999689e-01
4.616000000000000103e-01
3.080000000000000099e-02
1.388000000000000067e-01
-5.746999999999999886e-01
-5.069000000000000172e-01
4.606000000000000094e-01
-7.278999999999999915e-01
8.270999999999999464e-01
-5.776999999999999913e-01
1.660000000000000087e-01
5.349000000000000421e-01
-5.715999999999999970e-01
3.169000000000000150e-01
-7.679000000000000270e-01
9.602000000000000535e-01
4.657999999999999918e-01
-1.633999999999999897e-01
-6.730000000000000426e-01
3.121999999999999775e-01
7.106999999999999984e-01
-4.043999999999999817e-01
7.630000000000000115e-01
-1.439999999999999961e-02
-1.370000000000000037e-02
4.181000000000000272e-01
1.779999999999999985e-02
-4.878000000000000114e-01
-1.565999999999999892e-01
-6.973000000000000309e-01
7.730000000000000204e-01
3.180999999999999939e-01
8.236999999999999877e-01
-1.721999999999999920e-01
8.185000000000000053e-01
1.949999999999999997e-02
-3.877999999999999781e-01
3.145999999999999908e-01
-4.717999999999999972e-01
-5.938999999999999835e-01
2.896000000000000241e-01
1.771000000000000074e-01
6.818999999999999506e-01
2.399000000000000021e-01
-8.635000000000000453e-01
6.097000000000000197e-01
1.949999999999999997e-02
-4.349000000000000088e-01
-3.000000000000000062e-03
8.317999999999999838e-01
4.699999999999999734e-01
-9.660999999999999588e-01
-1.459000000000000019e-01
6.371999999999999886e-01
-7.197999999999999954e-01
9.790000000000000091e-02
2.235000000000000042e-01
6.250000000000000000e-02
5.965000000000000302e-01
-1.741999999999999937e-01
-4.321999999999999731e-01
3.547000000000000153e-01
2.852000000000000091e-01
1.025999999999999968e-01
3.860999999999999988e-01
-6.088000000000000078e-01
-4.158000000000000029e-01
-3.410000000000000253e-01
4.824999999999999845e-01
-3.086999999999999744e-01
9.213000000000000078e-01
2.374999999999999889e-01
2.543000000000000260e-01
-2.003000000000000058e-01
2.570000000000000062e-01
8.808000000000000274e-01
-2.371999999999999942e-01
-6.410000000000000142e-01
3.396000000000000130e-01
2.228999999999999870e-01
-3.039000000000000035e-01
5.698999999999999622e-01
9.506000000000000005e-01
4.097000000000000086e-01
-4.803000000000000047e-01
1.288999999999999868e-01
-4.098999999999999866e-01
1.562999999999999945e-01
6.502999999999999892e-01
-7.399999999999999634e-02
4.183999999999999941e-01
7.450999999999999845e-01
-9.132000000000000117e-01
-7.762000000000000011e-01
8.391999999999999460e-01
8.377999999999999892e-01
3.529999999999999805e-02
5.401000000000000245e-01
5.570000000000000506e-01
7.261999999999999567e-01
-1.822000000000000008e-01
8.440999999999999615e-01
9.303000000000000158e-01
1.832999999999999907e-01
3.450000000000000289e-02
-9.839999999999999858e-01
-4.139999999999999791e-01
-3.219000000000000195e-01
-8.699000000000000066e-01
-7.016999999999999904e-01
7.260999999999999677e-01
9.787000000000000144e-01
-4.862000000000000210e-01
-6.254999999999999449e-01
-9.403000000000000247e-01
1.450000000000000074e-02
-1.544999999999999984e-01
5.112999999999999767e-01
2.576999999999999846e-01
-7.564999999999999503e-01
2.366000000000000048e-01
8.887000000000000455e-01
2.909999999999999809e-01
-1.353999999999999926e-01
-7.550000000000000044e-01
9.741999999999999549e-01
4.927000000000000268e-01
-5.252999999999999892e-01
-9.728999999999999870e-01
1.386000000000000010e-01
-5.191999999999999948e-01
-9.070000000000000284e-02
-5.312999999999999945e-01
7.816999999999999504e-01
-3.099000000000000088e-01
9.029000000000000359e-01
-8.606000000000000316e-01
-6.226000000000000423e-01
3.760000000000000148e-02
6.552999999999999936e-01
-8.480000000000000038e-02
5.480000000000000149e-02
-5.046000000000000485e-01
-8.606000000000000316e-01
6.923000000000000265e-01
9.804000000000000492e-01
8.120000000000000551e-01
-7.438000000000000167e-01
-8.938000000000000389e-01
2.549000000000000155e-01
3.027000000000000246e-01
-2.907000000000000139e-01
-5.802000000000000490e-01
-5.850999999999999535e-01
6.247000000000000330e-01
-3.948999999999999733e-01
1.318999999999999895e-01
2.786000000000000143e-01
6.712000000000000188e-01
-9.983999999999999542e-01
