8.928000000000000380e-01
3.371999999999999997e-01
-6.662000000000000144e-01
-3.574999999999999845e-01
-9.441000000000000503e-01
4.373000000000000220e-01
-4.420000000000000318e-02
3.074000000000000066e-01
8.955999999999999517e-01
9.112999999999999989e-01
5.279000000000000359e-01
6.721000000000000307e-01
7.038999999999999702e-01
4.390000000000000013e-01
-4.933000000000000163e-01
2.431999999999999995e-01
-7.382999999999999563e-01
9.187999999999999501e-01
-9.296999999999999709e-01
3.940000000000000169e-01
9.271000000000000352e-01
7.013000000000000345e-01
-9.623000000000000442e-01
7.413999999999999480e-01
9.412000000000000366e-01
8.362000000000000544e-01
-2.619000000000000217e-01
8.830000000000000071e-01
4.243999999999999995e-01
-8.194000000000000172e-01
6.149999999999999911e-01
2.581999999999999851e-01
5.921999999999999487e-01
-8.319999999999999618e-01
7.935999999999999721e-01
3.466000000000000192e-01
-5.332000000000000073e-01
4.642000000000000015e-01
6.866999999999999771e-01
-1.190000000000000085e-02
2.298000000000000043e-01
7.442999999999999616e-01
2.212999999999999967e-01
6.186000000000000387e-01
-1.359999999999999924e-02
7.700000000000000247e-03
5.779999999999999583e-01
-5.588999999999999524e-01
7.870000000000000606e-02
9.324000000000000066e-01
-6.525999999999999579e-01
3.143000000000000238e-01
2.110000000000000070e-02
9.847000000000000197e-01
8.104000000000000092e-01
3.763000000000000234e-01
-8.015999999999999792e-01
7.624999999999999556e-01
-1.700000000000000122e-02
-5.286999999999999478e-01
7.802999999999999936e-01
-5.223999999999999755e-01
7.635999999999999455e-01
-5.953000000000000513e-01
-2.389999999999999902e-01
1.957000000000000128e-01
3.230999999999999983e-01
-8.881000000000000005e-01
4.107000000000000095e-01
8.228999999999999648e-01
1.990000000000000102e-02
9.186999999999999611e-01
5.162999999999999812e-01
-9.664000000000000368e-01
1.592999999999999972e-01
-6.494999999999999662e-01
7.039999999999999591e-01
8.275000000000000133e-01
5.427999999999999492e-01
4.959000000000000075e-01
-6.771000000000000352e-01
8.423000000000000487e-01
2.931000000000000272e-01
-8.951999999999999957e-01
-8.551999999999999602e-01
-9.478999999999999648e-01
-5.399000000000000465e-01
-1.141999999999999960e-01
-4.507999999999999785e-01
-1.973000000000000032e-01
3.981000000000000094e-01
-8.107999999999999652e-01
4.857000000000000206e-01
-5.691000000000000503e-01
8.354000000000000314e-01
6.026000000000000245e-01
4.363000000000000211e-01
1.948000000000000009e-01
6.018999999999999906e-01
8.597000000000000197e-01
6.268000000000000238e-01
3.287999999999999812e-01
7.217999999999999972e-01
-4.702000000000000068e-01
3.931999999999999940e-01
5.951999999999999513e-01
-8.600999999999999757e-01
1.970999999999999974e-01
5.913000000000000478e-01
3.690999999999999837e-01
1.819000000000000061e-01
-4.132000000000000117e-01
-2.923000000000000043e-01
4.263000000000000123e-01
9.361000000000000432e-01
-8.980000000000000204e-01
-4.133999999999999897e-01
-5.800999999999999490e-01
4.069999999999999729e-01
8.418999999999999817e-01
-8.829000000000000181e-01
3.935000000000000164e-01
-5.573000000000000176e-01
-9.367999999999999661e-01
-8.911999999999999922e-01
-6.076000000000000290e-01
6.219999999999999835e-02
5.519999999999999907e-02
-9.987000000000000322e-01
9.413000000000000256e-01
-6.173999999999999488e-01
5.829999999999999627e-01
4.037000000000000033e-01
-8.127999999999999670e-01
-8.759000000000000119e-01
-5.651000000000000467e-01
-3.180999999999999939e-01
-2.290999999999999981e-01
1.526000000000000134e-01
9.495999999999999996e-01
-1.248999999999999971e-01
-1.857999999999999929e-01
-8.858000000000000318e-01
5.595999999999999863e-01
5.090000000000000080e-02
5.098000000000000309e-01
-5.806999999999999940e-01
7.779000000000000359e-01
-5.070000000000000062e-01
-4.237000000000000210e-01
2.819999999999999729e-01
5.439999999999999697e-02
-8.419999999999999707e-01
-4.501999999999999891e-01
-9.332000000000000295e-01
-6.995999999999999996e-01
-9.852999999999999536e-01
-4.909000000000000030e-01
-6.271999999999999797e-01
-9.690000000000000002e-02
5.650000000000000161e-02
7.161999999999999478e-01
6.310000000000000053e-01
-5.659999999999999754e-02
-8.450000000000000566e-02
3.252999999999999781e-01
-1.009000000000000036e-01
2.319999999999999840e-02
6.692000000000000171e-01
-6.435999999999999499e-01
-1.443000000000000116e-01
3.430000000000000271e-01
-7.060999999999999499e-01
-8.758000000000000229e-01
-8.118999999999999551e-01
-1.272999999999999965e-01
2.574000000000000177e-01
4.966999999999999749e-01
-8.535000000000000364e-01
1.689999999999999836e-02
-4.353000000000000203e-01
-5.439000000000000501e-01
-3.468999999999999861e-01
-7.439000000000000057e-01
3.699999999999999817e-02
-6.431999999999999940e-01
-3.049000000000000044e-01
-2.189999999999999933e-02
-7.889999999999999791e-02
8.868000000000000327e-01
8.107999999999999652e-01
-3.407000000000000028e-01
6.642000000000000126e-01
-7.447000000000000286e-01
-3.201999999999999846e-01
-4.937000000000000277e-01
-5.195999999999999508e-01
-8.709999999999999687e-02
-7.379000000000000004e-01
-6.677999999999999492e-01
5.566999999999999726e-01
6.272999999999999687e-01
1.042000000000000010e-01
-2.398000000000000131e-01
5.201000000000000068e-01
3.985000000000000209e-01
-9.842999999999999527e-01
-2.466000000000000136e-01
4.757000000000000117e-01
-5.655000000000000027e-01
-2.278000000000000025e-01
6.721000000000000307e-01
2.551999999999999824e-01
-3.388999999999999790e-01
9.052000000000000046e-01
9.727999999999999980e-01
-3.940000000000000169e-01
6.878999999999999559e-01
4.016000000000000125e-01
7.589999999999999525e-02
9.479999999999999538e-02
1.151999999999999968e-01
-1.234999999999999987e-01
8.915999999999999481e-01
-4.728999999999999870e-01
-4.608999999999999764e-01
2.857999999999999985e-01
-8.579999999999999849e-01
-5.020000000000000018e-01
1.839999999999999969e-02
