-2.797000000000000042e-01
2.717999999999999861e-01
9.635000000000000231e-01
8.620999999999999774e-01
-6.729000000000000536e-01
-9.841999999999999638e-01
-4.536999999999999922e-01
5.687999999999999723e-01
3.073000000000000176e-01
1.830000000000000029e-02
8.072000000000000286e-01
-4.187000000000000166e-01
-2.388000000000000123e-01
4.611000000000000099e-01
2.983000000000000096e-01
-2.461000000000000132e-01
5.888999999999999790e-01
4.673999999999999821e-01
5.349999999999999895e-02
-3.438999999999999835e-01
4.283000000000000140e-01
4.570000000000000173e-01
1.136999999999999955e-01
2.482000000000000040e-01
5.324999999999999734e-01
7.619000000000000217e-01
7.233000000000000540e-01
1.129000000000000004e-01
-1.403000000000000080e-01
8.887000000000000455e-01
6.534999999999999698e-01
6.149000000000000021e-01
-8.631999999999999673e-01
2.840000000000000163e-02
1.140999999999999931e-01
1.890000000000000013e-01
5.598999999999999533e-01
-1.328999999999999904e-01
-5.147000000000000464e-01
5.622000000000000330e-01
-5.615999999999999881e-01
-2.056999999999999940e-01
-4.633999999999999786e-01
8.012000000000000233e-01
-4.729999999999999760e-01
8.839000000000000190e-01
7.409999999999999920e-01
-5.104999999999999538e-01
9.284000000000000030e-01
-4.149999999999999800e-01
-1.319999999999999993e-02
1.438000000000000111e-01
6.901000000000000467e-01
-7.116000000000000103e-01
4.946999999999999731e-01
-5.527999999999999581e-01
-4.363000000000000211e-01
-1.781999999999999973e-01
9.119000000000000439e-01
-2.132999999999999896e-01
-9.485999999999999988e-01
1.613999999999999879e-01
3.751999999999999780e-01
-5.030000000000000027e-01
-3.386000000000000121e-01
3.521000000000000241e-01
8.591999999999999638e-01
6.548000000000000487e-01
7.341999999999999638e-01
-6.119999999999999746e-02
5.990000000000000185e-02
-5.748999999999999666e-01
2.127999999999999892e-01
3.139999999999999736e-02
6.321999999999999842e-01
5.900999999999999579e-01
3.613999999999999990e-01
1.736999999999999933e-01
9.744000000000000439e-01
-2.230000000000000038e-02
7.983999999999999986e-01
7.900000000000000078e-02
7.053000000000000380e-01
4.203000000000000069e-01
5.955000000000000293e-01
-8.377999999999999892e-01
7.112000000000000544e-01
-3.160999999999999921e-01
-3.155999999999999917e-01
-2.036999999999999922e-01
-5.516999999999999682e-01
-3.977999999999999869e-01
-7.309999999999999831e-02
1.490000000000000005e-02
-4.953000000000000180e-01
2.013000000000000067e-01
2.883000000000000007e-01
-9.792999999999999483e-01
-1.633000000000000007e-01
-4.319000000000000061e-01
6.645999999999999686e-01
6.930000000000000049e-02
-2.943000000000000060e-01
2.909999999999999809e-01
-9.334999999999999964e-01
-1.640999999999999959e-01
5.108000000000000318e-01
6.963000000000000300e-01
-8.633999999999999453e-01
6.800000000000000488e-02
-3.855999999999999983e-01
-4.437999999999999723e-01
7.426000000000000378e-01
4.162000000000000144e-01
3.925000000000000155e-01
-3.261999999999999900e-01
-2.351000000000000034e-01
7.799999999999999989e-02
-5.780999999999999472e-01
1.993000000000000049e-01
6.686999999999999611e-01
-8.508000000000000007e-01
4.365999999999999881e-01
3.499999999999999778e-01
2.790000000000000258e-01
-8.093000000000000194e-01
9.676000000000000156e-01
8.007999999999999563e-01
-2.331000000000000016e-01
1.383999999999999952e-01
-9.373000000000000220e-01
-7.469999999999999973e-01
-2.356999999999999929e-01
1.930999999999999939e-01
3.030999999999999805e-01
7.151999999999999469e-01
4.768999999999999906e-01
4.819999999999999979e-02
-8.357999999999999874e-01
-2.712999999999999856e-01
-8.991999999999999993e-01
9.705000000000000293e-01
4.917000000000000259e-01
5.588999999999999524e-01
4.005000000000000226e-01
1.706999999999999906e-01
-6.535999999999999588e-01
-3.255000000000000115e-01
-4.818000000000000060e-01
2.740000000000000213e-01
-8.781999999999999806e-01
5.556999999999999718e-01
3.639999999999999902e-01
-3.695999999999999841e-01
7.236000000000000210e-01
-4.980999999999999872e-01
1.671999999999999875e-01
1.849999999999999908e-02
4.747999999999999998e-01
-9.335999999999999854e-01
-5.993000000000000549e-01
-2.398000000000000131e-01
6.591000000000000192e-01
3.997999999999999887e-01
-2.336999999999999911e-01
3.558000000000000052e-01
5.714000000000000190e-01
5.433000000000000052e-01
8.625000000000000444e-01
5.406999999999999584e-01
-8.655000000000000471e-01
3.377000000000000002e-01
8.804999999999999494e-01
-3.037000000000000255e-01
-8.618999999999999995e-01
7.620000000000000384e-02
8.914999999999999591e-01
8.024999999999999911e-01
9.959999999999999964e-01
-5.332000000000000073e-01
7.315000000000000391e-01
-2.718999999999999750e-01
3.244000000000000217e-01
-6.604999999999999760e-01
-7.901000000000000245e-01
1.609999999999999973e-02
-1.091000000000000025e-01
-3.289999999999999869e-02
7.118999999999999773e-01
5.131999999999999895e-01
-7.415000000000000480e-01
9.311000000000000387e-01
-8.067999999999999616e-01
3.975000000000000200e-01
-5.096000000000000529e-01
-1.399999999999999986e-03
5.554999999999999938e-01
3.099999999999999978e-02
-5.261000000000000121e-01
-9.126999999999999558e-01
-5.916000000000000147e-01
3.391000000000000125e-01
-8.519999999999999796e-01
-5.684000000000000163e-01
-7.564999999999999503e-01
1.671999999999999875e-01
7.953000000000000069e-01
8.721999999999999753e-01
-6.797999999999999599e-01
-9.725000000000000311e-01
7.429999999999999938e-01
-6.314999999999999503e-01
6.417000000000000481e-01
-3.986999999999999988e-01
9.415999999999999925e-01
9.832999999999999519e-01
4.658999999999999808e-01
-5.355999999999999650e-01
-5.140000000000000124e-01
-1.499000000000000055e-01
-1.254000000000000115e-01
-5.646999999999999797e-01
3.200000000000000153e-03
5.689999999999999919e-02
6.740000000000000158e-02
5.060000000000000053e-01
6.599999999999999964e-03
-5.759999999999999842e-02
-6.299000000000000155e-01
-1.063000000000000056e-01
