8.047999999999999599e-01
4.879000000000000004e-01
3.573000000000000065e-01
-9.619999999999999385e-02
4.077999999999999958e-01
-7.917999999999999483e-01
-4.489000000000000212e-01
3.605999999999999761e-01
-4.456999999999999851e-01
7.835999999999999632e-01
6.784999999999999920e-01
7.770000000000000517e-02
-8.851999999999999869e-01
6.481000000000000094e-01
-3.691999999999999726e-01
4.974000000000000088e-01
9.260000000000000453e-01
-6.999999999999999929e-04
6.721000000000000307e-01
-1.748000000000000109e-01
4.188999999999999946e-01
4.062999999999999945e-01
-3.210000000000000075e-01
2.999999999999999737e-04
-1.338000000000000023e-01
-5.037000000000000366e-01
3.145999999999999908e-01
-2.464999999999999969e-01
9.978000000000000203e-01
2.018000000000000071e-01
7.594999999999999529e-01
3.459999999999999742e-01
-5.760999999999999455e-01
7.659000000000000252e-01
-1.096000000000000030e-01
-1.900999999999999912e-01
4.599999999999999922e-02
-3.836999999999999855e-01
7.330000000000000404e-02
-4.126000000000000223e-01
8.045999999999999819e-01
-2.672999999999999821e-01
-6.616999999999999549e-01
5.024999999999999467e-01
-1.882999999999999952e-01
-4.628999999999999782e-01
-3.613000000000000100e-01
9.172000000000000153e-01
1.622999999999999998e-01
-5.479000000000000536e-01
-7.641000000000000014e-01
4.873000000000000109e-01
-7.189999999999999725e-01
4.760000000000000342e-02
2.044999999999999873e-01
-2.255000000000000060e-01
1.381000000000000005e-01
-7.059999999999999609e-01
5.013999999999999568e-01
-6.531000000000000139e-01
-1.504000000000000059e-01
-3.583000000000000074e-01
-3.186999999999999833e-01
-8.696000000000000396e-01
-9.085999999999999632e-01
-8.076999999999999735e-01
9.203999999999999959e-01
-1.481999999999999984e-01
-8.256000000000000005e-01
7.378000000000000114e-01
9.297999999999999599e-01
-5.511000000000000343e-01
6.350000000000000089e-01
3.081999999999999740e-01
9.203000000000000069e-01
6.311999999999999833e-01
-1.431000000000000050e-01
3.464999999999999747e-01
-4.016000000000000125e-01
-6.842000000000000304e-01
-9.064999999999999725e-01
7.576000000000000512e-01
-7.038999999999999702e-01
3.810999999999999943e-01
9.980999999999999872e-01
-5.709999999999999520e-01
-3.684999999999999942e-01
-3.317999999999999838e-01
-8.777000000000000357e-01
-2.469999999999999973e-01
2.866000000000000214e-01
9.660999999999999588e-01
-2.979999999999999871e-01
2.691999999999999948e-01
2.730000000000000204e-01
-9.425000000000000044e-01
1.514999999999999958e-01
-7.737000000000000544e-01
-7.440999999999999837e-01
-3.659999999999999920e-01
5.284999999999999698e-01
2.567999999999999727e-01
8.643999999999999462e-01
2.442999999999999894e-01
4.647999999999999909e-01
-3.187999999999999723e-01
-6.079999999999999988e-02
-6.876999999999999780e-01
-6.370000000000000107e-01
-3.821999999999999842e-01
8.089999999999999969e-02
4.299000000000000044e-01
4.117000000000000104e-01
8.508000000000000007e-01
7.547000000000000375e-01
1.544999999999999984e-01
8.588000000000000078e-01
5.057000000000000384e-01
-1.385000000000000120e-01
-3.667000000000000259e-01
-4.904000000000000026e-01
-3.817999999999999727e-01
4.283000000000000140e-01
8.738000000000000211e-01
-3.710999999999999854e-01
-1.004000000000000031e-01
-1.337000000000000133e-01
2.642999999999999794e-01
3.125999999999999890e-01
3.336999999999999966e-01
3.255000000000000115e-01
-9.187999999999999501e-01
1.107999999999999957e-01
5.779999999999999721e-02
-8.884999999999999565e-01
5.589999999999999830e-02
-7.234000000000000430e-01
3.479999999999999760e-02
8.498999999999999888e-01
1.978999999999999926e-01
-4.092999999999999972e-01
6.614999999999999769e-01
-7.996999999999999664e-01
-9.179000000000000492e-01
-4.189999999999999836e-01
-6.700000000000000226e-03
-7.107999999999999874e-01
2.763999999999999790e-01
1.597000000000000086e-01
-1.832000000000000017e-01
-3.472000000000000086e-01
2.479000000000000092e-01
4.491999999999999882e-01
-9.858000000000000096e-01
-2.235000000000000042e-01
-6.433999999999999719e-01
8.509999999999999509e-02
-6.763000000000000123e-01
4.120000000000000051e-02
-7.089999999999999636e-01
8.680000000000000215e-02
-2.566999999999999837e-01
2.866000000000000214e-01
-5.121999999999999886e-01
-7.570999999999999952e-01
2.152999999999999914e-01
-1.859999999999999987e-01
8.461999999999999522e-01
4.639999999999999680e-02
-5.419000000000000483e-01
-1.161999999999999977e-01
7.858000000000000540e-01
-5.039000000000000146e-01
-8.393000000000000460e-01
-9.645000000000000240e-01
6.491999999999999993e-01
6.909999999999999476e-02
-7.986999999999999655e-01
-2.094999999999999918e-01
-6.866999999999999771e-01
1.683999999999999941e-01
9.274999999999999911e-01
-6.856999999999999762e-01
9.841999999999999638e-01
1.238999999999999962e-01
7.205000000000000293e-01
-7.612999999999999767e-01
-2.139000000000000068e-01
-1.544000000000000095e-01
-3.749999999999999861e-02
-6.209999999999999964e-01
2.056999999999999940e-01
-1.391000000000000014e-01
-1.023000000000000020e-01
-7.975999999999999757e-01
-8.339999999999999636e-01
4.225999999999999757e-01
-5.322000000000000064e-01
4.411999999999999811e-01
-2.336999999999999911e-01
-6.743999999999999995e-01
1.243999999999999967e-01
8.566000000000000281e-01
-4.700000000000000185e-03
9.683000000000000496e-01
6.072999999999999510e-01
-9.495999999999999996e-01
-7.457000000000000295e-01
-2.968000000000000083e-01
-9.818999999999999950e-01
2.738999999999999768e-01
-8.400999999999999579e-01
-4.091000000000000192e-01
9.421000000000000485e-01
-2.861000000000000210e-01
-8.837000000000000410e-01
1.943999999999999895e-01
-6.209000000000000075e-01
-6.986999999999999877e-01
2.379999999999999893e-01
-3.552000000000000157e-01
-3.966000000000000081e-01
-9.512000000000000455e-01
-3.422999999999999932e-01
5.789999999999999591e-01
-3.151999999999999802e-01
3.350000000000000200e-01
-2.730000000000000204e-01
5.977000000000000091e-01
2.036999999999999922e-01
