3.408999999999999808e-01
4.536000000000000032e-01
1.847000000000000031e-01
-6.363999999999999657e-01
-2.021999999999999909e-01
3.472999999999999976e-01
2.308999999999999941e-01
-5.009000000000000119e-01
-8.776000000000000467e-01
4.673999999999999821e-01
6.524999999999999689e-01
7.916999999999999593e-01
6.393999999999999684e-01
2.778999999999999804e-01
-4.610000000000000209e-02
1.018000000000000016e-01
-7.943999999999999950e-01
1.769000000000000017e-01
2.995999999999999774e-01
7.851000000000000201e-01
-2.364999999999999880e-01
3.230000000000000232e-02
-9.804000000000000492e-01
1.940000000000000058e-02
-4.403000000000000247e-01
7.818000000000000504e-01
-1.421999999999999931e-01
7.062000000000000499e-01
7.405000000000000471e-01
-1.082999999999999935e-01
3.966000000000000081e-01
5.272999999999999909e-01
-9.276999999999999691e-01
-5.040000000000000036e-01
4.966999999999999749e-01
-4.138999999999999901e-01
-9.372000000000000330e-01
9.963999999999999524e-01
-6.864000000000000101e-01
-8.223000000000000309e-01
-5.948999999999999844e-01
8.810999999999999943e-01
-3.971000000000000085e-01
7.470999999999999863e-01
4.113999999999999879e-01
4.571999999999999953e-01
7.872999999999999998e-01
2.520000000000000018e-02
5.047000000000000375e-01
7.530000000000000582e-02
1.409999999999999865e-01
6.158000000000000140e-01
-6.316000000000000503e-01
-1.000000000000000000e+00
-1.996999999999999886e-01
-8.762999999999999678e-01
-1.849999999999999978e-01
8.885999999999999455e-01
-2.368000000000000105e-01
8.867000000000000437e-01
-3.409999999999999837e-02
5.813000000000000389e-01
3.993999999999999773e-01
4.039999999999999841e-02
1.877999999999999947e-01
3.967999999999999861e-01
-5.152999999999999803e-01
-8.229999999999999538e-01
9.850999999999999757e-01
-4.667000000000000037e-01
-8.494000000000000439e-01
2.796000000000000152e-01
3.743000000000000216e-01
-5.081999999999999851e-01
4.356999999999999762e-01
4.298000000000000154e-01
-7.084000000000000297e-01
1.360999999999999988e-01
4.524000000000000243e-01
1.602000000000000091e-01
5.657999999999999696e-01
-8.685000000000000497e-01
2.179000000000000103e-01
-6.018999999999999906e-01
-5.481000000000000316e-01
4.027000000000000024e-01
3.599999999999999867e-01
5.759999999999999565e-01
-8.861999999999999877e-01
-9.755000000000000338e-01
-7.443999999999999506e-01
-4.611000000000000099e-01
4.368000000000000216e-01
-1.766000000000000070e-01
8.176999999999999824e-01
-8.949999999999999623e-02
-2.558000000000000274e-01
-6.646999999999999575e-01
-2.351999999999999924e-01
4.575000000000000178e-01
-7.475000000000000533e-01
4.885999999999999788e-01
-3.366999999999999993e-01
-4.774999999999999800e-01
-4.527999999999999803e-01
1.812000000000000000e-01
8.167999999999999705e-01
-5.923000000000000487e-01
4.673999999999999821e-01
-9.540999999999999481e-01
2.119000000000000050e-01
-3.914000000000000257e-01
-4.012000000000000011e-01
-4.189999999999999836e-01
-6.014000000000000457e-01
-5.335999999999999632e-01
-5.891999999999999460e-01
9.242000000000000215e-01
-3.854000000000000203e-01
-5.003999999999999559e-01
2.737999999999999878e-01
-6.153999999999999471e-01
-4.159999999999999809e-02
-5.022999999999999687e-01
-3.881999999999999895e-01
9.056999999999999496e-01
4.238000000000000100e-01
2.190999999999999892e-01
-2.358000000000000096e-01
2.091000000000000081e-01
7.783999999999999808e-01
5.043999999999999595e-01
8.425000000000000266e-01
6.605999999999999650e-01
4.071000000000000174e-01
-6.137000000000000233e-01
9.776000000000000245e-01
-9.396999999999999797e-01
9.110000000000000320e-01
-1.671999999999999875e-01
-6.974000000000000199e-01
-8.355000000000000204e-01
7.250999999999999668e-01
-6.930000000000000049e-02
2.205999999999999905e-01
9.023999999999999799e-01
4.460999999999999965e-01
-2.878999999999999893e-01
5.333999999999999853e-01
4.642000000000000015e-01
4.359999999999999987e-02
9.026999999999999469e-01
-3.720999999999999863e-01
1.610000000000000042e-01
-5.955000000000000293e-01
-4.954000000000000070e-01
3.279000000000000248e-01
-6.999999999999999556e-01
7.452999999999999625e-01
-9.438999999999999613e-01
5.825000000000000178e-01
4.100000000000000172e-02
-9.046999999999999487e-01
-8.365000000000000213e-01
-5.500000000000000028e-02
-7.812999999999999945e-01
3.932999999999999829e-01
-4.354000000000000092e-01
7.795999999999999597e-01
1.466999999999999971e-01
-8.833999999999999631e-01
-4.976999999999999758e-01
-3.955000000000000182e-01
7.866999999999999549e-01
-4.883000000000000118e-01
-9.727000000000000091e-01
6.693000000000000060e-01
-5.369000000000000439e-01
9.103999999999999870e-01
9.438999999999999613e-01
7.038999999999999702e-01
-3.063000000000000167e-01
-2.691999999999999948e-01
-5.737999999999999767e-01
-4.965999999999999859e-01
7.531999999999999806e-01
7.441999999999999726e-01
9.808999999999999941e-01
-2.651000000000000023e-01
8.131000000000000449e-01
8.740000000000000546e-02
-2.400000000000000050e-02
-7.446000000000000396e-01
-9.961999999999999744e-01
9.379999999999999449e-02
-9.638999999999999790e-01
4.677000000000000046e-01
-7.455000000000000515e-01
6.967999999999999750e-01
-1.824000000000000066e-01
-4.529999999999999999e-02
-5.560000000000000497e-01
9.963999999999999524e-01
-6.722000000000000197e-01
-2.742999999999999883e-01
-4.960999999999999854e-01
-6.461999999999999966e-01
2.567999999999999727e-01
1.940000000000000058e-01
-1.791000000000000092e-01
-9.821999999999999620e-01
-6.672000000000000153e-01
-3.156999999999999806e-01
1.449999999999999900e-01
-5.077000000000000401e-01
7.479000000000000092e-01
2.913999999999999924e-01
-5.144999999999999574e-01
9.384000000000000119e-01
4.364000000000000101e-01
1.254000000000000115e-01
6.921000000000000485e-01
-6.391000000000000014e-01
9.022000000000000020e-01
-6.966999999999999860e-01
2.046000000000000041e-01
-8.972999999999999865e-01
-7.694999999999999618e-01
-8.639000000000000012e-01
-4.117000000000000104e-01
