-3.039999999999999994e-02
1.980000000000000163e-02
-6.010000000000000064e-02
3.005999999999999783e-01
-7.996999999999999664e-01
3.840999999999999970e-01
-1.053000000000000047e-01
2.610000000000000098e-01
-8.100000000000000255e-02
-2.197000000000000064e-01
-3.590000000000000135e-02
1.084999999999999992e-01
-9.431000000000000494e-01
-4.608999999999999764e-01
8.619999999999999885e-02
-7.911000000000000254e-01
9.183999999999999941e-01
-3.341000000000000081e-01
-9.364000000000000101e-01
8.686000000000000387e-01
3.533000000000000029e-01
-9.975000000000000533e-01
-3.346000000000000085e-01
3.804000000000000159e-01
-4.174999999999999822e-01
5.988999999999999879e-01
-7.369999999999999885e-01
1.218999999999999945e-01
8.944999999999999618e-01
-3.825000000000000067e-01
-4.002999999999999892e-01
-8.902999999999999803e-01
-7.143000000000000460e-01
-8.935999999999999499e-01
9.086999999999999522e-01
1.832999999999999907e-01
7.907999999999999474e-01
-1.932999999999999996e-01
-3.371000000000000107e-01
7.379000000000000004e-01
-3.240000000000000102e-01
-4.975999999999999868e-01
-7.660000000000000142e-01
2.351000000000000034e-01
-2.671999999999999931e-01
-8.894999999999999574e-01
2.106999999999999984e-01
1.159000000000000030e-01
6.830000000000000515e-01
9.372000000000000330e-01
-3.929000000000000270e-01
-9.859999999999999876e-01
-3.776999999999999802e-01
8.615000000000000435e-01
1.847000000000000031e-01
8.108999999999999542e-01
-2.553000000000000269e-01
7.257000000000000117e-01
8.216999999999999860e-01
5.984000000000000430e-01
-6.117000000000000215e-01
6.959999999999999520e-01
4.441999999999999837e-01
5.289000000000000368e-01
9.983999999999999542e-01
6.070999999999999730e-01
1.103999999999999981e-01
-1.355999999999999983e-01
5.888999999999999790e-01
7.420999999999999819e-01
9.810999999999999721e-01
3.030000000000000054e-02
-2.831000000000000183e-01
-9.779999999999999805e-01
-6.630000000000000338e-01
-4.847000000000000197e-01
4.562999999999999834e-01
8.229999999999999538e-01
-8.983999999999999764e-01
-8.596000000000000307e-01
4.497999999999999776e-01
-7.367000000000000215e-01
1.559999999999999928e-02
-4.777000000000000135e-01
-5.979999999999999899e-02
-2.867999999999999994e-01
-6.784999999999999920e-01
7.893000000000000016e-01
9.284000000000000030e-01
5.056000000000000494e-01
-3.520000000000000212e-02
-1.688999999999999946e-01
-8.559999999999999831e-01
1.721000000000000030e-01
-4.605000000000000204e-01
-6.347000000000000419e-01
-4.455999999999999961e-01
4.325999999999999845e-01
-9.010000000000000231e-01
9.090000000000000302e-01
8.840000000000000635e-02
3.830999999999999961e-01
-4.898000000000000131e-01
-4.349000000000000088e-01
-2.248999999999999888e-01
-9.357999999999999652e-01
5.009000000000000119e-01
-2.800000000000000058e-02
7.734999999999999654e-01
4.358000000000000207e-01
-1.517000000000000015e-01
-5.447999999999999510e-01
-2.000000000000000111e-01
-9.447999999999999732e-01
8.404000000000000359e-01
-8.949999999999999623e-02
-7.252999999999999448e-01
-9.613000000000000433e-01
6.408000000000000362e-01
6.483999999999999764e-01
3.286000000000000032e-01
8.191000000000000503e-01
3.568999999999999950e-01
7.205000000000000293e-01
-5.223999999999999755e-01
-3.573000000000000065e-01
-9.306999999999999718e-01
-1.155999999999999944e-01
1.269999999999999948e-02
8.176999999999999824e-01
6.574999999999999734e-01
2.882000000000000117e-01
2.222999999999999976e-01
9.422000000000000375e-01
2.273999999999999910e-01
5.573000000000000176e-01
5.859999999999999654e-01
-2.888999999999999901e-01
-3.765000000000000013e-01
2.381999999999999951e-01
1.816000000000000114e-01
-7.860000000000000320e-01
-3.724999999999999978e-01
-6.353999999999999648e-01
-3.160000000000000031e-01
-4.026000000000000134e-01
6.919999999999999485e-01
-6.626999999999999558e-01
3.784000000000000141e-01
8.215999999999999970e-01
-7.809000000000000385e-01
-1.335000000000000075e-01
-7.233000000000000540e-01
-6.182999999999999607e-01
6.521000000000000130e-01
-7.345000000000000417e-01
-1.059999999999999970e-01
-2.829999999999999877e-02
-2.982000000000000206e-01
-8.909000000000000252e-01
7.882000000000000117e-01
-7.933000000000000052e-01
3.639000000000000012e-01
-2.462999999999999912e-01
2.146000000000000130e-01
1.673000000000000043e-01
-4.374000000000000110e-01
-6.836999999999999744e-01
7.876999999999999558e-01
8.771999999999999797e-01
-7.771000000000000130e-01
5.889999999999999680e-01
9.193999999999999950e-01
-1.895000000000000018e-01
-8.626000000000000334e-01
3.412000000000000033e-01
9.142000000000000126e-01
4.973000000000000198e-01
-9.790000000000000091e-02
1.267000000000000071e-01
-4.752000000000000113e-01
-2.119999999999999940e-01
-5.235999999999999543e-01
-8.400999999999999579e-01
1.920999999999999930e-01
-6.588000000000000522e-01
8.192000000000000393e-01
1.706000000000000016e-01
-9.871999999999999664e-01
1.233999999999999958e-01
6.283999999999999586e-01
4.924000000000000044e-01
9.316999999999999726e-01
-5.300000000000000024e-03
3.790000000000000036e-01
5.122999999999999776e-01
-3.076999999999999735e-01
-6.105000000000000426e-01
6.007000000000000117e-01
4.682999999999999940e-01
-9.832999999999999519e-01
4.042999999999999927e-01
1.968999999999999917e-01
1.837999999999999912e-01
-7.469000000000000083e-01
-2.167999999999999927e-01
4.122999999999999998e-01
9.210000000000000409e-01
2.790000000000000119e-02
-8.965999999999999526e-01
-6.766999999999999682e-01
2.513000000000000234e-01
-6.391999999999999904e-01
1.721000000000000030e-01
5.315999999999999615e-01
7.956999999999999629e-01
5.974000000000000421e-01
6.767999999999999572e-01
5.600000000000000533e-01
-7.722999999999999865e-01
2.812999999999999945e-01
8.151000000000000467e-01
-9.493000000000000327e-01
1.052000000000000018e-01
9.029000000000000359e-01
-3.065999999999999837e-01
-9.222000000000000197e-01
-8.151000000000000467e-01
6.754999999999999893e-01
2.091000000000000081e-01
