-9.433000000000000274e-01
-2.431000000000000105e-01
1.773000000000000131e-01
5.026000000000000467e-01
-1.749999999999999889e-01
6.756999999999999673e-01
-3.706999999999999740e-01
-8.004000000000000004e-01
2.369999999999999885e-01
4.284999999999999920e-01
7.309999999999999831e-02
-7.155000000000000249e-01
-8.899999999999999925e-03
-2.942000000000000171e-01
5.131999999999999895e-01
6.536999999999999478e-01
4.174999999999999822e-01
-5.383000000000000007e-01
2.323999999999999955e-01
-7.547000000000000375e-01
9.142000000000000126e-01
-5.834000000000000297e-01
-7.217999999999999972e-01
4.371999999999999775e-01
-4.445999999999999952e-01
-8.680999999999999828e-01
2.060000000000000026e-02
6.575999999999999623e-01
7.301999999999999602e-01
5.762000000000000455e-01
-2.474999999999999978e-01
-9.310000000000000220e-02
-4.130000000000000338e-02
-9.203000000000000069e-01
2.492999999999999938e-01
-6.266000000000000458e-01
4.307000000000000273e-01
-5.748999999999999666e-01
-1.660000000000000017e-02
-7.556000000000000494e-01
7.912000000000000144e-01
3.899999999999999821e-03
2.265999999999999959e-01
-9.277999999999999581e-01
5.433999999999999941e-01
2.690000000000000030e-02
-4.451999999999999846e-01
-4.502999999999999781e-01
-6.727999999999999536e-01
-3.093000000000000194e-01
7.737000000000000544e-01
-1.643000000000000016e-01
9.628999999999999782e-01
7.321999999999999620e-01
-3.716999999999999749e-01
-6.531000000000000139e-01
6.927999999999999714e-01
7.730000000000000204e-01
7.207999999999999963e-01
-6.375999999999999446e-01
3.876000000000000001e-01
-4.648999999999999799e-01
-2.207000000000000073e-01
8.366000000000000103e-01
-7.951000000000000290e-01
-8.480999999999999650e-01
-7.211999999999999522e-01
-8.951000000000000068e-01
-3.250000000000000111e-02
6.130999999999999783e-01
-4.806000000000000272e-01
7.341999999999999638e-01
-3.703000000000000180e-01
-8.524000000000000465e-01
4.330999999999999850e-01
-4.658999999999999808e-01
4.616999999999999993e-01
1.880999999999999894e-01
-2.340000000000000066e-02
-2.386000000000000065e-01
4.930999999999999828e-01
3.881000000000000005e-01
-8.659000000000000030e-01
-9.981999999999999762e-01
-1.592999999999999972e-01
-6.969999999999999529e-01
-2.043000000000000094e-01
2.859999999999999765e-01
-1.890999999999999903e-01
1.763000000000000123e-01
-6.058000000000000052e-01
-2.247999999999999998e-01
6.110999999999999766e-01
-1.666999999999999871e-01
3.875000000000000111e-01
-1.290999999999999925e-01
7.765999999999999570e-01
4.229999999999999871e-01
4.878000000000000114e-01
5.856999999999999984e-01
-7.003000000000000336e-01
2.341999999999999915e-01
-5.964000000000000412e-01
3.326000000000000068e-01
-5.190000000000000169e-02
4.143000000000000016e-01
9.143999999999999906e-01
2.363999999999999990e-01
-6.790000000000000480e-01
6.329000000000000181e-01
-6.481999999999999984e-01
4.152000000000000135e-01
8.725000000000000533e-01
-1.935999999999999943e-01
-6.745999999999999774e-01
8.915999999999999481e-01
2.000000000000000111e-01
5.009000000000000119e-01
7.276000000000000245e-01
-2.700000000000000178e-01
1.650000000000000078e-02
-7.863999999999999879e-01
4.966999999999999749e-01
6.300999999999999934e-01
-3.523999999999999910e-01
5.752000000000000446e-01
7.650000000000000133e-01
-1.428999999999999992e-01
7.504999999999999449e-01
-4.683999999999999830e-01
-9.419999999999999485e-01
5.998999999999999888e-01
-8.407999999999999918e-01
5.198000000000000398e-01
-6.757999999999999563e-01
-8.267999999999999794e-01
6.130000000000000032e-02
-5.283999999999999808e-01
-3.719999999999999973e-01
-6.079999999999999988e-02
5.383999999999999897e-01
7.868000000000000549e-01
-3.573999999999999955e-01
3.608000000000000096e-01
3.971999999999999975e-01
2.943000000000000060e-01
-7.308000000000000052e-01
5.090000000000000080e-02
-6.784000000000000030e-01
3.402999999999999914e-01
-5.249999999999999806e-02
2.998999999999999999e-01
-3.629999999999999893e-02
-9.439999999999999503e-01
2.000000000000000042e-03
2.580999999999999961e-01
-8.841999999999999860e-01
-3.630999999999999783e-01
2.335000000000000131e-01
-7.279999999999999805e-01
-5.305999999999999606e-01
-4.139999999999999930e-02
-8.164000000000000146e-01
-8.319999999999999618e-01
6.641000000000000236e-01
-2.061999999999999944e-01
3.537000000000000144e-01
-8.443000000000000504e-01
5.272000000000000020e-01
-1.280000000000000061e-02
-5.739999999999999547e-01
3.961000000000000076e-01
3.542000000000000148e-01
9.715000000000000302e-01
-2.854999999999999760e-01
8.270999999999999464e-01
-4.789999999999999813e-01
-2.940999999999999726e-01
-2.823999999999999844e-01
3.649999999999999911e-01
-5.123999999999999666e-01
-6.886999999999999789e-01
5.700000000000000205e-03
3.008000000000000118e-01
1.130000000000000032e-01
9.119000000000000439e-01
5.729999999999999538e-01
-9.069000000000000394e-01
7.368999999999999995e-01
7.233000000000000540e-01
-3.704999999999999960e-01
-9.093999999999999861e-01
6.542000000000000037e-01
-2.275000000000000078e-01
7.229999999999999760e-01
-3.076999999999999735e-01
-6.330000000000000071e-01
-9.909000000000000030e-01
3.508000000000000007e-01
8.474000000000000421e-01
6.453999999999999737e-01
-8.699999999999999956e-01
-7.699000000000000288e-01
-2.740000000000000213e-01
8.907000000000000473e-01
7.190000000000000557e-02
-5.424999999999999822e-01
-9.589999999999999636e-01
7.453999999999999515e-01
5.572000000000000286e-01
6.773000000000000131e-01
6.633999999999999897e-01
-5.184999999999999609e-01
8.803999999999999604e-01
5.506999999999999673e-01
-7.016000000000000014e-01
-8.880000000000000393e-02
-6.240999999999999881e-01
2.010000000000000120e-01
-8.004000000000000004e-01
1.845999999999999863e-01
-7.946999999999999620e-01
6.491999999999999993e-01
2.600000000000000089e-01
5.699999999999999512e-01
-4.022000000000000020e-01
5.210000000000000187e-01
-6.828999999999999515e-01
9.085999999999999632e-01
6.561000000000000165e-01
