1.020000000000000073e-02
-4.731000000000000205e-01
-2.953999999999999959e-01
-2.978000000000000091e-01
-7.950000000000000400e-01
1.711000000000000021e-01
-7.122000000000000552e-01
1.877000000000000057e-01
-3.159000000000000141e-01
5.128000000000000336e-01
3.069999999999999951e-01
5.534999999999999920e-01
9.282000000000000250e-01
-8.764999999999999458e-01
2.627999999999999781e-01
2.936000000000000276e-01
-8.962999999999999856e-01
-5.241999999999999993e-01
6.444999999999999618e-01
-9.370000000000000551e-01
6.152999999999999581e-01
1.062000000000000027e-01
-5.133999999999999675e-01
-1.623999999999999888e-01
-3.575999999999999734e-01
-8.970000000000000195e-01
4.994999999999999996e-01
9.292000000000000259e-01
-4.455000000000000071e-01
-8.004999999999999893e-01
6.754999999999999893e-01
8.802999999999999714e-01
-6.749000000000000554e-01
9.006999999999999451e-01
-3.978999999999999759e-01
9.982999999999999652e-01
-9.684000000000000385e-01
4.966999999999999749e-01
-8.179999999999999494e-01
5.365999999999999659e-01
5.407999999999999474e-01
3.498999999999999888e-01
5.423000000000000043e-01
7.798000000000000487e-01
-7.099999999999999367e-02
-1.598999999999999866e-01
9.543000000000000371e-01
7.881000000000000227e-01
9.767000000000000126e-01
7.476000000000000423e-01
4.119999999999999774e-01
7.003000000000000336e-01
-4.193000000000000060e-01
-3.023000000000000131e-01
-5.068000000000000282e-01
-4.970000000000000112e-02
4.727000000000000091e-01
-3.472999999999999976e-01
5.847999999999999865e-01
3.195000000000000062e-01
-6.098999999999999977e-01
6.706999999999999629e-01
3.926000000000000045e-01
-6.915000000000000036e-01
-8.502999999999999448e-01
2.335000000000000131e-01
4.813000000000000056e-01
-9.022000000000000020e-01
5.638999999999999568e-01
-7.060999999999999499e-01
-5.768999999999999684e-01
4.474000000000000199e-01
3.644999999999999907e-01
3.367999999999999883e-01
9.507999999999999785e-01
8.796000000000000485e-01
-7.445000000000000506e-01
-5.079000000000000181e-01
-3.518999999999999906e-01
-1.753000000000000114e-01
-3.389999999999999958e-02
-3.291999999999999926e-01
2.240999999999999936e-01
-6.743999999999999995e-01
4.112000000000000099e-01
9.112999999999999989e-01
3.590999999999999748e-01
-7.370999999999999774e-01
9.177999999999999492e-01
-4.924000000000000044e-01
-2.549999999999999836e-02
9.412000000000000366e-01
8.559999999999999554e-02
-2.243999999999999884e-01
-5.106000000000000538e-01
1.751000000000000056e-01
2.016000000000000014e-01
-1.226000000000000006e-01
-1.529999999999999971e-01
6.582000000000000073e-01
9.520999999999999464e-01
9.417999999999999705e-01
5.274999999999999689e-01
-5.530000000000000471e-01
8.676000000000000378e-01
7.119999999999999662e-01
1.812999999999999889e-01
9.931999999999999718e-01
2.449000000000000066e-01
-7.022000000000000464e-01
8.266000000000000014e-01
-1.052000000000000018e-01
-5.868999999999999773e-01
-3.921999999999999931e-01
5.572000000000000286e-01
1.582999999999999963e-01
2.691999999999999948e-01
-4.744999999999999774e-01
-1.045999999999999985e-01
9.164999999999999813e-01
-6.401999999999999913e-01
9.668999999999999817e-01
-1.152999999999999997e-01
-8.978000000000000425e-01
-2.651000000000000023e-01
-1.774000000000000021e-01
-8.052000000000000268e-01
-5.697999999999999732e-01
4.655000000000000249e-01
-9.577999999999999847e-01
-4.693999999999999839e-01
-1.681999999999999884e-01
5.728999999999999648e-01
2.462999999999999912e-01
3.325000000000000178e-01
4.554000000000000270e-01
3.840999999999999970e-01
3.946999999999999953e-01
7.492999999999999661e-01
-6.776999999999999691e-01
-4.820999999999999730e-01
-5.249999999999999806e-02
-7.342999999999999527e-01
3.057000000000000273e-01
3.957999999999999852e-01
-3.251000000000000001e-01
-9.819999999999999840e-01
1.310999999999999943e-01
5.723000000000000309e-01
1.265999999999999903e-01
-4.208999999999999964e-01
-9.569999999999999341e-02
-2.446000000000000119e-01
-9.545000000000000151e-01
6.601000000000000201e-01
-8.870999999999999996e-01
-5.600000000000000533e-01
5.080999999999999961e-01
-6.619999999999999496e-02
-3.004000000000000004e-01
1.850999999999999868e-01
-8.612999999999999545e-01
8.306000000000000050e-01
-8.448999999999999844e-01
2.061000000000000054e-01
-9.996000000000000441e-01
2.879999999999999782e-01
9.129000000000000448e-01
5.604999999999999982e-01
6.254999999999999449e-01
-6.832000000000000295e-01
1.633000000000000007e-01
4.169999999999999818e-01
-7.086000000000000076e-01
9.890000000000000180e-02
2.634000000000000230e-01
3.290000000000000147e-01
4.541999999999999926e-01
6.342999999999999750e-01
6.609000000000000430e-01
2.419999999999999929e-02
1.102999999999999953e-01
2.127999999999999892e-01
1.343000000000000027e-01
-4.560000000000000164e-01
1.310000000000000053e-02
6.829999999999999960e-02
6.953000000000000291e-01
-7.341999999999999638e-01
-7.266000000000000236e-01
-7.315000000000000391e-01
9.399999999999999467e-01
5.572000000000000286e-01
-8.559999999999999554e-02
3.668000000000000149e-01
-6.016000000000000236e-01
-4.460000000000000075e-02
-7.634999999999999565e-01
8.289999999999999591e-01
1.817999999999999894e-01
9.797000000000000153e-01
3.534999999999999809e-01
3.149000000000000132e-01
9.978000000000000203e-01
-5.354999999999999760e-01
9.180000000000000382e-01
-9.246999999999999664e-01
-8.266999999999999904e-01
3.063000000000000167e-01
2.018999999999999961e-01
1.554999999999999993e-01
-9.225999999999999757e-01
5.281000000000000139e-01
5.285999999999999588e-01
-2.000000000000000111e-01
-9.512000000000000455e-01
-4.611999999999999988e-01
-7.487000000000000322e-01
5.054999999999999494e-01
6.826999999999999735e-01
6.539999999999999980e-02
8.854999999999999538e-01
6.441999999999999948e-01
3.956000000000000072e-01
3.179000000000000159e-01
-2.132999999999999896e-01
3.225999999999999979e-01
-2.800000000000000266e-01
-2.247999999999999998e-01
-6.813000000000000167e-01
