2.030000000000000138e-01
-9.062999999999999945e-01
-7.149999999999999412e-02
-3.738000000000000211e-01
1.582999999999999963e-01
-4.440000000000000058e-01
7.638000000000000345e-01
7.480999999999999872e-01
7.523999999999999577e-01
4.198999999999999955e-01
-5.489999999999999741e-02
-9.945000000000000506e-01
-6.085000000000000409e-01
-3.716999999999999749e-01
7.147000000000000020e-01
1.385000000000000120e-01
-4.444000000000000172e-01
-2.503000000000000225e-01
5.029999999999999749e-02
-5.495999999999999774e-01
9.699999999999999734e-01
-8.377000000000000002e-01
9.556000000000000050e-01
-1.849999999999999978e-01
7.055000000000000160e-01
1.549999999999999989e-02
-8.584000000000000519e-01
-7.341999999999999638e-01
8.110000000000000542e-02
-4.410000000000000031e-01
-8.289999999999999591e-01
5.656999999999999806e-01
3.205000000000000071e-01
7.864999999999999769e-01
4.414000000000000146e-01
-7.924999999999999822e-01
-4.507999999999999785e-01
8.736000000000000432e-01
-1.044999999999999957e-01
-4.572999999999999843e-01
-4.532999999999999807e-01
-8.590999999999999748e-01
8.193000000000000282e-01
8.459999999999999742e-01
9.070000000000000284e-01
4.510000000000000120e-02
6.178000000000000158e-01
1.370000000000000037e-02
-2.434000000000000052e-01
9.476999999999999869e-01
-3.502000000000000113e-01
8.689999999999999947e-01
-4.128000000000000003e-01
9.296999999999999709e-01
6.825999999999999845e-01
7.620999999999999996e-01
-5.066000000000000503e-01
-1.079999999999999988e-01
8.663999999999999480e-01
2.094000000000000028e-01
2.053000000000000103e-01
4.625000000000000222e-01
-1.073000000000000065e-01
7.458000000000000185e-01
-8.511999999999999567e-01
1.308999999999999886e-01
9.548999999999999710e-01
6.457000000000000517e-01
1.267999999999999960e-01
-5.231000000000000094e-01
-7.298000000000000043e-01
-1.770000000000000046e-02
4.041000000000000147e-01
-4.429000000000000159e-01
-3.256000000000000005e-01
4.223000000000000087e-01
9.453000000000000291e-01
5.020999999999999908e-01
3.129000000000000115e-01
-5.252999999999999892e-01
-3.236999999999999877e-01
-5.026000000000000467e-01
2.772000000000000020e-01
-5.656999999999999806e-01
5.462000000000000188e-01
1.000999999999999945e-01
-9.475999999999999979e-01
-9.930999999999999828e-01
-3.733000000000000207e-01
1.569999999999999868e-02
9.788999999999999924e-01
-8.260999999999999455e-01
-1.269999999999999948e-02
-3.267999999999999794e-01
-5.572000000000000286e-01
2.746999999999999997e-01
7.694999999999999618e-01
-3.667000000000000259e-01
8.427000000000000046e-01
-4.879000000000000004e-01
1.602000000000000091e-01
6.434999999999999609e-01
-8.330999999999999517e-01
-7.983000000000000096e-01
6.821000000000000396e-01
5.171999999999999931e-01
8.329999999999999627e-01
4.293000000000000149e-01
1.587999999999999967e-01
7.116000000000000103e-01
5.708999999999999631e-01
6.986999999999999877e-01
9.048000000000000487e-01
7.419999999999999929e-01
-4.133999999999999897e-01
-8.377999999999999892e-01
-6.102999999999999536e-01
9.170000000000000373e-01
9.147999999999999465e-01
-8.354000000000000314e-01
-2.426000000000000101e-01
-9.282000000000000250e-01
-5.460000000000000409e-01
2.081000000000000072e-01
4.772000000000000131e-01
-1.560999999999999888e-01
-9.162000000000000144e-01
9.495999999999999996e-01
1.933999999999999886e-01
4.549999999999999878e-02
5.497999999999999554e-01
-4.783999999999999919e-01
4.481999999999999873e-01
3.338999999999999746e-01
-5.550000000000000072e-02
-8.939999999999999336e-02
6.885000000000000009e-01
5.867999999999999883e-01
2.379000000000000004e-01
1.565999999999999892e-01
-7.681000000000000050e-01
6.863000000000000211e-01
-6.419999999999999318e-02
4.945999999999999841e-01
-6.400000000000000133e-01
6.627999999999999448e-01
8.455000000000000293e-01
6.656999999999999584e-01
1.058999999999999941e-01
-4.461999999999999855e-01
-7.971000000000000307e-01
5.009000000000000119e-01
-4.143999999999999906e-01
4.643999999999999795e-01
8.673999999999999488e-01
-8.444000000000000394e-01
3.090000000000000038e-02
4.857000000000000206e-01
2.948000000000000065e-01
2.084000000000000019e-01
-3.412000000000000033e-01
5.527999999999999581e-01
4.102999999999999980e-01
-8.242000000000000437e-01
-2.461000000000000132e-01
-4.339999999999999969e-01
6.375999999999999446e-01
5.818999999999999728e-01
2.710000000000000187e-01
5.514000000000000012e-01
-4.975999999999999868e-01
1.927000000000000102e-01
-5.776999999999999913e-01
-5.486999999999999655e-01
9.554000000000000270e-01
-7.180000000000000271e-02
-8.653999999999999471e-01
7.388000000000000123e-01
3.991000000000000103e-01
-5.887000000000000011e-01
7.405000000000000471e-01
7.832000000000000073e-01
-5.250000000000000222e-01
-9.987000000000000322e-01
9.673000000000000487e-01
-3.815000000000000058e-01
6.317000000000000393e-01
5.987000000000000099e-01
-8.790000000000000591e-02
6.139999999999999902e-01
-1.600999999999999923e-01
-1.922000000000000097e-01
-7.598000000000000309e-01
4.728999999999999870e-01
-3.418999999999999817e-01
1.512999999999999901e-01
1.434999999999999887e-01
3.365000000000000213e-01
9.651999999999999469e-01
7.870000000000000329e-01
-5.213999999999999746e-01
6.107000000000000206e-01
-3.004000000000000004e-01
2.285999999999999976e-01
-2.011000000000000010e-01
-1.430000000000000021e-02
2.280000000000000082e-01
1.756999999999999951e-01
-6.286000000000000476e-01
-7.544999999999999485e-01
-1.486999999999999988e-01
6.590000000000000302e-01
8.709999999999999687e-02
5.767999999999999794e-01
1.476000000000000090e-01
9.201000000000000290e-01
4.370999999999999885e-01
6.929999999999999494e-01
8.106999999999999762e-01
-6.189999999999999947e-01
-8.870999999999999996e-01
-7.398000000000000131e-01
-7.810000000000000275e-01
8.781999999999999806e-01
5.261000000000000121e-01
-2.793999999999999817e-01
-8.800999999999999934e-01
7.382999999999999563e-01
7.251999999999999558e-01
7.879000000000000448e-01
