2.298000000000000043e-01
9.757000000000000117e-01
-9.243999999999999995e-01
8.179999999999999494e-01
7.103000000000000425e-01
7.724999999999999645e-01
6.650000000000000355e-01
-1.302000000000000102e-01
-8.961999999999999966e-01
4.919999999999999929e-01
1.642000000000000126e-01
-9.963999999999999524e-01
6.610000000000000597e-02
-1.233999999999999958e-01
8.799999999999999489e-02
3.251999999999999891e-01
6.021999999999999575e-01
-8.691999999999999726e-01
-6.004000000000000448e-01
-1.155000000000000054e-01
-1.811000000000000110e-01
-4.706000000000000183e-01
1.792999999999999872e-01
-9.971999999999999753e-01
9.189999999999999558e-02
-3.521000000000000241e-01
-2.359999999999999945e-02
-3.544999999999999818e-01
-5.639999999999999458e-01
4.510000000000000120e-01
-7.760000000000000231e-01
8.977000000000000535e-01
6.765999999999999792e-01
5.893000000000000460e-01
8.240000000000000102e-02
7.806999999999999496e-01
-7.310999999999999721e-01
-4.748999999999999888e-01
-1.117999999999999966e-01
-6.697999999999999510e-01
7.747000000000000552e-01
-6.612999999999999989e-01
-9.265999999999999792e-01
-2.722999999999999865e-01
-8.607000000000000206e-01
6.500000000000000222e-01
1.899999999999999996e-03
9.527999999999999803e-01
-5.592000000000000304e-01
-7.860000000000000320e-01
7.501999999999999780e-01
-3.280000000000000276e-02
6.987999999999999767e-01
4.358000000000000207e-01
-9.510999999999999455e-01
5.310000000000000275e-01
-8.002000000000000224e-01
2.303000000000000047e-01
-7.782000000000000028e-01
-5.336999999999999522e-01
2.969999999999999862e-01
-5.734000000000000208e-01
-2.011000000000000010e-01
-8.346999999999999975e-01
-2.283000000000000029e-01
3.925000000000000155e-01
7.305000000000000382e-01
-8.370999999999999552e-01
8.560999999999999721e-01
-6.270000000000000018e-01
-8.000000000000000167e-03
-2.419000000000000039e-01
-6.843000000000000194e-01
1.227000000000000035e-01
4.999000000000000110e-01
9.770999999999999686e-01
4.959000000000000075e-01
8.138999999999999568e-01
6.500000000000000222e-02
2.194000000000000117e-01
5.377999999999999448e-01
-5.240000000000000213e-02
-3.231999999999999873e-01
-2.812999999999999945e-01
-4.766000000000000236e-01
8.893999999999999684e-01
-4.477999999999999758e-01
7.830000000000000293e-01
-9.705000000000000293e-01
2.321000000000000008e-01
1.507999999999999896e-01
7.149999999999999689e-01
-9.544000000000000261e-01
-6.824999999999999956e-01
7.770000000000000517e-02
2.882000000000000117e-01
5.393999999999999906e-01
-2.994999999999999885e-01
-1.817999999999999894e-01
-2.948000000000000065e-01
8.767000000000000348e-01
8.894999999999999574e-01
-9.759999999999999787e-01
-2.932000000000000162e-01
5.555999999999999828e-01
1.544000000000000095e-01
-5.834000000000000297e-01
4.217000000000000193e-01
3.897999999999999798e-01
8.278999999999999693e-01
-9.392000000000000348e-01
3.080000000000000099e-02
1.579000000000000126e-01
-9.181000000000000272e-01
-1.679999999999999896e-02
-6.677999999999999492e-01
2.807999999999999940e-01
-8.665000000000000480e-01
-1.048999999999999932e-01
4.842000000000000193e-01
-5.179000000000000270e-01
5.443000000000000060e-01
-6.176000000000000378e-01
1.298999999999999877e-01
8.922999999999999821e-01
5.288000000000000478e-01
-8.012000000000000233e-01
-2.459999999999999964e-01
-3.886000000000000010e-01
2.217999999999999972e-01
9.546000000000000041e-01
-7.685999999999999499e-01
-7.897999999999999465e-01
-4.774999999999999800e-01
9.038000000000000478e-01
-6.433999999999999719e-01
5.043999999999999595e-01
-9.454000000000000181e-01
1.592999999999999972e-01
-9.627000000000000002e-01
-6.661000000000000254e-01
-5.879999999999999671e-01
-1.203000000000000042e-01
-4.751000000000000223e-01
8.970000000000000195e-01
9.462000000000000410e-01
-6.764000000000000012e-01
3.564999999999999836e-01
-9.060000000000000275e-01
-8.122000000000000330e-01
-4.046000000000000152e-01
-3.815000000000000058e-01
7.445000000000000506e-01
-7.633999999999999675e-01
4.590000000000000191e-01
-8.124000000000000110e-01
5.069000000000000172e-01
-9.041000000000000147e-01
6.467000000000000526e-01
8.379999999999999949e-02
-3.675999999999999823e-01
-7.553999999999999604e-01
2.893000000000000016e-01
6.612999999999999989e-01
-9.869999999999999885e-01
-3.917999999999999816e-01
8.729999999999999982e-01
3.402999999999999914e-01
6.348000000000000309e-01
3.289000000000000257e-01
-8.830999999999999961e-01
5.866999999999999993e-01
7.465000000000000524e-01
-3.946000000000000063e-01
-8.350999999999999535e-01
-9.154999999999999805e-01
-3.568999999999999950e-01
-9.044999999999999707e-01
5.512000000000000233e-01
-5.849999999999999645e-01
4.066000000000000170e-01
-9.639999999999999680e-01
-7.085000000000000187e-01
-2.565999999999999948e-01
5.778999999999999693e-01
-4.517999999999999794e-01
3.187999999999999723e-01
7.570999999999999952e-01
3.430000000000000271e-01
4.340000000000000108e-02
9.915000000000000480e-01
7.698000000000000398e-01
5.441000000000000281e-01
-6.834999999999999964e-01
4.495000000000000107e-01
-7.168999999999999817e-01
6.467000000000000526e-01
3.640000000000000180e-02
-9.735000000000000320e-01
-5.993000000000000549e-01
-6.300000000000000044e-01
7.218999999999999861e-01
-3.986999999999999988e-01
-2.531999999999999806e-01
-7.872000000000000108e-01
-3.634000000000000008e-01
2.290000000000000022e-02
-5.725999999999999979e-01
-6.112999999999999545e-01
-9.811999999999999611e-01
5.707999999999999741e-01
1.298999999999999877e-01
3.025999999999999801e-01
2.869999999999999774e-01
7.647000000000000464e-01
1.764999999999999902e-01
1.779999999999999916e-01
-1.789999999999999925e-01
7.825999999999999623e-01
9.029000000000000359e-01
2.417999999999999872e-01
-9.038000000000000478e-01
-8.550999999999999712e-01
4.677000000000000046e-01
1.510000000000000057e-02
-9.199999999999999845e-02
-1.510000000000000057e-02
5.893000000000000460e-01
-6.733000000000000096e-01
-2.373000000000000109e-01
