-5.026000000000000467e-01
-4.223000000000000087e-01
2.490999999999999881e-01
-4.631000000000000116e-01
-3.265000000000000124e-01
1.205999999999999989e-01
3.135000000000000009e-01
9.462000000000000410e-01
-2.614000000000000212e-01
-2.409999999999999989e-02
3.699999999999999817e-02
-8.653999999999999471e-01
-8.380999999999999561e-01
7.376000000000000334e-01
5.220000000000000334e-02
6.571000000000000174e-01
-7.125000000000000222e-01
2.963999999999999968e-01
6.571000000000000174e-01
-8.919000000000000261e-01
7.086999999999999966e-01
-7.144000000000000350e-01
3.196999999999999842e-01
-5.842000000000000526e-01
2.431999999999999995e-01
1.421000000000000041e-01
-4.239999999999999880e-01
5.056000000000000494e-01
-4.275999999999999801e-01
5.010999999999999899e-01
-7.427000000000000268e-01
-8.178999999999999604e-01
1.638999999999999901e-01
6.208000000000000185e-01
5.321000000000000174e-01
-5.916000000000000147e-01
2.321000000000000008e-01
-7.425000000000000488e-01
-2.353999999999999981e-01
-6.122999999999999554e-01
-6.997999999999999776e-01
8.999999999999999754e-04
1.580999999999999905e-01
6.532999999999999918e-01
5.855000000000000204e-01
3.760000000000000148e-02
9.403000000000000247e-01
2.556999999999999829e-01
8.215000000000000080e-01
6.729999999999999871e-02
-9.668999999999999817e-01
2.326000000000000012e-01
-6.348000000000000309e-01
-8.871999999999999886e-01
-9.481000000000000538e-01
-6.559000000000000385e-01
-1.295000000000000040e-01
-6.451000000000000068e-01
-7.728000000000000425e-01
-1.549999999999999989e-02
-5.020000000000000018e-01
-9.810000000000000664e-02
8.033000000000000140e-01
-1.318000000000000005e-01
9.576000000000000068e-01
-7.610000000000000098e-02
-3.726999999999999758e-01
-9.942999999999999616e-01
7.639000000000000234e-01
-3.862999999999999767e-01
-3.605999999999999761e-01
1.590000000000000094e-02
3.662000000000000255e-01
-6.844999999999999973e-01
4.882000000000000228e-01
1.423999999999999988e-01
6.660000000000000642e-02
2.757000000000000006e-01
6.236000000000000432e-01
8.950000000000000178e-01
-5.796999999999999931e-01
4.272000000000000242e-01
-6.246000000000000441e-01
5.338000000000000522e-01
8.657000000000000250e-01
7.841000000000000192e-01
5.948999999999999844e-01
6.919999999999999485e-01
9.152000000000000135e-01
-6.196000000000000396e-01
-9.877000000000000224e-01
-4.652000000000000024e-01
7.914999999999999813e-01
-4.613999999999999768e-01
9.877000000000000224e-01
-8.742999999999999661e-01
4.038999999999999813e-01
1.093999999999999972e-01
9.938000000000000167e-01
-5.955000000000000293e-01
-5.006000000000000449e-01
3.125000000000000000e-01
-7.526000000000000467e-01
-5.000000000000000104e-03
-8.837000000000000410e-01
-7.230000000000000315e-02
4.833999999999999964e-01
1.052000000000000018e-01
9.804000000000000492e-01
9.684000000000000385e-01
3.472000000000000086e-01
9.320000000000000506e-01
-2.137000000000000011e-01
6.330000000000000071e-01
-6.985000000000000098e-01
-8.999999999999999667e-02
-8.177999999999999714e-01
8.975999999999999535e-01
-9.683000000000000496e-01
-2.535999999999999921e-01
-4.950000000000000233e-02
1.870999999999999885e-01
-5.122999999999999776e-01
2.788999999999999813e-01
1.029999999999999943e-01
-2.169000000000000095e-01
5.688999999999999613e-01
-8.768000000000000238e-01
9.752999999999999448e-01
-7.499999999999999722e-03
-1.134000000000000008e-01
-3.070999999999999841e-01
7.631999999999999895e-01
-3.594999999999999862e-01
1.660999999999999976e-01
8.561999999999999611e-01
1.359999999999999924e-02
-3.961999999999999966e-01
2.656999999999999917e-01
-6.001999999999999558e-01
8.608000000000000096e-01
-8.057999999999999607e-01
5.838999999999999746e-01
-4.750000000000000056e-02
-2.013999999999999957e-01
-5.514999999999999902e-01
2.474999999999999978e-01
-4.541999999999999926e-01
-5.171999999999999931e-01
9.488999999999999657e-01
-3.038000000000000145e-01
3.981999999999999984e-01
5.446999999999999620e-01
5.688999999999999613e-01
-2.209000000000000130e-01
-1.494000000000000050e-01
9.539999999999999591e-01
1.221000000000000002e-01
-4.511999999999999900e-01
-8.964999999999999636e-01
1.208000000000000046e-01
7.620000000000000384e-02
7.032000000000000473e-01
6.774000000000000021e-01
5.328000000000000513e-01
-9.834000000000000519e-01
6.933000000000000274e-01
2.742999999999999883e-01
9.094999999999999751e-01
8.190000000000000058e-02
2.350000000000000006e-02
4.379000000000000115e-01
3.605999999999999761e-01
8.930000000000000160e-01
2.298000000000000043e-01
1.014000000000000040e-01
-5.471000000000000307e-01
-4.615000000000000213e-01
3.755999999999999894e-01
-9.970999999999999863e-01
-6.029999999999999943e-02
-2.719999999999999848e-02
-1.764000000000000012e-01
-7.167000000000000037e-01
6.008000000000000007e-01
-1.329999999999999932e-02
-5.927000000000000046e-01
-3.407999999999999918e-01
-4.855999999999999761e-01
1.213000000000000050e-01
-9.320000000000000506e-01
7.510000000000000009e-01
-6.407000000000000473e-01
8.147999999999999687e-01
6.088999999999999968e-01
-1.827999999999999903e-01
3.721999999999999753e-01
-1.527000000000000024e-01
-3.751999999999999780e-01
-5.442000000000000171e-01
2.487000000000000044e-01
7.848000000000000531e-01
8.808000000000000274e-01
-8.698000000000000176e-01
1.353000000000000036e-01
-5.340000000000000302e-02
-5.331000000000000183e-01
-3.456000000000000183e-01
-5.766000000000000014e-01
2.621999999999999886e-01
