4.420000000000000318e-02
3.205000000000000071e-01
-7.257000000000000117e-01
-2.005000000000000115e-01
-7.661999999999999922e-01
-6.469999999999999363e-02
-4.381999999999999784e-01
3.610999999999999766e-01
-1.269999999999999948e-02
-1.819999999999999951e-01
4.324000000000000066e-01
-7.346000000000000307e-01
7.008999999999999675e-01
6.102999999999999536e-01
7.308999999999999941e-01
-7.141999999999999460e-01
5.059999999999999915e-02
7.249999999999999778e-01
-2.449999999999999956e-01
3.841999999999999860e-01
-5.626999999999999780e-01
5.474999999999999867e-01
-7.451999999999999735e-01
-1.018000000000000016e-01
2.336999999999999911e-01
-4.475999999999999979e-01
9.875000000000000444e-01
8.820000000000000062e-02
6.049999999999999822e-01
6.038999999999999924e-01
-2.139999999999999958e-01
9.049000000000000377e-01
-5.403000000000000025e-01
-7.820000000000000562e-02
-6.700000000000000400e-02
5.948999999999999844e-01
-5.409000000000000474e-01
8.590999999999999748e-01
2.691999999999999948e-01
9.719999999999999751e-01
3.590999999999999748e-01
6.448000000000000398e-01
-3.900000000000000133e-01
-8.124000000000000110e-01
-3.128000000000000225e-01
4.516000000000000014e-01
4.425000000000000044e-01
-6.665999999999999703e-01
-5.943000000000000504e-01
4.307000000000000273e-01
-6.182999999999999607e-01
3.076999999999999735e-01
-9.675000000000000266e-01
3.408999999999999808e-01
-6.619999999999999496e-02
9.612000000000000544e-01
9.240000000000000435e-01
-5.600000000000000533e-01
-7.673999999999999710e-01
-6.620000000000000329e-01
-7.997999999999999554e-01
3.824000000000000177e-01
-6.304999999999999494e-01
-3.200999999999999956e-01
-4.569999999999999757e-02
4.617999999999999883e-01
3.448999999999999844e-01
-3.795999999999999930e-01
9.001000000000000112e-01
5.282999999999999918e-01
-3.684000000000000052e-01
2.096999999999999975e-01
9.297999999999999599e-01
-5.006000000000000449e-01
-9.310000000000000497e-01
-9.356999999999999762e-01
1.348000000000000032e-01
3.694999999999999951e-01
5.796000000000000041e-01
1.617999999999999994e-01
-5.161000000000000032e-01
6.350999999999999979e-01
6.326000000000000512e-01
6.801000000000000378e-01
5.190000000000000169e-01
5.489000000000000545e-01
5.888999999999999790e-01
-4.768999999999999906e-01
-4.719999999999999890e-02
5.369000000000000439e-01
1.255000000000000004e-01
-3.180000000000000049e-01
9.151000000000000245e-01
-8.760000000000000009e-01
-6.532999999999999918e-01
-7.772000000000000020e-01
-8.596000000000000307e-01
9.187999999999999501e-01
2.260999999999999954e-01
1.559999999999999928e-02
6.998999999999999666e-01
6.307000000000000384e-01
6.946999999999999842e-01
8.428999999999999826e-01
-3.372999999999999887e-01
-8.153000000000000247e-01
-9.435000000000000053e-01
-7.342999999999999527e-01
3.650999999999999801e-01
-2.384000000000000008e-01
-2.918000000000000038e-01
-7.540999999999999925e-01
6.028000000000000025e-01
-6.842000000000000304e-01
-8.907000000000000473e-01
8.515000000000000346e-01
-5.675000000000000044e-01
-4.671000000000000152e-01
6.312999999999999723e-01
2.881000000000000227e-01
-2.139000000000000068e-01
7.258999999999999897e-01
1.597000000000000086e-01
1.115000000000000019e-01
-9.522000000000000464e-01
9.583000000000000407e-01
5.625999999999999890e-01
8.222000000000000419e-01
-6.450000000000000178e-02
5.276999999999999469e-01
-9.183000000000000052e-01
7.721000000000000085e-01
1.764000000000000012e-01
2.645000000000000129e-01
-5.050999999999999934e-01
4.179999999999999827e-01
4.350999999999999868e-01
-5.229999999999999927e-02
-9.231000000000000316e-01
6.951000000000000512e-01
8.739999999999999991e-01
4.139999999999999791e-01
4.338000000000000189e-01
5.389000000000000457e-01
4.442999999999999727e-01
-2.056999999999999940e-01
7.209999999999999742e-02
6.636999999999999567e-01
2.839999999999999747e-01
1.844999999999999973e-01
3.180000000000000188e-02
-8.798000000000000265e-01
9.410000000000000309e-02
9.016999999999999460e-01
-1.039999999999999952e-02
4.224999999999999867e-01
3.350000000000000200e-01
-1.208999999999999936e-01
-9.808999999999999941e-01
1.308999999999999886e-01
-6.157000000000000250e-01
-5.604999999999999982e-01
8.478999999999999870e-01
-6.902000000000000357e-01
-3.846999999999999864e-01
7.962000000000000188e-01
2.737999999999999878e-01
-1.527999999999999914e-01
9.193999999999999950e-01
6.342999999999999750e-01
6.308000000000000274e-01
8.695000000000000506e-01
3.518999999999999906e-01
-1.233000000000000068e-01
4.399999999999999745e-02
-3.009000000000000008e-01
-2.066999999999999948e-01
2.452000000000000013e-01
3.906000000000000028e-01
5.038000000000000256e-01
-7.694999999999999618e-01
1.446000000000000063e-01
-8.632999999999999563e-01
-4.769999999999999934e-02
1.849999999999999978e-01
2.262000000000000122e-01
8.276999999999999913e-01
7.910000000000000364e-02
3.644999999999999907e-01
9.973999999999999533e-01
-1.474000000000000032e-01
2.650000000000000133e-01
-8.521999999999999575e-01
-4.495000000000000107e-01
9.509999999999999565e-01
8.266000000000000014e-01
4.188000000000000056e-01
-4.156000000000000250e-01
6.629000000000000448e-01
-6.731000000000000316e-01
4.596999999999999975e-01
-8.643999999999999462e-01
9.586999999999999966e-01
-9.516999999999999904e-01
-5.949999999999999734e-01
3.980000000000000204e-02
4.799999999999999822e-01
8.749999999999999445e-02
-3.002000000000000224e-01
-5.159000000000000252e-01
