-3.400000000000000244e-01
-6.340000000000000080e-01
2.903000000000000025e-01
-7.240999999999999659e-01
-6.878999999999999559e-01
-8.738000000000000211e-01
9.969999999999999973e-01
1.001999999999999974e-01
-9.216999999999999638e-01
-7.400000000000000328e-03
9.600000000000000200e-02
-2.306999999999999884e-01
1.000000000000000056e-01
8.255000000000000115e-01
-3.057000000000000273e-01
-6.250000000000000000e-02
-9.161000000000000254e-01
-5.454999999999999849e-01
-6.535999999999999588e-01
9.768999999999999906e-01
2.899999999999999800e-03
1.446999999999999953e-01
-7.829000000000000403e-01
7.831000000000000183e-01
3.024999999999999911e-01
-9.858000000000000096e-01
-7.169999999999999984e-02
7.481999999999999762e-01
-9.166999999999999593e-01
8.732999999999999652e-01
5.745000000000000107e-01
1.729999999999999941e-02
4.986999999999999766e-01
9.869999999999999885e-01
-7.012000000000000455e-01
-1.302999999999999992e-01
-9.687000000000000055e-01
3.710999999999999854e-01
4.818999999999999950e-01
8.154000000000000137e-01
2.060000000000000026e-02
3.402999999999999914e-01
-4.294999999999999929e-01
6.522000000000000020e-01
1.910000000000000031e-01
1.942000000000000115e-01
-4.112999999999999989e-01
7.707000000000000517e-01
3.835000000000000075e-01
6.848999999999999533e-01
-2.515999999999999903e-01
4.229999999999999871e-01
8.607000000000000206e-01
-9.112000000000000099e-01
8.585000000000000409e-01
-4.141000000000000236e-01
-6.094000000000000528e-01
-9.076999999999999513e-01
-8.862999999999999767e-01
5.050000000000000044e-01
7.623999999999999666e-01
-3.911000000000000032e-01
2.253999999999999893e-01
-8.909999999999999865e-02
-1.038000000000000034e-01
-9.038000000000000478e-01
7.240999999999999659e-01
-4.356999999999999762e-01
9.460000000000000353e-02
-8.066999999999999726e-01
1.512999999999999901e-01
8.602999999999999536e-01
8.175999999999999934e-01
-9.392000000000000348e-01
7.277000000000000135e-01
-4.739999999999999769e-02
1.393999999999999961e-01
-5.211999999999999966e-01
8.051000000000000378e-01
-1.330000000000000071e-01
-5.909999999999999698e-01
1.074999999999999983e-01
-4.788999999999999924e-01
6.624999999999999778e-01
-8.677000000000000268e-01
2.323000000000000065e-01
-3.380000000000000226e-01
6.439000000000000279e-01
-5.695000000000000062e-01
-5.021999999999999797e-01
-4.823999999999999955e-01
9.305999999999999828e-01
6.594999999999999751e-01
8.669999999999999929e-02
6.721000000000000307e-01
1.000999999999999945e-01
4.490000000000000102e-01
3.589999999999999858e-01
-4.139999999999999930e-02
-5.296999999999999487e-01
-4.399000000000000132e-01
3.684999999999999942e-01
-1.283999999999999864e-01
-2.894999999999999796e-01
1.507999999999999896e-01
-6.850000000000000533e-02
6.696999999999999620e-01
1.494000000000000050e-01
-2.647999999999999798e-01
2.441000000000000114e-01
5.090000000000000080e-02
-6.310999999999999943e-01
4.803000000000000047e-01
8.939000000000000279e-01
7.470000000000000251e-02
8.537000000000000144e-01
8.569999999999999840e-02
-1.073999999999999955e-01
-2.116999999999999993e-01
-3.422999999999999932e-01
-1.660000000000000017e-02
8.006999999999999673e-01
6.706999999999999629e-01
3.025999999999999801e-01
3.940000000000000169e-01
9.983999999999999542e-01
4.680000000000000132e-02
9.265999999999999792e-01
1.544000000000000095e-01
1.913999999999999868e-01
-2.459000000000000075e-01
-6.262999999999999678e-01
-7.899000000000000465e-01
7.692999999999999838e-01
-1.663999999999999924e-01
-1.439000000000000001e-01
5.874000000000000332e-01
-8.779000000000000137e-01
-4.314999999999999947e-01
-6.949999999999999512e-01
-2.399999999999999911e-01
-5.000000000000000000e-01
-5.507999999999999563e-01
-6.336000000000000520e-01
9.673000000000000487e-01
7.591999999999999860e-01
-3.943999999999999728e-01
-7.924999999999999822e-01
5.955000000000000293e-01
-2.341000000000000025e-01
1.200999999999999984e-01
3.000000000000000062e-03
-7.661000000000000032e-01
7.987999999999999545e-01
6.061999999999999611e-01
-4.460000000000000075e-02
-2.452000000000000013e-01
2.000000000000000096e-04
7.858000000000000540e-01
2.076999999999999957e-01
-1.751000000000000056e-01
-1.080000000000000057e-02
4.951999999999999735e-01
-6.054000000000000492e-01
-1.179999999999999938e-01
5.411000000000000254e-01
4.007000000000000006e-01
8.652999999999999581e-01
-9.663000000000000478e-01
-5.773000000000000353e-01
-7.901000000000000245e-01
-5.923000000000000487e-01
-4.188000000000000056e-01
-3.261999999999999900e-01
-2.335000000000000131e-01
-7.448000000000000176e-01
3.658000000000000140e-01
-7.243000000000000549e-01
2.260999999999999954e-01
9.977000000000000313e-01
8.267999999999999794e-01
-5.975000000000000311e-01
-9.879999999999999893e-02
-2.238999999999999879e-01
-5.990000000000000185e-02
8.017999999999999572e-01
8.163000000000000256e-01
-7.778000000000000469e-01
1.293999999999999873e-01
-7.911000000000000254e-01
-8.740000000000000546e-02
4.858999999999999986e-01
2.373999999999999999e-01
-1.436000000000000054e-01
1.748999999999999999e-01
-1.600999999999999923e-01
-1.963000000000000023e-01
-1.812999999999999889e-01
8.953999999999999737e-01
2.874999999999999778e-01
-4.847000000000000197e-01
5.867999999999999883e-01
-7.537000000000000366e-01
-2.015000000000000124e-01
-6.848999999999999533e-01
-6.491000000000000103e-01
2.154999999999999971e-01
2.406999999999999973e-01
-7.975999999999999757e-01
9.260000000000000175e-02
