4.722000000000000086e-01
-2.765000000000000235e-01
7.300999999999999712e-01
8.806000000000000494e-01
-2.366999999999999937e-01
7.250999999999999668e-01
-1.100000000000000006e-01
2.083000000000000129e-01
-3.643000000000000127e-01
-3.770999999999999908e-01
-7.461999999999999744e-01
4.265999999999999792e-01
-3.660999999999999810e-01
3.689999999999999947e-01
6.703999999999999959e-01
2.831000000000000183e-01
-2.484000000000000097e-01
5.885000000000000231e-01
1.179000000000000048e-01
4.401999999999999802e-01
3.239000000000000212e-01
-9.869999999999999885e-01
-6.452999999999999847e-01
9.606999999999999984e-01
4.006000000000000116e-01
1.582000000000000073e-01
-7.344000000000000528e-01
-4.053999999999999826e-01
8.776000000000000467e-01
5.546999999999999709e-01
-9.805000000000000382e-01
6.195000000000000506e-01
-9.740000000000000047e-02
1.862000000000000044e-01
-7.158999999999999808e-01
-2.275000000000000078e-01
4.818999999999999950e-01
-8.697000000000000286e-01
-6.318000000000000282e-01
-2.587999999999999745e-01
9.958000000000000185e-01
-7.256000000000000227e-01
-8.994999999999999662e-01
-4.611999999999999988e-01
-9.203000000000000069e-01
-3.180000000000000049e-01
-2.907000000000000139e-01
4.888000000000000123e-01
-7.700000000000000178e-01
-5.936000000000000165e-01
5.663000000000000256e-01
1.053999999999999937e-01
-2.808999999999999830e-01
2.354999999999999871e-01
4.331999999999999740e-01
-1.100000000000000066e-03
-9.398999999999999577e-01
-2.129999999999999949e-02
-7.953999999999999959e-01
-8.005999999999999783e-01
-5.328000000000000513e-01
3.680999999999999828e-01
7.428000000000000158e-01
4.592999999999999861e-01
-3.925000000000000155e-01
-4.971999999999999753e-01
5.708999999999999631e-01
7.883999999999999897e-01
1.093999999999999972e-01
-2.364999999999999880e-01
-7.284000000000000474e-01
8.649999999999999911e-01
5.089000000000000190e-01
-7.271999999999999575e-01
-7.750000000000000222e-01
8.148999999999999577e-01
-7.618000000000000327e-01
5.091999999999999860e-01
-3.639000000000000012e-01
7.861000000000000210e-01
-1.746000000000000052e-01
8.799999999999999489e-02
-5.947999999999999954e-01
2.129000000000000059e-01
3.507000000000000117e-01
-4.638999999999999790e-01
-4.929999999999999660e-02
3.412999999999999923e-01
-2.212000000000000077e-01
2.877000000000000113e-01
5.679999999999999494e-01
-3.320000000000000034e-02
9.484000000000000208e-01
-9.246999999999999664e-01
-6.274999999999999467e-01
-4.193000000000000060e-01
6.039999999999999813e-01
-6.202999999999999625e-01
-6.671000000000000263e-01
-6.850000000000000533e-01
8.101000000000000423e-01
9.960999999999999854e-01
7.437000000000000277e-01
-1.383999999999999952e-01
6.679000000000000492e-01
1.685000000000000109e-01
4.430999999999999939e-01
6.270000000000000018e-01
-6.532000000000000028e-01
-3.644000000000000017e-01
-3.785999999999999921e-01
8.670999999999999819e-01
2.646999999999999909e-01
1.356999999999999873e-01
8.319999999999999618e-02
-4.773000000000000020e-01
4.939000000000000057e-01
3.073000000000000176e-01
-8.014999999999999902e-01
1.567999999999999949e-01
-8.922999999999999821e-01
7.599999999999999985e-03
-2.063000000000000111e-01
3.300000000000000155e-02
-5.734000000000000208e-01
-3.553000000000000047e-01
-9.486999999999999877e-01
3.910000000000000142e-01
-8.840000000000000080e-01
9.080000000000000571e-02
-2.426000000000000101e-01
-3.135999999999999899e-01
-1.935999999999999943e-01
2.696000000000000063e-01
4.787000000000000144e-01
2.101999999999999980e-01
4.384000000000000119e-01
-3.780999999999999917e-01
7.557000000000000384e-01
8.877000000000000446e-01
-7.982000000000000206e-01
-3.906000000000000028e-01
-4.405000000000000027e-01
-7.523999999999999577e-01
-1.612000000000000099e-01
-5.377999999999999448e-01
-7.760000000000000231e-02
-5.816000000000000059e-01
-7.882000000000000117e-01
5.999999999999999778e-01
9.660000000000000531e-02
1.612000000000000099e-01
3.970000000000000195e-01
7.315000000000000391e-01
1.877000000000000057e-01
2.252000000000000113e-01
9.648999999999999799e-01
-8.971000000000000085e-01
-8.032000000000000250e-01
1.494000000000000050e-01
-8.074999999999999956e-01
-8.282000000000000473e-01
-7.969999999999999307e-02
-2.560000000000000123e-02
3.320000000000000034e-02
8.099999999999999561e-03
-2.323000000000000065e-01
-9.901999999999999691e-01
-7.499999999999999722e-03
2.409999999999999989e-02
5.360000000000000181e-02
6.138000000000000123e-01
7.902000000000000135e-01
8.019999999999999352e-02
-7.917999999999999483e-01
6.410000000000000420e-02
-8.857000000000000428e-01
-2.637999999999999790e-01
-4.022000000000000020e-01
4.591000000000000081e-01
-3.371999999999999997e-01
-9.889999999999999902e-01
-7.133000000000000451e-01
5.682000000000000384e-01
6.381000000000000005e-01
-8.443000000000000504e-01
-6.394999999999999574e-01
-5.577999999999999625e-01
1.298999999999999877e-01
4.168000000000000038e-01
-4.526999999999999913e-01
-4.040000000000000258e-01
5.738999999999999657e-01
1.472999999999999865e-01
9.644000000000000350e-01
8.165000000000000036e-01
7.527000000000000357e-01
8.739000000000000101e-01
1.597000000000000086e-01
-3.755999999999999894e-01
5.158000000000000362e-01
-9.762999999999999456e-01
1.317000000000000115e-01
-5.575999999999999845e-01
8.299999999999999600e-01
-3.962999999999999856e-01
-9.232000000000000206e-01
4.974000000000000088e-01
8.222000000000000419e-01
1.771999999999999964e-01
