-7.170999999999999597e-01
-9.980999999999999872e-01
-7.260999999999999677e-01
1.741000000000000048e-01
6.132999999999999563e-01
-1.958000000000000018e-01
9.315999999999999837e-01
7.682999999999999829e-01
-5.150000000000000133e-01
-2.051999999999999935e-01
-3.436000000000000165e-01
3.579999999999999849e-01
-1.034999999999999948e-01
6.530000000000000249e-01
-2.841000000000000192e-01
1.500000000000000031e-03
-8.289999999999999591e-01
-7.150999999999999579e-01
6.181999999999999718e-01
-7.163000000000000478e-01
-4.380999999999999894e-01
9.113999999999999879e-01
-8.024999999999999911e-01
5.975000000000000311e-01
-4.309999999999999942e-02
-8.445000000000000284e-01
-9.985000000000000542e-01
8.700999999999999845e-01
-8.577000000000000179e-01
3.400000000000000244e-01
-7.259999999999999787e-01
1.332000000000000128e-01
-8.182000000000000384e-01
-5.626999999999999780e-01
5.540000000000000480e-01
-7.471999999999999753e-01
-3.144000000000000128e-01
-7.249999999999999500e-02
6.122999999999999554e-01
-8.574000000000000510e-01
5.129000000000000226e-01
-3.869999999999999829e-02
-9.819999999999999840e-01
8.148999999999999577e-01
-8.722999999999999643e-01
-1.305999999999999939e-01
-6.056000000000000272e-01
4.094999999999999751e-01
8.880000000000000115e-01
6.582000000000000073e-01
1.096000000000000030e-01
5.985000000000000320e-01
8.990000000000000213e-01
3.769000000000000128e-01
-6.660000000000000364e-01
-2.811000000000000165e-01
-5.956000000000000183e-01
-4.742000000000000104e-01
-9.818999999999999950e-01
9.364999999999999991e-01
-5.779999999999999721e-02
-1.671999999999999875e-01
-7.659000000000000252e-01
-8.457999999999999963e-01
9.133999999999999897e-01
9.202000000000000179e-01
6.701000000000000290e-01
2.348999999999999977e-01
8.120000000000000551e-01
-8.793999999999999595e-01
5.799999999999999600e-01
-4.867000000000000215e-01
-1.335000000000000075e-01
8.424000000000000377e-01
9.640999999999999570e-01
1.365999999999999992e-01
8.541999999999999593e-01
-4.320000000000000229e-02
-9.669999999999999707e-01
9.020000000000000240e-01
-6.593999999999999861e-01
-8.320999999999999508e-01
-1.784000000000000030e-01
8.174000000000000155e-01
-8.557000000000000162e-01
6.876999999999999780e-01
3.474999999999999756e-01
9.505000000000000115e-01
1.003000000000000003e-01
3.135000000000000009e-01
-2.538000000000000256e-01
5.905000000000000249e-01
5.114999999999999547e-01
1.708999999999999964e-01
8.038999999999999480e-01
3.880000000000000115e-02
7.179999999999999716e-01
-8.091000000000000414e-01
-5.907000000000000028e-01
1.078000000000000069e-01
-6.030999999999999694e-01
8.629999999999999893e-01
-2.212000000000000077e-01
9.103999999999999870e-01
7.530000000000000027e-01
8.879000000000000226e-01
-6.069999999999999840e-01
-4.939999999999999947e-01
-6.583999999999999853e-01
-3.970000000000000195e-01
-5.544999999999999929e-01
2.781000000000000139e-01
4.287000000000000255e-01
-5.439999999999999697e-02
8.498999999999999888e-01
8.200000000000000344e-02
8.498999999999999888e-01
-7.087999999999999856e-01
-3.482999999999999985e-01
6.575999999999999623e-01
4.667999999999999927e-01
4.853999999999999981e-01
-7.190999999999999615e-01
3.557000000000000162e-01
-9.163000000000000034e-01
7.983000000000000096e-01
3.688000000000000167e-01
5.576999999999999735e-01
7.056000000000000050e-01
9.755000000000000338e-01
2.006000000000000005e-01
8.544000000000000483e-01
-4.057000000000000051e-01
5.480000000000000149e-02
5.000000000000000104e-03
4.204999999999999849e-01
-5.675000000000000044e-01
9.716000000000000192e-01
1.345000000000000084e-01
7.449999999999999678e-02
6.290999999999999925e-01
-9.869999999999999607e-02
3.337999999999999856e-01
-5.399000000000000465e-01
9.690000000000000002e-02
-6.107000000000000206e-01
-4.190999999999999726e-01
-6.239999999999999991e-01
3.554999999999999827e-01
-4.187000000000000166e-01
-3.789000000000000146e-01
8.520999999999999686e-01
6.588000000000000522e-01
-5.170000000000000151e-01
-5.162999999999999812e-01
-2.500000000000000139e-02
1.481999999999999984e-01
-2.217999999999999972e-01
7.923999999999999932e-01
-7.895999999999999686e-01
1.605000000000000038e-01
6.894000000000000128e-01
-3.569999999999999840e-01
-9.146999999999999575e-01
-2.631000000000000005e-01
7.476000000000000423e-01
-8.572999999999999510e-01
-6.653999999999999915e-01
8.078999999999999515e-01
-8.951000000000000068e-01
7.697000000000000508e-01
-9.800999999999999712e-01
4.696000000000000174e-01
-2.631999999999999895e-01
-2.394999999999999907e-01
-6.635999999999999677e-01
-6.925999999999999934e-01
1.057000000000000023e-01
-2.596999999999999864e-01
-3.101999999999999758e-01
-5.941999999999999504e-01
1.210999999999999993e-01
-8.377000000000000002e-01
4.813000000000000056e-01
-4.442999999999999727e-01
-2.421999999999999986e-01
-7.018999999999999684e-01
-4.971999999999999753e-01
-6.330000000000000071e-01
4.791000000000000258e-01
-4.958000000000000185e-01
5.703000000000000291e-01
8.267999999999999794e-01
-6.950000000000000622e-02
1.037000000000000005e-01
5.918999999999999817e-01
9.073999999999999844e-01
2.612999999999999767e-01
5.870999999999999552e-01
-9.759999999999999787e-01
2.716000000000000081e-01
9.780999999999999694e-01
-5.634000000000000119e-01
6.090000000000000274e-02
-8.678000000000000158e-01
1.809000000000000052e-01
4.828000000000000069e-01
1.121000000000000052e-01
-4.364000000000000101e-01
-8.809999999999999776e-02
