-2.180999999999999883e-01
8.981999999999999984e-01
3.695999999999999841e-01
-7.828000000000000513e-01
7.274000000000000465e-01
4.008999999999999786e-01
-3.250000000000000111e-01
7.275000000000000355e-01
9.536000000000000032e-01
6.042999999999999483e-01
2.255000000000000060e-01
-5.056000000000000494e-01
-6.298000000000000265e-01
-7.500999999999999890e-01
2.323000000000000065e-01
4.449000000000000177e-01
-2.069999999999999965e-02
-7.354000000000000536e-01
1.158000000000000002e-01
-6.270999999999999908e-01
4.470999999999999974e-01
7.747000000000000552e-01
-7.755999999999999561e-01
-6.102999999999999536e-01
1.242999999999999938e-01
6.886999999999999789e-01
3.272999999999999798e-01
1.547000000000000042e-01
9.285999999999999810e-01
1.069999999999999944e-02
3.629999999999999893e-02
-1.917000000000000093e-01
2.581999999999999851e-01
5.087000000000000410e-01
-3.144000000000000128e-01
3.320000000000000034e-02
-9.081000000000000183e-01
-6.588000000000000522e-01
4.002000000000000002e-01
4.340999999999999859e-01
3.425000000000000266e-01
8.589999999999999858e-01
-6.787999999999999590e-01
2.800000000000000058e-02
5.920000000000000262e-02
-9.755000000000000338e-01
5.879999999999999671e-01
5.564999999999999947e-01
-7.811000000000000165e-01
2.275000000000000078e-01
-5.415999999999999703e-01
-6.477000000000000535e-01
7.251999999999999558e-01
-8.587000000000000188e-01
-9.378999999999999559e-01
-8.836000000000000520e-01
-7.772999999999999909e-01
-2.827999999999999958e-01
-9.968000000000000194e-01
4.687000000000000055e-01
8.651999999999999691e-01
-6.327000000000000401e-01
-5.888999999999999790e-01
2.403000000000000136e-01
-3.277999999999999803e-01
-5.611000000000000432e-01
-7.523999999999999577e-01
-3.743000000000000216e-01
1.638000000000000012e-01
-9.331000000000000405e-01
-5.672000000000000375e-01
-8.569999999999999840e-01
4.253000000000000114e-01
-5.434999999999999831e-01
5.016000000000000458e-01
6.906999999999999806e-01
3.457000000000000073e-01
-7.438000000000000167e-01
1.370000000000000107e-01
-7.572999999999999732e-01
-8.619999999999999885e-01
-5.299000000000000377e-01
3.170999999999999930e-01
7.939999999999999836e-02
-4.305999999999999828e-01
-4.954000000000000070e-01
6.671000000000000263e-01
4.159999999999999809e-01
-6.400000000000000133e-02
4.655000000000000249e-01
2.119999999999999940e-01
2.791000000000000147e-01
-4.008999999999999786e-01
-4.269000000000000017e-01
4.966999999999999749e-01
5.322000000000000064e-01
1.170999999999999958e-01
7.300000000000000065e-03
7.588000000000000300e-01
-1.363999999999999935e-01
-9.455999999999999961e-01
-7.163000000000000478e-01
2.975999999999999757e-01
-8.813999999999999613e-01
-7.825999999999999623e-01
-9.647999999999999909e-01
-3.250000000000000111e-01
-5.256999999999999451e-01
-3.880000000000000115e-01
8.636000000000000343e-01
7.117999999999999883e-01
-3.048000000000000154e-01
-5.330000000000000293e-01
7.983999999999999986e-01
1.650999999999999968e-01
5.705999999999999961e-01
-2.439000000000000057e-01
2.323000000000000065e-01
-2.270999999999999963e-01
8.399999999999999481e-03
-6.208000000000000185e-01
3.761999999999999789e-01
9.713000000000000522e-01
3.713000000000000189e-01
6.091999999999999638e-01
1.580000000000000016e-01
-6.602000000000000091e-01
-8.638000000000000123e-01
7.730000000000000204e-01
-1.048999999999999932e-01
-3.845999999999999974e-01
-9.619999999999999385e-02
-3.620999999999999774e-01
-3.069000000000000061e-01
9.221000000000000307e-01
4.138000000000000012e-01
9.099999999999999756e-02
-1.396000000000000019e-01
2.755000000000000226e-01
6.623999999999999888e-01
5.338000000000000522e-01
-1.652000000000000135e-01
8.096999999999999753e-01
4.929999999999999660e-02
1.295000000000000040e-01
-3.803000000000000269e-01
8.336999999999999966e-01
-2.250999999999999945e-01
-3.099999999999999978e-02
-2.665000000000000147e-01
-7.717000000000000526e-01
5.109999999999999959e-02
-7.130000000000000226e-02
-1.401999999999999913e-01
-6.530000000000000249e-01
-5.269000000000000350e-01
-7.441999999999999726e-01
2.252000000000000113e-01
-7.637000000000000455e-01
7.667000000000000481e-01
2.462999999999999912e-01
1.269999999999999948e-02
6.867999999999999661e-01
9.969000000000000083e-01
8.999999999999999667e-02
5.489999999999999741e-02
-8.289999999999999591e-01
1.213000000000000050e-01
-1.014000000000000040e-01
-1.173000000000000015e-01
9.766000000000000236e-01
5.048000000000000265e-01
6.659000000000000474e-01
2.036999999999999922e-01
8.124000000000000110e-01
-3.390000000000000235e-01
-9.085999999999999632e-01
-8.306999999999999940e-01
2.031999999999999917e-01
-8.185999999999999943e-01
-9.657000000000000028e-01
-4.184999999999999831e-01
-7.195000000000000284e-01
1.430000000000000021e-02
-2.053999999999999992e-01
4.354999999999999982e-01
3.365000000000000213e-01
7.470999999999999863e-01
-5.026000000000000467e-01
-6.129000000000000004e-01
1.401000000000000023e-01
-5.619999999999999996e-02
-6.458000000000000407e-01
1.102999999999999953e-01
-9.777000000000000135e-01
-4.610000000000000209e-01
3.925000000000000155e-01
-5.753000000000000336e-01
-7.285000000000000364e-01
1.676999999999999880e-01
-6.804000000000000048e-01
8.456000000000000183e-01
4.990999999999999881e-01
-4.218000000000000083e-01
3.904000000000000248e-01
-6.652000000000000135e-01
-9.697000000000000064e-01
7.541999999999999815e-01
-4.839999999999999858e-02
4.899000000000000021e-01
