-3.274000000000000243e-01
-9.928000000000000158e-01
-6.917999999999999705e-01
-4.532999999999999807e-01
3.986000000000000099e-01
-5.835000000000000187e-01
6.959999999999999520e-02
4.369000000000000106e-01
2.919999999999999818e-01
5.689999999999999503e-01
8.450000000000000566e-02
-5.217000000000000526e-01
-9.768999999999999906e-01
-1.529000000000000081e-01
8.229999999999999538e-01
-7.739000000000000323e-01
-9.204999999999999849e-01
1.380000000000000115e-01
1.653999999999999915e-01
-2.129000000000000059e-01
-8.792999999999999705e-01
7.580000000000000626e-02
-8.140000000000000013e-02
-1.492999999999999883e-01
-1.272999999999999965e-01
-5.999999999999999778e-01
-3.867999999999999772e-01
8.205000000000000071e-01
8.064000000000000057e-01
8.304000000000000270e-01
-5.598999999999999533e-01
3.145000000000000018e-01
2.396000000000000074e-01
1.693000000000000060e-01
-9.912999999999999590e-01
-9.254999999999999893e-01
-4.230999999999999761e-01
-3.297999999999999821e-01
-6.751000000000000334e-01
-5.825000000000000178e-01
5.770999999999999464e-01
2.555000000000000049e-01
2.632999999999999785e-01
6.131999999999999673e-01
-1.829000000000000070e-01
5.938999999999999835e-01
9.030000000000000249e-01
5.642000000000000348e-01
1.112999999999999962e-01
4.563999999999999724e-01
4.430000000000000049e-01
-5.245999999999999552e-01
-8.980000000000000482e-02
3.443999999999999839e-01
-3.195999999999999952e-01
2.872000000000000108e-01
-6.181999999999999718e-01
-8.630999999999999783e-01
-2.371000000000000052e-01
4.767000000000000126e-01
2.127000000000000002e-01
-1.405000000000000138e-01
7.760000000000000231e-01
-7.923999999999999932e-01
-3.645999999999999797e-01
-3.282999999999999807e-01
9.788000000000000034e-01
8.783999999999999586e-01
7.589999999999999525e-02
-3.150999999999999912e-01
7.670000000000000151e-01
-4.010000000000000231e-01
-8.024000000000000021e-01
7.920000000000000373e-01
1.020000000000000073e-02
-4.788999999999999924e-01
5.066000000000000503e-01
9.366999999999999771e-01
3.100999999999999868e-01
6.873000000000000220e-01
-5.597999999999999643e-01
3.083000000000000185e-01
3.400000000000000244e-01
-3.900000000000000133e-01
4.803000000000000047e-01
-7.512999999999999678e-01
-5.964000000000000412e-01
4.700000000000000011e-02
-5.515999999999999792e-01
-2.205000000000000016e-01
-3.230000000000000093e-01
4.022999999999999909e-01
6.307000000000000384e-01
-7.366000000000000325e-01
1.340999999999999970e-01
1.252999999999999947e-01
8.195999999999999952e-01
1.398000000000000076e-01
9.533000000000000362e-01
7.298999999999999932e-01
7.822999999999999954e-01
1.370000000000000107e-01
-6.346000000000000529e-01
4.430999999999999939e-01
-1.700000000000000122e-02
1.729999999999999871e-01
-9.233999999999999986e-01
-5.531000000000000361e-01
3.469999999999999751e-01
9.280000000000000471e-01
-2.189000000000000112e-01
1.716999999999999915e-01
-4.176000000000000267e-01
-7.819000000000000394e-01
2.712999999999999856e-01
-2.676000000000000045e-01
-1.862000000000000044e-01
-6.551000000000000156e-01
-7.773999999999999799e-01
3.743000000000000216e-01
-2.469000000000000083e-01
-2.614000000000000212e-01
7.701000000000000068e-01
-4.577999999999999847e-01
6.121999999999999664e-01
-1.716999999999999915e-01
-6.780000000000000471e-01
6.029999999999999943e-02
-2.771000000000000130e-01
2.359999999999999945e-02
-7.499999999999999722e-03
-6.035000000000000364e-01
-7.963000000000000078e-01
4.975999999999999868e-01
6.323999999999999622e-01
9.586999999999999966e-01
1.039999999999999952e-01
-1.111999999999999933e-01
4.524000000000000243e-01
-1.484000000000000041e-01
9.195999999999999730e-01
2.977000000000000202e-01
-1.332000000000000128e-01
5.484999999999999876e-01
3.276000000000000023e-01
-3.961999999999999966e-01
5.818999999999999728e-01
-4.600000000000000200e-01
7.756999999999999451e-01
-2.746999999999999997e-01
3.568999999999999950e-01
-7.085000000000000187e-01
9.973999999999999533e-01
-6.170999999999999819e-01
-9.250000000000000444e-01
-2.451000000000000123e-01
-4.333000000000000185e-01
-9.913999999999999480e-01
3.522000000000000131e-01
6.146000000000000352e-01
-4.294000000000000039e-01
8.088999999999999524e-01
9.951999999999999735e-01
-2.308999999999999941e-01
1.299999999999999940e-02
7.688000000000000389e-01
5.342999999999999972e-01
1.729999999999999871e-01
6.470000000000000195e-01
2.390000000000000110e-02
5.938999999999999835e-01
7.469000000000000083e-01
6.280999999999999917e-01
6.410000000000000142e-01
2.779999999999999832e-02
-9.146999999999999575e-01
9.059000000000000385e-01
-7.710000000000000187e-01
-7.126000000000000112e-01
2.169999999999999984e-01
4.314000000000000057e-01
7.601999999999999869e-01
-3.482000000000000095e-01
9.818999999999999950e-01
8.108999999999999542e-01
-2.735000000000000209e-01
5.893000000000000460e-01
-5.600000000000000533e-01
5.061999999999999833e-01
1.617999999999999994e-01
-7.993000000000000105e-01
-5.049000000000000155e-01
2.762999999999999901e-01
-4.193000000000000060e-01
-4.381999999999999784e-01
-7.275000000000000355e-01
-6.514999999999999680e-01
-2.139000000000000068e-01
7.240999999999999659e-01
-6.873000000000000220e-01
-1.554000000000000103e-01
4.888000000000000123e-01
-7.310999999999999721e-01
-8.981000000000000094e-01
3.849999999999999950e-02
5.022999999999999687e-01
-6.040000000000000230e-02
-3.281000000000000028e-01
3.934000000000000274e-01
-8.297999999999999821e-01
