-9.630999999999999561e-01
-9.112999999999999989e-01
2.616999999999999882e-01
-3.174000000000000155e-01
-7.694999999999999618e-01
-8.902999999999999803e-01
5.007000000000000339e-01
3.499999999999999778e-01
-7.537000000000000366e-01
-1.441000000000000059e-01
2.170000000000000054e-02
9.697000000000000064e-01
-9.476999999999999869e-01
-3.358999999999999764e-01
-9.495999999999999996e-01
5.898999999999999799e-01
9.475999999999999979e-01
9.246999999999999664e-01
9.840000000000000135e-02
4.370000000000000273e-02
4.440000000000000058e-01
-7.409000000000000030e-01
2.262000000000000122e-01
9.478999999999999648e-01
5.000000000000000000e-01
3.815999999999999948e-01
2.610000000000000098e-01
-4.199999999999999740e-03
-3.084999999999999964e-01
9.649999999999999689e-01
-9.506999999999999895e-01
2.209000000000000130e-01
1.154000000000000026e-01
-4.618999999999999773e-01
-6.222999999999999643e-01
-2.268999999999999906e-01
5.002999999999999670e-01
-6.958999999999999631e-01
3.432000000000000051e-01
9.368999999999999551e-01
8.465000000000000302e-01
-3.074000000000000066e-01
-9.710000000000000575e-02
-1.358000000000000040e-01
-1.359999999999999924e-02
-7.774999999999999689e-01
-2.076000000000000068e-01
6.153999999999999471e-01
7.359999999999999876e-01
-6.866999999999999771e-01
9.074999999999999734e-01
8.445000000000000284e-01
3.155000000000000027e-01
6.133999999999999453e-01
-1.710000000000000062e-02
-4.591000000000000081e-01
4.990999999999999881e-01
1.320999999999999952e-01
-2.156000000000000139e-01
-6.239000000000000101e-01
3.644000000000000017e-01
-4.928000000000000158e-01
2.911000000000000254e-01
-4.622999999999999887e-01
-7.477000000000000313e-01
-4.959999999999999826e-02
-2.985999999999999766e-01
5.680000000000000326e-02
8.542999999999999483e-01
4.230999999999999761e-01
6.016000000000000236e-01
-4.753999999999999893e-01
2.462999999999999912e-01
3.884000000000000230e-01
-5.760999999999999455e-01
1.768000000000000127e-01
2.891000000000000236e-01
-8.294000000000000261e-01
-4.187000000000000166e-01
-3.729999999999999982e-02
-9.665000000000000258e-01
-3.312999999999999834e-01
3.098000000000000198e-01
2.968000000000000083e-01
4.939999999999999947e-02
8.406000000000000139e-01
1.557999999999999940e-01
-8.203000000000000291e-01
-1.194000000000000061e-01
5.977000000000000091e-01
-4.890999999999999792e-01
5.199000000000000288e-01
-4.138999999999999901e-01
-7.499999999999999722e-02
-6.320000000000000062e-01
3.039000000000000035e-01
2.172000000000000042e-01
-6.196000000000000396e-01
8.846000000000000529e-01
4.894999999999999907e-01
-7.806999999999999496e-01
-9.512000000000000455e-01
-9.076999999999999513e-01
-6.381999999999999895e-01
3.078000000000000180e-01
2.404000000000000026e-01
1.721000000000000030e-01
-2.250000000000000056e-01
-5.107000000000000428e-01
6.909999999999999476e-02
9.831999999999999629e-01
-7.470999999999999863e-01
1.653999999999999915e-01
-9.923999999999999488e-01
2.675000000000000155e-01
3.825000000000000067e-01
7.939999999999999836e-02
2.384000000000000008e-01
8.887000000000000455e-01
7.421999999999999709e-01
-3.356999999999999984e-01
-4.522999999999999798e-01
-4.285999999999999810e-01
-2.759999999999999953e-02
2.970000000000000070e-02
-3.464999999999999747e-01
-3.096999999999999753e-01
-2.081999999999999962e-01
-7.632999999999999785e-01
-6.065000000000000391e-01
-5.544000000000000039e-01
-6.805999999999999828e-01
-9.567999999999999838e-01
7.738000000000000433e-01
5.695999999999999952e-01
9.344999999999999973e-01
-5.659999999999999476e-01
7.893000000000000016e-01
6.895999999999999908e-01
-2.069999999999999965e-02
-5.444999999999999840e-01
9.728999999999999870e-01
7.075000000000000178e-01
-1.318000000000000005e-01
-2.210999999999999910e-01
-2.808999999999999830e-01
-7.929000000000000492e-01
7.881000000000000227e-01
-8.343000000000000416e-01
2.610000000000000167e-02
-9.568999999999999728e-01
-5.957000000000000073e-01
-7.826999999999999513e-01
-9.002000000000000002e-01
-1.633000000000000007e-01
4.912000000000000255e-01
1.746000000000000052e-01
-9.422000000000000375e-01
9.070000000000000284e-02
4.878000000000000114e-01
1.537000000000000033e-01
9.546999999999999931e-01
-9.270000000000000462e-02
-5.547999999999999599e-01
7.517000000000000348e-01
6.280000000000000027e-01
3.655999999999999805e-01
-5.832000000000000517e-01
2.359999999999999876e-01
2.846000000000000196e-01
-6.790000000000000202e-02
-6.439999999999999891e-02
8.464000000000000412e-01
-5.551000000000000378e-01
-8.409999999999999698e-01
1.809000000000000052e-01
5.493000000000000105e-01
-6.410000000000000420e-02
-3.388999999999999790e-01
1.267000000000000071e-01
-9.516999999999999904e-01
4.158999999999999919e-01
-9.654000000000000359e-01
4.932000000000000273e-01
-7.462999999999999634e-01
8.447999999999999954e-01
6.614999999999999769e-01
-4.495999999999999996e-01
8.559999999999999831e-01
-6.207000000000000295e-01
-1.531000000000000139e-01
2.189000000000000112e-01
3.652000000000000246e-01
3.332999999999999852e-01
-9.679999999999999716e-02
-5.080999999999999961e-01
4.691000000000000170e-01
-5.415999999999999703e-01
4.682000000000000051e-01
8.477999999999999980e-01
7.089999999999999636e-01
-8.697000000000000286e-01
-8.574000000000000510e-01
5.238000000000000433e-01
-6.958999999999999631e-01
2.509000000000000119e-01
1.842999999999999916e-01
-8.319999999999999618e-01
1.375000000000000111e-01
-2.987000000000000210e-01
