2.979999999999999871e-01
7.979000000000000536e-01
-3.773000000000000242e-01
5.151000000000000023e-01
-1.902999999999999969e-01
5.895000000000000240e-01
5.040999999999999925e-01
4.874999999999999889e-01
-1.895999999999999908e-01
8.282000000000000473e-01
6.290999999999999925e-01
-5.425999999999999712e-01
-3.667000000000000259e-01
-8.233000000000000318e-01
9.020000000000000240e-01
-9.627000000000000002e-01
-4.860999999999999766e-01
8.521999999999999575e-01
-4.321999999999999731e-01
-9.277999999999999581e-01
3.063000000000000167e-01
3.548999999999999932e-01
-6.382999999999999785e-01
7.445000000000000506e-01
-3.027000000000000246e-01
-9.554000000000000270e-01
9.160000000000000364e-01
6.297000000000000375e-01
1.453000000000000125e-01
1.642000000000000126e-01
-1.260000000000000009e-02
3.922999999999999821e-01
-2.993999999999999995e-01
6.633000000000000007e-01
2.630000000000000046e-02
-8.286999999999999922e-01
-1.376000000000000001e-01
-3.486000000000000210e-01
4.838000000000000078e-01
-5.016000000000000458e-01
1.938000000000000000e-01
-9.246999999999999664e-01
8.959999999999999909e-02
-4.092999999999999972e-01
-4.703999999999999848e-01
-3.099999999999999891e-03
-8.891000000000000014e-01
8.175999999999999934e-01
-2.957000000000000184e-01
-5.584000000000000075e-01
2.200999999999999901e-01
-4.426999999999999824e-01
-5.072999999999999732e-01
4.032000000000000028e-01
-5.345999999999999641e-01
2.944999999999999840e-01
-7.250999999999999668e-01
9.012999999999999901e-01
-4.331999999999999740e-01
-1.521000000000000130e-01
-7.674999999999999600e-01
2.023999999999999966e-01
-1.067000000000000032e-01
-2.630000000000000115e-01
7.130000000000000226e-02
-2.827999999999999958e-01
2.497000000000000053e-01
-7.955999999999999739e-01
-3.447000000000000064e-01
-7.077999999999999847e-01
-4.965999999999999859e-01
2.300000000000000100e-01
2.964999999999999858e-01
5.262000000000000011e-01
4.636000000000000121e-01
-8.056999999999999718e-01
4.006000000000000116e-01
8.211000000000000520e-01
-6.219000000000000083e-01
2.237000000000000099e-01
7.098999999999999755e-01
-7.470999999999999863e-01
5.345999999999999641e-01
-5.351000000000000201e-01
6.775999999999999801e-01
1.000000000000000021e-03
-2.906000000000000250e-01
-1.517999999999999905e-01
8.326000000000000068e-01
8.889000000000000234e-01
5.903000000000000469e-01
-5.832000000000000517e-01
4.284999999999999920e-01
3.700999999999999845e-01
-7.710000000000000187e-01
-6.129000000000000004e-01
9.706000000000000183e-01
-7.502999999999999670e-01
-1.689999999999999836e-02
-1.980999999999999983e-01
1.738000000000000100e-01
-1.479000000000000037e-01
-1.000999999999999945e-01
-8.551999999999999602e-01
2.426000000000000101e-01
-5.032999999999999696e-01
-3.415000000000000258e-01
-3.002000000000000224e-01
8.379999999999999949e-02
4.965999999999999859e-01
4.399999999999999745e-02
-3.013000000000000123e-01
-6.479999999999999649e-02
-8.196999999999999842e-01
-3.551000000000000267e-01
3.890000000000000124e-01
9.839999999999999858e-01
-2.656999999999999917e-01
-4.161000000000000254e-01
-6.333999999999999631e-01
-5.481000000000000316e-01
8.882999999999999785e-01
6.109999999999999876e-01
-5.340000000000000302e-02
-3.230999999999999983e-01
1.290000000000000036e-01
-5.725000000000000089e-01
4.378000000000000225e-01
5.473000000000000087e-01
6.903000000000000247e-01
-3.514999999999999791e-01
-2.396000000000000074e-01
-9.039000000000000368e-01
-3.600999999999999757e-01
-4.521000000000000019e-01
4.118999999999999884e-01
-2.446000000000000119e-01
-2.952000000000000179e-01
-6.229999999999999982e-01
-6.829999999999999960e-02
3.309999999999999748e-02
-4.625000000000000222e-01
-8.650999999999999801e-01
6.399000000000000243e-01
-3.573000000000000065e-01
-2.182000000000000051e-01
4.932000000000000273e-01
-8.368999999999999773e-01
-7.963999999999999968e-01
2.351000000000000034e-01
-6.045000000000000373e-01
2.872999999999999998e-01
-6.076000000000000290e-01
-4.728999999999999870e-01
-6.239999999999999714e-02
-4.853000000000000091e-01
-1.468000000000000138e-01
-5.107000000000000428e-01
2.170000000000000054e-02
6.461000000000000076e-01
-8.064000000000000057e-01
1.564000000000000112e-01
-3.171999999999999820e-01
-1.050999999999999990e-01
-4.489000000000000212e-01
-4.042000000000000037e-01
1.386999999999999900e-01
-4.441999999999999837e-01
-2.550999999999999934e-01
7.830000000000000293e-01
8.505000000000000338e-01
-3.200000000000000153e-03
-7.119999999999999940e-02
-4.334999999999999964e-01
-3.047000000000000264e-01
-7.016000000000000014e-01
-4.950000000000000233e-02
-8.346999999999999975e-01
5.244999999999999662e-01
5.400000000000000286e-03
-9.337999999999999634e-01
2.187999999999999945e-01
1.812999999999999889e-01
-6.564999999999999725e-01
-3.141999999999999793e-01
-3.420000000000000123e-02
-3.921999999999999931e-01
8.672999999999999599e-01
6.384999999999999565e-01
3.239999999999999825e-02
-5.167000000000000481e-01
-5.300000000000000024e-03
-4.289000000000000035e-01
4.686000000000000165e-01
9.969000000000000083e-01
5.950999999999999623e-01
-3.982999999999999874e-01
3.956000000000000072e-01
-6.663000000000000034e-01
-8.907000000000000473e-01
2.516999999999999793e-01
3.632000000000000228e-01
4.875999999999999779e-01
1.246000000000000024e-01
-7.945999999999999730e-01
6.263999999999999568e-01
2.419999999999999929e-02
3.931000000000000050e-01
4.998000000000000220e-01
2.479999999999999982e-01
