-2.104999999999999927e-01
-5.500000000000000444e-01
-4.621999999999999997e-01
7.770000000000000240e-01
8.698000000000000176e-01
-5.311000000000000165e-01
-8.857000000000000428e-01
-6.975999999999999979e-01
-6.068000000000000060e-01
-6.487000000000000544e-01
-4.003999999999999782e-01
-2.783999999999999808e-01
-3.593999999999999972e-01
7.459999999999999964e-01
1.754999999999999893e-01
9.121000000000000218e-01
9.586999999999999966e-01
-5.786999999999999922e-01
-1.270999999999999908e-01
-2.549000000000000155e-01
8.328999999999999737e-01
3.126999999999999780e-01
3.729000000000000092e-01
-2.511999999999999789e-01
9.812999999999999501e-01
-1.656999999999999862e-01
8.052000000000000268e-01
3.690999999999999837e-01
2.750000000000000222e-01
4.000000000000000222e-01
-7.084000000000000297e-01
-3.669999999999999929e-01
3.095999999999999863e-01
-3.865999999999999992e-01
-4.418000000000000260e-01
4.909999999999999920e-01
-1.443000000000000116e-01
-9.495000000000000107e-01
-7.073000000000000398e-01
1.689999999999999836e-02
8.225999999999999979e-01
-3.860999999999999988e-01
-9.882999999999999563e-01
-5.756000000000000005e-01
-8.123000000000000220e-01
1.716000000000000025e-01
5.425999999999999712e-01
7.410999999999999810e-01
2.651000000000000023e-01
5.614999999999999991e-01
1.008000000000000007e-01
-2.374999999999999889e-01
-8.265000000000000124e-01
-3.593000000000000083e-01
-8.888000000000000345e-01
2.878000000000000003e-01
1.504000000000000059e-01
2.000000000000000111e-01
5.587999999999999634e-01
-9.385000000000000009e-01
9.525000000000000133e-01
5.402000000000000135e-01
-3.578999999999999959e-01
4.268000000000000127e-01
-1.421999999999999931e-01
6.794999999999999929e-01
-8.962999999999999856e-01
-5.369000000000000439e-01
2.651999999999999913e-01
3.446000000000000174e-01
3.978999999999999759e-01
3.746999999999999775e-01
-7.589000000000000190e-01
8.773999999999999577e-01
1.839999999999999969e-01
7.851000000000000201e-01
-7.113000000000000433e-01
-9.714000000000000412e-01
9.355999999999999872e-01
-9.890999999999999792e-01
-1.776000000000000079e-01
7.288999999999999924e-01
8.662999999999999590e-01
1.199999999999999956e-01
8.768000000000000238e-01
-9.775000000000000355e-01
-5.644000000000000128e-01
9.349999999999999978e-02
7.209999999999999742e-02
-7.877999999999999448e-01
-2.278000000000000025e-01
8.582999999999999519e-01
-4.213000000000000078e-01
5.199999999999999761e-02
-7.455000000000000515e-01
4.001000000000000112e-01
-4.519999999999999712e-02
-2.797000000000000042e-01
2.137000000000000011e-01
4.749999999999999778e-01
2.356000000000000039e-01
-9.340000000000000524e-01
-5.535999999999999810e-01
-1.499999999999999944e-01
-4.858000000000000096e-01
-4.804999999999999827e-01
-2.066999999999999948e-01
9.080000000000000571e-02
-8.990000000000000213e-01
9.755000000000000338e-01
3.886999999999999900e-01
-2.697999999999999843e-01
-6.909999999999999476e-01
9.100000000000000450e-03
5.894000000000000350e-01
-8.679999999999999938e-01
5.457999999999999519e-01
1.497999999999999887e-01
-2.736000000000000099e-01
4.502999999999999781e-01
-1.831000000000000127e-01
-3.963999999999999746e-01
-4.572999999999999843e-01
-5.332000000000000073e-01
1.919999999999999832e-02
8.782999999999999696e-01
-7.683999999999999719e-01
8.505000000000000338e-01
-8.345000000000000195e-01
-9.376999999999999780e-01
-4.521999999999999909e-01
1.648000000000000020e-01
-4.660000000000000253e-02
1.199999999999999956e-01
-8.722999999999999643e-01
2.308999999999999941e-01
-8.669999999999999929e-01
-3.488999999999999879e-01
-8.139999999999999458e-01
-2.619000000000000217e-01
9.891999999999999682e-01
9.435000000000000053e-01
1.471000000000000085e-01
-4.151000000000000245e-01
-1.001999999999999974e-01
-3.720999999999999863e-01
9.869999999999999607e-02
-5.658999999999999586e-01
4.416999999999999815e-01
-5.601000000000000423e-01
8.625000000000000444e-01
9.790000000000000091e-02
2.233999999999999875e-01
-1.159999999999999920e-02
-7.967999999999999527e-01
9.676000000000000156e-01
3.855000000000000093e-01
-8.809000000000000163e-01
-4.850999999999999757e-01
3.504999999999999782e-01
9.657999999999999918e-01
9.917000000000000259e-01
1.647000000000000131e-01
2.301999999999999880e-01
8.470999999999999641e-01
9.566000000000000059e-01
8.500999999999999668e-01
7.620000000000000107e-01
1.491999999999999993e-01
-5.566999999999999726e-01
-5.906000000000000139e-01
-8.454000000000000403e-01
-1.368000000000000049e-01
-6.931000000000000494e-01
-1.042000000000000010e-01
6.800000000000000488e-02
2.888000000000000012e-01
3.820000000000000062e-01
6.167000000000000259e-01
-4.718999999999999861e-01
6.502999999999999892e-01
-2.859999999999999765e-01
4.570000000000000173e-01
-7.175000000000000266e-01
-5.342000000000000082e-01
8.975999999999999535e-01
6.049999999999999822e-02
-5.625999999999999890e-01
-6.870000000000000551e-01
1.867000000000000048e-01
-6.257000000000000339e-01
-2.888000000000000012e-01
-6.852000000000000313e-01
2.283000000000000029e-01
-7.178999999999999826e-01
2.814999999999999725e-01
-2.839999999999999747e-01
3.351999999999999980e-01
8.131000000000000449e-01
8.519999999999999796e-02
-2.896000000000000241e-01
-2.111999999999999988e-01
-7.400999999999999801e-01
2.842000000000000082e-01
-3.991999999999999993e-01
5.502000000000000224e-01
-3.181999999999999829e-01
-9.387999999999999678e-01
4.182000000000000162e-01
-7.379999999999999893e-01
