5.574000000000000066e-01
5.043999999999999595e-01
8.200000000000000344e-02
8.990000000000000213e-01
7.560999999999999943e-01
6.629999999999999782e-02
-4.047000000000000042e-01
-6.327000000000000401e-01
-3.912999999999999812e-01
-7.578000000000000291e-01
-6.340999999999999970e-01
-1.774000000000000021e-01
-7.741000000000000103e-01
-4.924999999999999933e-01
-1.660000000000000087e-01
-3.587000000000000188e-01
8.594000000000000528e-01
-7.486000000000000432e-01
-1.391999999999999904e-01
7.492999999999999661e-01
-1.396999999999999909e-01
1.069999999999999979e-01
-6.556999999999999496e-01
-7.920000000000000373e-01
6.663000000000000034e-01
-3.501000000000000223e-01
-8.507000000000000117e-01
3.039999999999999994e-02
-9.937000000000000277e-01
2.253999999999999893e-01
7.531999999999999806e-01
5.535999999999999810e-01
-4.097999999999999976e-01
-8.774999999999999467e-01
4.465999999999999970e-01
2.378000000000000114e-01
2.086999999999999966e-01
3.249000000000000221e-01
4.021000000000000130e-01
-8.410999999999999588e-01
-6.572000000000000064e-01
-5.639999999999999458e-01
-7.763999999999999790e-01
-7.681999999999999940e-01
-6.329000000000000181e-01
-7.499999999999999722e-03
9.252000000000000224e-01
2.549999999999999836e-02
-2.680000000000000090e-02
-3.202999999999999736e-01
7.802000000000000046e-01
-9.039999999999999425e-02
-3.169999999999999901e-02
-1.728999999999999981e-01
1.095000000000000001e-01
2.136000000000000121e-01
-4.554000000000000270e-01
9.387999999999999678e-01
-6.491000000000000103e-01
8.631999999999999673e-01
3.770999999999999908e-01
3.930000000000000160e-01
2.437999999999999889e-01
8.670999999999999819e-01
-9.867000000000000215e-01
6.499000000000000332e-01
-1.158000000000000002e-01
-8.313000000000000389e-01
-3.790000000000000036e-01
4.482999999999999763e-01
7.458000000000000185e-01
-8.685000000000000497e-01
-8.575000000000000400e-01
-8.153000000000000247e-01
7.316000000000000281e-01
-7.156000000000000139e-01
-5.626999999999999780e-01
9.740999999999999659e-01
-3.701999999999999735e-01
5.522000000000000242e-01
-6.253999999999999559e-01
-6.005000000000000338e-01
-6.845999999999999863e-01
5.214999999999999636e-01
-4.000000000000000222e-01
-2.601999999999999869e-01
-4.243999999999999995e-01
-8.635000000000000453e-01
-2.883000000000000007e-01
7.924999999999999822e-01
4.444000000000000172e-01
1.058000000000000052e-01
-5.645000000000000018e-01
-4.052999999999999936e-01
-7.959000000000000519e-01
7.441999999999999726e-01
-6.836999999999999744e-01
3.209999999999999659e-02
-1.194999999999999951e-01
3.196999999999999842e-01
-5.580000000000000238e-02
-5.109000000000000208e-01
6.877999999999999670e-01
5.172999999999999821e-01
-9.225999999999999757e-01
-3.176999999999999824e-01
2.900000000000000147e-02
6.882000000000000339e-01
2.101000000000000090e-01
3.139999999999999736e-02
-4.501000000000000001e-01
-5.994000000000000439e-01
1.552000000000000046e-01
-5.042999999999999705e-01
-1.160000000000000059e-01
-3.794000000000000150e-01
1.502999999999999892e-01
3.988999999999999768e-01
6.862000000000000322e-01
4.440999999999999948e-01
7.476000000000000423e-01
-4.429000000000000159e-01
-3.040999999999999814e-01
-3.684000000000000052e-01
-9.344000000000000083e-01
-7.401999999999999691e-01
2.831000000000000183e-01
-4.268000000000000127e-01
-8.770000000000000018e-02
3.771999999999999797e-01
-2.286999999999999866e-01
-4.232000000000000206e-01
6.094000000000000528e-01
2.444999999999999951e-01
5.330000000000000293e-01
7.844999999999999751e-01
7.083000000000000407e-01
-2.921000000000000263e-01
2.316000000000000003e-01
6.968999999999999639e-01
3.220999999999999974e-01
-2.695000000000000173e-01
4.863999999999999990e-01
-7.064000000000000279e-01
-5.879999999999999671e-01
4.864999999999999880e-01
-3.429999999999999716e-02
5.442000000000000171e-01
-3.094000000000000083e-01
4.514000000000000234e-01
9.726000000000000201e-01
-2.041000000000000036e-01
3.184000000000000163e-01
8.806000000000000494e-01
7.230999999999999650e-01
-7.635999999999999455e-01
-1.731999999999999929e-01
2.424000000000000044e-01
8.343000000000000416e-01
3.150999999999999912e-01
1.627000000000000113e-01
-2.730000000000000135e-02
-7.026000000000000023e-01
2.454000000000000070e-01
-2.501999999999999780e-01
7.485000000000000542e-01
-2.781000000000000139e-01
-2.983999999999999986e-01
6.831000000000000405e-01
-2.750000000000000222e-01
-2.565999999999999948e-01
6.875999999999999890e-01
-9.754000000000000448e-01
4.149999999999999800e-01
4.091000000000000192e-01
-7.348000000000000087e-01
-1.229999999999999982e-01
6.170999999999999819e-01
-6.129000000000000004e-01
-3.382000000000000006e-01
6.559000000000000385e-01
-1.257999999999999952e-01
-9.988000000000000211e-01
-9.988000000000000211e-01
-4.213000000000000078e-01
-6.280999999999999917e-01
-3.375000000000000222e-01
-2.748999999999999777e-01
1.615000000000000047e-01
8.102000000000000313e-01
7.389000000000000012e-01
-2.447000000000000008e-01
1.822999999999999898e-01
3.398999999999999799e-01
3.377000000000000002e-01
-9.210000000000000409e-01
3.587000000000000188e-01
5.636999999999999789e-01
-5.582000000000000295e-01
-9.912999999999999590e-01
-2.263000000000000012e-01
7.391999999999999682e-01
6.626999999999999558e-01
-9.408999999999999586e-01
8.598000000000000087e-01
2.560000000000000053e-01
5.063999999999999613e-01
-8.808000000000000274e-01
5.010999999999999899e-01
-4.899000000000000021e-01
