5.059000000000000163e-01
2.267000000000000126e-01
-9.730999999999999650e-01
9.092000000000000082e-01
-5.021999999999999797e-01
-1.180999999999999966e-01
-2.205999999999999905e-01
9.569999999999999341e-02
5.134999999999999565e-01
-7.260999999999999677e-01
-9.568999999999999728e-01
-8.318999999999999728e-01
-2.250000000000000056e-01
-3.426000000000000156e-01
-8.770000000000000018e-01
-3.629999999999999893e-02
-3.071999999999999731e-01
-8.781999999999999806e-01
7.262999999999999456e-01
1.230000000000000017e-02
9.074999999999999734e-01
-8.420999999999999597e-01
9.891999999999999682e-01
-6.347000000000000419e-01
1.819000000000000061e-01
2.222000000000000086e-01
-7.476000000000000423e-01
9.997000000000000330e-01
-6.572000000000000064e-01
-5.368000000000000549e-01
9.466999999999999860e-01
-2.239999999999999977e-02
-6.485999999999999543e-01
-8.811999999999999833e-01
2.881000000000000227e-01
-5.031999999999999806e-01
2.336999999999999911e-01
2.160999999999999865e-01
-3.202999999999999736e-01
-6.640000000000000069e-02
4.138999999999999901e-01
-4.379000000000000115e-01
-3.321000000000000063e-01
9.606999999999999984e-01
-2.767999999999999905e-01
5.148000000000000353e-01
4.976999999999999758e-01
-1.832000000000000017e-01
-8.374000000000000332e-01
-8.312000000000000499e-01
5.099999999999999672e-02
9.260000000000000175e-02
3.569999999999999840e-01
-9.279999999999999361e-02
-8.429999999999999716e-01
6.703000000000000069e-01
1.900999999999999912e-01
-1.615999999999999936e-01
9.276999999999999691e-01
-3.210000000000000075e-01
-6.084000000000000519e-01
-7.358000000000000096e-01
8.925999999999999490e-01
8.478999999999999870e-01
1.933999999999999886e-01
-6.806999999999999718e-01
4.219999999999999862e-01
-2.215000000000000024e-01
5.189000000000000279e-01
-4.673999999999999821e-01
-5.666999999999999815e-01
-7.381999999999999673e-01
-1.661999999999999866e-01
4.083999999999999853e-01
7.203000000000000513e-01
8.525000000000000355e-01
-7.491999999999999771e-01
5.463000000000000078e-01
5.875000000000000222e-01
-5.000000000000000000e-01
-6.147000000000000242e-01
4.590000000000000330e-02
4.166000000000000258e-01
4.853999999999999981e-01
-4.435000000000000053e-01
-5.373999999999999888e-01
-3.835000000000000075e-01
-9.727000000000000091e-01
7.018999999999999684e-01
7.199999999999999456e-02
8.377999999999999892e-01
-2.844999999999999751e-01
-8.981000000000000094e-01
1.731999999999999929e-01
7.907999999999999474e-01
8.419999999999999707e-02
-7.976999999999999647e-01
4.779999999999999805e-01
5.159000000000000252e-01
7.277000000000000135e-01
-3.023000000000000131e-01
-9.969000000000000083e-01
-3.086999999999999744e-01
-9.608999999999999764e-01
8.974999999999999645e-01
-5.097000000000000419e-01
5.778999999999999693e-01
-3.305000000000000160e-01
6.256000000000000449e-01
-1.605999999999999928e-01
-2.767000000000000015e-01
8.475000000000000311e-01
8.968000000000000416e-01
4.454000000000000181e-01
7.548000000000000265e-01
-3.687000000000000277e-01
-1.904000000000000137e-01
-3.490000000000000047e-02
-7.124000000000000332e-01
5.487999999999999545e-01
-7.977999999999999536e-01
7.144000000000000350e-01
-2.414000000000000035e-01
-1.983999999999999930e-01
4.420000000000000318e-02
-3.699999999999999956e-01
-4.164999999999999813e-01
8.062000000000000277e-01
1.746000000000000052e-01
1.771000000000000074e-01
-1.738999999999999990e-01
-2.746000000000000107e-01
1.570000000000000007e-01
-9.626000000000000112e-01
7.125000000000000222e-01
-2.291999999999999871e-01
8.414000000000000368e-01
1.804000000000000048e-01
-8.102000000000000313e-01
2.054999999999999882e-01
3.922999999999999821e-01
5.788999999999999702e-01
-2.501999999999999780e-01
7.169999999999999984e-02
1.250999999999999890e-01
6.608000000000000540e-01
3.397000000000000020e-01
5.691000000000000503e-01
2.404000000000000026e-01
-1.758000000000000118e-01
4.587999999999999856e-01
4.808000000000000052e-01
-9.645000000000000240e-01
6.229999999999999982e-01
-5.181999999999999940e-01
-2.379000000000000004e-01
2.548000000000000265e-01
-5.539999999999999786e-02
-9.848999999999999977e-01
-6.465999999999999526e-01
-9.299999999999999239e-03
-7.489999999999999991e-01
5.802000000000000490e-01
5.759999999999999565e-01
9.624000000000000332e-01
-4.827000000000000179e-01
9.185999999999999721e-01
-5.300000000000000024e-03
1.118999999999999995e-01
-1.665000000000000091e-01
-7.342999999999999527e-01
1.919999999999999832e-02
-8.303000000000000380e-01
5.963000000000000522e-01
8.176999999999999824e-01
4.215999999999999748e-01
-3.801999999999999824e-01
-3.332999999999999852e-01
-1.122999999999999970e-01
-6.108999999999999986e-01
5.890000000000000097e-02
-7.127000000000000002e-01
-9.864000000000000545e-01
-2.861000000000000210e-01
6.417000000000000481e-01
-3.130000000000000004e-01
-2.913000000000000034e-01
-4.365999999999999881e-01
7.989999999999999880e-02
6.182999999999999607e-01
8.192000000000000393e-01
4.889999999999999902e-01
-2.230999999999999928e-01
-6.039999999999999813e-01
-1.874000000000000110e-01
2.767999999999999905e-01
-9.640999999999999570e-01
2.584000000000000186e-01
8.022000000000000242e-01
-3.266999999999999904e-01
-8.678000000000000158e-01
-3.118000000000000216e-01
-3.699000000000000066e-01
7.625999999999999446e-01
-3.760000000000000148e-02
-4.938000000000000167e-01
-4.660000000000000253e-01
8.799000000000000155e-01
5.473999999999999977e-01
-1.895000000000000018e-01
