-8.014000000000000012e-01
-3.565999999999999726e-01
-1.519000000000000072e-01
-5.103999999999999648e-01
1.990000000000000102e-01
-4.391999999999999793e-01
-9.243000000000000105e-01
2.696000000000000063e-01
-9.536999999999999922e-01
6.726999999999999647e-01
8.848000000000000309e-01
3.214000000000000190e-01
7.818000000000000504e-01
-3.393999999999999795e-01
6.501000000000000112e-01
-4.837000000000000188e-01
-7.970000000000000417e-01
4.741000000000000214e-01
5.352999999999999980e-01
-6.274999999999999467e-01
2.350000000000000006e-02
6.389999999999999847e-02
5.009999999999999870e-02
-3.914000000000000257e-01
-2.384999999999999898e-01
-8.771999999999999797e-01
2.713999999999999746e-01
5.235999999999999543e-01
1.930000000000000049e-01
7.718000000000000416e-01
-9.650999999999999579e-01
6.948999999999999622e-01
-9.579999999999999627e-01
-8.217999999999999750e-01
9.475000000000000089e-01
-3.627000000000000224e-01
5.342999999999999972e-01
-5.688999999999999613e-01
-3.413999999999999813e-01
2.076000000000000068e-01
-8.457000000000000073e-01
-3.497999999999999998e-01
7.365000000000000435e-01
9.435000000000000053e-01
9.839999999999999858e-01
3.181999999999999829e-01
-1.753000000000000114e-01
4.845999999999999752e-01
8.618999999999999995e-01
-2.979999999999999871e-01
7.810000000000000275e-02
-6.169999999999999790e-02
-3.549999999999999822e-01
-3.408999999999999808e-01
-2.957000000000000184e-01
1.497999999999999887e-01
7.396000000000000352e-01
1.486000000000000099e-01
-6.562999999999999945e-01
8.687000000000000277e-01
-9.857000000000000206e-01
-7.455000000000000515e-01
9.324000000000000066e-01
-1.322000000000000119e-01
8.207999999999999741e-01
-5.743000000000000327e-01
-1.691000000000000003e-01
9.539999999999999591e-01
6.148000000000000131e-01
4.711000000000000187e-01
9.470000000000000639e-02
-7.561999999999999833e-01
3.175999999999999934e-01
3.921999999999999931e-01
-6.641000000000000236e-01
-4.975999999999999868e-01
-9.532000000000000473e-01
-6.427000000000000490e-01
-9.655000000000000249e-01
6.525999999999999579e-01
9.737000000000000099e-01
-9.780999999999999694e-01
4.274999999999999911e-01
7.885999999999999677e-01
1.949999999999999997e-02
2.235000000000000042e-01
-8.001000000000000334e-01
-4.959999999999999964e-01
5.306999999999999496e-01
6.673000000000000043e-01
5.738999999999999657e-01
9.750999999999999668e-01
-7.427000000000000268e-01
5.348000000000000531e-01
-7.473999999999999533e-01
-2.766000000000000125e-01
6.971000000000000529e-01
3.925000000000000155e-01
5.465999999999999748e-01
8.474000000000000421e-01
3.770999999999999908e-01
2.884999999999999787e-01
4.264999999999999902e-01
-1.837000000000000022e-01
3.070000000000000159e-02
-6.424999999999999600e-01
8.600999999999999757e-01
8.879000000000000226e-01
5.080000000000000071e-01
-4.904000000000000026e-01
-6.140999999999999792e-01
-3.891000000000000014e-01
-3.679999999999999938e-01
-9.792999999999999483e-01
-4.252000000000000224e-01
2.989999999999999880e-01
3.316999999999999948e-01
-6.790000000000000480e-01
7.614999999999999547e-01
-1.598999999999999866e-01
-5.703000000000000291e-01
3.869999999999999829e-02
1.847000000000000031e-01
5.977000000000000091e-01
-5.106000000000000538e-01
-4.549000000000000266e-01
2.056000000000000050e-01
-8.666000000000000369e-01
-8.097999999999999643e-01
4.436999999999999833e-01
-9.039000000000000368e-01
-9.323000000000000176e-01
6.256000000000000449e-01
-6.781000000000000361e-01
2.137000000000000011e-01
-8.680000000000000215e-02
-4.922000000000000264e-01
-4.208000000000000074e-01
-4.480999999999999983e-01
2.051999999999999935e-01
2.735000000000000209e-01
5.405999999999999694e-01
-9.766000000000000236e-01
9.465000000000000080e-01
-7.550999999999999934e-01
-6.283999999999999586e-01
8.989000000000000323e-01
2.144000000000000072e-01
-3.271999999999999909e-01
-6.893000000000000238e-01
5.071999999999999842e-01
-1.927999999999999992e-01
-9.933999999999999497e-01
-2.884999999999999787e-01
-1.807999999999999885e-01
-7.049999999999999323e-02
-5.444999999999999840e-01
3.245999999999999996e-01
8.649999999999999356e-02
-5.340000000000000302e-02
3.496000000000000218e-01
3.472999999999999976e-01
6.821000000000000396e-01
8.890000000000000679e-02
-6.670000000000000373e-01
-7.489000000000000101e-01
7.221999999999999531e-01
-6.350999999999999979e-01
-2.132000000000000006e-01
3.169000000000000150e-01
5.098000000000000309e-01
6.489000000000000323e-01
-5.665999999999999925e-01
-1.619999999999999912e-02
-9.467999999999999750e-01
3.096999999999999753e-01
-8.953999999999999737e-01
-5.279000000000000359e-01
5.770000000000000129e-02
-6.887999999999999678e-01
2.030000000000000138e-01
2.232999999999999985e-01
9.400000000000000369e-03
1.811000000000000110e-01
-1.794000000000000039e-01
-2.757999999999999896e-01
1.203999999999999931e-01
5.571000000000000396e-01
-8.069999999999999396e-02
8.214000000000000190e-01
6.874000000000000110e-01
-9.039999999999999425e-02
-9.229999999999999316e-02
-8.215999999999999970e-01
1.188000000000000028e-01
8.062000000000000277e-01
4.030000000000000249e-01
7.330000000000000404e-02
-3.008000000000000118e-01
8.202000000000000401e-01
-3.032000000000000250e-01
-9.740999999999999659e-01
7.093000000000000416e-01
7.062000000000000499e-01
3.889000000000000234e-01
-4.964000000000000079e-01
1.567000000000000060e-01
3.839999999999999664e-02
7.243000000000000549e-01
4.262000000000000233e-01
