-3.644000000000000017e-01
4.640000000000000235e-01
2.901000000000000245e-01
-2.938000000000000056e-01
7.536000000000000476e-01
2.019999999999999921e-02
-2.907000000000000139e-01
4.349999999999999978e-01
1.215999999999999998e-01
9.513000000000000345e-01
8.379999999999999671e-01
-4.480999999999999983e-01
4.843000000000000083e-01
-7.671999999999999931e-01
8.769000000000000128e-01
4.514000000000000234e-01
5.122999999999999776e-01
-4.616000000000000103e-01
-3.568000000000000060e-01
2.824999999999999734e-01
1.643000000000000016e-01
-1.522000000000000020e-01
-7.104000000000000314e-01
-9.589999999999999913e-02
7.825999999999999623e-01
6.940000000000000335e-02
-8.131000000000000449e-01
2.006999999999999895e-01
5.002999999999999670e-01
6.727999999999999536e-01
4.400000000000000022e-01
-2.009999999999999981e-02
-8.437999999999999945e-01
3.242999999999999772e-01
1.098999999999999977e-01
-3.359999999999999792e-02
7.729999999999999372e-02
8.201000000000000512e-01
3.346999999999999975e-01
9.953999999999999515e-01
8.709999999999999687e-02
-3.861999999999999877e-01
2.305000000000000104e-01
-7.370999999999999774e-01
-3.200000000000000153e-03
-9.760999999999999677e-01
-6.644999999999999796e-01
2.340000000000000066e-02
4.912000000000000255e-01
-7.537000000000000366e-01
1.610999999999999932e-01
-1.458000000000000129e-01
1.855999999999999872e-01
9.515000000000000124e-01
3.679999999999999938e-01
7.348999999999999977e-01
-1.209999999999999964e-02
-9.699999999999999734e-01
-5.022999999999999687e-01
3.089000000000000079e-01
4.514000000000000234e-01
6.410000000000000142e-01
9.686000000000000165e-01
-6.758999999999999453e-01
-7.760000000000000231e-02
7.308000000000000052e-01
5.110999999999999988e-01
7.009999999999999565e-02
5.473000000000000087e-01
8.799000000000000155e-01
-5.595999999999999863e-01
9.929000000000000048e-01
3.867999999999999772e-01
-5.655999999999999917e-01
-2.215999999999999914e-01
-5.103999999999999648e-01
6.020999999999999686e-01
5.414999999999999813e-01
5.000000000000000278e-02
5.322999999999999954e-01
1.315000000000000058e-01
-5.741000000000000547e-01
3.526000000000000245e-01
2.270999999999999963e-01
5.896000000000000130e-01
-2.318999999999999950e-01
6.005000000000000338e-01
9.239999999999999603e-02
3.321000000000000063e-01
2.351000000000000034e-01
-9.859999999999999876e-01
-9.685000000000000275e-01
8.852999999999999758e-01
-1.420000000000000082e-02
7.570000000000000062e-01
-9.509999999999999565e-01
-8.076999999999999735e-01
1.180999999999999966e-01
5.573000000000000176e-01
5.587999999999999634e-01
1.620000000000000051e-01
-2.622999999999999776e-01
6.685999999999999721e-01
9.595000000000000195e-01
-7.560000000000000053e-02
5.212999999999999856e-01
1.356999999999999873e-01
-3.745999999999999885e-01
-5.571000000000000396e-01
5.846999999999999975e-01
-1.584000000000000130e-01
5.504999999999999893e-01
2.922000000000000153e-01
6.336000000000000520e-01
-3.099999999999999891e-03
2.403000000000000136e-01
-5.445999999999999730e-01
-2.862000000000000099e-01
8.514000000000000457e-01
4.771000000000000241e-01
-3.584999999999999853e-01
3.716999999999999749e-01
3.276000000000000023e-01
-6.124000000000000554e-01
-8.228999999999999648e-01
2.309999999999999901e-02
-2.548000000000000265e-01
4.232000000000000206e-01
-4.728999999999999870e-01
6.469999999999999363e-02
1.706000000000000016e-01
1.930000000000000049e-01
-8.475000000000000311e-01
-7.551999999999999824e-01
-1.880999999999999894e-01
1.469000000000000028e-01
3.554999999999999827e-01
-8.348999999999999755e-01
-8.369999999999999662e-02
-4.557999999999999829e-01
9.246999999999999664e-01
-2.250999999999999945e-01
-8.702999999999999625e-01
9.940999999999999837e-01
-3.916999999999999926e-01
1.173000000000000015e-01
-5.737999999999999767e-01
8.870999999999999996e-01
-9.292000000000000259e-01
8.285000000000000142e-01
-4.632000000000000006e-01
-5.674000000000000155e-01
-7.510000000000000009e-01
-2.681999999999999940e-01
6.483999999999999764e-01
-1.612000000000000099e-01
8.759000000000000119e-01
-3.929000000000000270e-01
9.625000000000000222e-01
2.497999999999999943e-01
-2.313000000000000056e-01
7.140000000000000513e-02
9.700000000000000289e-03
-1.809999999999999942e-01
8.012000000000000233e-01
-4.737000000000000099e-01
-9.503000000000000336e-01
7.237000000000000099e-01
2.160000000000000114e-02
-1.743999999999999995e-01
3.083000000000000185e-01
-7.090999999999999526e-01
-4.635000000000000231e-01
-8.368999999999999773e-01
1.592999999999999972e-01
7.954999999999999849e-01
3.141999999999999793e-01
4.707999999999999963e-01
2.723999999999999755e-01
2.983000000000000096e-01
-3.063000000000000167e-01
-4.111000000000000210e-01
-6.009999999999999787e-01
-3.970000000000000195e-01
-2.745000000000000218e-01
2.141000000000000125e-01
-8.308999999999999719e-01
1.492999999999999883e-01
-1.633999999999999897e-01
3.277999999999999803e-01
-4.738999999999999879e-01
9.694000000000000394e-01
-5.018000000000000238e-01
4.950999999999999845e-01
-6.118000000000000105e-01
8.590999999999999748e-01
-2.788999999999999813e-01
1.593999999999999861e-01
-7.715999999999999526e-01
-2.894999999999999796e-01
-5.700000000000000205e-02
-3.104000000000000092e-01
4.111000000000000210e-01
-6.493999999999999773e-01
7.551999999999999824e-01
5.536999999999999700e-01
5.558999999999999497e-01
1.337000000000000133e-01
8.881999999999999895e-01
5.430000000000000382e-01
