6.915000000000000036e-01
9.838999999999999968e-01
2.051000000000000045e-01
-5.322000000000000064e-01
-8.094000000000000083e-01
-7.289999999999999813e-01
5.358000000000000540e-01
-7.329999999999999849e-01
-5.540000000000000480e-01
3.457000000000000073e-01
-4.979999999999999982e-01
6.616999999999999549e-01
5.709999999999999520e-01
-1.679999999999999896e-02
-8.018999999999999462e-01
6.969999999999999529e-01
-8.388999999999999790e-01
-7.449999999999999956e-01
8.397999999999999909e-01
9.774000000000000465e-01
5.313999999999999835e-01
-3.765999999999999903e-01
1.990999999999999992e-01
-7.900000000000000355e-01
2.801000000000000156e-01
-2.303000000000000047e-01
1.136999999999999955e-01
-4.060000000000000275e-01
-1.787999999999999867e-01
5.400000000000000355e-01
-4.058999999999999830e-01
8.369999999999999662e-01
8.899000000000000243e-01
7.630000000000000115e-01
8.840999999999999970e-01
7.422999999999999599e-01
4.086000000000000187e-01
8.374000000000000332e-01
8.892999999999999794e-01
3.423999999999999821e-01
4.476999999999999869e-01
1.618999999999999884e-01
7.118999999999999773e-01
-7.229999999999999760e-01
7.294000000000000483e-01
4.089999999999999747e-01
2.716999999999999971e-01
3.335000000000000187e-01
-7.850000000000000033e-02
-4.405999999999999917e-01
8.279999999999999583e-01
8.145000000000000018e-01
-8.280999999999999472e-01
9.560999999999999499e-01
8.018999999999999462e-01
-6.160999999999999810e-01
-6.765999999999999792e-01
-1.333000000000000018e-01
2.245000000000000051e-01
2.790000000000000119e-02
3.230999999999999983e-01
-5.201000000000000068e-01
7.711000000000000076e-01
9.385000000000000009e-01
-5.460000000000000270e-02
3.709000000000000075e-01
-5.365999999999999659e-01
-1.600000000000000033e-01
-5.705999999999999961e-01
-1.607000000000000095e-01
-3.992999999999999883e-01
-4.364999999999999991e-01
2.817000000000000060e-01
-3.854000000000000203e-01
1.194999999999999951e-01
-3.731999999999999762e-01
7.720000000000000473e-02
4.113999999999999879e-01
-8.508000000000000007e-01
-8.942999999999999838e-01
3.549999999999999684e-02
8.937000000000000499e-01
-5.830999999999999517e-01
2.696000000000000063e-01
-6.723999999999999977e-01
2.644000000000000239e-01
5.047000000000000375e-01
4.711000000000000187e-01
3.245000000000000107e-01
-2.348000000000000087e-01
5.766999999999999904e-01
2.300000000000000100e-01
9.256999999999999673e-01
-7.271999999999999575e-01
2.189999999999999933e-02
4.666000000000000147e-01
-6.210000000000000242e-02
9.433000000000000274e-01
-5.639999999999999875e-02
-6.586999999999999522e-01
-4.703999999999999848e-01
6.381999999999999895e-01
1.205999999999999989e-01
7.826999999999999513e-01
-6.160000000000000198e-02
-2.798999999999999821e-01
3.321999999999999953e-01
-5.638999999999999568e-01
-4.545000000000000151e-01
-7.032000000000000473e-01
6.159999999999999920e-01
-3.824000000000000177e-01
6.604999999999999760e-01
-6.399000000000000243e-01
4.247000000000000219e-01
-8.005999999999999783e-01
3.623000000000000109e-01
8.639999999999999902e-01
3.907999999999999807e-01
9.152000000000000135e-01
5.508999999999999453e-01
1.426999999999999935e-01
4.323000000000000176e-01
-9.701999999999999513e-01
-7.671999999999999931e-01
8.298999999999999710e-01
2.894999999999999796e-01
9.687000000000000055e-01
8.000000000000000167e-02
-9.730999999999999650e-01
-5.618999999999999551e-01
5.185999999999999499e-01
-6.972000000000000419e-01
-6.803000000000000158e-01
5.290000000000000258e-02
-9.223000000000000087e-01
-4.612999999999999878e-01
2.675000000000000155e-01
-4.170000000000000095e-02
-9.747999999999999998e-01
-3.325000000000000178e-01
-6.441000000000000059e-01
3.239000000000000212e-01
2.386000000000000065e-01
9.231000000000000316e-01
-9.304999999999999938e-01
5.262999999999999901e-01
-5.077000000000000401e-01
-3.899000000000000243e-01
-9.326999999999999735e-01
9.419999999999999485e-01
-1.011999999999999983e-01
2.812999999999999945e-01
-6.980000000000000093e-02
7.518000000000000238e-01
-8.296999999999999931e-01
-3.371000000000000107e-01
5.983000000000000540e-01
8.789000000000000146e-01
-1.163000000000000006e-01
4.329000000000000070e-01
-8.084999999999999964e-01
2.811000000000000165e-01
7.756999999999999451e-01
9.847000000000000197e-01
-5.901999999999999469e-01
6.684999999999999831e-01
-9.445999999999999952e-01
-3.552000000000000157e-01
7.030999999999999472e-01
8.238999999999999657e-01
2.625000000000000111e-01
3.170000000000000040e-01
-4.877000000000000224e-01
9.840000000000000135e-02
2.545999999999999930e-01
9.586999999999999966e-01
-1.570999999999999897e-01
-1.841000000000000136e-01
-2.813999999999999835e-01
3.755000000000000004e-01
4.939999999999999947e-02
6.320999999999999952e-01
-6.086000000000000298e-01
8.659999999999999643e-02
-3.841999999999999860e-01
-7.463999999999999524e-01
-1.700000000000000122e-02
-2.611999999999999877e-01
-6.817999999999999616e-01
-8.044999999999999929e-01
2.467000000000000026e-01
-8.369999999999999662e-02
-5.232999999999999874e-01
-7.338999999999999968e-01
6.562000000000000055e-01
-5.988999999999999879e-01
1.539999999999999980e-01
-6.503999999999999782e-01
7.107999999999999874e-01
9.609999999999999654e-01
-3.059000000000000052e-01
-1.375000000000000111e-01
6.087000000000000188e-01
-4.756000000000000227e-01
-7.248999999999999888e-01
7.812000000000000055e-01
-4.941999999999999726e-01
4.127000000000000113e-01
-1.110000000000000014e-01
