-5.594999999999999973e-01
-6.353999999999999648e-01
8.566000000000000281e-01
-4.858999999999999986e-01
6.159999999999999920e-01
4.222000000000000197e-01
-3.346000000000000085e-01
7.520999999999999908e-01
7.540000000000000036e-01
6.378000000000000336e-01
-5.321000000000000174e-01
7.499999999999999722e-02
-5.586999999999999744e-01
-7.931000000000000272e-01
7.507000000000000339e-01
-7.106000000000000094e-01
5.651000000000000467e-01
-5.181999999999999940e-01
8.692999999999999616e-01
7.264000000000000457e-01
-3.215000000000000080e-01
-2.451000000000000123e-01
7.264000000000000457e-01
-1.625999999999999945e-01
-1.625000000000000056e-01
7.180000000000000271e-02
-3.731999999999999762e-01
-7.006000000000000005e-01
9.321000000000000396e-01
8.403000000000000469e-01
7.000999999999999446e-01
1.160000000000000059e-01
2.475999999999999868e-01
-4.025000000000000244e-01
-7.272999999999999465e-01
6.959999999999999520e-02
-3.185999999999999943e-01
-1.323000000000000009e-01
-8.046999999999999709e-01
-5.024999999999999467e-01
5.987999999999999989e-01
-3.882999999999999785e-01
9.500000000000000111e-02
-6.374999999999999556e-01
-7.276000000000000245e-01
-6.198000000000000176e-01
9.247999999999999554e-01
-9.266999999999999682e-01
5.700000000000000205e-03
9.739999999999999769e-01
4.839999999999999858e-01
9.800999999999999712e-01
-8.433000000000000496e-01
8.579999999999999849e-01
3.795000000000000040e-01
-3.580999999999999739e-01
6.908999999999999586e-01
2.929999999999999827e-01
-7.707000000000000517e-01
-2.819999999999999937e-02
-9.641999999999999460e-01
9.313000000000000167e-01
-9.048000000000000487e-01
8.939000000000000279e-01
-9.271000000000000352e-01
-2.864999999999999769e-01
-9.746000000000000218e-01
-1.623999999999999888e-01
7.582999999999999741e-01
-1.113999999999999990e-01
1.587999999999999967e-01
7.190999999999999615e-01
-5.757999999999999785e-01
-3.768000000000000238e-01
-2.816000000000000170e-01
5.741000000000000547e-01
-3.412999999999999923e-01
9.392000000000000348e-01
2.726000000000000090e-01
8.872999999999999776e-01
-3.790000000000000036e-01
3.151999999999999802e-01
9.386999999999999789e-01
7.532999999999999696e-01
7.819000000000000394e-01
-4.630000000000000226e-01
-7.991000000000000325e-01
-8.820000000000000062e-01
-8.225000000000000089e-01
6.130000000000000032e-02
6.360000000000000375e-02
-2.958000000000000074e-01
5.352999999999999980e-01
4.390000000000000013e-01
3.406000000000000139e-01
-3.794000000000000150e-01
7.320999999999999730e-01
-8.650999999999999801e-01
4.207000000000000184e-01
-7.739999999999999658e-02
6.233999999999999542e-01
-4.104999999999999760e-01
-6.047000000000000153e-01
2.857999999999999985e-01
6.727999999999999536e-01
2.590000000000000080e-01
-1.758000000000000118e-01
4.833999999999999964e-01
-9.703000000000000513e-01
6.485999999999999543e-01
-1.519999999999999997e-02
6.949999999999999512e-01
-1.471000000000000085e-01
9.236999999999999655e-01
-8.052000000000000268e-01
-7.013000000000000345e-01
-7.312999999999999501e-01
5.946000000000000174e-01
6.756999999999999673e-01
3.980000000000000204e-02
9.462000000000000410e-01
-8.687000000000000277e-01
-7.250999999999999668e-01
7.470999999999999863e-01
6.726999999999999647e-01
9.627999999999999892e-01
8.225000000000000089e-01
-2.299999999999999961e-02
-5.661000000000000476e-01
-4.139999999999999791e-01
-1.778000000000000136e-01
2.767000000000000015e-01
6.283999999999999586e-01
-7.129999999999999671e-01
9.406999999999999806e-01
9.267999999999999572e-01
-5.586999999999999744e-01
1.338999999999999913e-01
-1.933999999999999886e-01
-5.012999999999999678e-01
4.181000000000000272e-01
-1.706999999999999906e-01
1.149000000000000021e-01
-1.176999999999999991e-01
-6.701000000000000290e-01
7.631000000000000005e-01
3.600999999999999757e-01
4.570000000000000173e-01
6.767999999999999572e-01
4.559000000000000274e-01
-1.446999999999999953e-01
3.981000000000000094e-01
-3.039999999999999925e-01
8.702999999999999625e-01
-5.794000000000000261e-01
2.199000000000000121e-01
-2.066000000000000059e-01
-3.664000000000000035e-01
-7.264000000000000457e-01
6.393999999999999684e-01
1.648000000000000020e-01
-6.021999999999999575e-01
4.118999999999999884e-01
-4.552999999999999825e-01
-9.840999999999999748e-01
6.684999999999999831e-01
-1.554999999999999993e-01
5.239000000000000323e-01
1.135000000000000037e-01
-2.326999999999999902e-01
-8.249999999999999556e-01
5.606999999999999762e-01
-1.292000000000000093e-01
5.818999999999999728e-01
-3.115999999999999881e-01
6.502999999999999892e-01
-8.419999999999999707e-01
-9.103999999999999870e-01
5.279000000000000359e-01
4.441999999999999837e-01
9.733000000000000540e-01
2.492000000000000048e-01
1.451999999999999957e-01
1.802999999999999881e-01
-1.451000000000000068e-01
3.024999999999999911e-01
2.142999999999999905e-01
5.693000000000000282e-01
-9.668999999999999817e-01
4.843999999999999972e-01
4.354000000000000092e-01
-8.050000000000000211e-02
1.408999999999999975e-01
-9.781999999999999584e-01
-3.744999999999999996e-01
-8.250999999999999446e-01
-3.638000000000000123e-01
3.352999999999999869e-01
-8.477999999999999980e-01
1.872999999999999943e-01
-6.733999999999999986e-01
-9.529999999999999583e-01
3.613999999999999990e-01
-1.854999999999999982e-01
6.695999999999999730e-01
-6.540000000000000258e-01
-6.863000000000000211e-01
3.215000000000000080e-01
2.331999999999999906e-01
-9.290000000000000480e-01
