8.483000000000000540e-01
-1.509000000000000064e-01
-6.561000000000000165e-01
3.129000000000000115e-01
-4.924000000000000044e-01
8.076999999999999735e-01
-7.719000000000000306e-01
1.236000000000000015e-01
3.363999999999999768e-01
8.418999999999999817e-01
-5.133999999999999675e-01
9.113999999999999879e-01
6.823000000000000176e-01
-7.010999999999999455e-01
6.819999999999999674e-02
-1.559999999999999998e-01
-3.252999999999999781e-01
8.668000000000000149e-01
-6.347000000000000419e-01
1.827000000000000013e-01
4.959000000000000075e-01
-2.205000000000000016e-01
8.139999999999999458e-01
4.205999999999999739e-01
-5.369000000000000439e-01
3.582000000000000184e-01
-8.227999999999999758e-01
-2.386999999999999955e-01
-5.355999999999999650e-01
-6.680000000000000382e-01
6.422999999999999821e-01
-1.635999999999999954e-01
-7.086999999999999966e-01
7.986999999999999655e-01
2.119000000000000050e-01
4.900000000000000189e-02
-8.887000000000000455e-01
9.376999999999999780e-01
-1.540000000000000049e-02
2.079999999999999905e-02
-9.002999999999999892e-01
-9.159000000000000474e-01
5.655999999999999917e-01
4.399000000000000132e-01
5.240000000000000213e-01
-4.118999999999999884e-01
-9.846000000000000307e-01
-1.761999999999999955e-01
8.250999999999999446e-01
2.800000000000000058e-02
3.518000000000000016e-01
-3.516000000000000236e-01
-9.751999999999999558e-01
9.044999999999999707e-01
-9.287999999999999590e-01
8.739999999999999991e-01
2.872000000000000108e-01
-8.527000000000000135e-01
-1.728999999999999981e-01
-8.289999999999999591e-01
-6.500000000000000222e-02
5.814000000000000279e-01
3.187999999999999723e-01
6.447000000000000508e-01
-6.813000000000000167e-01
-6.339999999999999802e-02
6.077000000000000179e-01
-7.834999999999999742e-01
5.177000000000000490e-01
7.318999999999999950e-01
-9.610999999999999543e-01
8.145000000000000018e-01
-4.163000000000000034e-01
-3.845999999999999974e-01
-4.385000000000000009e-01
7.608000000000000318e-01
2.681000000000000050e-01
-5.936000000000000165e-01
-7.257000000000000117e-01
6.459000000000000297e-01
-2.270000000000000143e-02
-2.305000000000000104e-01
8.728000000000000203e-01
-7.987999999999999545e-01
-1.510000000000000057e-02
-8.434000000000000385e-01
-2.702999999999999847e-01
6.715999999999999748e-01
-5.916000000000000147e-01
8.437999999999999945e-01
2.086000000000000076e-01
7.368000000000000105e-01
1.751999999999999946e-01
-8.195999999999999952e-01
-4.555000000000000160e-01
9.970999999999999863e-01
3.483999999999999875e-01
-1.279000000000000137e-01
8.485000000000000320e-01
8.447999999999999954e-01
1.231000000000000011e-01
1.630000000000000060e-01
-4.501000000000000001e-01
-6.366000000000000547e-01
-1.492999999999999883e-01
-8.300000000000000433e-02
4.554000000000000270e-01
-9.510000000000000397e-02
9.268999999999999462e-01
-1.035999999999999976e-01
9.526000000000000023e-01
6.568000000000000504e-01
-8.637000000000000233e-01
7.141999999999999460e-01
-9.599999999999999159e-03
4.370999999999999885e-01
7.739000000000000323e-01
2.449999999999999956e-01
-1.287000000000000088e-01
-9.197999999999999510e-01
6.306000000000000494e-01
-5.953000000000000513e-01
9.345999999999999863e-01
-2.431000000000000105e-01
5.587999999999999634e-01
-9.758000000000000007e-01
6.300000000000000044e-03
-2.104000000000000037e-01
3.262999999999999790e-01
4.632999999999999896e-01
1.910000000000000031e-01
3.822999999999999732e-01
2.330000000000000127e-02
-4.198999999999999955e-01
-1.507999999999999896e-01
-3.417999999999999927e-01
-4.845999999999999752e-01
3.958999999999999742e-01
-9.267999999999999572e-01
4.102000000000000091e-01
9.871999999999999664e-01
5.707999999999999741e-01
-5.086000000000000520e-01
5.703000000000000291e-01
1.648999999999999910e-01
-5.670000000000000040e-02
-2.069999999999999965e-02
-7.799000000000000377e-01
6.531000000000000139e-01
7.076999999999999957e-01
-6.463999999999999746e-01
-1.763000000000000123e-01
-7.685999999999999499e-01
3.397000000000000020e-01
-7.776999999999999469e-01
7.072000000000000508e-01
-1.439000000000000001e-01
-2.840000000000000163e-02
-8.054999999999999938e-01
-2.492000000000000048e-01
-7.040999999999999481e-01
1.907000000000000084e-01
2.363000000000000100e-01
-3.860000000000000098e-01
1.101000000000000034e-01
-4.418000000000000260e-01
-2.861000000000000210e-01
2.323000000000000065e-01
4.424000000000000155e-01
7.314000000000000501e-01
2.225000000000000033e-01
6.719999999999999585e-02
-4.480999999999999983e-01
-8.110000000000000542e-01
8.070000000000000506e-01
-2.601999999999999869e-01
3.579999999999999849e-01
-8.753999999999999559e-01
-9.749999999999999778e-01
-8.136999999999999789e-01
-8.678000000000000158e-01
-5.140000000000000124e-02
-5.762000000000000455e-01
8.106999999999999762e-01
6.450000000000000178e-01
-3.527000000000000135e-01
4.945999999999999841e-01
-6.283999999999999586e-01
-7.959000000000000519e-01
-9.254999999999999893e-01
-9.899000000000000021e-01
8.454000000000000403e-01
-9.985000000000000542e-01
7.768000000000000460e-01
-3.578999999999999959e-01
-4.370000000000000273e-02
-8.645000000000000462e-01
2.948999999999999955e-01
9.977000000000000313e-01
-8.952999999999999847e-01
-8.149999999999999467e-01
3.629000000000000004e-01
1.724999999999999867e-01
1.570999999999999897e-01
2.479000000000000092e-01
2.275999999999999968e-01
-3.155000000000000027e-01
7.584999999999999520e-01
-3.225999999999999979e-01
6.129000000000000004e-01
