-9.507999999999999785e-01
9.915000000000000480e-01
1.510000000000000057e-02
5.794000000000000261e-01
-2.636000000000000010e-01
7.452999999999999625e-01
5.846000000000000085e-01
-3.170000000000000040e-01
8.312000000000000499e-01
4.545000000000000151e-01
9.648999999999999799e-01
-6.065000000000000391e-01
4.340999999999999859e-01
-2.570999999999999952e-01
2.215000000000000024e-01
8.494000000000000439e-01
1.590000000000000094e-02
-4.383000000000000229e-01
-9.020000000000000240e-02
3.200000000000000153e-03
7.698000000000000398e-01
-7.901000000000000245e-01
6.197000000000000286e-01
8.559999999999999554e-02
4.570000000000000173e-01
3.086999999999999744e-01
-7.205000000000000293e-01
-1.393999999999999961e-01
6.356000000000000538e-01
-7.704999999999999627e-01
4.353000000000000203e-01
8.467000000000000082e-01
-4.052000000000000046e-01
-5.258000000000000451e-01
9.048000000000000487e-01
-2.727999999999999869e-01
8.145000000000000018e-01
-2.310999999999999999e-01
3.693000000000000171e-01
6.530000000000000249e-01
4.019999999999999962e-02
2.452000000000000013e-01
-9.546000000000000041e-01
7.000000000000000666e-02
3.634000000000000008e-01
8.365000000000000213e-01
3.089000000000000079e-01
3.963999999999999746e-01
-8.820000000000000062e-02
3.839999999999999664e-02
1.313999999999999890e-01
2.639000000000000234e-01
8.629999999999999893e-01
-9.654000000000000359e-01
2.740000000000000213e-01
6.206000000000000405e-01
-6.369000000000000217e-01
6.261999999999999789e-01
3.649999999999999911e-01
-3.518000000000000016e-01
-7.566000000000000503e-01
4.782000000000000139e-01
2.888000000000000012e-01
-4.636000000000000121e-01
7.097999999999999865e-01
4.646000000000000130e-01
7.770000000000000517e-02
-4.057000000000000051e-01
-6.280000000000000027e-01
-9.472000000000000419e-01
2.765000000000000235e-01
-8.909999999999999865e-02
-1.378999999999999948e-01
-6.787999999999999590e-01
-3.352999999999999869e-01
-1.024000000000000049e-01
8.856000000000000538e-01
-5.729999999999999538e-01
-9.679999999999999716e-01
3.557000000000000162e-01
-8.156999999999999806e-01
6.763000000000000123e-01
3.523999999999999910e-01
9.160000000000000087e-02
8.041000000000000369e-01
5.530000000000000471e-01
2.888000000000000012e-01
8.270999999999999464e-01
-7.262999999999999456e-01
7.355000000000000426e-01
3.546000000000000263e-01
9.936000000000000387e-01
-2.048999999999999988e-01
-2.389000000000000012e-01
3.195999999999999952e-01
-3.860000000000000236e-02
4.633999999999999786e-01
-4.752000000000000113e-01
-3.825000000000000067e-01
7.140999999999999570e-01
-3.780000000000000027e-01
1.219999999999999973e-01
-5.773000000000000353e-01
6.298000000000000265e-01
2.766000000000000125e-01
1.590000000000000024e-01
4.314999999999999947e-01
7.670000000000000151e-01
1.004000000000000031e-01
-8.087999999999999634e-01
-1.262999999999999956e-01
-3.711999999999999744e-01
3.659000000000000030e-01
5.731000000000000538e-01
-4.961999999999999744e-01
-9.193999999999999950e-01
2.513000000000000234e-01
-8.174000000000000155e-01
-7.854999999999999760e-01
1.300000000000000044e-01
6.017000000000000126e-01
7.376000000000000334e-01
-2.641000000000000014e-01
7.482999999999999652e-01
6.131999999999999673e-01
9.203000000000000069e-01
8.751999999999999780e-01
-1.607000000000000095e-01
2.782999999999999918e-01
-5.111999999999999877e-01
-5.794000000000000261e-01
6.740000000000000435e-01
7.826999999999999513e-01
1.768000000000000127e-01
6.211999999999999744e-01
-4.404000000000000137e-01
3.160999999999999921e-01
4.425000000000000044e-01
-3.623000000000000109e-01
-7.811000000000000165e-01
2.861000000000000210e-01
-4.307000000000000273e-01
-9.990000000000000269e-02
5.596999999999999753e-01
2.285000000000000087e-01
-5.006000000000000449e-01
-7.374000000000000554e-01
3.753000000000000225e-01
-5.373999999999999888e-01
-9.085999999999999632e-01
-5.012999999999999678e-01
-3.528000000000000025e-01
-6.768999999999999462e-01
-7.270000000000000073e-02
2.576999999999999846e-01
-6.432999999999999829e-01
5.511000000000000343e-01
-4.520000000000000129e-01
-5.432000000000000162e-01
-5.571000000000000396e-01
-8.565000000000000391e-01
2.787000000000000033e-01
6.596999999999999531e-01
-2.008999999999999952e-01
-4.128000000000000003e-01
9.034999999999999698e-01
-1.489000000000000046e-01
-1.854000000000000092e-01
-1.700000000000000122e-01
7.381999999999999673e-01
-1.970999999999999974e-01
-9.080000000000000293e-01
6.462999999999999856e-01
-3.130000000000000004e-01
3.810999999999999943e-01
-4.760000000000000342e-02
8.478999999999999870e-01
4.748999999999999888e-01
4.853000000000000091e-01
7.945999999999999730e-01
-6.210000000000000242e-02
7.188999999999999835e-01
2.592999999999999750e-01
4.339000000000000079e-01
-2.449999999999999956e-01
2.600999999999999979e-01
1.189999999999999947e-01
7.096000000000000085e-01
-9.310000000000000220e-02
8.586000000000000298e-01
-1.496000000000000107e-01
-7.544999999999999485e-01
-3.261999999999999900e-01
8.627000000000000224e-01
9.967000000000000304e-01
-9.049000000000000377e-01
-2.599999999999999881e-03
6.228000000000000203e-01
1.390000000000000124e-01
-7.237999999999999989e-01
-8.690000000000000502e-02
1.140000000000000041e-02
-8.214000000000000190e-01
-2.672999999999999821e-01
-6.925000000000000044e-01
9.520999999999999464e-01
-6.088999999999999968e-01
4.467999999999999750e-01
7.278000000000000025e-01
-6.090000000000000274e-02
