8.789000000000000146e-01
-5.860999999999999543e-01
8.380999999999999561e-01
-6.208000000000000185e-01
-7.100999999999999535e-01
2.995999999999999774e-01
7.989999999999999880e-02
-1.466999999999999971e-01
-3.870000000000000107e-01
-5.830999999999999517e-01
2.939999999999999836e-01
-7.033000000000000362e-01
-7.245000000000000329e-01
-9.179000000000000492e-01
9.690000000000000002e-02
1.741999999999999937e-01
1.645999999999999963e-01
-5.897999999999999909e-01
4.551999999999999935e-01
2.399999999999999790e-03
4.009999999999999676e-02
8.030000000000000471e-01
4.186000000000000276e-01
-9.277999999999999581e-01
8.509999999999999787e-01
-1.908999999999999864e-01
-4.359999999999999987e-01
6.786999999999999700e-01
-7.770000000000000517e-02
9.400000000000000369e-03
4.596999999999999975e-01
-6.932000000000000384e-01
-2.051999999999999935e-01
-2.487000000000000044e-01
8.260999999999999455e-01
-4.209999999999999853e-01
-9.956000000000000405e-01
-6.641000000000000236e-01
7.470999999999999863e-01
2.796000000000000152e-01
-5.844000000000000306e-01
6.734999999999999876e-01
-6.239999999999999714e-02
-2.545999999999999930e-01
5.897000000000000020e-01
2.716999999999999971e-01
3.740999999999999881e-01
-4.380999999999999894e-01
-6.400000000000000307e-03
-5.716999999999999860e-01
-2.079999999999999905e-02
-3.680999999999999828e-01
2.051000000000000045e-01
-1.675000000000000100e-01
-1.074999999999999983e-01
-1.209999999999999964e-01
8.202000000000000401e-01
-7.633999999999999675e-01
4.530000000000000138e-01
7.899000000000000465e-01
-2.383000000000000118e-01
-1.620999999999999941e-01
-7.592999999999999750e-01
-6.558000000000000496e-01
-3.316000000000000059e-01
6.659000000000000474e-01
8.779000000000000137e-01
-1.539000000000000090e-01
7.705999999999999517e-01
3.624999999999999889e-01
1.810000000000000150e-02
-1.867000000000000048e-01
4.162000000000000144e-01
9.847000000000000197e-01
4.414000000000000146e-01
4.610000000000000209e-02
7.164000000000000368e-01
9.870999999999999774e-01
-6.591000000000000192e-01
1.519000000000000072e-01
-7.086999999999999966e-01
-1.000000000000000021e-03
7.201999999999999513e-01
-8.992999999999999883e-01
-6.973000000000000309e-01
4.153999999999999915e-01
-4.576000000000000068e-01
-4.070000000000000007e-02
-7.319999999999999840e-01
9.791999999999999593e-01
-7.954999999999999849e-01
2.214000000000000135e-01
7.307000000000000162e-01
5.041999999999999815e-01
7.782000000000000028e-01
-1.706999999999999906e-01
-7.258000000000000007e-01
9.465000000000000080e-01
-9.673000000000000487e-01
-6.624999999999999778e-01
8.010000000000000453e-01
-2.832999999999999963e-01
1.323999999999999899e-01
-8.071000000000000396e-01
7.710000000000000187e-02
-9.237999999999999545e-01
3.125000000000000000e-01
-5.142999999999999794e-01
7.504999999999999449e-01
5.601000000000000423e-01
-8.467000000000000082e-01
-4.939999999999999947e-01
8.912999999999999812e-01
-4.051000000000000156e-01
-8.546000000000000263e-01
-3.870000000000000107e-01
6.742000000000000215e-01
-9.740000000000000047e-02
3.608999999999999986e-01
-5.111999999999999877e-01
9.098000000000000531e-01
-5.465999999999999748e-01
6.236000000000000432e-01
8.209999999999999520e-01
8.577000000000000179e-01
4.272000000000000242e-01
-7.975999999999999757e-01
-4.445000000000000062e-01
1.391999999999999904e-01
-6.544999999999999707e-01
-6.732000000000000206e-01
-6.157000000000000250e-01
4.611000000000000099e-01
-6.719999999999999585e-02
-3.816999999999999837e-01
3.151999999999999802e-01
-9.525000000000000133e-01
8.860999999999999988e-01
-2.459000000000000075e-01
-6.002999999999999448e-01
-3.562000000000000166e-01
4.899000000000000021e-01
-6.544999999999999707e-01
-8.881999999999999895e-01
5.855000000000000204e-01
2.401000000000000079e-01
9.635000000000000231e-01
6.124000000000000554e-01
-1.204999999999999960e-01
-6.719999999999999585e-02
9.552000000000000490e-01
-2.240000000000000047e-01
-1.738999999999999990e-01
6.379999999999999560e-02
-2.001000000000000001e-01
7.190999999999999615e-01
5.988999999999999879e-01
-6.171999999999999709e-01
1.937000000000000111e-01
-3.578000000000000069e-01
1.269999999999999948e-02
-4.758999999999999897e-01
-6.512999999999999901e-01
3.620999999999999774e-01
7.158999999999999808e-01
1.776000000000000079e-01
-7.979000000000000536e-01
-3.926000000000000045e-01
3.573000000000000065e-01
-1.642000000000000126e-01
-9.249000000000000554e-01
-8.426000000000000156e-01
8.070000000000000506e-01
-4.082999999999999963e-01
5.853000000000000425e-01
-5.178000000000000380e-01
-1.658999999999999919e-01
6.662000000000000144e-01
-1.376999999999999891e-01
4.114999999999999769e-01
-3.599999999999999728e-02
-8.208999999999999631e-01
-4.015000000000000235e-01
-6.669999999999999540e-02
1.024999999999999939e-01
-1.459000000000000019e-01
-9.267999999999999572e-01
-4.852000000000000202e-01
-2.538000000000000256e-01
-5.961999999999999522e-01
-5.555999999999999828e-01
5.697999999999999732e-01
9.785000000000000364e-01
-8.756000000000000449e-01
4.000000000000000083e-02
5.757999999999999785e-01
-6.751000000000000334e-01
-9.684000000000000385e-01
-6.905999999999999917e-01
7.236000000000000210e-01
-8.748000000000000220e-01
4.783999999999999919e-01
-8.548999999999999932e-01
-8.531999999999999584e-01
7.637000000000000455e-01
1.875999999999999890e-01
9.520999999999999464e-01
5.364999999999999769e-01
-2.475999999999999868e-01
-8.047999999999999599e-01
