-1.660999999999999976e-01
-4.754999999999999782e-01
-4.133000000000000007e-01
7.879999999999999505e-02
3.219999999999999946e-02
5.617999999999999661e-01
3.683000000000000163e-01
6.716999999999999638e-01
-6.763000000000000123e-01
-1.290000000000000036e-01
5.142999999999999794e-01
-7.349999999999999867e-01
3.533999999999999919e-01
7.613999999999999657e-01
5.907999999999999918e-01
9.687000000000000055e-01
9.929000000000000048e-01
-5.172999999999999821e-01
-2.346000000000000030e-01
5.108000000000000318e-01
-4.619999999999999801e-02
-9.223000000000000087e-01
-2.973000000000000087e-01
6.694999999999999840e-01
3.704000000000000070e-01
8.822999999999999732e-01
-5.868999999999999773e-01
-4.610000000000000209e-01
-2.989999999999999880e-01
-1.115000000000000019e-01
8.469999999999999751e-02
3.259999999999999704e-02
8.249999999999999556e-01
-9.230000000000000426e-01
-1.947000000000000119e-01
6.116000000000000325e-01
4.590000000000000191e-01
-1.482999999999999874e-01
3.846999999999999864e-01
-2.700000000000000178e-01
7.865999999999999659e-01
-2.071999999999999953e-01
-3.548000000000000043e-01
1.342000000000000137e-01
5.685999999999999943e-01
-5.210000000000000187e-01
-9.460000000000000353e-02
7.105000000000000204e-01
-9.171000000000000263e-01
-4.526000000000000023e-01
1.796000000000000096e-01
-9.645000000000000240e-01
-4.530000000000000138e-01
-6.973000000000000309e-01
1.222000000000000031e-01
5.541000000000000369e-01
6.892000000000000348e-01
-8.362000000000000544e-01
-5.997999999999999998e-01
2.446000000000000119e-01
-2.209000000000000130e-01
-4.708999999999999853e-01
3.714000000000000079e-01
3.551000000000000267e-01
4.710000000000000298e-02
7.060999999999999499e-01
-1.580000000000000016e-01
-7.470999999999999863e-01
-4.940999999999999837e-01
-1.325000000000000067e-01
-8.420999999999999597e-01
-2.947000000000000175e-01
4.638999999999999790e-01
-3.187999999999999723e-01
-4.849999999999999867e-01
1.756999999999999951e-01
-9.435000000000000053e-01
-9.416999999999999815e-01
-4.303000000000000158e-01
-4.103999999999999870e-01
6.854999999999999982e-01
9.890999999999999792e-01
5.584999999999999964e-01
4.975999999999999868e-01
-5.652000000000000357e-01
4.918000000000000149e-01
-2.973000000000000087e-01
-7.456000000000000405e-01
-2.068000000000000116e-01
9.965000000000000524e-01
1.353999999999999926e-01
-2.594000000000000195e-01
-5.913000000000000478e-01
-1.287000000000000088e-01
-7.046000000000000041e-01
-5.366999999999999549e-01
2.792000000000000037e-01
2.414999999999999925e-01
8.861999999999999877e-01
-9.610999999999999543e-01
6.489999999999999936e-02
7.106000000000000094e-01
6.051999999999999602e-01
7.177999999999999936e-01
3.210000000000000075e-01
-6.401999999999999913e-01
2.225000000000000033e-01
2.687999999999999834e-01
5.203999999999999737e-01
1.542000000000000037e-01
4.097000000000000086e-01
8.307999999999999829e-01
-7.712999999999999856e-01
-7.337000000000000188e-01
5.214999999999999636e-01
8.999999999999999754e-04
5.070999999999999952e-01
-7.183000000000000496e-01
-6.526999999999999469e-01
2.802999999999999936e-01
3.755000000000000004e-01
8.292000000000000481e-01
4.124999999999999778e-01
9.157999999999999474e-01
-6.828999999999999515e-01
7.320000000000000118e-02
9.716000000000000192e-01
2.391999999999999960e-01
-9.848999999999999977e-01
-2.086999999999999966e-01
7.237000000000000099e-01
3.664000000000000035e-01
-3.017000000000000237e-01
-8.840999999999999970e-01
2.746000000000000107e-01
5.290000000000000258e-02
2.775000000000000244e-01
-3.388999999999999790e-01
-6.331999999999999851e-01
-5.362000000000000099e-01
-4.097000000000000086e-01
-4.294999999999999929e-01
9.829999999999999849e-01
2.973999999999999977e-01
-7.328000000000000069e-01
5.613000000000000211e-01
-6.352999999999999758e-01
3.612000000000000210e-01
6.360000000000000098e-01
8.999000000000000332e-01
-3.070000000000000159e-02
9.677000000000000046e-01
5.252000000000000002e-01
-8.816000000000000503e-01
5.219000000000000306e-01
7.895999999999999686e-01
7.812000000000000055e-01
6.494999999999999662e-01
4.509000000000000230e-01
1.585999999999999910e-01
-6.162999999999999590e-01
-4.738999999999999879e-01
-9.485999999999999988e-01
-7.772999999999999909e-01
3.894000000000000239e-01
1.613999999999999879e-01
4.858000000000000096e-01
-5.223999999999999755e-01
7.361999999999999655e-01
2.311999999999999889e-01
9.694000000000000394e-01
-6.331999999999999851e-01
9.046999999999999487e-01
-4.928000000000000158e-01
1.501000000000000112e-01
-1.741000000000000048e-01
3.926999999999999935e-01
2.482999999999999929e-01
-8.300000000000000086e-03
-9.340000000000000524e-01
2.472999999999999921e-01
-3.513999999999999901e-01
-2.374999999999999889e-01
-6.805999999999999828e-01
-7.406000000000000361e-01
2.273999999999999910e-01
-5.170000000000000151e-01
9.950000000000000511e-02
2.554000000000000159e-01
-4.470000000000000084e-01
-6.900000000000000577e-02
8.205999999999999961e-01
5.056000000000000494e-01
6.699000000000000510e-01
7.480999999999999872e-01
-1.955999999999999961e-01
6.901000000000000467e-01
-6.089999999999999858e-01
-1.074999999999999983e-01
4.817000000000000171e-01
9.029000000000000359e-01
8.811999999999999833e-01
-7.090000000000000469e-02
-5.120000000000000107e-01
-2.074000000000000010e-01
6.943000000000000282e-01
-9.940999999999999837e-01
3.490000000000000047e-02
3.490000000000000047e-02
5.776999999999999913e-01
