-9.759999999999999787e-01
-7.135000000000000231e-01
1.870000000000000134e-02
-7.026000000000000023e-01
-2.039999999999999869e-01
6.202999999999999625e-01
4.501000000000000001e-01
5.137000000000000455e-01
-7.996999999999999664e-01
-1.789999999999999925e-02
2.278000000000000025e-01
-3.491000000000000214e-01
-1.761999999999999955e-01
-6.651000000000000245e-01
-1.963000000000000023e-01
5.459000000000000519e-01
8.780999999999999917e-01
2.326999999999999902e-01
-7.115000000000000213e-01
7.355000000000000426e-01
-1.280999999999999917e-01
8.169999999999999485e-01
5.099999999999999672e-02
-5.060000000000000053e-01
2.736000000000000099e-01
-5.760999999999999455e-01
4.657999999999999918e-01
5.100000000000000366e-03
8.796000000000000485e-01
8.794999999999999485e-01
9.312000000000000277e-01
6.669000000000000483e-01
3.415000000000000258e-01
-9.792999999999999483e-01
6.754000000000000004e-01
-4.370999999999999885e-01
8.584000000000000519e-01
-4.512999999999999790e-01
6.198000000000000176e-01
-5.979999999999999760e-01
-4.522999999999999798e-01
1.658000000000000029e-01
2.817000000000000060e-01
-1.223000000000000059e-01
2.540999999999999925e-01
-2.545000000000000040e-01
-4.568999999999999728e-01
2.472000000000000031e-01
-2.717999999999999861e-01
-2.230000000000000038e-02
6.641000000000000236e-01
-4.792000000000000148e-01
-4.469999999999999668e-02
-7.554999999999999494e-01
4.208000000000000074e-01
-8.591999999999999638e-01
-8.214000000000000190e-01
3.487000000000000099e-01
5.363999999999999879e-01
-9.338999999999999524e-01
-5.383000000000000007e-01
4.132000000000000117e-01
8.222000000000000419e-01
-2.731000000000000094e-01
7.789999999999999702e-02
-4.400000000000000265e-03
2.442999999999999894e-01
6.443999999999999728e-01
-4.294000000000000039e-01
4.561000000000000054e-01
-5.436999999999999611e-01
-1.014000000000000040e-01
-6.602000000000000091e-01
-9.071000000000000174e-01
-8.381999999999999451e-01
-4.335999999999999854e-01
-2.934999999999999831e-01
-2.800000000000000058e-02
3.148000000000000242e-01
-3.549999999999999822e-01
4.839999999999999858e-02
-2.371000000000000052e-01
3.221999999999999864e-01
8.283000000000000362e-01
6.977999999999999758e-01
-2.738999999999999768e-01
-8.101000000000000423e-01
-7.299999999999999545e-02
3.716999999999999749e-01
8.069999999999999396e-02
-5.917999999999999927e-01
-7.285000000000000364e-01
2.016000000000000014e-01
-7.430000000000000493e-02
-3.801999999999999824e-01
8.934999999999999609e-01
1.766000000000000070e-01
8.639999999999999902e-01
-2.239999999999999977e-02
8.097999999999999643e-01
5.369999999999999774e-02
6.834999999999999964e-01
-2.364999999999999880e-01
9.804000000000000492e-01
-5.484999999999999876e-01
9.080000000000000571e-02
8.930000000000000437e-02
1.937000000000000111e-01
9.858999999999999986e-01
6.652000000000000135e-01
4.743999999999999884e-01
8.064999999999999947e-01
8.292000000000000481e-01
-7.337000000000000188e-01
4.870000000000000023e-02
-9.065999999999999615e-01
8.861999999999999877e-01
-4.601000000000000090e-01
9.507999999999999785e-01
4.953000000000000180e-01
-2.182000000000000051e-01
-4.934000000000000052e-01
2.599000000000000199e-01
-3.350000000000000200e-02
4.457999999999999741e-01
-3.432999999999999940e-01
-2.747999999999999887e-01
-1.350000000000000089e-01
-5.308000000000000496e-01
-5.082999999999999741e-01
-6.484999999999999654e-01
-9.105999999999999650e-01
2.651000000000000023e-01
-5.376999999999999558e-01
-8.827000000000000401e-01
-3.054999999999999938e-01
-1.001999999999999974e-01
5.840999999999999526e-01
-1.580999999999999905e-01
-4.950000000000000233e-02
8.057999999999999607e-01
5.000999999999999890e-01
-7.023000000000000353e-01
-3.654000000000000026e-01
-7.086999999999999966e-01
6.067000000000000171e-01
-7.204000000000000403e-01
-6.695999999999999730e-01
6.801000000000000378e-01
-4.499000000000000221e-01
-2.122999999999999887e-01
6.085000000000000409e-01
-8.161000000000000476e-01
-4.334000000000000075e-01
-9.066999999999999504e-01
-6.561000000000000165e-01
8.026999999999999691e-01
-1.207000000000000017e-01
8.478999999999999870e-01
-9.150000000000000355e-01
3.044000000000000039e-01
4.894000000000000017e-01
-7.054000000000000270e-01
-7.128999999999999782e-01
8.659000000000000030e-01
-9.650000000000000244e-02
-3.775999999999999912e-01
-4.341999999999999749e-01
-7.047999999999999821e-01
-3.805000000000000049e-01
-6.608000000000000540e-01
-1.423000000000000098e-01
-1.260999999999999899e-01
-6.168000000000000149e-01
8.837000000000000410e-01
5.163999999999999702e-01
-5.530000000000000193e-02
-7.082000000000000517e-01
2.230000000000000038e-02
9.576000000000000068e-01
-1.630999999999999950e-01
7.997999999999999554e-01
-8.019999999999999352e-02
-9.679999999999999716e-02
2.828999999999999848e-01
1.019999999999999934e-01
-8.827000000000000401e-01
4.825999999999999734e-01
3.691999999999999726e-01
-7.391999999999999682e-01
3.094000000000000083e-01
-6.413999999999999702e-01
4.067999999999999949e-01
-2.006000000000000005e-01
-8.233000000000000318e-01
7.278000000000000025e-01
-5.616999999999999771e-01
-8.552999999999999492e-01
9.550999999999999490e-01
-2.121000000000000107e-01
6.229000000000000092e-01
-2.296999999999999875e-01
9.263000000000000123e-01
8.417999999999999927e-01
-6.669999999999999540e-02
-4.009999999999999676e-02
1.005999999999999950e-01
2.316999999999999893e-01
-6.915999999999999925e-01
-6.274999999999999467e-01
