9.053999999999999826e-01
3.743000000000000216e-01
2.419999999999999929e-01
-2.310999999999999999e-01
4.515000000000000124e-01
-9.477999999999999758e-01
-9.842999999999999527e-01
4.835999999999999743e-01
-7.400000000000000328e-03
6.818999999999999506e-01
-6.726999999999999647e-01
-5.645999999999999908e-01
9.889999999999999902e-01
-5.770999999999999464e-01
5.759999999999999842e-02
-7.542999999999999705e-01
-3.658000000000000140e-01
-6.159999999999999920e-01
3.019999999999999907e-01
-5.020999999999999908e-01
-5.010000000000000009e-01
-7.882000000000000117e-01
-2.258999999999999897e-01
7.883999999999999897e-01
1.028000000000000025e-01
5.184999999999999609e-01
-7.012000000000000455e-01
9.247999999999999554e-01
-8.021000000000000352e-01
-8.374000000000000332e-01
-5.442000000000000171e-01
3.285000000000000142e-01
6.400000000000000133e-01
-3.119999999999999996e-01
-2.844999999999999751e-01
-5.857999999999999874e-01
-8.293000000000000371e-01
-6.804999999999999938e-01
-8.388999999999999790e-01
2.985999999999999766e-01
5.043999999999999595e-01
6.300000000000000044e-02
9.185999999999999721e-01
-3.309000000000000274e-01
2.421999999999999986e-01
-9.636000000000000121e-01
-3.420000000000000123e-02
-8.834999999999999520e-01
-9.073999999999999844e-01
-2.908999999999999919e-01
5.253999999999999782e-01
-7.479999999999999982e-01
-1.640000000000000069e-01
3.921000000000000041e-01
2.141000000000000125e-01
9.867000000000000215e-01
2.489999999999999852e-02
-7.339999999999999858e-01
-3.282999999999999807e-01
-5.939999999999999725e-01
-1.363000000000000045e-01
-6.136000000000000343e-01
3.029999999999999916e-01
1.146999999999999964e-01
3.373999999999999777e-01
-3.204000000000000181e-01
-2.174999999999999989e-01
8.550999999999999712e-01
-2.020000000000000129e-01
9.491000000000000547e-01
4.240999999999999770e-01
8.816000000000000503e-01
9.153999999999999915e-01
-3.389999999999999958e-02
2.664000000000000257e-01
2.060000000000000026e-02
-3.680999999999999828e-01
-4.274999999999999911e-01
-5.570000000000000506e-01
4.769999999999999934e-02
-2.489999999999999991e-01
-6.885000000000000009e-01
-9.890999999999999792e-01
-1.912999999999999978e-01
9.336999999999999744e-01
-5.320000000000000284e-01
1.050000000000000065e-02
-5.755000000000000115e-01
9.001000000000000112e-01
-5.109999999999999959e-02
4.661000000000000143e-01
-7.421999999999999709e-01
-9.694000000000000394e-01
6.155000000000000471e-01
4.815999999999999726e-01
-8.682999999999999607e-01
-5.390000000000000346e-02
5.140000000000000124e-02
1.930000000000000118e-02
2.295000000000000095e-01
-6.693000000000000060e-01
-4.560000000000000164e-01
3.688000000000000167e-01
8.413000000000000478e-01
-3.037000000000000255e-01
-1.948000000000000009e-01
4.070000000000000007e-02
4.051000000000000156e-01
-7.116000000000000103e-01
2.000000000000000096e-04
-2.160999999999999865e-01
9.300000000000000488e-01
-5.294999999999999707e-01
2.369999999999999885e-02
-6.246000000000000441e-01
9.862999999999999545e-01
-7.489999999999999436e-02
7.294000000000000483e-01
-9.660999999999999588e-01
-6.521000000000000130e-01
-6.610000000000000320e-01
7.979000000000000536e-01
-4.694999999999999729e-01
2.076999999999999957e-01
6.034000000000000474e-01
5.054999999999999494e-01
3.733000000000000207e-01
5.506999999999999673e-01
8.285000000000000142e-01
-8.597000000000000197e-01
2.358000000000000096e-01
4.864999999999999880e-01
-2.174000000000000099e-01
9.919000000000000039e-01
5.220000000000000334e-02
4.939999999999999947e-01
-7.520000000000000018e-01
3.700000000000000164e-03
-1.454000000000000015e-01
-3.799999999999999992e-03
7.066000000000000059e-01
2.093000000000000138e-01
-2.074000000000000010e-01
-9.693000000000000504e-01
3.442000000000000060e-01
1.690000000000000113e-01
3.790000000000000036e-01
4.778000000000000025e-01
-1.789999999999999925e-02
9.320000000000000506e-02
6.310000000000000331e-02
1.459000000000000019e-01
4.007999999999999896e-01
5.439000000000000501e-01
1.760000000000000106e-02
8.689999999999999947e-01
-2.540000000000000036e-01
6.592999999999999972e-01
5.010000000000000009e-01
1.006999999999999978e-01
-2.904999999999999805e-01
6.009999999999999787e-01
2.160000000000000114e-02
7.495000000000000551e-01
-6.351999999999999869e-01
-5.199000000000000288e-01
1.885000000000000009e-01
9.145999999999999686e-01
-5.090000000000000080e-02
5.444999999999999840e-01
7.819000000000000394e-01
-6.529999999999999694e-02
7.340000000000000691e-02
-6.765999999999999792e-01
5.004999999999999449e-01
-8.060000000000000497e-01
4.884000000000000008e-01
3.618000000000000105e-01
-8.746000000000000441e-01
-2.106999999999999984e-01
-6.431999999999999940e-01
-7.812999999999999945e-01
-6.226000000000000423e-01
-4.899000000000000021e-01
-3.800999999999999934e-01
-5.664000000000000146e-01
2.071000000000000063e-01
4.963000000000000189e-01
5.940000000000000141e-02
8.951000000000000068e-01
-6.340999999999999970e-01
5.739999999999999963e-02
-1.943000000000000005e-01
4.148999999999999910e-01
4.747999999999999998e-01
-6.766999999999999682e-01
5.645000000000000018e-01
-9.135999999999999677e-01
-9.955000000000000515e-01
9.222000000000000197e-01
8.728000000000000203e-01
6.025000000000000355e-01
-9.827000000000000179e-01
8.999000000000000332e-01
-1.549000000000000099e-01
-1.292000000000000093e-01
2.893000000000000016e-01
1.779999999999999916e-01
-6.090999999999999748e-01
3.099000000000000088e-01
