6.267000000000000348e-01
5.160000000000000003e-02
5.161999999999999922e-01
8.719999999999999973e-01
-1.559999999999999928e-02
-8.176999999999999824e-01
4.000000000000000222e-01
-3.290000000000000147e-01
2.685000000000000164e-01
1.771000000000000074e-01
9.816000000000000281e-01
-3.413999999999999813e-01
-8.244000000000000217e-01
-2.288999999999999924e-01
-4.046000000000000152e-01
6.260000000000000286e-02
-4.289999999999999925e-01
7.637000000000000455e-01
5.918999999999999817e-01
7.336000000000000298e-01
-1.411000000000000032e-01
8.473000000000000531e-01
-9.340000000000000524e-01
-6.990000000000000380e-02
8.719000000000000083e-01
-6.451999999999999957e-01
1.648000000000000020e-01
1.158000000000000002e-01
-5.767999999999999794e-01
6.965999999999999970e-01
4.411999999999999811e-01
1.860999999999999877e-01
9.095999999999999641e-01
2.615000000000000102e-01
7.420000000000000207e-02
-9.680999999999999606e-01
-3.709999999999999964e-01
-2.346999999999999920e-01
-1.359999999999999924e-02
1.776999999999999968e-01
-7.387000000000000233e-01
8.093000000000000194e-01
4.949999999999999956e-01
3.348999999999999755e-01
-9.587999999999999856e-01
3.930000000000000160e-02
-6.814999999999999947e-01
1.710000000000000131e-01
-9.910999999999999810e-01
5.784000000000000252e-01
-7.799999999999999642e-03
2.170000000000000054e-02
-4.038999999999999813e-01
3.306999999999999940e-01
-5.300000000000000266e-01
-1.917000000000000093e-01
5.482000000000000206e-01
6.302999999999999714e-01
-2.204000000000000126e-01
-3.860000000000000236e-02
4.932000000000000273e-01
-1.816000000000000114e-01
-8.983999999999999764e-01
-8.356999999999999984e-01
1.130000000000000032e-01
-7.969000000000000528e-01
8.395000000000000240e-01
6.870000000000000551e-01
-9.320000000000000506e-02
-2.003000000000000058e-01
-4.162000000000000144e-01
-2.824999999999999734e-01
4.208999999999999964e-01
-3.449999999999999734e-01
8.319999999999999618e-02
8.425000000000000266e-01
-1.279000000000000137e-01
7.802000000000000046e-01
-6.916999999999999815e-01
8.126999999999999780e-01
-4.456999999999999851e-01
7.237999999999999989e-01
4.210999999999999743e-01
4.338000000000000189e-01
-1.829000000000000070e-01
4.040000000000000258e-01
-7.845999999999999641e-01
-4.157000000000000139e-01
-9.939000000000000057e-01
8.702999999999999625e-01
6.210999999999999854e-01
-2.132999999999999896e-01
-3.002000000000000224e-01
8.325000000000000178e-01
5.890999999999999570e-01
-4.490000000000000102e-01
3.894000000000000239e-01
1.370999999999999996e-01
-1.582000000000000073e-01
4.732000000000000095e-01
4.209999999999999853e-02
6.622999999999999998e-01
-5.745999999999999996e-01
5.400000000000000286e-03
3.426000000000000156e-01
1.461999999999999966e-01
2.237000000000000099e-01
-6.491999999999999993e-01
-2.194000000000000117e-01
1.363000000000000045e-01
-1.429999999999999882e-01
-4.687999999999999945e-01
8.287999999999999812e-01
-2.482000000000000040e-01
-8.105999999999999872e-01
6.225000000000000533e-01
9.806000000000000272e-01
2.215999999999999914e-01
-7.661000000000000032e-01
-3.947999999999999843e-01
9.291000000000000369e-01
9.926000000000000378e-01
1.378000000000000058e-01
9.130000000000000338e-01
2.359999999999999945e-02
-1.345000000000000084e-01
2.639999999999999986e-02
-1.288999999999999868e-01
-2.541999999999999815e-01
-1.100000000000000006e-01
-8.152000000000000357e-01
6.211999999999999744e-01
2.590999999999999970e-01
-2.812000000000000055e-01
2.906000000000000250e-01
-3.249000000000000221e-01
-1.023000000000000020e-01
6.752000000000000224e-01
-5.599999999999999943e-03
3.553000000000000047e-01
-4.693999999999999839e-01
4.849999999999999867e-01
8.324000000000000288e-01
-6.522999999999999909e-01
-1.244999999999999996e-01
6.940000000000000335e-02
-4.998000000000000220e-01
8.221000000000000529e-01
1.754000000000000004e-01
9.685000000000000275e-01
1.839000000000000079e-01
6.843000000000000194e-01
-3.967999999999999861e-01
2.089999999999999844e-02
-3.864000000000000212e-01
1.050000000000000065e-02
-5.100000000000000089e-01
6.411000000000000032e-01
4.255999999999999783e-01
-5.205999999999999517e-01
7.148999999999999799e-01
5.110999999999999988e-01
7.417000000000000259e-01
-9.193999999999999950e-01
4.121000000000000218e-01
8.466000000000000192e-01
-6.659000000000000474e-01
8.630999999999999783e-01
-4.334999999999999964e-01
7.764999999999999680e-01
-4.048999999999999821e-01
-3.017000000000000237e-01
1.072000000000000036e-01
6.391000000000000014e-01
-7.829000000000000403e-01
-8.514000000000000457e-01
-7.879000000000000448e-01
2.612999999999999767e-01
4.329999999999999960e-01
5.215999999999999526e-01
-1.925999999999999934e-01
-4.228000000000000091e-01
-6.909999999999999476e-01
3.274000000000000243e-01
-1.335999999999999965e-01
-7.328000000000000069e-01
-2.419999999999999929e-02
-8.135000000000000009e-01
-7.717000000000000526e-01
-9.980999999999999872e-01
6.535999999999999588e-01
8.249999999999999556e-01
-1.375000000000000111e-01
9.523000000000000353e-01
5.101999999999999869e-01
-7.972000000000000197e-01
-5.029000000000000137e-01
7.610000000000000098e-02
4.373000000000000220e-01
9.663000000000000478e-01
-9.210000000000000409e-01
5.110000000000000098e-01
3.335000000000000187e-01
2.164999999999999980e-01
-8.826000000000000512e-01
-6.615999999999999659e-01
-1.592000000000000082e-01
-7.395000000000000462e-01
-2.866000000000000214e-01
3.904000000000000248e-01
