-5.940999999999999615e-01
-5.220000000000000334e-02
7.835999999999999632e-01
4.621000000000000107e-01
6.116000000000000325e-01
-1.322000000000000119e-01
-1.386999999999999900e-01
-1.643000000000000016e-01
5.426999999999999602e-01
-2.752999999999999892e-01
1.213000000000000050e-01
5.377999999999999448e-01
-9.590999999999999526e-01
-9.977000000000000313e-01
-5.291000000000000147e-01
4.091000000000000192e-01
4.274999999999999911e-01
5.020999999999999908e-01
1.653999999999999915e-01
2.398000000000000131e-01
6.469999999999999363e-02
5.302999999999999936e-01
9.966000000000000414e-01
-7.059999999999999609e-02
-1.139000000000000012e-01
