4.742000000000000104e-01
-3.695999999999999841e-01
-9.661999999999999478e-01
7.617000000000000437e-01
6.299000000000000155e-01
5.006000000000000449e-01
-3.285000000000000142e-01
-2.682999999999999829e-01
3.049999999999999933e-02
9.448999999999999622e-01
5.442000000000000171e-01
7.046999999999999931e-01
-2.259999999999999856e-02
4.163000000000000034e-01
-9.738999999999999879e-01
8.349999999999999645e-01
-5.341000000000000192e-01
-1.270999999999999908e-01
2.616999999999999882e-01
7.960000000000000409e-02
3.256999999999999895e-01
-5.826000000000000068e-01
3.432999999999999940e-01
4.449000000000000177e-01
1.867999999999999938e-01
