-3.618000000000000105e-01
4.400999999999999912e-01
1.799000000000000044e-01
-6.882000000000000339e-01
8.598000000000000087e-01
8.558999999999999941e-01
-8.760000000000000009e-01
6.124000000000000554e-01
9.831999999999999629e-01
-4.092999999999999972e-01
-2.001000000000000001e-01
6.310000000000000331e-02
2.766000000000000125e-01
-3.492000000000000104e-01
-7.900000000000000078e-02
-6.407000000000000473e-01
2.545999999999999930e-01
8.943999999999999728e-01
4.144999999999999796e-01
3.672000000000000264e-01
5.318000000000000504e-01
5.884000000000000341e-01
4.131000000000000227e-01
-9.349999999999999978e-02
9.193000000000000060e-01
