3.135999999999999899e-01
3.521000000000000241e-01
-1.346999999999999864e-01
9.596000000000000085e-01
-3.164000000000000146e-01
5.514000000000000012e-01
7.359999999999999876e-01
2.112999999999999878e-01
-7.019999999999999851e-02
7.398000000000000131e-01
7.722999999999999865e-01
2.200999999999999901e-01
-5.013999999999999568e-01
-7.105000000000000204e-01
7.370999999999999774e-01
-3.230999999999999983e-01
-7.779999999999999416e-02
-3.012000000000000233e-01
7.688000000000000389e-01
5.939999999999999725e-01
-9.003999999999999782e-01
-4.079999999999999738e-01
1.761000000000000065e-01
4.979000000000000092e-01
-3.493999999999999884e-01
