8.222000000000000419e-01
-9.875000000000000444e-01
3.084000000000000075e-01
-7.610999999999999988e-01
9.864000000000000545e-01
6.019999999999999657e-02
-2.227000000000000091e-01
5.463999999999999968e-01
5.426999999999999602e-01
-3.976999999999999980e-01
8.590999999999999748e-01
-9.765000000000000346e-01
7.210999999999999632e-01
-7.625999999999999446e-01
7.027999999999999803e-01
9.698999999999999844e-01
7.435000000000000497e-01
-2.472000000000000031e-01
-4.920999999999999819e-01
8.152000000000000357e-01
-6.377000000000000446e-01
-3.739000000000000101e-01
-7.514999999999999458e-01
-1.270999999999999908e-01
8.796000000000000485e-01
