4.597999999999999865e-01
1.797999999999999876e-01
-5.369000000000000439e-01
-4.146000000000000241e-01
-3.280000000000000276e-02
-3.315000000000000169e-01
-6.700000000000000400e-02
-7.935999999999999721e-01
7.750000000000000222e-01
7.520999999999999908e-01
-5.475999999999999757e-01
-7.116000000000000103e-01
-9.859999999999999876e-01
-5.715999999999999970e-01
3.575999999999999734e-01
8.904999999999999583e-01
7.747000000000000552e-01
3.914000000000000257e-01
9.070000000000000284e-02
-8.659999999999999643e-02
-2.018999999999999961e-01
5.010000000000000009e-01
5.931999999999999496e-01
-8.430999999999999606e-01
1.531000000000000139e-01
