-6.248000000000000220e-01
-9.481000000000000538e-01
-9.747999999999999998e-01
-2.195000000000000007e-01
-4.057999999999999940e-01
-7.430000000000000493e-02
2.248999999999999888e-01
-4.955999999999999850e-01
9.597999999999999865e-01
9.788999999999999924e-01
-7.056000000000000050e-01
-1.620999999999999941e-01
5.608999999999999542e-01
-9.221000000000000307e-01
4.742999999999999994e-01
-5.037000000000000366e-01
-3.942999999999999838e-01
-9.627000000000000002e-01
7.510999999999999899e-01
-8.265000000000000124e-01
5.333999999999999853e-01
-8.196999999999999842e-01
1.176999999999999991e-01
7.261999999999999567e-01
-9.339999999999999691e-02
