-9.549999999999999600e-01
-9.698999999999999844e-01
-6.178000000000000158e-01
2.444000000000000061e-01
3.340000000000000191e-01
8.518999999999999906e-01
9.424000000000000155e-01
2.175999999999999879e-01
-3.158000000000000251e-01
-5.946000000000000174e-01
-6.132999999999999563e-01
6.809999999999999387e-02
8.140000000000000013e-02
-4.863000000000000100e-01
-4.989000000000000101e-01
-8.246999999999999886e-01
-3.754000000000000115e-01
-5.878999999999999782e-01
-5.917999999999999927e-01
-5.281000000000000139e-01
-7.413999999999999480e-01
-9.590999999999999526e-01
-2.534000000000000141e-01
9.237999999999999545e-01
2.018000000000000071e-01
