5.550000000000000072e-02
-2.733999999999999764e-01
5.923000000000000487e-01
-7.420999999999999819e-01
-9.100000000000000311e-01
6.697999999999999510e-01
-9.628999999999999782e-01
1.383999999999999952e-01
8.611999999999999655e-01
3.431000000000000161e-01
8.444000000000000394e-01
1.451000000000000068e-01
-8.401999999999999469e-01
9.455999999999999961e-01
-9.233000000000000096e-01
5.154999999999999583e-01
6.952000000000000401e-01
8.508000000000000007e-01
-6.514999999999999680e-01
-4.632000000000000006e-01
4.858000000000000096e-01
-6.844000000000000083e-01
-1.784999999999999920e-01
-8.518999999999999906e-01
-4.375999999999999890e-01
