-7.889999999999999791e-02
5.048000000000000265e-01
-9.498999999999999666e-01
-2.581999999999999851e-01
5.365999999999999659e-01
-7.903999999999999915e-01
8.423000000000000487e-01
2.338999999999999968e-01
-9.200000000000000400e-01
1.003000000000000003e-01
-5.495999999999999774e-01
4.566999999999999948e-01
1.822999999999999898e-01
-1.595999999999999919e-01
8.347999999999999865e-01
-2.869999999999999982e-02
-5.483999999999999986e-01
-8.617000000000000215e-01
2.477999999999999925e-01
6.894000000000000128e-01
8.717000000000000304e-01
-6.538000000000000478e-01
1.454999999999999905e-01
-4.773000000000000020e-01
-7.084000000000000297e-01
