-8.758000000000000229e-01
1.658000000000000029e-01
6.754000000000000004e-01
-6.629000000000000448e-01
-2.318999999999999950e-01
-7.808000000000000496e-01
-6.350000000000000089e-02
8.880000000000000115e-01
4.431999999999999829e-01
-6.911000000000000476e-01
-5.312999999999999945e-01
4.642999999999999905e-01
-5.223999999999999755e-01
-3.313999999999999724e-01
-9.306999999999999718e-01
-1.688000000000000056e-01
4.912000000000000255e-01
-2.690000000000000169e-01
-8.217999999999999750e-01
3.597000000000000197e-01
-1.428999999999999992e-01
5.082999999999999741e-01
-4.985999999999999877e-01
-9.239000000000000545e-01
-6.059999999999999831e-01
