9.812999999999999501e-01
1.121999999999999942e-01
7.198999999999999844e-01
8.682999999999999607e-01
-1.879000000000000115e-01
8.621999999999999664e-01
8.286000000000000032e-01
-2.227999999999999980e-01
8.350000000000000477e-02
-6.340000000000000080e-01
-6.578000000000000513e-01
-2.645000000000000129e-01
-9.655000000000000249e-01
7.995999999999999774e-01
-2.857999999999999985e-01
-3.336999999999999966e-01
-6.422999999999999821e-01
-5.635999999999999899e-01
-7.220000000000000029e-02
7.700000000000000247e-03
-6.999999999999999556e-01
5.904000000000000359e-01
1.282000000000000084e-01
1.612999999999999989e-01
5.179000000000000270e-01
