8.931000000000000050e-01
2.169000000000000095e-01
6.909999999999999476e-01
-2.245999999999999941e-01
2.519000000000000128e-01
6.399000000000000243e-01
6.850000000000000533e-02
-2.165999999999999870e-01
7.749999999999999944e-02
-1.905999999999999917e-01
-4.753999999999999893e-01
-2.792999999999999927e-01
5.190000000000000169e-02
1.449999999999999900e-01
-9.416999999999999815e-01
5.432000000000000162e-01
-9.558999999999999719e-01
-3.790999999999999925e-01
-4.880000000000000310e-02
-9.384000000000000119e-01
4.710000000000000298e-02
2.587999999999999745e-01
8.290999999999999481e-01
2.159999999999999976e-01
-4.328000000000000180e-01
