-7.247000000000000108e-01
3.820000000000000062e-01
-5.991999999999999549e-01
2.672999999999999821e-01
-1.831000000000000127e-01
-2.288999999999999924e-01
6.215000000000000524e-01
-9.847000000000000197e-01
-9.426999999999999824e-01
-6.328000000000000291e-01
-4.199999999999999845e-01
6.823000000000000176e-01
7.029999999999999583e-01
8.136999999999999789e-01
-2.670000000000000151e-02
-1.269999999999999948e-02
4.728999999999999870e-01
-5.842000000000000526e-01
4.660000000000000253e-01
5.301000000000000156e-01
-2.768999999999999795e-01
-1.376000000000000001e-01
2.891000000000000236e-01
4.386999999999999789e-01
-1.350999999999999979e-01
