-6.116000000000000325e-01
1.048000000000000043e-01
-9.368999999999999551e-01
-9.192000000000000171e-01
2.844999999999999751e-01
-9.969999999999999973e-01
-7.865999999999999659e-01
-7.583999999999999631e-01
6.898999999999999577e-01
-4.918000000000000149e-01
-9.826000000000000290e-01
1.006999999999999978e-01
4.435000000000000053e-01
2.409000000000000030e-01
6.370999999999999996e-01
-4.676000000000000156e-01
-7.858000000000000540e-01
-4.038999999999999813e-01
8.770000000000000018e-01
-2.574000000000000177e-01
-2.278000000000000025e-01
-2.601999999999999869e-01
-8.206999999999999851e-01
7.310999999999999721e-01
8.843999999999999639e-01
-7.959000000000000519e-01
5.648999999999999577e-01
-1.993000000000000049e-01
2.079999999999999905e-02
8.600999999999999757e-01
-6.933000000000000274e-01
-4.037000000000000033e-01
7.600999999999999979e-01
-9.209000000000000519e-01
-4.499999999999999660e-03
5.004999999999999449e-01
-9.829999999999999849e-01
1.615000000000000047e-01
4.885999999999999788e-01
4.375000000000000000e-01
9.599999999999999159e-03
3.104000000000000092e-01
7.124000000000000332e-01
-7.072000000000000508e-01
9.213000000000000078e-01
6.814999999999999947e-01
-4.203999999999999959e-01
-3.145999999999999908e-01
-5.688999999999999613e-01
3.916000000000000036e-01
-2.074999999999999900e-01
5.059999999999999915e-02
-8.851999999999999869e-01
-4.637999999999999901e-01
-2.126000000000000112e-01
-8.125000000000000000e-01
6.449000000000000288e-01
-7.398000000000000131e-01
9.074999999999999734e-01
5.304999999999999716e-01
-1.685999999999999999e-01
-8.064000000000000057e-01
8.329999999999999627e-01
1.761999999999999955e-01
-2.549999999999999836e-02
-1.423999999999999988e-01
-1.260000000000000009e-01
-9.264999999999999902e-01
5.766999999999999904e-01
-4.061000000000000165e-01
3.725999999999999868e-01
-2.308000000000000052e-01
7.560000000000000053e-02
3.240999999999999992e-01
3.111999999999999766e-01
2.656000000000000028e-01
3.409999999999999837e-02
3.820000000000000062e-01
3.155000000000000027e-01
-6.919999999999999485e-01
8.076999999999999735e-01
-4.379999999999999866e-02
7.042000000000000481e-01
4.683999999999999830e-01
-1.968000000000000027e-01
8.763999999999999568e-01
-5.998999999999999888e-01
-2.680000000000000160e-01
-8.185000000000000053e-01
-5.616999999999999771e-01
-9.375000000000000000e-01
9.510000000000000397e-02
7.580000000000000626e-02
-9.030000000000000526e-02
4.909999999999999920e-01
9.124999999999999778e-01
2.116000000000000103e-01
-6.280999999999999917e-01
5.000000000000000278e-02
4.782000000000000139e-01
2.873999999999999888e-01
-4.809999999999999692e-02
-4.298000000000000154e-01
5.981999999999999540e-01
2.467000000000000026e-01
-9.647000000000000020e-01
-4.092999999999999972e-01
-8.355000000000000204e-01
9.324000000000000066e-01
-5.539999999999999786e-02
-9.900000000000000813e-03
-3.437999999999999945e-01
-8.436000000000000165e-01
2.599999999999999881e-02
-1.900000000000000022e-01
-2.069999999999999965e-02
5.930999999999999606e-01
3.644999999999999907e-01
7.059999999999999609e-01
-3.970000000000000195e-01
-4.166000000000000258e-01
3.473999999999999866e-01
-8.530000000000000082e-02
-8.701999999999999735e-01
-8.962999999999999856e-01
5.018000000000000238e-01
9.669999999999999707e-01
-3.649000000000000021e-01
5.493000000000000105e-01
-9.600000000000000200e-02
7.979999999999999594e-02
-5.919999999999999707e-01
4.289000000000000035e-01
6.075000000000000400e-01
-1.320000000000000062e-01
6.389000000000000234e-01
-6.070999999999999730e-01
3.115999999999999881e-01
-5.444999999999999840e-01
3.099999999999999891e-03
-6.864000000000000101e-01
-6.898999999999999577e-01
1.366999999999999882e-01
-6.810000000000000497e-01
9.059999999999999998e-02
-3.761999999999999789e-01
8.560999999999999721e-01
-7.028999999999999693e-01
-4.461999999999999855e-01
8.304000000000000270e-01
1.892000000000000071e-01
-1.137999999999999984e-01
-8.669000000000000039e-01
-1.131999999999999951e-01
-6.387000000000000455e-01
-2.373999999999999999e-01
-6.619000000000000439e-01
-5.987999999999999989e-01
-5.381000000000000227e-01
8.610999999999999766e-01
2.720000000000000195e-01
9.693000000000000504e-01
-5.334999999999999742e-01
-5.656999999999999806e-01
3.420000000000000123e-02
7.245000000000000329e-01
-5.682000000000000384e-01
2.639999999999999986e-02
1.169000000000000039e-01
-5.760999999999999455e-01
-7.510999999999999899e-01
-8.924999999999999600e-01
3.420000000000000262e-01
-4.393000000000000238e-01
5.909999999999999976e-02
8.780999999999999917e-01
-6.160000000000000198e-02
6.508000000000000451e-01
-5.535999999999999810e-01
5.665999999999999925e-01
7.639999999999999569e-02
-7.473999999999999533e-01
-7.957999999999999519e-01
-1.169000000000000039e-01
2.510000000000000009e-01
-6.529000000000000359e-01
-5.543000000000000149e-01
-1.751999999999999946e-01
2.997000000000000219e-01
-5.276999999999999469e-01
4.929999999999999660e-02
4.712000000000000077e-01
3.946000000000000063e-01
-5.862000000000000544e-01
3.939999999999999752e-02
9.945000000000000506e-01
-5.486999999999999655e-01
-4.228999999999999981e-01
-6.384999999999999565e-01
6.645999999999999686e-01
-6.749000000000000554e-01
6.681000000000000272e-01
7.239999999999999769e-01
-2.671000000000000041e-01
1.728000000000000091e-01
8.184000000000000163e-01
-3.749000000000000110e-01
-6.380000000000000115e-01
2.129000000000000059e-01
-6.857999999999999652e-01
5.665000000000000036e-01
-9.163999999999999924e-01
7.422999999999999599e-01
-7.503999999999999559e-01
8.777000000000000357e-01
8.699999999999999400e-03
3.281999999999999917e-01
-8.217999999999999750e-01
-2.487000000000000044e-01
-7.932000000000000162e-01
5.360000000000000320e-01
-4.048999999999999821e-01
-1.998000000000000054e-01
2.253000000000000003e-01
2.117999999999999883e-01
-5.884000000000000341e-01
-3.029999999999999916e-01
5.203999999999999737e-01
-5.093999999999999639e-01
-9.638999999999999790e-01
9.395000000000000018e-01
3.224000000000000199e-01
-4.063999999999999835e-01
9.840999999999999748e-01
8.515000000000000346e-01
-4.240999999999999770e-01
-5.930999999999999606e-01
-9.851999999999999647e-01
6.693999999999999950e-01
3.584999999999999853e-01
3.343999999999999750e-01
-1.474000000000000032e-01
-8.178999999999999604e-01
8.673999999999999488e-01
-6.402999999999999803e-01
