9.923999999999999488e-01
-3.758000000000000229e-01
5.926000000000000156e-01
-2.610000000000000167e-02
-5.125999999999999446e-01
1.559999999999999998e-01
-2.500000000000000052e-03
-9.552000000000000490e-01
7.294000000000000483e-01
-8.653999999999999471e-01
-1.345999999999999974e-01
-2.545000000000000040e-01
-2.600000000000000089e-01
-2.293999999999999928e-01
-6.860000000000000542e-01
9.386999999999999789e-01
-6.774000000000000021e-01
5.349000000000000421e-01
6.390000000000000124e-01
-2.217000000000000082e-01
-1.635999999999999954e-01
3.494999999999999774e-01
4.676000000000000156e-01
-5.624000000000000110e-01
-2.333999999999999964e-01
7.409999999999999920e-01
6.919999999999999485e-01
-4.692000000000000060e-01
-2.101000000000000090e-01
8.752999999999999670e-01
-4.945999999999999841e-01
7.961000000000000298e-01
6.911000000000000476e-01
-3.981000000000000094e-01
2.606999999999999873e-01
5.808999999999999719e-01
-5.266999999999999460e-01
-7.745999999999999552e-01
5.677999999999999714e-01
-2.442000000000000004e-01
9.549999999999999600e-01
2.746000000000000107e-01
8.485000000000000320e-01
7.661000000000000032e-01
-6.415999999999999481e-01
-6.001999999999999558e-01
-5.604999999999999982e-01
6.681000000000000272e-01
7.099999999999999645e-01
9.775000000000000355e-01
-8.247999999999999776e-01
3.948999999999999733e-01
-7.811000000000000165e-01
-2.832000000000000073e-01
7.600000000000000089e-01
-1.208999999999999936e-01
2.755000000000000226e-01
2.043999999999999984e-01
-5.262000000000000011e-01
6.415999999999999481e-01
4.169999999999999818e-01
1.920999999999999930e-01
-2.321000000000000008e-01
-9.879000000000000004e-01
6.420000000000000151e-01
-7.178999999999999826e-01
3.096999999999999753e-01
2.162999999999999923e-01
8.860999999999999988e-01
9.363000000000000211e-01
-1.490000000000000005e-02
-8.978000000000000425e-01
-7.619000000000000217e-01
7.678000000000000380e-01
9.360000000000000542e-01
5.212999999999999856e-01
-1.014000000000000040e-01
4.349999999999999700e-02
-2.053000000000000103e-01
-5.809999999999999887e-02
-1.519000000000000072e-01
5.830999999999999517e-01
4.515000000000000124e-01
-1.983000000000000040e-01
-9.482000000000000428e-01
6.758999999999999453e-01
-7.371999999999999664e-01
-5.766000000000000014e-01
-5.979999999999999760e-01
-8.085999999999999854e-01
-3.482000000000000095e-01
7.077999999999999847e-01
6.004000000000000448e-01
-1.845999999999999863e-01
6.858999999999999542e-01
5.987000000000000099e-01
-7.960000000000000409e-02
9.893999999999999462e-01
9.547999999999999821e-01
-8.083000000000000185e-01
3.257999999999999785e-01
9.341000000000000414e-01
5.241999999999999993e-01
-1.466000000000000081e-01
-3.236999999999999877e-01
-9.445999999999999952e-01
-1.635999999999999954e-01
4.739999999999999769e-02
5.736999999999999877e-01
-8.719999999999999973e-02
3.602000000000000202e-01
-3.533999999999999919e-01
4.442999999999999727e-01
4.208000000000000074e-01
8.816000000000000503e-01
-1.534999999999999976e-01
3.370000000000000079e-02
-1.297999999999999987e-01
-2.868999999999999884e-01
-9.724000000000000421e-01
-3.645999999999999797e-01
9.484000000000000208e-01
2.416999999999999982e-01
2.852000000000000091e-01
-5.421000000000000263e-01
-5.384999999999999787e-01
3.214000000000000190e-01
-6.347000000000000419e-01
7.199999999999999734e-01
-1.272999999999999965e-01
-7.658000000000000362e-01
4.691000000000000170e-01
-6.373999999999999666e-01
9.100000000000000450e-03
8.160000000000000586e-02
9.959999999999999964e-01
-4.229999999999999871e-01
4.900000000000000189e-02
-7.762000000000000011e-01
-7.759000000000000341e-01
1.423000000000000098e-01
-1.550999999999999879e-01
8.081000000000000405e-01
-8.459999999999999742e-01
-1.933999999999999886e-01
-4.203000000000000069e-01
4.264999999999999902e-01
7.820000000000000562e-02
-6.297000000000000375e-01
-9.850999999999999757e-01
-9.862999999999999545e-01
-7.649999999999999856e-02
-1.529000000000000081e-01
1.122999999999999970e-01
7.348999999999999977e-01
-7.795999999999999597e-01
2.666000000000000036e-01
-9.181000000000000272e-01
-9.382000000000000339e-01
-5.068000000000000282e-01
-3.632000000000000228e-01
8.578999999999999959e-01
-3.256999999999999895e-01
-5.350000000000000311e-01
-4.944000000000000061e-01
-6.602000000000000091e-01
-1.292999999999999983e-01
-6.762000000000000233e-01
3.284000000000000252e-01
-6.109999999999999876e-01
9.090000000000000302e-01
-2.100000000000000130e-02
-9.072000000000000064e-01
-7.180999999999999606e-01
-3.482999999999999985e-01
4.116000000000000214e-01
-1.723999999999999977e-01
2.926000000000000267e-01
7.104000000000000314e-01
-7.983999999999999986e-01
4.369999999999999996e-01
-7.143000000000000460e-01
-8.972999999999999865e-01
-6.176000000000000378e-01
3.039000000000000035e-01
-4.701000000000000179e-01
1.019999999999999934e-01
-3.318999999999999728e-01
1.779999999999999985e-02
5.354999999999999760e-01
-8.459999999999999465e-02
6.709000000000000519e-01
-6.068999999999999950e-01
8.949999999999999623e-02
6.069999999999999701e-02
-5.866000000000000103e-01
-2.771000000000000130e-01
-3.291999999999999926e-01
-9.338999999999999524e-01
7.957999999999999519e-01
2.936000000000000276e-01
-9.917000000000000259e-01
-3.740000000000000269e-02
2.748999999999999777e-01
3.115999999999999881e-01
-2.100000000000000130e-02
-2.529000000000000137e-01
4.519000000000000239e-01
-7.270999999999999686e-01
3.094999999999999973e-01
6.566999999999999504e-01
5.301000000000000156e-01
-7.159999999999999698e-02
2.454000000000000070e-01
2.172000000000000042e-01
-4.762000000000000122e-01
-7.225000000000000311e-01
-1.169000000000000039e-01
-5.608999999999999542e-01
-7.830000000000000293e-01
3.729999999999999982e-02
9.539999999999999591e-01
1.993999999999999939e-01
-6.381999999999999895e-01
-8.709999999999999687e-02
8.897000000000000464e-01
4.102000000000000091e-01
-6.639000000000000457e-01
9.819999999999999563e-02
3.713000000000000189e-01
5.284999999999999698e-01
-2.741000000000000103e-01
7.066000000000000059e-01
1.887999999999999956e-01
-9.130000000000000338e-01
1.980000000000000093e-01
-7.167999999999999927e-01
-9.912999999999999590e-01
1.315000000000000058e-01
6.074000000000000510e-01
-9.455000000000000071e-01
1.380000000000000115e-01
9.462000000000000410e-01
-1.771000000000000074e-01
3.389999999999999958e-02
