-1.430000000000000021e-02
3.553999999999999937e-01
1.575999999999999901e-01
-6.545999999999999597e-01
-9.681999999999999496e-01
-5.225999999999999535e-01
9.829999999999999849e-02
9.548999999999999710e-01
-9.345999999999999863e-01
9.247999999999999554e-01
1.102999999999999953e-01
-2.487000000000000044e-01
7.032000000000000473e-01
2.462000000000000022e-01
-3.583000000000000074e-01
7.872000000000000108e-01
-1.361999999999999877e-01
-2.311999999999999889e-01
2.920000000000000026e-02
6.812000000000000277e-01
-9.700000000000000289e-03
3.861999999999999877e-01
4.329999999999999960e-01
-2.249999999999999917e-02
-3.453999999999999848e-01
4.963000000000000189e-01
7.068999999999999728e-01
3.894000000000000239e-01
3.896000000000000019e-01
1.358999999999999930e-01
-9.226999999999999647e-01
-4.273000000000000131e-01
-3.452999999999999958e-01
-8.124000000000000110e-01
7.335000000000000409e-01
2.604000000000000203e-01
-7.718000000000000416e-01
6.729000000000000536e-01
9.787000000000000144e-01
8.129999999999999727e-02
-7.738000000000000433e-01
9.557999999999999829e-01
2.801000000000000156e-01
-2.209000000000000130e-01
-7.876999999999999558e-01
4.050000000000000266e-01
-9.316999999999999726e-01
2.807999999999999940e-01
-9.032999999999999918e-01
9.355999999999999872e-01
-2.220000000000000029e-01
2.518000000000000238e-01
3.669000000000000039e-01
1.569000000000000117e-01
-8.881000000000000005e-01
3.952999999999999847e-01
1.093999999999999972e-01
-2.114000000000000046e-01
5.530000000000000471e-01
4.754999999999999782e-01
-5.877000000000000002e-01
3.784000000000000141e-01
5.659999999999999754e-02
4.605000000000000204e-01
-1.413999999999999979e-01
-6.640000000000000346e-01
-9.529999999999999583e-02
3.138000000000000234e-01
-6.114000000000000545e-01
-8.035999999999999810e-01
-9.639999999999999958e-02
1.224999999999999978e-01
-4.789999999999999813e-01
1.320000000000000062e-01
-6.552999999999999936e-01
-7.698000000000000398e-01
-8.184000000000000163e-01
-4.169999999999999818e-01
-3.049999999999999933e-02
3.119000000000000106e-01
3.420000000000000262e-01
9.538999999999999702e-01
5.310000000000000137e-02
7.488000000000000211e-01
7.669000000000000261e-01
1.386999999999999900e-01
-8.888000000000000345e-01
-7.929000000000000492e-01
-9.413000000000000256e-01
7.005000000000000115e-01
8.903999999999999693e-01
8.079999999999999682e-02
6.151999999999999691e-01
-3.197999999999999732e-01
-9.149999999999999800e-02
1.203999999999999931e-01
2.280000000000000082e-02
-6.373999999999999666e-01
6.857999999999999652e-01
-1.059999999999999970e-01
-4.408000000000000251e-01
4.722000000000000086e-01
-7.489999999999999436e-02
-6.388000000000000345e-01
4.255999999999999783e-01
-2.659000000000000252e-01
-4.808999999999999941e-01
-5.440000000000000391e-01
-4.925999999999999823e-01
-2.417999999999999872e-01
7.364000000000000545e-01
9.033999999999999808e-01
-1.720000000000000001e-02
-4.400999999999999912e-01
2.308000000000000052e-01
-7.640000000000000124e-01
-4.788000000000000034e-01
4.294999999999999929e-01
5.514000000000000012e-01
2.051000000000000045e-01
8.907000000000000473e-01
-3.629000000000000004e-01
1.165999999999999953e-01
-8.014000000000000012e-01
2.449000000000000066e-01
3.816999999999999837e-01
6.683000000000000052e-01
1.092999999999999944e-01
-2.922000000000000153e-01
-7.284000000000000474e-01
4.823999999999999955e-01
7.259999999999999787e-01
9.005999999999999561e-01
6.059999999999999831e-01
-6.524999999999999689e-01
-6.516999999999999460e-01
4.490999999999999992e-01
-4.354999999999999982e-01
-3.093000000000000194e-01
-4.240999999999999770e-01
4.173000000000000043e-01
-2.933000000000000052e-01
-6.290999999999999925e-01
7.318000000000000060e-01
-5.607999999999999652e-01
-4.408000000000000251e-01
2.151000000000000134e-01
-4.753999999999999893e-01
8.179999999999999494e-01
4.612999999999999878e-01
-3.370000000000000079e-02
-1.302000000000000102e-01
6.931000000000000494e-01
-7.594999999999999529e-01
5.241999999999999993e-01
-4.214999999999999858e-01
2.353999999999999981e-01
3.618999999999999995e-01
-5.011999999999999789e-01
-2.401999999999999968e-01
-5.904000000000000359e-01
-7.711999999999999966e-01
-2.154000000000000081e-01
1.428000000000000103e-01
7.923999999999999932e-01
-7.462999999999999634e-01
-2.819999999999999937e-02
-3.211999999999999855e-01
5.319999999999999729e-02
5.159000000000000252e-01
-7.556000000000000494e-01
5.269000000000000350e-01
-3.558999999999999941e-01
-9.334999999999999964e-01
3.800999999999999934e-01
3.899999999999999994e-02
-4.410000000000000031e-01
7.347000000000000197e-01
3.187999999999999723e-01
2.177000000000000046e-01
-9.515000000000000124e-01
8.413000000000000478e-01
4.920000000000000068e-02
-7.316000000000000281e-01
-2.798999999999999821e-01
-5.787999999999999812e-01
-5.624000000000000110e-01
-9.152000000000000135e-01
-4.709999999999999742e-01
-8.782999999999999696e-01
9.762999999999999456e-01
4.023999999999999799e-01
-2.189000000000000112e-01
-8.326000000000000068e-01
-8.948000000000000398e-01
-8.198999999999999622e-01
-4.761000000000000232e-01
3.764000000000000123e-01
-3.389999999999999958e-02
9.507999999999999785e-01
-5.110000000000000098e-01
5.240000000000000213e-01
-5.041999999999999815e-01
2.957000000000000184e-01
3.306000000000000050e-01
1.600000000000000033e-02
4.615000000000000213e-01
-9.432000000000000384e-01
-8.036999999999999700e-01
4.540000000000000285e-02
4.127000000000000113e-01
-8.587000000000000188e-01
1.139000000000000012e-01
-3.433999999999999830e-01
6.037000000000000144e-01
-4.922000000000000264e-01
-8.135000000000000009e-01
-5.132999999999999785e-01
-2.259999999999999856e-02
-2.607999999999999763e-01
2.021000000000000019e-01
-2.589000000000000190e-01
-5.137000000000000455e-01
2.945999999999999730e-01
4.354000000000000092e-01
-3.331999999999999962e-01
6.500000000000000222e-02
8.415000000000000258e-01
-2.461000000000000132e-01
4.632999999999999896e-01
8.345000000000000195e-01
1.092000000000000054e-01
3.532000000000000139e-01
5.934000000000000385e-01
-2.812000000000000055e-01
-2.026000000000000023e-01
-5.013999999999999568e-01
7.423999999999999488e-01
3.371000000000000107e-01
1.797999999999999876e-01
-1.854999999999999982e-01
-7.530000000000000582e-02
-1.884000000000000119e-01
-4.204999999999999849e-01
-3.090000000000000038e-02
