8.709000000000000075e-01
9.612000000000000544e-01
6.706999999999999629e-01
-8.194000000000000172e-01
9.209000000000000519e-01
-1.449999999999999900e-01
-4.244999999999999885e-01
3.764000000000000123e-01
-8.635000000000000453e-01
-2.819999999999999937e-02
1.978999999999999926e-01
-1.819999999999999951e-01
6.473999999999999755e-01
-1.608999999999999875e-01
2.975999999999999757e-01
-4.590000000000000330e-02
2.325000000000000122e-01
1.663000000000000034e-01
5.537999999999999590e-01
-9.281000000000000361e-01
2.497000000000000053e-01
2.812000000000000055e-01
-3.735999999999999877e-01
-9.663000000000000478e-01
-9.989999999999999991e-01
7.139999999999999680e-01
3.014000000000000012e-01
6.844000000000000083e-01
-1.423999999999999988e-01
-8.235000000000000098e-01
4.499000000000000221e-01
9.623000000000000442e-01
-1.574000000000000121e-01
-7.014000000000000234e-01
4.400999999999999912e-01
8.749000000000000110e-01
3.799999999999999906e-02
-5.283999999999999808e-01
4.756000000000000227e-01
4.540000000000000147e-01
-6.983000000000000318e-01
-4.307000000000000273e-01
-9.488999999999999657e-01
-2.393000000000000127e-01
1.343000000000000027e-01
1.739999999999999880e-01
-6.736999999999999655e-01
-6.669999999999999540e-02
-6.747999999999999554e-01
6.795999999999999819e-01
-2.253999999999999893e-01
-5.816000000000000059e-01
7.215000000000000302e-01
2.649000000000000243e-01
1.218999999999999945e-01
-7.256000000000000227e-01
3.179000000000000159e-01
-1.721999999999999920e-01
-9.358999999999999542e-01
-3.299000000000000266e-01
-6.599000000000000421e-01
-4.702999999999999958e-01
-2.346999999999999920e-01
1.744999999999999885e-01
-4.984999999999999987e-01
4.146000000000000241e-01
4.159999999999999809e-01
9.070000000000000284e-02
-2.983999999999999986e-01
4.905999999999999805e-01
5.548999999999999488e-01
-4.621999999999999997e-01
-5.093999999999999639e-01
3.234000000000000208e-01
-6.541000000000000147e-01
-8.943999999999999728e-01
1.099999999999999936e-02
1.617000000000000104e-01
2.801000000000000156e-01
-7.714999999999999636e-01
-7.698000000000000398e-01
-3.894000000000000239e-01
7.721999999999999975e-01
2.373999999999999999e-01
8.510999999999999677e-01
6.350999999999999979e-01
-4.547999999999999821e-01
-1.079999999999999988e-01
8.349999999999999645e-01
3.704000000000000070e-01
-9.659999999999999698e-01
7.399000000000000021e-01
-1.784000000000000030e-01
1.178000000000000019e-01
-4.747000000000000108e-01
8.589999999999999858e-01
1.971999999999999864e-01
7.230000000000000315e-02
-4.331999999999999740e-01
1.781999999999999973e-01
2.280000000000000082e-02
-6.158000000000000140e-01
3.654000000000000026e-01
-3.719000000000000083e-01
7.939000000000000501e-01
-1.943999999999999895e-01
-3.378999999999999782e-01
-2.685000000000000164e-01
-7.748000000000000442e-01
6.405999999999999472e-01
-1.919999999999999832e-02
2.409999999999999989e-02
-5.414999999999999813e-01
-3.744999999999999996e-01
7.643999999999999684e-01
-8.040000000000000480e-01
9.125999999999999668e-01
-9.039999999999999425e-02
9.651999999999999469e-01
9.645000000000000240e-01
-7.412999999999999590e-01
-4.998000000000000220e-01
-5.776000000000000023e-01
-5.668999999999999595e-01
3.491000000000000214e-01
-2.546999999999999820e-01
3.178000000000000269e-01
9.967000000000000304e-01
-9.033999999999999808e-01
-3.598000000000000087e-01
1.670000000000000095e-01
7.630000000000000671e-02
-8.450000000000000566e-02
1.193000000000000033e-01
6.283999999999999586e-01
-3.365000000000000213e-01
7.574999999999999512e-01
-1.313999999999999890e-01
-9.919999999999999651e-02
-3.552000000000000157e-01
-3.670000000000000345e-02
-1.269000000000000128e-01
7.421999999999999709e-01
-8.973999999999999755e-01
7.919000000000000483e-01
-8.453000000000000513e-01
1.081000000000000016e-01
-3.511000000000000232e-01
-5.553000000000000158e-01
2.343000000000000083e-01
1.315000000000000058e-01
-1.140000000000000041e-01
-1.754000000000000004e-01
3.181999999999999829e-01
9.235999999999999766e-01
-3.850000000000000089e-01
1.149000000000000021e-01
-9.250000000000000444e-01
9.596999999999999975e-01
7.009999999999999565e-02
-1.494999999999999940e-01
7.170999999999999597e-01
5.234999999999999654e-01
-2.242000000000000104e-01
5.545999999999999819e-01
-6.303999999999999604e-01
-7.734999999999999654e-01
7.697000000000000508e-01
-8.228999999999999648e-01
3.665999999999999814e-01
4.181000000000000272e-01
5.804000000000000270e-01
-8.698000000000000176e-01
7.026000000000000023e-01
9.210000000000000409e-01
-6.069999999999999701e-02
-1.419999999999999873e-01
-4.739999999999999769e-02
-4.094999999999999751e-01
9.493000000000000327e-01
-7.201999999999999513e-01
-4.979999999999999705e-02
2.500000000000000139e-02
6.772000000000000242e-01
-1.580000000000000154e-02
8.669999999999999929e-01
-6.415999999999999481e-01
-1.040999999999999981e-01
-8.088999999999999524e-01
-3.158000000000000251e-01
3.438999999999999835e-01
-6.400000000000000133e-01
5.681000000000000494e-01
2.892000000000000126e-01
-7.371999999999999664e-01
1.768000000000000127e-01
4.307000000000000273e-01
5.204999999999999627e-01
6.585999999999999632e-01
8.250999999999999446e-01
-2.647999999999999798e-01
-3.896000000000000019e-01
-3.477999999999999980e-01
-1.295000000000000040e-01
-8.023000000000000131e-01
-5.164999999999999591e-01
1.426999999999999935e-01
-4.555000000000000160e-01
3.852999999999999758e-01
-5.279999999999999971e-02
9.700999999999999623e-01
3.889999999999999708e-02
4.375000000000000000e-01
8.874999999999999556e-01
-6.114000000000000545e-01
-6.979999999999999538e-01
-3.363999999999999768e-01
-4.788000000000000034e-01
-3.310000000000000164e-01
-6.661000000000000254e-01
-7.299999999999999545e-02
-6.854999999999999982e-01
4.349999999999999978e-01
7.960000000000000409e-01
9.153999999999999915e-01
8.031000000000000361e-01
-2.232999999999999985e-01
-2.731000000000000094e-01
5.506999999999999673e-01
-4.284999999999999920e-01
9.009999999999999953e-02
8.450000000000000566e-02
5.177000000000000490e-01
6.489999999999999936e-02
-4.646000000000000130e-01
-6.381000000000000005e-01
4.223999999999999977e-01
-6.028999999999999915e-01
4.580000000000000182e-01
-9.929999999999999938e-02
3.311000000000000054e-01
9.887000000000000233e-01
4.838999999999999968e-01
7.842000000000000082e-01
3.098000000000000198e-01
