-1.915999999999999925e-01
-3.186999999999999833e-01
-6.894000000000000128e-01
-5.914000000000000368e-01
-5.782000000000000473e-01
-1.703000000000000069e-01
-6.792000000000000259e-01
2.366000000000000048e-01
-3.881000000000000005e-01
-4.485999999999999988e-01
-1.559999999999999998e-01
-9.949000000000000066e-01
7.328999999999999959e-01
-7.710000000000000187e-02
5.070000000000000201e-02
-7.196000000000000174e-01
1.106000000000000039e-01
1.724999999999999867e-01
-1.218000000000000055e-01
-3.457999999999999963e-01
3.600999999999999757e-01
5.626999999999999780e-01
2.997000000000000219e-01
4.447999999999999732e-01
9.528999999999999693e-01
7.257000000000000117e-01
1.736999999999999933e-01
-5.218000000000000416e-01
-1.582000000000000073e-01
-1.389999999999999916e-02
2.053000000000000103e-01
2.040000000000000147e-02
-1.522000000000000020e-01
2.129000000000000059e-01
6.655999999999999694e-01
7.599999999999999811e-02
-1.582999999999999963e-01
-7.580999999999999961e-01
-4.158999999999999919e-01
5.262999999999999901e-01
-9.301000000000000378e-01
-4.818999999999999950e-01
3.342999999999999861e-01
8.951999999999999957e-01
-7.429999999999999938e-01
8.579999999999999849e-01
-3.154000000000000137e-01
5.594999999999999973e-01
-8.618999999999999995e-01
-9.314999999999999947e-01
2.285000000000000087e-01
7.762999999999999901e-01
-3.799999999999999906e-02
-3.269999999999999990e-02
-8.373000000000000442e-01
-1.759999999999999898e-01
-4.158000000000000029e-01
-5.527999999999999581e-01
-1.633999999999999897e-01
3.200000000000000067e-01
1.784000000000000030e-01
3.533000000000000029e-01
-5.908999999999999808e-01
1.086000000000000021e-01
3.713000000000000189e-01
9.019000000000000350e-01
1.004000000000000031e-01
2.384999999999999898e-01
-7.217999999999999972e-01
-8.659000000000000030e-01
7.388000000000000123e-01
-8.215999999999999970e-01
-1.227000000000000035e-01
2.854999999999999760e-01
8.006999999999999673e-01
-9.181000000000000272e-01
-2.847000000000000086e-01
1.295999999999999930e-01
-9.821999999999999620e-01
-2.436000000000000110e-01
7.922000000000000153e-01
7.725999999999999535e-01
-1.728000000000000091e-01
5.223999999999999755e-01
-8.365000000000000213e-01
-4.408000000000000251e-01
-1.313000000000000000e-01
-4.709999999999999742e-01
8.924999999999999600e-01
-2.202999999999999958e-01
7.852000000000000091e-01
-8.397000000000000020e-01
-7.955999999999999739e-01
-6.700000000000000226e-03
2.127999999999999892e-01
8.332000000000000517e-01
2.933999999999999941e-01
-5.897000000000000020e-01
4.289000000000000035e-01
4.727000000000000091e-01
-7.053000000000000380e-01
-4.970999999999999863e-01
-7.583999999999999631e-01
-3.624999999999999889e-01
-5.274999999999999689e-01
-3.417999999999999927e-01
6.038000000000000034e-01
-1.496000000000000107e-01
1.683999999999999941e-01
-4.368000000000000216e-01
7.112000000000000544e-01
-6.669000000000000483e-01
8.405000000000000249e-01
-1.330000000000000071e-01
3.927999999999999825e-01
8.309999999999999609e-01
-2.225999999999999923e-01
6.749000000000000554e-01
2.469999999999999973e-02
-1.014000000000000040e-01
-4.454000000000000181e-01
1.733000000000000096e-01
6.427000000000000490e-01
5.947000000000000064e-01
-4.450999999999999956e-01
-9.606999999999999984e-01
-6.168000000000000149e-01
5.199999999999999761e-02
4.418000000000000260e-01
-8.319999999999999618e-01
5.366999999999999549e-01
4.959999999999999826e-02
5.260000000000000231e-01
-7.207000000000000073e-01
-7.019999999999999574e-01
-8.490000000000000324e-02
4.630000000000000088e-02
-3.212999999999999745e-01
3.544999999999999818e-01
6.152999999999999581e-01
-9.807000000000000162e-01
-4.133999999999999897e-01
5.869999999999999662e-01
-8.934999999999999609e-01
8.284000000000000252e-01
-5.432000000000000162e-01
1.353000000000000036e-01
-7.467000000000000304e-01
-3.486000000000000210e-01
5.180000000000000160e-01
1.862999999999999934e-01
5.299000000000000377e-01
8.275000000000000133e-01
1.660999999999999976e-01
5.624000000000000110e-01
7.178999999999999826e-01
3.371000000000000107e-01
-4.596000000000000085e-01
-4.380000000000000004e-01
5.476999999999999647e-01
-9.263000000000000123e-01
-8.953999999999999737e-01
-6.785999999999999810e-01
4.823000000000000065e-01
-5.473000000000000087e-01
3.985000000000000209e-01
-5.026000000000000467e-01
-9.451000000000000512e-01
2.328000000000000069e-01
-2.139000000000000068e-01
-1.209999999999999964e-02
-7.523999999999999577e-01
2.235999999999999932e-01
4.335999999999999854e-01
9.109000000000000430e-01
-3.049999999999999933e-01
-6.310000000000000053e-01
-2.756000000000000116e-01
-2.770000000000000240e-01
-1.118999999999999995e-01
-6.491999999999999993e-01
1.724999999999999867e-01
-5.340000000000000302e-02
-6.514999999999999680e-01
8.391999999999999460e-01
-8.336000000000000076e-01
9.367999999999999661e-01
3.346000000000000085e-01
6.721000000000000307e-01
3.657000000000000250e-01
7.165000000000000258e-01
-8.627000000000000224e-01
5.776999999999999913e-01
3.733000000000000207e-01
-1.919999999999999832e-02
-9.922999999999999599e-01
-4.364999999999999991e-01
-2.003999999999999948e-01
5.316999999999999504e-01
-2.358999999999999986e-01
5.872000000000000552e-01
9.177999999999999492e-01
-7.321999999999999620e-01
-9.343000000000000194e-01
-3.783000000000000251e-01
-3.891000000000000014e-01
9.746000000000000218e-01
-3.849000000000000199e-01
-8.649999999999999911e-01
2.187999999999999945e-01
9.177999999999999492e-01
-2.594000000000000195e-01
-8.435000000000000275e-01
6.350000000000000089e-02
-8.495000000000000329e-01
-3.425000000000000266e-01
-5.451000000000000290e-01
-6.974000000000000199e-01
1.048000000000000043e-01
-8.034999999999999920e-01
2.242000000000000104e-01
8.497999999999999998e-01
6.251999999999999780e-01
3.346999999999999975e-01
3.957999999999999852e-01
-3.960000000000000187e-01
5.783000000000000362e-01
-8.256000000000000005e-01
-7.284000000000000474e-01
9.388999999999999568e-01
5.695000000000000062e-01
-4.405000000000000027e-01
-3.007000000000000228e-01
4.193999999999999950e-01
4.667000000000000037e-01
5.608999999999999542e-01
-3.358999999999999764e-01
2.275000000000000078e-01
6.040999999999999703e-01
6.287000000000000366e-01
4.340999999999999859e-01
2.901000000000000245e-01
9.943999999999999506e-01
7.109999999999999654e-02
8.326999999999999957e-01
