-8.037999999999999590e-01
6.347000000000000419e-01
8.852999999999999758e-01
-4.767000000000000126e-01
-5.077000000000000401e-01
-3.799000000000000155e-01
2.899999999999999800e-01
6.231999999999999762e-01
-9.619999999999999385e-02
6.993000000000000327e-01
-7.943999999999999950e-01
-2.343000000000000083e-01
1.173000000000000015e-01
-2.416000000000000092e-01
8.998000000000000442e-01
8.548999999999999932e-01
-4.552999999999999825e-01
4.815999999999999726e-01
7.449000000000000066e-01
5.326999999999999513e-01
6.032999999999999474e-01
-2.278999999999999915e-01
4.223999999999999977e-01
-4.220000000000000140e-02
2.106999999999999984e-01
-2.204000000000000126e-01
-7.044000000000000261e-01
1.953999999999999904e-01
-8.819000000000000172e-01
8.510999999999999677e-01
7.370000000000000162e-02
-8.505000000000000338e-01
6.489999999999999936e-02
3.659000000000000030e-01
8.901999999999999913e-01
-4.560000000000000164e-02
-4.897000000000000242e-01
9.026999999999999469e-01
-3.405000000000000249e-01
9.858999999999999986e-01
-1.855999999999999872e-01
5.577999999999999625e-01
5.659999999999999754e-02
-3.176999999999999824e-01
6.328000000000000291e-01
-7.039999999999999591e-01
2.984999999999999876e-01
8.530000000000000082e-02
9.838999999999999968e-01
-5.805000000000000160e-01
-2.277000000000000135e-01
5.692000000000000393e-01
-1.241000000000000020e-01
2.389999999999999902e-01
-4.645000000000000240e-01
9.825000000000000400e-01
8.090000000000000524e-01
8.972999999999999865e-01
-6.568000000000000504e-01
-2.449000000000000066e-01
9.268999999999999462e-01
6.528000000000000469e-01
-7.620000000000000384e-02
-8.741999999999999771e-01
-8.169999999999999485e-01
-9.691999999999999504e-01
-4.845999999999999752e-01
9.009999999999999953e-02
-7.097999999999999865e-01
6.962000000000000410e-01
9.650000000000000244e-02
7.685999999999999499e-01
-9.243999999999999995e-01
-2.899999999999999800e-01
6.780000000000000471e-01
-1.550999999999999879e-01
-8.215999999999999970e-01
1.439999999999999961e-02
1.489999999999999936e-01
-1.738000000000000100e-01
-8.942999999999999838e-01
-6.252999999999999670e-01
9.363000000000000211e-01
7.834999999999999742e-01
5.686999999999999833e-01
-7.361999999999999655e-01
-1.945000000000000062e-01
-2.965999999999999748e-01
5.221000000000000085e-01
4.532999999999999807e-01
8.577000000000000179e-01
8.701999999999999735e-01
7.457000000000000295e-01
-7.693999999999999728e-01
-6.750000000000000444e-01
8.232000000000000428e-01
-6.842000000000000304e-01
-8.293000000000000371e-01
7.885999999999999677e-01
6.159999999999999920e-01
3.668000000000000149e-01
-4.360999999999999877e-01
3.265000000000000124e-01
6.735999999999999766e-01
5.436999999999999611e-01
9.471000000000000529e-01
5.023999999999999577e-01
-3.564999999999999836e-01
-6.004000000000000448e-01
-3.500000000000000073e-03
-4.188999999999999946e-01
4.667999999999999927e-01
-4.570000000000000173e-01
2.746000000000000107e-01
2.309999999999999901e-02
-8.418999999999999817e-01
6.225000000000000533e-01
2.620000000000000107e-01
-7.187000000000000055e-01
-1.050999999999999990e-01
-5.244999999999999662e-01
9.885000000000000453e-01
2.044999999999999873e-01
-9.414000000000000146e-01
-1.660000000000000017e-02
9.597999999999999865e-01
6.046000000000000263e-01
-9.819999999999999563e-02
1.904000000000000137e-01
9.139999999999999514e-02
-9.000000000000000222e-01
6.040000000000000230e-02
-1.635000000000000064e-01
-4.420999999999999930e-01
-3.714999999999999969e-01
3.276000000000000023e-01
-8.495000000000000329e-01
-6.128000000000000114e-01
9.442000000000000393e-01
-1.955999999999999961e-01
5.201000000000000068e-01
1.794999999999999929e-01
-1.650000000000000078e-02
-4.027999999999999914e-01
7.225000000000000311e-01
-7.412999999999999590e-01
-4.950000000000000233e-02
9.142000000000000126e-01
-7.247000000000000108e-01
3.441000000000000170e-01
-9.039999999999999425e-02
-6.000999999999999668e-01
-8.252000000000000446e-01
6.024000000000000465e-01
-5.491000000000000325e-01
8.568000000000000060e-01
-7.130999999999999561e-01
-4.220000000000000140e-02
9.142000000000000126e-01
1.179000000000000048e-01
7.214000000000000412e-01
3.760000000000000009e-01
-7.951000000000000290e-01
4.199999999999999845e-01
5.441000000000000281e-01
2.680000000000000090e-02
-7.127999999999999892e-01
-5.650000000000000161e-02
8.352000000000000535e-01
4.819999999999999840e-01
1.985000000000000098e-01
1.015999999999999959e-01
-1.629999999999999852e-02
3.577000000000000179e-01
-3.557000000000000162e-01
3.849999999999999950e-02
1.623999999999999888e-01
-9.935000000000000497e-01
1.282999999999999974e-01
-7.960000000000000409e-01
-9.246999999999999664e-01
5.454999999999999849e-01
-4.229999999999999871e-01
1.967000000000000137e-01
-3.330000000000000182e-01
-4.880000000000000310e-02
3.467000000000000082e-01
8.337999999999999856e-01
-2.278000000000000025e-01
8.347999999999999865e-01
2.189000000000000112e-01
3.726999999999999758e-01
8.381999999999999451e-01
-1.859999999999999987e-01
6.266000000000000458e-01
-9.398999999999999577e-01
-7.593999999999999639e-01
-4.052000000000000046e-01
-5.100999999999999979e-01
4.960999999999999854e-01
8.332000000000000517e-01
-4.339999999999999969e-01
9.018000000000000460e-01
-5.349999999999999895e-02
5.680000000000000326e-02
-6.526999999999999469e-01
4.130000000000000338e-02
2.898999999999999910e-01
-5.334999999999999742e-01
7.083000000000000407e-01
2.442000000000000004e-01
-9.766000000000000236e-01
-5.768999999999999684e-01
9.005999999999999561e-01
2.654000000000000248e-01
7.635999999999999455e-01
-3.992999999999999883e-01
-7.794999999999999707e-01
5.368000000000000549e-01
5.526999999999999691e-01
-5.364999999999999769e-01
1.194999999999999951e-01
7.177999999999999936e-01
-7.591999999999999860e-01
6.750000000000000444e-01
7.913999999999999924e-01
-8.740999999999999881e-01
-3.674000000000000044e-01
5.000000000000000278e-02
-8.387000000000000011e-01
7.991000000000000325e-01
6.871000000000000441e-01
9.416999999999999815e-01
-6.545999999999999597e-01
6.946999999999999842e-01
9.515000000000000124e-01
-8.894999999999999574e-01
-3.153000000000000247e-01
-1.005000000000000060e-01
4.783999999999999919e-01
-4.087999999999999967e-01
1.875999999999999890e-01
2.439000000000000057e-01
-3.400000000000000244e-02
2.841000000000000192e-01
