6.981000000000000538e-01
-8.989000000000000323e-01
-9.032000000000000028e-01
3.953999999999999737e-01
8.008999999999999453e-01
-2.046000000000000041e-01
-1.719999999999999862e-01
-6.239000000000000101e-01
-6.795999999999999819e-01
-3.271999999999999909e-01
-8.594000000000000528e-01
9.899999999999999911e-01
-6.414999999999999591e-01
6.382999999999999785e-01
-9.586999999999999966e-01
-3.135000000000000009e-01
4.874999999999999889e-01
8.584000000000000519e-01
9.124999999999999778e-01
4.107000000000000095e-01
5.929999999999999855e-02
-2.319999999999999840e-02
-5.780999999999999472e-01
-2.384000000000000008e-01
-1.716000000000000025e-01
8.929000000000000270e-01
3.816999999999999837e-01
5.752000000000000446e-01
4.970000000000000112e-02
3.402999999999999914e-01
-8.534000000000000474e-01
4.825999999999999734e-01
-1.875000000000000000e-01
-4.702000000000000068e-01
3.195000000000000062e-01
3.706999999999999740e-01
3.154000000000000137e-01
-3.992999999999999883e-01
-7.230000000000000315e-02
-4.475000000000000089e-01
1.973000000000000032e-01
3.865000000000000102e-01
-1.299999999999999940e-03
-6.024000000000000465e-01
8.888000000000000345e-01
1.627000000000000113e-01
9.276999999999999691e-01
-4.904000000000000026e-01
-7.351999999999999647e-01
2.535999999999999921e-01
6.522999999999999909e-01
5.423999999999999932e-01
-6.457000000000000517e-01
9.445000000000000062e-01
-9.758999999999999897e-01
-9.998000000000000220e-01
6.152999999999999581e-01
-4.298000000000000154e-01
9.589999999999999913e-02
3.996000000000000107e-01
-6.025000000000000355e-01
-1.175999999999999962e-01
-6.821000000000000396e-01
2.411000000000000087e-01
-5.607999999999999652e-01
-7.158999999999999808e-01
-9.755000000000000338e-01
7.896999999999999575e-01
-8.547000000000000153e-01
3.731999999999999762e-01
-3.294000000000000261e-01
3.210000000000000075e-01
-2.993999999999999995e-01
2.912000000000000144e-01
1.521000000000000130e-01
-6.047000000000000153e-01
-2.586999999999999855e-01
-2.599999999999999881e-02
-5.950999999999999623e-01
8.300999999999999490e-01
-5.390000000000000346e-01
2.756000000000000116e-01
4.064999999999999725e-01
-6.025000000000000355e-01
2.767000000000000015e-01
-7.019999999999999574e-01
-1.763000000000000123e-01
-1.620000000000000051e-01
2.998000000000000109e-01
1.738000000000000100e-01
6.096000000000000307e-01
7.277000000000000135e-01
5.009000000000000119e-01
4.143999999999999906e-01
5.165999999999999481e-01
-1.287999999999999978e-01
-8.729999999999999982e-01
7.975999999999999757e-01
1.774000000000000021e-01
-8.433000000000000496e-01
-7.215000000000000302e-01
5.360000000000000320e-01
3.552000000000000157e-01
-2.792999999999999927e-01
-3.943999999999999728e-01
4.173000000000000043e-01
-3.483999999999999875e-01
-1.615999999999999936e-01
5.535999999999999810e-01
-5.951999999999999513e-01
9.249000000000000554e-01
-6.333999999999999631e-01
8.300999999999999490e-01
4.539000000000000257e-01
6.060000000000000109e-02
-1.363000000000000045e-01
-9.648999999999999799e-01
8.721999999999999753e-01
-3.826999999999999846e-01
2.200999999999999901e-01
-3.942999999999999838e-01
9.328999999999999515e-01
-1.494999999999999940e-01
6.611000000000000210e-01
4.511000000000000010e-01
3.189999999999999780e-02
-3.290000000000000147e-01
-2.687999999999999834e-01
-5.883000000000000451e-01
-3.378999999999999782e-01
4.727000000000000091e-01
-7.717000000000000526e-01
4.109999999999999765e-02
6.346000000000000529e-01
-7.540999999999999925e-01
1.948999999999999899e-01
-9.677000000000000046e-01
9.569999999999999618e-01
-3.862999999999999767e-01
5.949999999999999734e-01
-1.826000000000000123e-01
-5.879999999999999671e-01
-1.829000000000000070e-01
9.243999999999999995e-01
-8.369999999999999662e-01
6.260000000000000286e-02
-8.499999999999999778e-01
-5.900999999999999579e-01
4.749999999999999778e-01
-7.233000000000000540e-01
7.701999999999999957e-01
-7.710000000000000187e-01
-4.949999999999999956e-01
6.300000000000000044e-03
4.268000000000000127e-01
-5.645999999999999908e-01
-4.824999999999999845e-01
-5.260000000000000231e-01
-1.197000000000000008e-01
-3.381000000000000116e-01
9.938000000000000167e-01
7.068999999999999728e-01
-5.639999999999999875e-02
5.276999999999999469e-01
4.076000000000000179e-01
-5.725999999999999979e-01
-3.694000000000000061e-01
-3.960000000000000187e-01
7.349999999999999589e-02
8.156999999999999806e-01
7.678000000000000380e-01
-1.963999999999999913e-01
6.290000000000000036e-01
9.931999999999999718e-01
-6.421000000000000041e-01
7.748000000000000442e-01
-4.349999999999999700e-02
8.000000000000000167e-02
-3.071999999999999731e-01
-2.429999999999999938e-01
1.905000000000000027e-01
-6.374999999999999556e-01
-8.436000000000000165e-01
9.431000000000000494e-01
-1.510000000000000057e-02
-5.044999999999999485e-01
9.955000000000000515e-01
-8.074000000000000066e-01
-4.642999999999999905e-01
-3.669999999999999929e-01
-3.622000000000000219e-01
7.607000000000000428e-01
-2.620999999999999996e-01
5.674000000000000155e-01
2.457999999999999907e-01
-7.557000000000000384e-01
-1.628000000000000003e-01
9.963999999999999524e-01
-3.824000000000000177e-01
-2.301999999999999880e-01
9.758000000000000007e-01
4.487999999999999767e-01
-5.396999999999999575e-01
-1.743999999999999995e-01
-6.039999999999999813e-01
3.070999999999999841e-01
6.732000000000000206e-01
5.735999999999999988e-01
4.585000000000000187e-01
-6.353999999999999648e-01
-1.670999999999999985e-01
5.380000000000000060e-02
-7.468000000000000194e-01
5.824000000000000288e-01
2.753999999999999782e-01
6.510000000000000231e-01
-3.158000000000000251e-01
3.392000000000000015e-01
2.175999999999999879e-01
-8.890000000000000679e-02
-6.680000000000000382e-01
4.189999999999999836e-01
-6.472999999999999865e-01
-4.012999999999999901e-01
-2.783999999999999808e-01
-1.509000000000000064e-01
-6.633000000000000007e-01
-6.650000000000000355e-02
8.594000000000000528e-01
2.429999999999999938e-01
1.285999999999999921e-01
1.859999999999999848e-02
5.420000000000000373e-01
8.799000000000000155e-01
-6.592999999999999972e-01
2.531999999999999806e-01
2.808999999999999830e-01
-4.733999999999999875e-01
2.275999999999999968e-01
-7.225000000000000311e-01
-6.689000000000000501e-01
-2.670000000000000151e-01
4.321999999999999731e-01
-6.105000000000000426e-01
-7.169999999999999707e-01
