-8.610999999999999766e-01
-5.527999999999999581e-01
-3.679999999999999938e-02
-1.185999999999999971e-01
6.270000000000000018e-01
-6.379000000000000226e-01
8.359999999999999654e-01
7.280000000000000360e-02
-4.899999999999999911e-01
3.948999999999999733e-01
4.939000000000000057e-01
8.234000000000000208e-01
-9.640999999999999570e-01
-7.540999999999999925e-01
-7.458000000000000185e-01
-5.059000000000000163e-01
-2.399999999999999911e-01
4.643999999999999795e-01
-4.369000000000000106e-01
-6.473999999999999755e-01
-4.163000000000000034e-01
6.596999999999999531e-01
-6.899999999999999467e-01
4.000000000000000192e-04
7.352999999999999536e-01
9.744000000000000439e-01
-1.282000000000000084e-01
8.408999999999999808e-01
4.058999999999999830e-01
2.782000000000000028e-01
-7.203000000000000513e-01
-2.164000000000000090e-01
-7.216000000000000192e-01
-2.716000000000000081e-01
-5.181000000000000050e-01
1.290000000000000001e-02
5.575999999999999845e-01
-1.736999999999999933e-01
-6.743999999999999995e-01
-5.994000000000000439e-01
-3.490000000000000047e-02
8.810999999999999943e-01
-3.590000000000000135e-02
8.957000000000000517e-01
-8.346000000000000085e-01
-7.770000000000000517e-02
-5.103999999999999648e-01
-8.957000000000000517e-01
-3.375000000000000222e-01
4.815999999999999726e-01
9.700000000000000289e-03
9.703000000000000513e-01
-9.146999999999999575e-01
-7.213000000000000522e-01
-6.540000000000000258e-01
9.221000000000000307e-01
-2.399000000000000021e-01
-4.714999999999999747e-01
-8.277999999999999803e-01
1.796999999999999986e-01
-6.608000000000000540e-01
1.047000000000000014e-01
5.145999999999999464e-01
8.008999999999999453e-01
-3.842999999999999750e-01
9.852999999999999536e-01
7.208999999999999853e-01
3.850999999999999979e-01
-9.135999999999999677e-01
-9.678999999999999826e-01
-9.588999999999999746e-01
-5.261000000000000121e-01
2.950999999999999734e-01
-1.703000000000000069e-01
5.409000000000000474e-01
3.795000000000000040e-01
3.570999999999999730e-01
-9.072000000000000064e-01
1.343999999999999917e-01
5.646999999999999797e-01
-3.580999999999999739e-01
-1.648000000000000020e-01
4.303000000000000158e-01
4.922000000000000264e-01
1.640000000000000069e-01
4.650000000000000244e-01
-1.150000000000000050e-01
8.709000000000000075e-01
-5.618999999999999551e-01
4.385000000000000009e-01
-1.797999999999999876e-01
1.456000000000000072e-01
-6.707999999999999519e-01
-2.210000000000000020e-01
-9.799999999999999822e-01
7.992000000000000215e-01
-4.603999999999999759e-01
4.799999999999999822e-01
-1.330999999999999961e-01
4.769999999999999934e-02
8.133000000000000229e-01
-8.706000000000000405e-01
-8.589999999999999858e-01
-3.869999999999999829e-02
-8.443000000000000504e-01
8.223000000000000309e-01
-6.290000000000000036e-01
-2.167999999999999927e-01
-5.314999999999999725e-01
-9.312000000000000277e-01
-6.260000000000000009e-01
-5.898999999999999799e-01
-1.373999999999999944e-01
8.332000000000000517e-01
8.115999999999999881e-01
-3.170999999999999930e-01
-1.077000000000000041e-01
-9.012000000000000011e-01
5.696999999999999842e-01
-2.963000000000000078e-01
-8.551999999999999602e-01
-7.268999999999999906e-01
-6.479999999999999649e-02
5.171999999999999931e-01
1.665999999999999981e-01
-1.706000000000000016e-01
-4.278000000000000136e-01
1.280000000000000061e-02
1.986999999999999877e-01
4.525000000000000133e-01
-4.939999999999999947e-01
-9.010000000000000231e-01
-8.290000000000000147e-02
-6.270999999999999908e-01
6.237000000000000322e-01
-7.207999999999999963e-01
6.209999999999999964e-01
-1.738000000000000100e-01
-9.780999999999999694e-01
7.768000000000000460e-01
9.577999999999999847e-01
6.832000000000000295e-01
4.399000000000000132e-01
-9.745000000000000329e-01
-5.296999999999999487e-01
-1.480000000000000066e-02
9.526000000000000023e-01
2.597999999999999754e-01
5.311000000000000165e-01
-2.061000000000000054e-01
-2.765000000000000235e-01
6.453999999999999737e-01
-2.974999999999999867e-01
-5.349999999999999895e-02
-2.457000000000000017e-01
7.495000000000000551e-01
-4.426999999999999824e-01
-7.103000000000000425e-01
8.123000000000000220e-01
-4.371999999999999775e-01
8.186999999999999833e-01
-6.883000000000000229e-01
6.703999999999999959e-01
-7.659000000000000252e-01
5.395999999999999686e-01
-5.654000000000000137e-01
-9.508999999999999675e-01
-5.887000000000000011e-01
3.382000000000000006e-01
-1.449999999999999900e-01
8.800000000000000044e-01
-4.979999999999999705e-02
-7.153000000000000469e-01
-7.062000000000000499e-01
8.383000000000000451e-01
6.531000000000000139e-01
4.220000000000000140e-02
-6.892000000000000348e-01
-6.595999999999999641e-01
-5.536999999999999700e-01
-2.910000000000000087e-02
-2.227000000000000091e-01
-3.312999999999999834e-01
2.247000000000000108e-01
-4.504000000000000226e-01
-7.369999999999999885e-01
-2.346000000000000030e-01
2.580000000000000071e-01
5.598999999999999533e-01
-6.445999999999999508e-01
6.559000000000000385e-01
-5.110999999999999988e-01
1.353999999999999926e-01
4.164999999999999813e-01
1.909999999999999892e-02
-3.947999999999999843e-01
6.871000000000000441e-01
5.774000000000000243e-01
-8.766000000000000458e-01
9.412000000000000366e-01
9.258999999999999453e-01
3.345000000000000195e-01
-1.434999999999999887e-01
6.142999999999999572e-01
8.245000000000000107e-01
-7.889000000000000457e-01
-1.037000000000000005e-01
6.300000000000000044e-03
8.962999999999999856e-01
7.697000000000000508e-01
-9.757000000000000117e-01
-8.023000000000000131e-01
-4.561999999999999944e-01
3.859000000000000208e-01
-1.786000000000000087e-01
-7.328999999999999959e-01
-8.218999999999999639e-01
-4.850999999999999757e-01
6.572999999999999954e-01
4.819999999999999979e-02
2.649000000000000243e-01
-1.822000000000000008e-01
3.477999999999999980e-01
4.365999999999999881e-01
-3.879000000000000226e-01
5.694000000000000172e-01
-3.539999999999999813e-01
-4.734999999999999765e-01
6.498000000000000442e-01
4.843000000000000083e-01
-7.792999999999999927e-01
-2.509000000000000119e-01
-4.220000000000000140e-02
1.620999999999999941e-01
-2.984999999999999876e-01
-9.169000000000000483e-01
-3.281000000000000028e-01
6.531000000000000139e-01
-5.353999999999999870e-01
5.697999999999999732e-01
6.316000000000000503e-01
-9.529999999999999583e-02
-5.956000000000000183e-01
-4.068999999999999839e-01
-2.041999999999999926e-01
