-2.001999999999999891e-01
3.048000000000000154e-01
-9.072000000000000064e-01
-8.094999999999999973e-01
2.013000000000000067e-01
-2.982000000000000206e-01
-9.283000000000000140e-01
7.357000000000000206e-01
6.373999999999999666e-01
1.968999999999999917e-01
-1.502999999999999892e-01
6.356000000000000538e-01
-1.019999999999999934e-01
-3.386000000000000121e-01
4.672999999999999932e-01
2.939999999999999836e-01
-2.462999999999999912e-01
4.763000000000000012e-01
-8.908000000000000362e-01
-9.078000000000000513e-01
1.411000000000000032e-01
-9.378999999999999559e-01
-5.539999999999999786e-02
4.255999999999999783e-01
5.583000000000000185e-01
-2.157000000000000028e-01
4.449000000000000177e-01
3.362999999999999878e-01
5.450000000000000400e-01
4.057999999999999940e-01
-8.337999999999999856e-01
-7.335000000000000409e-01
9.240000000000000435e-01
1.135000000000000037e-01
8.974999999999999645e-01
7.989999999999999880e-02
9.771999999999999575e-01
1.643999999999999906e-01
-5.063999999999999613e-01
-2.813999999999999835e-01
5.945000000000000284e-01
-7.943000000000000060e-01
-5.310000000000000275e-01
-5.251000000000000112e-01
8.282000000000000473e-01
-6.776999999999999691e-01
-8.178999999999999604e-01
8.608999999999999986e-01
5.124999999999999556e-01
2.688999999999999724e-01
9.778000000000000025e-01
8.870000000000000107e-02
4.880999999999999783e-01
5.128000000000000336e-01
7.467000000000000304e-01
6.737999999999999545e-01
-9.679999999999999716e-01
-3.938999999999999724e-01
2.679000000000000270e-01
5.535999999999999810e-01
1.627000000000000113e-01
6.816999999999999726e-01
-3.300000000000000155e-01
8.387999999999999901e-01
3.544999999999999818e-01
1.423000000000000098e-01
4.939999999999999947e-02
-4.456999999999999851e-01
-4.798000000000000043e-01
-4.819999999999999840e-01
1.557000000000000051e-01
-3.810000000000000053e-01
-6.143999999999999462e-01
-1.207000000000000017e-01
6.302999999999999714e-01
-2.998000000000000109e-01
-1.100000000000000066e-03
-9.320000000000000506e-01
6.189999999999999669e-02
3.739000000000000101e-01
-1.802999999999999881e-01
-9.494000000000000217e-01
1.960999999999999965e-01
2.371999999999999942e-01
4.789999999999999813e-02
-3.252999999999999781e-01
-1.832000000000000017e-01
7.176000000000000156e-01
-7.151999999999999469e-01
-6.069999999999999840e-01
-1.054999999999999966e-01
4.177000000000000157e-01
-6.887999999999999678e-01
9.353000000000000203e-01
3.058000000000000163e-01
5.809999999999999609e-01
7.214000000000000412e-01
2.949999999999999845e-01
7.804999999999999716e-01
9.667000000000000037e-01
2.144000000000000072e-01
9.445000000000000062e-01
-9.056999999999999496e-01
-7.815999999999999615e-01
-4.086000000000000187e-01
7.671000000000000041e-01
-5.068000000000000282e-01
-1.849999999999999978e-01
-5.304999999999999716e-01
4.159999999999999809e-01
1.638999999999999901e-01
7.225000000000000311e-01
-2.207000000000000073e-01
-2.149999999999999828e-02
-3.729999999999999982e-02
-5.556999999999999718e-01
-1.359999999999999924e-02
7.112000000000000544e-01
-6.147000000000000242e-01
1.363000000000000045e-01
-1.255999999999999894e-01
6.049999999999999822e-02
1.993999999999999939e-01
-2.036000000000000032e-01
-8.417999999999999927e-01
7.368000000000000105e-01
5.500000000000000444e-01
-2.000000000000000042e-03
3.311999999999999944e-01
-1.774999999999999911e-01
8.874999999999999556e-01
-3.070000000000000159e-02
-7.910000000000000364e-02
4.675000000000000266e-01
9.202000000000000179e-01
-2.997000000000000219e-01
-4.143999999999999906e-01
-4.102999999999999980e-01
-5.774000000000000243e-01
7.969999999999999307e-02
1.721000000000000030e-01
4.801000000000000267e-01
6.660000000000000364e-01
-1.589000000000000135e-01
6.632000000000000117e-01
-9.354000000000000092e-01
-7.119999999999999940e-02
-8.279999999999999860e-02
2.631999999999999895e-01
-1.446000000000000063e-01
1.859999999999999848e-02
3.740000000000000269e-02
-5.625999999999999890e-01
-2.801000000000000156e-01
1.199999999999999956e-01
-8.899000000000000243e-01
-3.291000000000000036e-01
2.708999999999999742e-01
-9.223000000000000087e-01
-8.615000000000000435e-01
9.161000000000000254e-01
9.899999999999999911e-01
4.551000000000000045e-01
-6.825999999999999845e-01
4.284999999999999920e-01
-4.970000000000000112e-02
-2.106000000000000094e-01
3.537000000000000144e-01
9.229999999999999316e-02
2.786000000000000143e-01
-2.814999999999999725e-01
-9.754000000000000448e-01
-6.257000000000000339e-01
-7.069999999999999896e-02
-3.543999999999999928e-01
-5.943000000000000504e-01
1.736000000000000043e-01
2.736000000000000099e-01
-6.693000000000000060e-01
-9.495999999999999996e-01
-2.939999999999999905e-02
9.041000000000000147e-01
8.434000000000000385e-01
9.282000000000000250e-01
7.368000000000000105e-01
5.188000000000000389e-01
5.550000000000000488e-01
-6.440000000000000169e-01
2.937000000000000166e-01
-6.318000000000000282e-01
-7.147000000000000020e-01
9.876000000000000334e-01
4.068999999999999839e-01
8.400999999999999579e-01
-7.169999999999999984e-02
-5.342999999999999972e-01
5.501000000000000334e-01
9.254000000000000004e-01
-3.800000000000000044e-01
-4.830999999999999739e-01
3.549999999999999822e-01
-5.866000000000000103e-01
-9.053999999999999826e-01
-9.583000000000000407e-01
7.099999999999999367e-02
2.545999999999999930e-01
-2.866000000000000214e-01
-8.512999999999999456e-01
-7.860000000000000320e-02
7.227999999999999980e-01
-2.497000000000000053e-01
-9.650000000000000244e-02
6.702000000000000179e-01
-1.522999999999999909e-01
1.044999999999999957e-01
-4.204999999999999849e-01
-2.972000000000000197e-01
2.627999999999999781e-01
5.833000000000000407e-01
2.646999999999999909e-01
-6.552999999999999936e-01
2.462999999999999912e-01
3.197999999999999732e-01
3.798000000000000265e-01
5.090999999999999970e-01
8.453000000000000513e-01
1.066000000000000003e-01
6.350000000000000089e-02
-4.839999999999999858e-01
3.190999999999999948e-01
2.999999999999999889e-01
4.767000000000000126e-01
-2.501999999999999780e-01
4.109999999999999765e-02
-6.414999999999999591e-01
-7.882000000000000117e-01
4.742000000000000104e-01
-8.477000000000000091e-01
3.022000000000000242e-01
-8.683999999999999497e-01
-4.631000000000000116e-01
1.827000000000000013e-01
-5.729999999999999677e-02
-9.325999999999999845e-01
9.790999999999999703e-01
