-1.097999999999999948e-01
3.096999999999999753e-01
6.019999999999999657e-02
1.764000000000000012e-01
-6.506999999999999451e-01
2.300999999999999990e-01
7.536000000000000476e-01
9.199999999999999845e-03
9.828999999999999959e-01
8.190000000000000058e-02
7.960000000000000409e-02
9.536999999999999922e-01
2.018999999999999961e-01
7.039999999999999591e-01
-3.134000000000000119e-01
-3.956000000000000072e-01
-5.467999999999999527e-01
-9.769999999999999796e-01
6.235000000000000542e-01
-7.771000000000000130e-01
-9.096999999999999531e-01
1.255999999999999894e-01
7.307000000000000162e-01
-7.421999999999999709e-01
7.243000000000000549e-01
-6.600000000000000311e-01
-8.356000000000000094e-01
7.862999999999999989e-01
-6.953000000000000291e-01
3.598000000000000087e-01
-1.052000000000000018e-01
4.771000000000000241e-01
-5.019000000000000128e-01
-4.813999999999999946e-01
-6.239999999999999714e-02
7.812000000000000055e-01
1.112999999999999962e-01
-7.722999999999999865e-01
6.742000000000000215e-01
5.016000000000000458e-01
-9.719999999999999474e-02
9.184999999999999831e-01
3.605999999999999761e-01
-2.550999999999999934e-01
2.922000000000000153e-01
-5.695000000000000062e-01
-3.195000000000000062e-01
4.586000000000000076e-01
2.645000000000000129e-01
-6.656999999999999584e-01
-3.557000000000000162e-01
3.357999999999999874e-01
-3.599999999999999901e-03
-2.779999999999999832e-02
-9.969000000000000083e-01
-8.478999999999999870e-01
-1.461000000000000076e-01
7.285000000000000364e-01
6.168000000000000149e-01
1.396999999999999909e-01
6.937999999999999723e-01
-1.149000000000000021e-01
-4.017000000000000015e-01
1.514000000000000068e-01
-8.622999999999999554e-01
-2.038999999999999979e-01
7.975999999999999757e-01
9.368999999999999551e-01
-8.057999999999999607e-01
-8.349999999999999645e-01
-2.245000000000000051e-01
-9.244999999999999885e-01
-7.294000000000000483e-01
-4.159999999999999809e-01
-6.199999999999999956e-01
5.376999999999999558e-01
-2.950999999999999734e-01
-2.031000000000000028e-01
-3.750000000000000000e-01
-2.590999999999999970e-01
8.638000000000000123e-01
-1.675999999999999990e-01
-9.729999999999999760e-01
-7.859000000000000430e-01
-1.103999999999999981e-01
-9.336999999999999744e-01
-8.870000000000000107e-02
-1.285000000000000031e-01
-4.030000000000000249e-02
4.379999999999999866e-02
-1.595000000000000029e-01
-3.068000000000000171e-01
-9.079000000000000403e-01
9.718999999999999861e-01
-2.688999999999999724e-01
-2.328000000000000069e-01
-6.693999999999999950e-01
9.631999999999999451e-01
-7.315000000000000391e-01
-4.988000000000000211e-01
1.585000000000000020e-01
2.998999999999999999e-01
-8.699999999999999956e-01
2.003000000000000058e-01
6.693000000000000060e-01
4.289000000000000035e-01
4.556000000000000050e-01
4.689999999999999725e-01
-2.318999999999999950e-01
6.741000000000000325e-01
1.264000000000000123e-01
-8.514000000000000457e-01
5.129999999999999838e-02
-3.816999999999999837e-01
-6.326000000000000512e-01
-2.238999999999999879e-01
-9.030000000000000526e-02
-5.950999999999999623e-01
-9.911999999999999700e-01
3.673000000000000154e-01
9.945000000000000506e-01
-4.217000000000000193e-01
6.481000000000000094e-01
-5.128000000000000336e-01
7.530000000000000027e-01
7.799999999999999989e-02
3.389999999999999958e-02
7.874999999999999778e-01
1.849999999999999908e-02
3.119999999999999996e-01
-3.123000000000000220e-01
-8.912999999999999812e-01
3.155000000000000027e-01
-4.809999999999999692e-02
3.090999999999999859e-01
-9.235999999999999766e-01
4.520000000000000129e-01
-3.341999999999999971e-01
-1.290999999999999925e-01
-6.986999999999999877e-01
-2.900000000000000147e-02
-6.385999999999999455e-01
-1.718000000000000083e-01
8.467000000000000082e-01
9.625000000000000222e-01
2.079999999999999905e-02
-8.668000000000000149e-01
-2.059999999999999887e-01
-4.309000000000000052e-01
-8.011000000000000343e-01
-1.218999999999999945e-01
-9.553000000000000380e-01
5.093999999999999639e-01
6.979999999999999538e-01
8.972999999999999865e-01
-3.649999999999999772e-02
8.047999999999999599e-01
-5.239000000000000323e-01
-4.590000000000000330e-02
6.749000000000000554e-01
3.897999999999999798e-01
-4.472999999999999754e-01
9.808999999999999941e-01
-7.459999999999999964e-01
-6.579000000000000403e-01
4.232000000000000206e-01
1.681999999999999884e-01
8.981000000000000094e-01
-8.874999999999999556e-01
1.887000000000000066e-01
-6.107000000000000206e-01
-7.836999999999999522e-01
8.487000000000000099e-01
9.235999999999999766e-01
-9.241000000000000325e-01
-1.108999999999999986e-01
2.230999999999999928e-01
6.140000000000000319e-02
5.231999999999999984e-01
3.232999999999999763e-01
-5.470000000000000417e-01
-9.393000000000000238e-01
1.386999999999999900e-01
-9.752999999999999448e-01
8.195000000000000062e-01
4.742999999999999994e-01
-4.496999999999999886e-01
-1.741999999999999937e-01
-7.739999999999999658e-02
-4.195999999999999730e-01
8.469999999999999751e-01
8.889000000000000234e-01
1.005000000000000060e-01
3.367999999999999883e-01
-4.984999999999999987e-01
-9.660999999999999588e-01
-2.688999999999999724e-01
-6.922000000000000375e-01
-3.613000000000000100e-01
-7.393999999999999462e-01
7.965999999999999748e-01
-6.008999999999999897e-01
6.958999999999999631e-01
-5.170000000000000290e-02
9.808000000000000052e-01
2.071000000000000063e-01
-1.491000000000000103e-01
-2.114000000000000046e-01
-8.012000000000000233e-01
-9.816000000000000281e-01
1.907000000000000084e-01
-7.028999999999999693e-01
-9.610000000000000486e-02
-2.708999999999999742e-01
-9.321000000000000396e-01
2.760000000000000231e-01
-4.966999999999999749e-01
9.281000000000000361e-01
5.986000000000000210e-01
-9.801999999999999602e-01
7.802000000000000046e-01
1.160000000000000059e-01
5.774000000000000243e-01
8.228999999999999648e-01
4.663999999999999813e-01
8.340000000000000191e-02
-6.593999999999999861e-01
5.964000000000000412e-01
-6.117000000000000215e-01
8.806000000000000494e-01
7.478000000000000203e-01
5.292000000000000037e-01
6.874000000000000110e-01
1.550999999999999879e-01
-7.584999999999999520e-01
-7.617000000000000437e-01
3.690000000000000224e-02
-4.467999999999999750e-01
-8.741999999999999771e-01
-9.548999999999999710e-01
4.504000000000000226e-01
9.852999999999999536e-01
2.170999999999999874e-01
-6.645999999999999686e-01
-8.012000000000000233e-01
