-1.990999999999999992e-01
6.229999999999999982e-01
1.874000000000000110e-01
-2.078000000000000125e-01
1.226000000000000006e-01
9.237999999999999545e-01
1.386999999999999900e-01
-1.995000000000000107e-01
-3.748000000000000220e-01
4.932000000000000273e-01
1.020999999999999963e-01
-6.278000000000000247e-01
-5.997999999999999998e-01
7.907999999999999474e-01
3.839000000000000190e-01
4.229999999999999871e-01
-4.287000000000000255e-01
-1.350000000000000089e-01
3.281000000000000028e-01
-5.584999999999999964e-01
-1.005000000000000060e-01
-1.395000000000000129e-01
2.299999999999999961e-03
3.947999999999999843e-01
2.555000000000000049e-01
1.456999999999999962e-01
6.845999999999999863e-01
7.340000000000000691e-02
-4.022999999999999909e-01
-1.333999999999999908e-01
-5.787999999999999812e-01
7.587000000000000410e-01
-1.686999999999999889e-01
-2.376999999999999946e-01
-4.127000000000000113e-01
5.967999999999999972e-01
-3.845000000000000084e-01
1.156999999999999973e-01
-9.648999999999999799e-01
3.771999999999999797e-01
8.146999999999999797e-01
-2.963999999999999968e-01
-1.250000000000000000e-01
2.179999999999999993e-02
1.532000000000000028e-01
-8.216999999999999860e-01
-3.610999999999999766e-01
2.947000000000000175e-01
-5.645999999999999908e-01
-9.193999999999999950e-01
-7.220999999999999641e-01
8.509999999999999509e-02
-6.098000000000000087e-01
4.789999999999999813e-01
-8.538000000000000034e-01
2.987000000000000210e-01
-8.687000000000000277e-01
-3.975000000000000200e-01
9.619999999999999662e-01
3.553000000000000047e-01
2.879999999999999782e-01
-6.247000000000000330e-01
6.714999999999999858e-01
-7.717000000000000526e-01
-7.823999999999999844e-01
7.006999999999999895e-01
6.321999999999999842e-01
-3.941999999999999948e-01
-9.769999999999999796e-01
7.538000000000000256e-01
-6.571000000000000174e-01
-9.382000000000000339e-01
-8.373000000000000442e-01
-4.208999999999999964e-01
9.223999999999999977e-01
2.520999999999999908e-01
-7.272999999999999465e-01
-6.199999999999999956e-02
-7.217999999999999972e-01
9.686000000000000165e-01
7.658000000000000362e-01
2.955999999999999739e-01
-3.160000000000000309e-02
7.189999999999999725e-01
9.858000000000000096e-01
-9.299999999999999933e-02
-5.728999999999999648e-01
8.752999999999999670e-01
2.424000000000000044e-01
-4.353000000000000203e-01
-1.688999999999999946e-01
-4.048999999999999821e-01
-8.280999999999999472e-01
-4.764999999999999791e-01
6.533999999999999808e-01
1.575000000000000011e-01
4.892000000000000237e-01
6.250000000000000000e-01
8.420999999999999597e-01
-7.879000000000000448e-01
-5.893000000000000460e-01
9.044999999999999707e-01
-2.889999999999999861e-02
5.648999999999999577e-01
-2.091999999999999971e-01
-6.733999999999999986e-01
1.919999999999999832e-02
8.982999999999999874e-01
6.654999999999999805e-01
-9.303000000000000158e-01
-1.140999999999999931e-01
9.708999999999999853e-01
6.425999999999999490e-01
2.036999999999999922e-01
-6.306000000000000494e-01
8.369999999999999662e-02
8.483000000000000540e-01
6.367000000000000437e-01
-9.224999999999999867e-01
-5.639999999999999458e-01
-9.800000000000000377e-02
2.931000000000000272e-01
5.647999999999999687e-01
2.237000000000000099e-01
9.641999999999999460e-01
2.757999999999999896e-01
6.089999999999999858e-01
7.196000000000000174e-01
-6.906999999999999806e-01
-6.180999999999999828e-01
4.899000000000000021e-01
-5.274999999999999689e-01
1.666999999999999871e-01
3.780999999999999917e-01
-5.616999999999999771e-01
5.917999999999999927e-01
1.570999999999999897e-01
-7.648000000000000353e-01
-9.603000000000000425e-01
-2.641000000000000014e-01
2.746000000000000107e-01
9.197999999999999510e-01
-5.020000000000000018e-01
4.084999999999999742e-01
-5.264999999999999680e-01
-8.509999999999999787e-01
-3.753000000000000225e-01
1.532000000000000028e-01
5.194999999999999618e-01
8.073000000000000176e-01
-2.033999999999999975e-01
-1.784000000000000030e-01
-8.443000000000000504e-01
3.756999999999999784e-01
4.079999999999999738e-01
4.599999999999999922e-02
3.145000000000000018e-01
-8.473000000000000531e-01
-4.111000000000000210e-01
-4.297000000000000264e-01
2.960999999999999743e-01
9.684000000000000385e-01
5.091999999999999860e-01
1.097000000000000058e-01
-6.450000000000000178e-01
8.716000000000000414e-01
-7.208999999999999853e-01
-2.514000000000000123e-01
6.088000000000000078e-01
5.929999999999999716e-01
4.055000000000000271e-01
3.659999999999999920e-01
-6.270000000000000018e-01
-3.724000000000000088e-01
3.118000000000000216e-01
-6.304999999999999494e-01
-2.204000000000000126e-01
9.806000000000000272e-01
-1.834999999999999964e-01
7.951000000000000290e-01
2.444000000000000061e-01
7.338999999999999968e-01
6.297000000000000375e-01
1.608999999999999875e-01
3.629000000000000004e-01
-1.421000000000000041e-01
1.129999999999999928e-02
-3.891000000000000014e-01
8.652999999999999581e-01
-7.248999999999999888e-01
-1.640000000000000069e-01
3.658000000000000140e-01
4.818000000000000060e-01
-7.286000000000000254e-01
-7.771000000000000130e-01
3.694999999999999951e-01
-5.302999999999999936e-01
7.576000000000000512e-01
-1.446999999999999953e-01
-1.507999999999999896e-01
9.923999999999999488e-01
1.290000000000000001e-02
7.379000000000000004e-01
2.989999999999999880e-01
-4.951999999999999735e-01
7.952000000000000179e-01
6.145000000000000462e-01
7.694999999999999618e-01
-7.652999999999999803e-01
-9.030000000000000249e-01
1.535999999999999865e-01
3.706999999999999740e-01
-6.610000000000000320e-01
-8.459999999999999465e-02
-9.919000000000000039e-01
8.037999999999999590e-01
-1.746000000000000052e-01
-4.561000000000000054e-01
-7.488000000000000211e-01
7.190999999999999615e-01
-5.760999999999999455e-01
6.363999999999999657e-01
3.552000000000000157e-01
-6.757999999999999563e-01
-2.888999999999999901e-01
6.962000000000000410e-01
-3.286000000000000032e-01
-7.258999999999999897e-01
-7.331999999999999629e-01
5.859999999999999931e-02
3.931999999999999940e-01
-7.580999999999999961e-01
-8.832999999999999741e-01
-4.331999999999999740e-01
-7.318000000000000060e-01
-5.482000000000000206e-01
8.548999999999999932e-01
-1.521000000000000130e-01
-2.300999999999999990e-01
-6.786999999999999700e-01
-1.751000000000000056e-01
8.903999999999999693e-01
-2.482000000000000040e-01
2.883999999999999897e-01
2.350000000000000006e-02
