3.703000000000000180e-01
8.506000000000000227e-01
-9.616999999999999993e-01
-9.160000000000000087e-02
-9.042000000000000037e-01
2.929999999999999827e-01
2.657999999999999807e-01
-7.972000000000000197e-01
-1.292000000000000093e-01
-8.480000000000000038e-02
1.310000000000000053e-01
7.325000000000000400e-01
7.776999999999999469e-01
-7.008999999999999675e-01
-4.830999999999999739e-01
8.325000000000000178e-01
-4.153000000000000025e-01
7.783999999999999808e-01
-2.937000000000000166e-01
8.502999999999999448e-01
4.056000000000000161e-01
-3.912999999999999812e-01
2.864999999999999769e-01
3.069999999999999951e-01
-7.894999999999999796e-01
5.192999999999999838e-01
2.896000000000000241e-01
-7.560999999999999943e-01
-6.235000000000000542e-01
5.889999999999999680e-01
4.732000000000000095e-01
6.530000000000000249e-01
4.258000000000000118e-01
5.516999999999999682e-01
5.701000000000000512e-01
6.429000000000000270e-01
-1.067000000000000032e-01
-5.836999999999999966e-01
7.568000000000000282e-01
-5.215999999999999526e-01
-6.062999999999999501e-01
4.292000000000000259e-01
4.959000000000000075e-01
-5.971999999999999531e-01
-9.848000000000000087e-01
6.321999999999999842e-01
-5.101999999999999869e-01
-4.052999999999999936e-01
8.158999999999999586e-01
-4.408000000000000251e-01
7.994999999999999885e-01
5.074999999999999512e-01
-6.378000000000000336e-01
1.451000000000000068e-01
6.136000000000000343e-01
-7.324000000000000510e-01
-2.111000000000000099e-01
-9.747999999999999998e-01
-2.543000000000000260e-01
9.302000000000000268e-01
-3.154000000000000137e-01
5.802000000000000490e-01
-7.110999999999999543e-01
-7.620000000000000107e-01
-7.717000000000000526e-01
-3.634999999999999898e-01
6.524999999999999689e-01
-8.532999999999999474e-01
-5.887000000000000011e-01
-4.077999999999999958e-01
-5.712000000000000410e-01
-4.386999999999999789e-01
-3.620000000000000301e-02
-2.607999999999999763e-01
-7.792000000000000037e-01
8.690000000000000502e-02
4.531999999999999917e-01
3.432999999999999940e-01
-1.545999999999999874e-01
-3.635999999999999788e-01
-2.197999999999999954e-01
4.668999999999999817e-01
-6.219999999999999973e-01
7.067999999999999838e-01
5.819999999999999618e-01
-1.419999999999999873e-01
-7.590999999999999970e-01
7.828000000000000513e-01
-4.615000000000000213e-01
-5.452000000000000179e-01
-8.004000000000000004e-01
5.040000000000000036e-02
-4.803000000000000047e-01
4.086000000000000187e-01
-6.653999999999999915e-01
2.081999999999999962e-01
1.978000000000000036e-01
7.741000000000000103e-01
6.905000000000000027e-01
6.469000000000000306e-01
-5.372000000000000108e-01
5.172999999999999821e-01
4.032999999999999918e-01
5.870000000000000218e-02
-7.549000000000000155e-01
8.508000000000000007e-01
7.170999999999999597e-01
-9.150000000000000355e-01
8.770999999999999908e-01
-3.794000000000000150e-01
-7.378000000000000114e-01
-9.049999999999999711e-02
4.047000000000000042e-01
9.481000000000000538e-01
4.808000000000000052e-01
-6.629999999999999782e-02
-8.222000000000000419e-01
-8.269999999999999574e-02
-4.716000000000000192e-01
3.754000000000000115e-01
-4.667000000000000037e-01
-2.291999999999999871e-01
-9.187999999999999501e-01
-7.975999999999999757e-01
2.595000000000000084e-01
8.783999999999999586e-01
-9.972999999999999643e-01
8.813999999999999613e-01
5.433000000000000052e-01
9.000000000000000222e-01
-8.458999999999999853e-01
7.491999999999999771e-01
-3.769999999999999740e-02
-4.007999999999999896e-01
-7.240999999999999659e-01
-6.402999999999999803e-01
7.173000000000000487e-01
1.666999999999999871e-01
4.106000000000000205e-01
3.667000000000000259e-01
1.658999999999999919e-01
9.204999999999999849e-01
2.847999999999999976e-01
-1.786999999999999977e-01
-2.765000000000000235e-01
4.895999999999999797e-01
-5.818999999999999728e-01
3.332999999999999852e-01
-5.228000000000000425e-01
-8.483000000000000540e-01
-7.127000000000000002e-01
2.730000000000000204e-01
2.041999999999999926e-01
2.378000000000000114e-01
-9.366999999999999771e-01
-3.185000000000000053e-01
8.316999999999999948e-01
-1.454000000000000015e-01
8.164000000000000146e-01
1.250000000000000069e-02
-7.495000000000000551e-01
6.956999999999999851e-01
-2.247000000000000108e-01
3.719999999999999696e-02
6.892000000000000348e-01
-9.024999999999999689e-01
5.190000000000000169e-02
-8.199999999999999512e-01
-4.848999999999999977e-01
-4.060000000000000275e-01
9.801999999999999602e-01
-7.209999999999999742e-01
2.535999999999999921e-01
-6.872000000000000330e-01
-8.633999999999999453e-01
-2.190999999999999892e-01
-4.781000000000000250e-01
-3.281000000000000028e-01
7.321999999999999620e-01
4.830000000000000265e-02
3.049999999999999933e-01
-5.344999999999999751e-01
7.247000000000000108e-01
1.850999999999999868e-01
-2.525999999999999912e-01
-3.794000000000000150e-01
-7.701999999999999957e-01
7.432999999999999607e-01
6.171999999999999709e-01
-6.563999999999999835e-01
-1.023000000000000020e-01
4.696000000000000174e-01
3.632000000000000228e-01
-1.353000000000000036e-01
-2.923000000000000043e-01
2.466000000000000136e-01
-4.067000000000000060e-01
3.723000000000000198e-01
-1.602999999999999980e-01
2.657999999999999807e-01
-2.907000000000000139e-01
-8.517000000000000126e-01
-8.094000000000000083e-01
-8.189999999999999503e-01
1.882000000000000062e-01
5.238000000000000433e-01
6.354999999999999538e-01
-9.961999999999999744e-01
-6.867999999999999661e-01
7.910000000000000364e-01
9.100000000000000450e-03
-5.944000000000000394e-01
-2.398000000000000131e-01
-2.612999999999999767e-01
8.823999999999999622e-01
8.034999999999999920e-01
3.837999999999999745e-01
3.175000000000000044e-01
-9.540999999999999481e-01
-2.431999999999999995e-01
-3.255000000000000115e-01
-9.605000000000000204e-01
8.940000000000000169e-01
-5.607999999999999652e-01
7.009999999999999565e-01
5.641000000000000458e-01
-2.827999999999999958e-01
1.852000000000000035e-01
-1.247999999999999943e-01
-6.857999999999999652e-01
-7.000000000000000146e-03
8.212000000000000410e-01
-3.079999999999999960e-01
6.098000000000000087e-01
-2.031000000000000028e-01
-7.786999999999999478e-01
2.220999999999999919e-01
-7.765999999999999570e-01
-7.687000000000000499e-01
-2.641000000000000014e-01
-4.943000000000000171e-01
4.212000000000000188e-01
-3.503000000000000003e-01
-5.764000000000000234e-01
7.655999999999999472e-01
