9.670999999999999597e-01
-7.829000000000000403e-01
1.627000000000000113e-01
2.499000000000000110e-01
-1.185999999999999971e-01
-5.864000000000000323e-01
-3.383999999999999786e-01
7.076000000000000068e-01
4.867000000000000215e-01
-5.007000000000000339e-01
-9.379999999999999449e-01
8.809999999999999776e-02
-9.897000000000000242e-01
-8.001000000000000334e-01
3.966000000000000081e-01
8.872999999999999776e-01
-7.774999999999999689e-01
-6.682000000000000162e-01
-6.511000000000000121e-01
2.109000000000000041e-01
1.753000000000000114e-01
-3.884000000000000230e-01
7.924999999999999822e-01
6.330999999999999961e-01
8.581999999999999629e-01
-3.748000000000000220e-01
2.084999999999999909e-01
7.946999999999999620e-01
-1.154000000000000026e-01
-6.703000000000000069e-01
-4.334000000000000075e-01
-8.300999999999999490e-01
9.913999999999999480e-01
3.620000000000000301e-02
-9.881999999999999673e-01
-8.951999999999999957e-01
-8.846000000000000529e-01
-4.259999999999999898e-02
-5.648999999999999577e-01
2.862000000000000099e-01
5.516999999999999682e-01
-9.279999999999999361e-02
-4.474000000000000199e-01
-1.633999999999999897e-01
2.526999999999999802e-01
-1.388999999999999957e-01
-3.327999999999999847e-01
-8.090000000000000524e-01
-9.051000000000000156e-01
-9.599999999999999159e-03
6.215000000000000524e-01
8.000000000000000167e-03
3.905000000000000138e-01
-5.301000000000000156e-01
-5.377999999999999448e-01
3.169000000000000150e-01
-8.762999999999999678e-01
-6.794000000000000039e-01
4.289000000000000035e-01
-1.746999999999999942e-01
-6.069999999999999840e-01
9.970999999999999863e-01
-7.288999999999999924e-01
-1.233999999999999958e-01
5.090000000000000080e-02
3.392999999999999905e-01
2.584000000000000186e-01
8.249999999999999556e-01
-2.011999999999999900e-01
-1.337000000000000133e-01
2.323000000000000065e-01
-6.277000000000000357e-01
6.256000000000000449e-01
7.540000000000000036e-01
1.494000000000000050e-01
-9.362000000000000322e-01
-8.129999999999999727e-02
-4.657000000000000028e-01
-5.868999999999999773e-01
-9.229999999999999316e-02
5.299000000000000377e-01
-2.288999999999999924e-01
5.201999999999999957e-01
-4.869999999999999885e-01
2.660000000000000142e-01
-5.578999999999999515e-01
3.247999999999999776e-01
3.977999999999999869e-01
-3.020000000000000115e-02
5.747999999999999776e-01
-6.136000000000000343e-01
2.182000000000000051e-01
-3.387999999999999901e-01
-8.747000000000000330e-01
-9.349999999999999978e-02
-8.214000000000000190e-01
4.107999999999999985e-01
-3.456000000000000183e-01
3.951999999999999957e-01
-7.270000000000000073e-02
1.403000000000000080e-01
-3.120999999999999885e-01
2.388000000000000123e-01
-8.689999999999999947e-01
9.204999999999999849e-01
-2.326999999999999902e-01
8.395000000000000240e-01
1.340000000000000080e-01
4.370999999999999885e-01
-9.921999999999999709e-01
8.823999999999999622e-01
5.074999999999999512e-01
-4.299999999999999933e-01
1.925000000000000044e-01
-7.812000000000000055e-01
-8.147999999999999687e-01
1.302000000000000102e-01
1.899999999999999953e-02
4.072000000000000064e-01
3.370000000000000079e-02
-9.315999999999999837e-01
4.638999999999999790e-01
3.533000000000000029e-01
8.122000000000000330e-01
-7.315000000000000391e-01
8.397000000000000020e-01
-2.469999999999999973e-01
-1.353999999999999926e-01
-4.071000000000000174e-01
-2.737999999999999878e-01
-1.527000000000000024e-01
9.909999999999999920e-01
7.612999999999999767e-01
-2.783999999999999808e-01
-5.697999999999999732e-01
3.895000000000000129e-01
4.217000000000000193e-01
-2.869999999999999982e-02
9.801999999999999602e-01
6.400000000000000307e-03
3.805999999999999939e-01
4.042999999999999927e-01
-4.293000000000000149e-01
6.077000000000000179e-01
-1.166999999999999982e-01
-9.744000000000000439e-01
1.348000000000000032e-01
5.303999999999999826e-01
-6.042999999999999483e-01
3.594999999999999862e-01
6.665999999999999703e-01
-4.319999999999999951e-01
3.185999999999999943e-01
7.423999999999999488e-01
-8.118999999999999551e-01
-5.501000000000000334e-01
6.751000000000000334e-01
-6.991000000000000547e-01
2.330000000000000127e-02
-4.979000000000000092e-01
-2.396000000000000074e-01
2.710000000000000187e-01
2.725000000000000200e-01
1.011999999999999983e-01
2.346000000000000030e-01
-1.496000000000000107e-01
-5.260000000000000092e-02
-1.163000000000000006e-01
9.003999999999999782e-01
2.310000000000000109e-01
-5.199999999999999761e-02
-5.967000000000000082e-01
-3.817999999999999727e-01
-1.587000000000000077e-01
9.502000000000000446e-01
-4.082000000000000073e-01
3.407000000000000028e-01
8.817000000000000393e-01
4.130000000000000338e-02
-7.459000000000000075e-01
1.280000000000000061e-02
9.808000000000000052e-01
6.352999999999999758e-01
8.545000000000000373e-01
-8.356999999999999984e-01
7.714999999999999636e-01
3.578000000000000069e-01
3.498999999999999888e-01
-2.797000000000000042e-01
2.726999999999999980e-01
4.039999999999999841e-02
6.549000000000000377e-01
4.048999999999999821e-01
3.740999999999999881e-01
8.454000000000000403e-01
-7.026999999999999913e-01
8.590999999999999748e-01
-9.608999999999999764e-01
-5.901999999999999469e-01
9.478999999999999648e-01
-2.283000000000000029e-01
3.887999999999999790e-01
3.806999999999999829e-01
-7.358999999999999986e-01
-8.498999999999999888e-01
9.192000000000000171e-01
-6.005000000000000338e-01
-6.189999999999999669e-02
-8.483000000000000540e-01
-4.356999999999999762e-01
-6.620000000000000329e-01
-6.367000000000000437e-01
-5.999999999999999778e-01
9.447999999999999732e-01
5.353999999999999870e-01
9.881999999999999673e-01
-2.079000000000000015e-01
-7.229999999999999760e-01
-6.529999999999999694e-02
-4.830999999999999739e-01
1.170999999999999958e-01
1.620999999999999941e-01
6.643999999999999906e-01
2.786000000000000143e-01
8.290000000000000147e-02
4.026000000000000134e-01
-8.514000000000000457e-01
7.879999999999999505e-02
-7.739999999999999658e-02
9.645000000000000240e-01
-4.739999999999999769e-01
3.049000000000000044e-01
-7.277000000000000135e-01
2.684000000000000274e-01
1.660999999999999976e-01
-4.434000000000000163e-01
6.809999999999999387e-02
8.340000000000000191e-02
-4.605000000000000204e-01
1.356999999999999873e-01
5.537999999999999590e-01
9.932999999999999607e-01
-5.469999999999999862e-02
-9.048000000000000487e-01
5.090000000000000080e-01
