-3.745999999999999885e-01
3.711999999999999744e-01
-8.187999999999999723e-01
-3.400000000000000244e-01
-4.401999999999999802e-01
1.107999999999999957e-01
8.529999999999999805e-01
-7.678000000000000380e-01
7.296000000000000263e-01
1.098999999999999977e-01
7.698000000000000398e-01
-6.562000000000000055e-01
-9.085999999999999632e-01
5.813000000000000389e-01
-4.591000000000000081e-01
7.967999999999999527e-01
-5.132999999999999785e-01
3.178000000000000269e-01
5.437999999999999501e-01
8.014000000000000012e-01
-6.844999999999999973e-01
4.979999999999999982e-01
-7.181999999999999496e-01
4.349999999999999700e-02
-2.099999999999999922e-01
-3.714999999999999969e-01
3.245999999999999996e-01
-6.445999999999999508e-01
-9.375000000000000000e-01
7.733999999999999764e-01
-4.945999999999999841e-01
-9.728999999999999870e-01
1.675999999999999990e-01
-5.540000000000000480e-01
5.195999999999999508e-01
5.228000000000000425e-01
3.719000000000000083e-01
-1.105000000000000010e-01
-3.810000000000000192e-02
-2.800000000000000266e-01
1.480000000000000066e-02
-1.524000000000000077e-01
4.214999999999999858e-01
-6.084000000000000519e-01
-1.559999999999999928e-02
9.697999999999999954e-01
-1.773000000000000131e-01
6.047000000000000153e-01
8.074000000000000066e-01
-2.260999999999999954e-01
2.600000000000000089e-01
-1.489000000000000046e-01
-6.991000000000000547e-01
4.113999999999999879e-01
-4.400000000000000022e-01
-8.139999999999999458e-01
-3.300000000000000155e-01
1.298999999999999877e-01
4.769999999999999796e-01
5.397999999999999465e-01
4.072999999999999954e-01
-7.370000000000000162e-02
-2.023999999999999966e-01
4.994000000000000106e-01
9.082999999999999963e-01
7.318999999999999950e-01
4.766000000000000236e-01
-9.183000000000000052e-01
-6.283999999999999586e-01
-2.280000000000000082e-02
4.302000000000000268e-01
4.037999999999999923e-01
-3.632000000000000228e-01
5.491000000000000325e-01
-8.970000000000000195e-02
6.953000000000000291e-01
2.295000000000000095e-01
-7.389999999999999347e-02
1.855999999999999872e-01
-6.007000000000000117e-01
-7.929999999999999549e-02
-7.292999999999999483e-01
7.816999999999999504e-01
-1.484000000000000041e-01
1.389999999999999916e-02
-5.704000000000000181e-01
3.901999999999999913e-01
-2.484999999999999987e-01
7.997999999999999554e-01
2.214000000000000135e-01
9.574000000000000288e-01
-6.837999999999999634e-01
-5.691000000000000503e-01
-5.413000000000000034e-01
8.875999999999999446e-01
8.006999999999999673e-01
8.295000000000000151e-01
-9.056999999999999496e-01
-5.780999999999999472e-01
6.264999999999999458e-01
-7.893000000000000016e-01
9.599999999999999645e-01
7.457000000000000295e-01
3.750000000000000000e-01
-9.465999999999999970e-01
8.509999999999999509e-02
3.966999999999999971e-01
9.129000000000000448e-01
-4.477999999999999758e-01
9.491000000000000547e-01
8.100000000000000533e-01
7.495000000000000551e-01
4.985999999999999877e-01
8.534000000000000474e-01
-7.437000000000000277e-01
-4.230999999999999761e-01
-6.070999999999999730e-01
4.788000000000000034e-01
1.391000000000000014e-01
3.796999999999999820e-01
3.109999999999999917e-02
-8.635000000000000453e-01
-5.597999999999999643e-01
-1.935000000000000053e-01
-3.976999999999999980e-01
-9.701999999999999513e-01
7.930000000000000382e-01
-6.854999999999999982e-01
-2.462999999999999912e-01
4.971999999999999753e-01
-6.095000000000000417e-01
1.899000000000000132e-01
-4.743999999999999884e-01
-1.152999999999999997e-01
2.535999999999999921e-01
1.014000000000000040e-01
3.799999999999999906e-02
-6.366000000000000547e-01
-3.713000000000000189e-01
-7.580000000000000626e-02
-1.100000000000000066e-03
-9.025999999999999579e-01
1.163000000000000006e-01
-6.519999999999999407e-02
2.817000000000000060e-01
5.696999999999999842e-01
-1.038000000000000034e-01
-8.423000000000000487e-01
-2.510000000000000009e-01
3.714000000000000079e-01
-8.887000000000000455e-01
7.477000000000000313e-01
9.556000000000000050e-01
7.591999999999999860e-01
-8.266999999999999904e-01
-4.094999999999999751e-01
9.339999999999999691e-02
4.435999999999999943e-01
2.470999999999999863e-01
5.553000000000000158e-01
7.832999999999999963e-01
1.635000000000000064e-01
3.540000000000000091e-02
5.400000000000000355e-01
-6.464999999999999636e-01
2.038000000000000089e-01
-3.972999999999999865e-01
-8.221000000000000529e-01
-6.211999999999999744e-01
-7.330000000000000404e-02
3.401000000000000134e-01
-4.986999999999999766e-01
7.931000000000000272e-01
-2.973999999999999977e-01
8.437000000000000055e-01
-6.383999999999999675e-01
3.406000000000000139e-01
-1.463000000000000134e-01
5.027000000000000357e-01
4.128999999999999893e-01
5.745999999999999996e-01
-6.655999999999999694e-01
-1.381000000000000005e-01
-7.264000000000000457e-01
-7.344000000000000528e-01
5.249000000000000332e-01
-9.224999999999999867e-01
-5.290000000000000258e-01
-1.897999999999999965e-01
3.971999999999999975e-01
-1.978999999999999926e-01
-9.764000000000000457e-01
-7.328999999999999959e-01
2.303999999999999937e-01
-9.400000000000000369e-03
9.868999999999999995e-01
3.289000000000000257e-01
-2.016000000000000014e-01
-5.118000000000000327e-01
-9.891999999999999682e-01
6.330999999999999961e-01
8.309999999999999609e-01
7.418000000000000149e-01
5.112999999999999767e-01
8.968000000000000416e-01
-9.558999999999999719e-01
6.209999999999999964e-01
-3.342999999999999861e-01
-3.920000000000000151e-01
3.902999999999999803e-01
-4.571000000000000063e-01
3.705999999999999850e-01
6.032999999999999474e-01
-9.119000000000000439e-01
5.058000000000000274e-01
8.725000000000000533e-01
-1.009000000000000036e-01
8.566000000000000281e-01
8.181000000000000494e-01
5.034999999999999476e-01
-6.239000000000000101e-01
-8.017999999999999572e-01
-1.738000000000000100e-01
7.120999999999999552e-01
9.403000000000000247e-01
-5.919999999999999707e-01
-3.094000000000000083e-01
-5.090000000000000080e-01
4.778999999999999915e-01
1.117999999999999966e-01
1.656999999999999862e-01
-6.089999999999999858e-01
-5.016000000000000458e-01
-7.903000000000000025e-01
9.822999999999999510e-01
-5.181999999999999940e-01
3.570000000000000256e-02
-3.070999999999999841e-01
-4.062999999999999945e-01
3.627000000000000224e-01
-3.047000000000000264e-01
-6.300000000000000044e-02
-5.604000000000000092e-01
5.020999999999999908e-01
-4.857000000000000206e-01
