-4.776000000000000245e-01
-1.852000000000000035e-01
-6.475999999999999535e-01
-3.710000000000000103e-02
6.455999999999999517e-01
3.942999999999999838e-01
5.491000000000000325e-01
-4.845999999999999752e-01
-4.627000000000000002e-01
2.843999999999999861e-01
-5.684000000000000163e-01
-1.617999999999999994e-01
5.914000000000000368e-01
2.079000000000000015e-01
1.403000000000000080e-01
7.105000000000000204e-01
3.399999999999999811e-03
3.652000000000000246e-01
3.642000000000000237e-01
-7.648000000000000353e-01
7.842999999999999972e-01
-7.942000000000000171e-01
6.900000000000000577e-02
-5.020999999999999908e-01
8.469999999999999751e-01
-4.642999999999999905e-01
-7.501999999999999780e-01
-2.797000000000000042e-01
-2.431000000000000105e-01
-8.147999999999999687e-01
-6.703000000000000069e-01
-6.300999999999999934e-01
2.049999999999999878e-01
-4.278000000000000136e-01
-9.993999999999999551e-01
8.252000000000000446e-01
9.740000000000000047e-02
8.186999999999999833e-01
-6.340000000000000080e-01
2.525000000000000022e-01
-3.407000000000000028e-01
-5.254999999999999671e-01
-2.814999999999999725e-01
6.210000000000000242e-02
-6.574999999999999734e-01
1.194999999999999951e-01
1.039999999999999952e-01
-7.778000000000000469e-01
-7.167999999999999927e-01
-8.981999999999999984e-01
-3.503000000000000003e-01
-3.599999999999999728e-02
-8.226999999999999869e-01
4.435999999999999943e-01
7.520999999999999908e-01
-4.556999999999999940e-01
-5.396999999999999575e-01
-6.108999999999999986e-01
-4.152000000000000135e-01
-9.449999999999999512e-01
-6.813000000000000167e-01
-5.979999999999999760e-01
-2.788999999999999813e-01
8.086999999999999744e-01
-1.609999999999999973e-02
8.880000000000000393e-02
9.568999999999999728e-01
5.890999999999999570e-01
-4.244999999999999885e-01
-1.570000000000000007e-01
-5.345999999999999641e-01
-6.781000000000000361e-01
3.356999999999999984e-01
-2.879999999999999921e-02
-2.021999999999999909e-01
2.589000000000000190e-01
-8.990000000000000213e-01
6.722000000000000197e-01
4.450000000000000067e-01
-9.462000000000000410e-01
2.295000000000000095e-01
2.558000000000000274e-01
2.716000000000000081e-01
-9.093999999999999861e-01
-7.112000000000000544e-01
8.797000000000000375e-01
5.895000000000000240e-01
9.704000000000000403e-01
9.788000000000000034e-01
1.129000000000000004e-01
6.139999999999999902e-01
-6.070999999999999730e-01
-1.343000000000000027e-01
9.990000000000000269e-02
1.464999999999999913e-01
9.110000000000000042e-02
1.897000000000000075e-01
4.591000000000000081e-01
-1.839000000000000079e-01
4.581000000000000072e-01
-7.624999999999999556e-01
9.455000000000000071e-01
-8.687000000000000277e-01
8.973999999999999755e-01
-2.978999999999999981e-01
7.257000000000000117e-01
-9.089000000000000412e-01
-5.809999999999999887e-02
-8.424000000000000377e-01
-7.163000000000000478e-01
8.841999999999999860e-01
5.826000000000000068e-01
-5.274999999999999689e-01
-3.633000000000000118e-01
-6.280000000000000027e-01
5.908999999999999808e-01
-8.710999999999999854e-01
5.731000000000000538e-01
1.068999999999999950e-01
-9.498999999999999666e-01
-4.572999999999999843e-01
1.748999999999999999e-01
7.427000000000000268e-01
-3.749000000000000110e-01
-2.121999999999999997e-01
3.520000000000000212e-02
7.899000000000000465e-01
2.600999999999999979e-01
7.440999999999999837e-01
-6.206000000000000405e-01
9.725000000000000311e-01
-9.398999999999999577e-01
-8.216999999999999860e-01
8.101000000000000423e-01
-5.090000000000000080e-02
7.128999999999999782e-01
-8.370999999999999552e-01
4.883000000000000118e-01
-1.337000000000000133e-01
2.540000000000000036e-01
-3.619999999999999885e-01
-9.457999999999999741e-01
2.318000000000000060e-01
-9.448999999999999622e-01
-1.540000000000000049e-02
8.123000000000000220e-01
-1.237999999999999934e-01
-7.893999999999999906e-01
6.451999999999999957e-01
7.533999999999999586e-01
2.074000000000000010e-01
7.610999999999999988e-01
-6.340999999999999970e-01
3.220999999999999974e-01
-1.736000000000000043e-01
5.463999999999999968e-01
7.772000000000000020e-01
2.955999999999999739e-01
-9.586000000000000076e-01
-8.356999999999999984e-01
4.015000000000000235e-01
4.601999999999999980e-01
9.700000000000000289e-03
-1.010000000000000064e-01
-8.776000000000000467e-01
-5.933000000000000496e-01
-5.463000000000000078e-01
3.850000000000000089e-01
-2.520000000000000018e-02
-8.190000000000000058e-02
1.464000000000000024e-01
1.481999999999999984e-01
-5.433000000000000052e-01
-8.719999999999999973e-01
-3.929000000000000270e-01
-6.149000000000000021e-01
-2.859999999999999765e-01
6.075000000000000400e-01
-7.395000000000000462e-01
4.259999999999999898e-01
-1.643999999999999906e-01
-2.848999999999999866e-01
7.849000000000000421e-01
6.326000000000000512e-01
-1.298999999999999877e-01
-6.300000000000000044e-02
-5.355999999999999650e-01
-8.379999999999999949e-02
4.217000000000000193e-01
-1.020999999999999963e-01
4.744999999999999774e-01
-7.389000000000000012e-01
-6.865999999999999881e-01
-5.504000000000000004e-01
5.423999999999999932e-01
7.864999999999999769e-01
9.733000000000000540e-01
2.731000000000000094e-01
-3.599999999999999728e-02
-1.444000000000000006e-01
-8.680000000000000215e-02
-3.926000000000000045e-01
-5.743000000000000327e-01
-1.968999999999999917e-01
-4.309999999999999942e-01
-3.189000000000000168e-01
-3.961999999999999966e-01
9.510999999999999455e-01
-2.821000000000000174e-01
8.931000000000000050e-01
-7.652999999999999803e-01
-7.026000000000000023e-01
1.688000000000000056e-01
-7.420999999999999819e-01
-1.877999999999999947e-01
-4.008999999999999786e-01
-4.627999999999999892e-01
7.720000000000000473e-02
-4.015000000000000235e-01
-1.159000000000000030e-01
-6.829999999999999960e-02
8.979000000000000314e-01
8.626000000000000334e-01
9.772999999999999465e-01
5.224999999999999645e-01
3.891999999999999904e-01
8.124000000000000110e-01
5.885000000000000231e-01
6.444999999999999618e-01
-8.823999999999999622e-01
-7.017999999999999794e-01
-3.835000000000000075e-01
9.834000000000000519e-01
6.983000000000000318e-01
5.199000000000000288e-01
-5.091999999999999860e-01
4.162000000000000144e-01
-5.824000000000000288e-01
5.325999999999999623e-01
-3.798000000000000265e-01
-9.463000000000000300e-01
-4.369000000000000106e-01
-4.905999999999999805e-01
6.995000000000000107e-01
-5.798999999999999710e-01
