8.066999999999999726e-01
-6.739000000000000545e-01
9.545000000000000151e-01
-6.514999999999999680e-01
-3.856999999999999873e-01
2.160999999999999865e-01
8.512999999999999456e-01
-4.959000000000000075e-01
5.897000000000000020e-01
-4.500000000000000111e-01
-1.118999999999999995e-01
3.417999999999999927e-01
-4.460000000000000075e-02
-2.268999999999999906e-01
1.819000000000000061e-01
7.966999999999999638e-01
3.296000000000000041e-01
-3.403999999999999804e-01
-2.111999999999999988e-01
3.513999999999999901e-01
-4.753000000000000003e-01
5.908999999999999808e-01
-6.425999999999999490e-01
3.563000000000000056e-01
-5.067000000000000393e-01
-6.176000000000000378e-01
-9.899000000000000021e-01
9.634000000000000341e-01
1.255000000000000004e-01
3.482000000000000095e-01
-6.242999999999999661e-01
-3.017000000000000237e-01
1.948000000000000009e-01
9.671999999999999487e-01
-6.338000000000000300e-01
4.316999999999999726e-01
-3.467999999999999972e-01
-3.869999999999999829e-02
-4.542999999999999816e-01
-4.845999999999999752e-01
1.759000000000000008e-01
4.693999999999999839e-01
6.132999999999999563e-01
-8.164000000000000146e-01
-8.179999999999999771e-02
5.505999999999999783e-01
-4.299999999999999933e-01
6.232999999999999652e-01
-8.052000000000000268e-01
-5.188000000000000389e-01
-1.806999999999999995e-01
1.567999999999999949e-01
6.713000000000000078e-01
6.130999999999999783e-01
-5.718999999999999639e-01
6.356000000000000538e-01
-5.990000000000000185e-02
7.589000000000000190e-01
-4.722000000000000086e-01
-1.685999999999999999e-01
6.523999999999999799e-01
-8.240000000000000102e-02
8.678000000000000158e-01
4.772000000000000131e-01
1.562999999999999945e-01
-8.770000000000000018e-01
7.455000000000000515e-01
-7.523999999999999577e-01
-7.066000000000000059e-01
2.863999999999999879e-01
9.576000000000000068e-01
4.070000000000000007e-02
-9.950999999999999845e-01
-1.630999999999999950e-01
7.436000000000000387e-01
-2.716999999999999971e-01
-2.210000000000000159e-02
-1.062000000000000027e-01
-6.360000000000000098e-01
1.280000000000000061e-02
-2.562999999999999723e-01
-3.593000000000000083e-01
-9.059999999999999998e-02
8.433000000000000496e-01
7.235000000000000320e-01
3.755000000000000004e-01
3.479999999999999760e-01
-7.201999999999999513e-01
-5.249999999999999806e-02
-1.500000000000000031e-03
8.991000000000000103e-01
-7.403999999999999471e-01
-4.601999999999999980e-01
8.193000000000000282e-01
-4.158000000000000029e-01
-9.522000000000000464e-01
-9.096999999999999531e-01
5.332999999999999963e-01
3.044999999999999929e-01
-8.418999999999999817e-01
7.468000000000000194e-01
9.649999999999999689e-01
-7.093000000000000416e-01
6.099999999999999867e-01
5.968999999999999861e-01
1.257000000000000062e-01
8.324000000000000288e-01
-9.563000000000000389e-01
8.691999999999999726e-01
-1.963999999999999913e-01
2.162999999999999923e-01
-1.113999999999999990e-01
-2.778999999999999804e-01
1.854999999999999982e-01
-7.623999999999999666e-01
6.999999999999999556e-01
9.254000000000000004e-01
-9.299999999999999933e-02
-8.257999999999999785e-01
-4.657999999999999918e-01
-7.810000000000000275e-02
8.770999999999999908e-01
7.422999999999999599e-01
-2.695000000000000173e-01
-1.198000000000000037e-01
5.400000000000000286e-03
-5.121999999999999886e-01
-4.100000000000000346e-03
4.974000000000000088e-01
3.191999999999999837e-01
6.921000000000000485e-01
-2.258999999999999897e-01
-6.662000000000000144e-01
7.983000000000000096e-01
7.375000000000000444e-01
-7.059999999999999609e-02
-6.283999999999999586e-01
6.038999999999999924e-01
7.870000000000000606e-02
-9.379999999999999449e-02
-2.627999999999999781e-01
-4.981999999999999762e-01
7.196000000000000174e-01
-7.976999999999999647e-01
5.598999999999999533e-01
7.679000000000000270e-01
-4.661000000000000143e-01
-9.049999999999999711e-02
-8.685000000000000497e-01
-7.109999999999999654e-02
-6.533999999999999808e-01
7.554999999999999494e-01
3.301999999999999935e-01
7.090000000000000469e-02
7.804999999999999716e-01
-8.007999999999999563e-01
-9.784000000000000474e-01
-8.454000000000000403e-01
1.595000000000000029e-01
-9.197999999999999510e-01
-5.020999999999999908e-01
-4.122999999999999998e-01
5.654000000000000137e-01
-5.803000000000000380e-01
3.044999999999999929e-01
-4.812000000000000166e-01
-8.920000000000000151e-02
9.528999999999999693e-01
3.200000000000000153e-03
3.834000000000000186e-01
-5.303999999999999826e-01
4.133999999999999897e-01
-6.479000000000000314e-01
-9.401000000000000467e-01
6.931000000000000494e-01
-2.089999999999999913e-01
9.210000000000000131e-02
-2.094000000000000028e-01
2.852000000000000091e-01
9.917000000000000259e-01
-8.608999999999999986e-01
-4.163999999999999924e-01
7.770000000000000517e-02
3.859000000000000208e-01
4.113999999999999879e-01
-4.086000000000000187e-01
-4.329000000000000070e-01
-3.249000000000000221e-01
-8.429999999999999716e-01
7.628000000000000336e-01
1.957000000000000128e-01
4.303000000000000158e-01
5.365999999999999659e-01
-1.375000000000000111e-01
-3.618999999999999995e-01
-5.451000000000000290e-01
7.413999999999999480e-01
1.506000000000000116e-01
-3.392000000000000015e-01
-5.979999999999999899e-02
6.151999999999999691e-01
8.244000000000000217e-01
8.600999999999999757e-01
6.402999999999999803e-01
4.529000000000000248e-01
7.798000000000000487e-01
-4.531000000000000028e-01
-6.169000000000000039e-01
1.958999999999999908e-01
4.359999999999999987e-02
-7.624999999999999556e-01
-6.042999999999999483e-01
5.213999999999999746e-01
-9.052000000000000046e-01
8.940000000000000169e-01
-5.069000000000000172e-01
-6.193999999999999506e-01
-5.012999999999999678e-01
5.545999999999999819e-01
6.510000000000000231e-01
2.960000000000000131e-02
-8.128999999999999559e-01
8.509999999999999509e-02
-3.452000000000000068e-01
-7.264000000000000457e-01
-2.525000000000000022e-01
-9.434000000000000163e-01
6.803000000000000158e-01
4.682999999999999940e-01
-7.099999999999999645e-01
-1.491999999999999993e-01
-5.816999999999999948e-01
9.400000000000000022e-02
-9.483000000000000318e-01
6.054000000000000492e-01
9.491000000000000547e-01
5.920000000000000262e-02
9.050000000000000266e-01
-9.635000000000000231e-01
4.885999999999999788e-01
1.431999999999999940e-01
-3.790999999999999925e-01
-9.300000000000000488e-01
-5.020000000000000018e-01
-1.230000000000000017e-02
