-1.005000000000000060e-01
-7.153000000000000469e-01
-3.106999999999999762e-01
-5.225999999999999535e-01
3.725999999999999868e-01
-4.340000000000000108e-02
-3.756999999999999784e-01
9.203000000000000069e-01
2.041000000000000036e-01
7.062000000000000499e-01
8.449999999999999734e-01
8.020000000000000462e-01
-8.010000000000000453e-01
-4.264999999999999902e-01
-3.538999999999999924e-01
5.650000000000000161e-02
-8.507000000000000117e-01
-7.357000000000000206e-01
-3.806999999999999829e-01
-6.592000000000000082e-01
-7.501999999999999780e-01
3.341999999999999971e-01
-2.945999999999999730e-01
-2.232999999999999985e-01
9.767000000000000126e-01
-9.882999999999999563e-01
1.456999999999999962e-01
-7.501999999999999780e-01
-8.120000000000000551e-01
4.620000000000000218e-01
1.638000000000000012e-01
6.522000000000000020e-01
-4.535000000000000142e-01
-9.543000000000000371e-01
8.882999999999999785e-01
8.518999999999999906e-01
6.249000000000000110e-01
8.721999999999999753e-01
-2.555999999999999939e-01
6.683000000000000052e-01
-2.255000000000000060e-01
4.769999999999999796e-01
-3.724000000000000088e-01
-4.423000000000000265e-01
2.144000000000000072e-01
3.451000000000000179e-01
-8.478999999999999870e-01
9.566000000000000059e-01
-2.903000000000000025e-01
6.710000000000000409e-01
-1.673999999999999932e-01
5.805000000000000160e-01
-2.034999999999999865e-01
-1.102000000000000063e-01
8.931999999999999940e-01
-7.177999999999999936e-01
-3.508999999999999897e-01
2.606999999999999873e-01
8.508999999999999897e-01
-6.632000000000000117e-01
2.494000000000000106e-01
7.691000000000000059e-01
-8.984999999999999654e-01
9.538999999999999702e-01
9.062000000000000055e-01
4.529000000000000248e-01
6.381000000000000005e-01
-4.608999999999999764e-01
9.126999999999999558e-01
-9.945000000000000506e-01
-5.420000000000000373e-01
6.571000000000000174e-01
5.840000000000000052e-02
5.109999999999999959e-02
-5.143999999999999684e-01
-5.946000000000000174e-01
-3.225000000000000089e-01
-5.006000000000000449e-01
7.840000000000000302e-01
-6.309000000000000163e-01
1.869000000000000106e-01
5.436999999999999611e-01
6.057000000000000162e-01
3.909000000000000252e-01
-4.965999999999999859e-01
6.047000000000000153e-01
-8.297999999999999821e-01
-7.670000000000000429e-02
1.890999999999999903e-01
-2.520000000000000018e-02
2.773999999999999799e-01
1.938000000000000000e-01
-3.528000000000000025e-01
-2.619000000000000217e-01
6.653000000000000025e-01
-1.368999999999999939e-01
-3.720999999999999863e-01
-9.113999999999999879e-01
7.247999999999999998e-01
-2.185999999999999888e-01
9.471000000000000529e-01
7.234000000000000430e-01
-6.106000000000000316e-01
4.003999999999999782e-01
7.589000000000000190e-01
5.340000000000000302e-02
-2.452000000000000013e-01
-1.039000000000000062e-01
-5.628999999999999559e-01
7.307000000000000162e-01
8.953999999999999737e-01
-5.117000000000000437e-01
-3.330000000000000182e-01
-4.245999999999999774e-01
6.690000000000000391e-01
8.709999999999999687e-02
4.229999999999999732e-02
-6.088000000000000078e-01
7.616000000000000547e-01
-3.064000000000000057e-01
6.338000000000000300e-01
3.763000000000000234e-01
-6.278000000000000247e-01
-4.213999999999999968e-01
-2.111999999999999988e-01
-9.093999999999999861e-01
-8.051000000000000378e-01
2.141000000000000125e-01
9.284000000000000030e-01
6.630000000000000338e-01
9.410000000000000309e-02
3.473999999999999866e-01
-5.799999999999999600e-01
7.180000000000000271e-02
7.334000000000000519e-01
2.860000000000000042e-02
-8.511999999999999567e-01
-9.049000000000000377e-01
-6.850000000000000533e-02
3.977999999999999869e-01
9.124999999999999778e-01
7.812000000000000055e-01
4.940999999999999837e-01
2.848999999999999866e-01
-1.391000000000000014e-01
2.230000000000000038e-01
1.494999999999999940e-01
4.424000000000000155e-01
-2.280000000000000082e-02
-9.655000000000000249e-01
8.156999999999999806e-01
-8.256000000000000005e-01
-9.791999999999999593e-01
7.288999999999999924e-01
9.885000000000000453e-01
-2.063000000000000111e-01
-4.572999999999999843e-01
8.519999999999999796e-02
7.691999999999999948e-01
5.554000000000000048e-01
-7.943000000000000060e-01
5.199999999999999761e-03
-1.796000000000000096e-01
-9.580999999999999517e-01
4.398000000000000242e-01
-2.993000000000000105e-01
8.468999999999999861e-01
-9.536000000000000032e-01
-9.426999999999999824e-01
-7.730000000000000204e-01
-5.584999999999999964e-01
-6.662000000000000144e-01
