6.741000000000000325e-01
-9.405000000000000027e-01
6.289999999999999758e-02
-8.215999999999999970e-01
-5.332999999999999963e-01
-1.100000000000000006e-01
2.023000000000000076e-01
8.405000000000000249e-01
3.895000000000000129e-01
-3.725999999999999868e-01
-7.334000000000000519e-01
-9.737000000000000099e-01
-8.987000000000000544e-01
-7.504999999999999449e-01
-3.528999999999999915e-01
-8.459999999999999742e-01
9.351000000000000423e-01
-7.063000000000000389e-01
8.891999999999999904e-01
1.205999999999999989e-01
-2.999999999999999737e-04
-3.793000000000000260e-01
-4.097000000000000086e-01
-3.221999999999999864e-01
1.175999999999999962e-01
9.420000000000000595e-02
7.348000000000000087e-01
-7.523999999999999577e-01
4.565000000000000169e-01
7.435000000000000497e-01
-3.776999999999999802e-01
-6.104000000000000536e-01
6.570000000000000284e-01
-4.687999999999999945e-01
-3.668000000000000149e-01
-1.945999999999999952e-01
-8.657000000000000250e-01
-9.195999999999999730e-01
9.321000000000000396e-01
-6.528000000000000469e-01
-3.941000000000000059e-01
-4.599999999999999922e-02
-3.503000000000000003e-01
-5.698999999999999622e-01
2.049999999999999878e-01
2.101999999999999980e-01
4.923000000000000154e-01
-7.006000000000000005e-01
-6.785999999999999810e-01
-3.654000000000000026e-01
1.383999999999999952e-01
6.863000000000000211e-01
3.865999999999999992e-01
-5.241000000000000103e-01
1.859999999999999987e-01
2.928000000000000047e-01
-9.072000000000000064e-01
2.127999999999999892e-01
6.755999999999999783e-01
-1.375000000000000111e-01
-1.004000000000000031e-01
9.453000000000000291e-01
-3.874000000000000221e-01
-3.746999999999999775e-01
4.859999999999999737e-02
-2.796000000000000152e-01
3.251999999999999891e-01
-6.651000000000000245e-01
9.880999999999999783e-01
-2.249999999999999917e-02
7.717000000000000526e-01
6.925999999999999934e-01
5.600000000000000117e-02
-2.746000000000000107e-01
-5.413999999999999924e-01
-5.382000000000000117e-01
9.677999999999999936e-01
-7.641999999999999904e-01
-7.977999999999999536e-01
-9.798999999999999932e-01
8.869000000000000217e-01
3.095999999999999863e-01
-8.045999999999999819e-01
-5.340000000000000302e-02
-6.665999999999999703e-01
4.890999999999999792e-01
5.109999999999999959e-02
-6.179000000000000048e-01
8.727000000000000313e-01
8.537000000000000144e-01
-9.094999999999999751e-01
-5.324999999999999734e-01
-3.156999999999999806e-01
-4.959999999999999964e-01
-2.731000000000000094e-01
6.239000000000000101e-01
-9.082000000000000073e-01
1.870999999999999885e-01
5.080000000000000071e-01
-1.174000000000000044e-01
-5.703000000000000291e-01
7.432999999999999607e-01
5.022999999999999687e-01
-4.187000000000000166e-01
-8.616000000000000325e-01
5.248000000000000442e-01
1.307000000000000106e-01
3.548000000000000043e-01
7.617000000000000437e-01
-4.995999999999999885e-01
6.861000000000000432e-01
-3.184000000000000163e-01
7.895999999999999686e-01
-2.457000000000000017e-01
-5.565999999999999837e-01
8.120000000000000551e-01
6.784999999999999920e-01
-6.458000000000000407e-01
-4.420999999999999930e-01
-5.185999999999999499e-01
7.368000000000000105e-01
-3.178000000000000269e-01
8.240000000000000102e-02
-6.615999999999999659e-01
-2.436000000000000110e-01
1.155999999999999944e-01
-9.030000000000000526e-02
-4.633999999999999786e-01
2.147000000000000020e-01
-6.391000000000000014e-01
6.929999999999999494e-01
2.702999999999999847e-01
7.883000000000000007e-01
-7.937999999999999501e-01
9.434000000000000163e-01
3.139000000000000123e-01
-5.535999999999999810e-01
6.535999999999999588e-01
-4.969000000000000083e-01
-3.083000000000000185e-01
-8.380999999999999561e-01
-2.692999999999999838e-01
-7.887999999999999456e-01
1.250000000000000069e-02
5.677999999999999714e-01
-1.625000000000000056e-01
7.447000000000000286e-01
-3.973999999999999755e-01
-8.290000000000000147e-02
6.664999999999999813e-01
-5.332999999999999963e-01
8.749000000000000110e-01
3.069999999999999951e-01
3.049999999999999933e-02
-4.005000000000000226e-01
7.379000000000000004e-01
4.959000000000000075e-01
-5.756000000000000005e-01
-6.891000000000000458e-01
2.411999999999999977e-01
8.457000000000000073e-01
7.435000000000000497e-01
5.445999999999999730e-01
7.099999999999999645e-01
1.069999999999999944e-02
5.282000000000000028e-01
6.593999999999999861e-01
-3.059999999999999873e-02
-4.477999999999999758e-01
-3.840000000000000080e-01
4.702000000000000068e-01
4.693999999999999839e-01
