7.119999999999999662e-01
8.367999999999999883e-01
1.496000000000000107e-01
-8.618000000000000105e-01
-2.543000000000000260e-01
7.881000000000000227e-01
5.800000000000000294e-02
4.628999999999999782e-01
1.431999999999999940e-01
-1.754999999999999893e-01
8.750000000000000000e-01
6.582000000000000073e-01
-7.332999999999999519e-01
-8.934999999999999609e-01
6.167000000000000259e-01
-9.993999999999999551e-01
5.976000000000000201e-01
8.378999999999999782e-01
4.109999999999999765e-01
5.349000000000000421e-01
9.779999999999999805e-01
5.181000000000000050e-01
6.290999999999999925e-01
1.703999999999999959e-01
-1.107000000000000067e-01
3.014999999999999902e-01
4.601999999999999980e-01
3.987999999999999878e-01
3.622000000000000219e-01
-4.060000000000000275e-01
-2.318000000000000060e-01
-4.002999999999999892e-01
-7.047999999999999821e-01
2.790000000000000258e-01
-7.469000000000000083e-01
-2.988999999999999990e-01
-6.713999999999999968e-01
-5.750000000000000250e-02
-8.279999999999999583e-01
7.881000000000000227e-01
2.202000000000000068e-01
5.360000000000000320e-01
7.199999999999999456e-02
-9.656000000000000139e-01
-2.949999999999999845e-01
4.149999999999999800e-01
-3.695999999999999841e-01
2.620000000000000107e-01
2.680000000000000160e-01
5.552000000000000268e-01
2.240000000000000047e-01
-2.078000000000000125e-01
3.889000000000000234e-01
-3.023000000000000131e-01
3.654999999999999916e-01
7.639999999999999569e-02
-8.736000000000000432e-01
-9.024999999999999689e-01
-5.079999999999999793e-02
-1.159999999999999920e-02
4.521000000000000019e-01
9.432000000000000384e-01
-2.348999999999999977e-01
-5.460000000000000409e-01
-3.387999999999999901e-01
-3.160000000000000031e-01
-3.430000000000000271e-01
9.143000000000000016e-01
-3.582000000000000184e-01
-6.850000000000000533e-02
-2.600000000000000089e-01
8.862999999999999767e-01
8.844999999999999529e-01
-2.963999999999999968e-01
1.600999999999999923e-01
6.941000000000000503e-01
-6.976999999999999869e-01
7.186000000000000165e-01
5.975000000000000311e-01
-4.628999999999999782e-01
3.138000000000000234e-01
-9.897000000000000242e-01
-3.915000000000000147e-01
-7.752000000000000002e-01
5.255999999999999561e-01
6.347000000000000419e-01
-9.915000000000000480e-01
-7.399000000000000021e-01
-1.378999999999999948e-01
5.813000000000000389e-01
-2.222999999999999976e-01
2.359999999999999945e-02
-7.939000000000000501e-01
9.144999999999999796e-01
1.516000000000000125e-01
-8.570999999999999730e-01
-2.772000000000000020e-01
8.416000000000000147e-01
-4.868000000000000105e-01
-5.973000000000000531e-01
-6.351999999999999869e-01
-9.549999999999999600e-01
4.344000000000000083e-01
-3.079000000000000070e-01
-6.875000000000000000e-01
9.475999999999999979e-01
2.652999999999999803e-01
-9.512000000000000455e-01
7.391999999999999682e-01
-1.285000000000000031e-01
-2.179000000000000103e-01
9.325999999999999845e-01
3.726999999999999758e-01
7.950000000000000400e-01
1.116999999999999937e-01
2.691000000000000059e-01
4.569999999999999757e-02
8.451999999999999513e-01
4.460999999999999965e-01
8.790000000000000036e-01
-7.652999999999999803e-01
-7.659000000000000252e-01
1.230000000000000017e-02
5.999999999999999778e-02
5.561000000000000387e-01
-8.556000000000000272e-01
-9.377999999999999670e-01
-3.508999999999999897e-01
3.189999999999999780e-02
-7.369999999999999885e-01
-6.952000000000000401e-01
4.758000000000000007e-01
-8.469999999999999751e-02
8.784999999999999476e-01
-3.275000000000000133e-01
8.890000000000000679e-02
9.911999999999999700e-01
6.756999999999999673e-01
8.114000000000000101e-01
-5.332000000000000073e-01
-5.392000000000000126e-01
6.834000000000000075e-01
1.260000000000000009e-01
-7.869000000000000439e-01
-9.980999999999999872e-01
-1.137999999999999984e-01
-8.537000000000000144e-01
9.058000000000000496e-01
-5.023999999999999577e-01
1.900999999999999912e-01
-1.590000000000000094e-02
-6.995000000000000107e-01
9.516000000000000014e-01
-1.718999999999999972e-01
3.930000000000000160e-01
2.222999999999999976e-01
-2.540000000000000036e-01
-4.036000000000000143e-01
-4.808000000000000052e-01
7.350999999999999757e-01
2.730000000000000204e-01
8.663999999999999480e-01
-7.187000000000000055e-01
-5.711000000000000520e-01
3.451000000000000179e-01
3.679999999999999938e-02
2.207999999999999963e-01
8.029999999999999638e-02
-5.050000000000000322e-02
8.537000000000000144e-01
-7.983999999999999986e-01
-5.419000000000000483e-01
