-3.431000000000000161e-01
-8.327999999999999847e-01
6.088000000000000078e-01
4.632999999999999896e-01
3.052000000000000268e-01
-2.822000000000000064e-01
2.505000000000000004e-01
3.106999999999999762e-01
-8.100000000000000533e-01
8.872999999999999776e-01
2.554000000000000159e-01
-2.520999999999999908e-01
3.899999999999999994e-02
9.711999999999999522e-01
-7.564999999999999503e-01
-2.000000000000000042e-03
-5.645000000000000018e-01
6.691000000000000281e-01
-5.369999999999999774e-02
9.062000000000000055e-01
-7.385000000000000453e-01
-8.914999999999999591e-01
-6.100000000000000387e-03
9.226999999999999647e-01
-4.001000000000000112e-01
-1.894000000000000128e-01
-6.491999999999999993e-01
6.493999999999999773e-01
-1.723000000000000087e-01
6.568000000000000504e-01
6.492999999999999883e-01
7.645999999999999464e-01
9.070000000000000284e-02
-6.636999999999999567e-01
6.229000000000000092e-01
-1.053000000000000047e-01
-4.763999999999999901e-01
3.615999999999999770e-01
-9.332000000000000295e-01
8.345000000000000195e-01
1.418999999999999984e-01
4.969999999999999973e-01
-9.210000000000000409e-01
4.435000000000000053e-01
2.910000000000000087e-02
-8.356000000000000094e-01
-5.767999999999999794e-01
5.074999999999999512e-01
5.306999999999999496e-01
3.940000000000000169e-01
-7.699000000000000288e-01
3.710000000000000103e-02
7.241999999999999549e-01
-1.773000000000000131e-01
-2.622999999999999776e-01
4.167000000000000148e-01
-3.468999999999999861e-01
7.083000000000000407e-01
8.776000000000000467e-01
8.219999999999999529e-02
3.396000000000000130e-01
8.154000000000000137e-01
7.748000000000000442e-01
-5.979999999999999899e-02
9.729999999999999760e-01
-8.912999999999999812e-01
4.580000000000000182e-01
7.580000000000000071e-01
-8.771999999999999797e-01
2.798999999999999821e-01
-2.702999999999999847e-01
-4.179999999999999688e-02
5.726999999999999869e-01
3.812999999999999723e-01
-7.720000000000000195e-01
-7.722999999999999865e-01
2.021000000000000019e-01
9.537999999999999812e-01
-9.629999999999999671e-02
-2.799999999999999972e-03
8.890000000000000124e-01
-5.093999999999999639e-01
-9.649999999999999689e-01
-1.746000000000000052e-01
-1.519000000000000072e-01
6.461999999999999966e-01
-1.993000000000000049e-01
3.277999999999999803e-01
-1.016999999999999987e-01
-8.374000000000000332e-01
-8.093000000000000194e-01
5.704000000000000181e-01
7.789999999999999702e-02
2.965999999999999748e-01
3.199000000000000177e-01
-6.772000000000000242e-01
-4.163999999999999924e-01
-7.269999999999999796e-01
4.677999999999999936e-01
-7.024000000000000243e-01
9.249000000000000554e-01
-8.903999999999999693e-01
-3.221999999999999864e-01
-4.798999999999999932e-01
-1.429999999999999882e-01
4.154999999999999805e-01
3.871999999999999886e-01
2.803999999999999826e-01
-2.677999999999999825e-01
-8.834999999999999520e-01
9.100000000000000311e-01
3.014999999999999902e-01
3.382999999999999896e-01
-5.589999999999999830e-02
5.170000000000000151e-01
5.923000000000000487e-01
-3.397000000000000020e-01
-3.608000000000000096e-01
-8.939999999999999336e-02
-9.120000000000000329e-02
-4.254999999999999893e-01
4.030000000000000249e-02
-8.147999999999999687e-01
8.769000000000000128e-01
-7.810000000000000275e-01
-7.439999999999999947e-01
-6.198000000000000176e-01
2.258999999999999897e-01
7.599999999999999985e-03
-1.650000000000000078e-02
-3.294000000000000261e-01
-4.062999999999999945e-01
-6.554999999999999716e-01
1.010999999999999954e-01
-2.891000000000000236e-01
4.492999999999999772e-01
6.000999999999999668e-01
-1.335999999999999965e-01
-4.052000000000000046e-01
7.134000000000000341e-01
1.847999999999999921e-01
9.707000000000000073e-01
-1.554000000000000103e-01
2.756000000000000116e-01
-3.027000000000000246e-01
-1.044000000000000067e-01
-8.827000000000000401e-01
1.516000000000000125e-01
5.414999999999999813e-01
9.796000000000000263e-01
7.079999999999999627e-01
-5.763000000000000345e-01
-8.154000000000000137e-01
6.101999999999999647e-01
-8.860000000000000098e-01
-8.850000000000000089e-01
-1.204999999999999960e-01
3.620000000000000301e-02
8.336000000000000076e-01
3.259000000000000230e-01
-9.689999999999999725e-01
3.210000000000000075e-01
-6.500000000000000222e-01
-8.885999999999999455e-01
4.303000000000000158e-01
-5.068000000000000282e-01
2.091000000000000081e-01
-5.536999999999999700e-01
-1.302000000000000102e-01
-4.450000000000000067e-01
8.921000000000000041e-01
6.852000000000000313e-01
