9.861999999999999655e-01
5.560000000000000497e-01
-8.377999999999999892e-01
9.449999999999999512e-01
6.187000000000000277e-01
-4.019999999999999962e-02
-9.108000000000000540e-01
-3.648000000000000131e-01
-3.433999999999999830e-01
3.332999999999999852e-01
4.919999999999999929e-01
7.882000000000000117e-01
7.810000000000000275e-01
3.654999999999999916e-01
-8.770000000000000018e-02
7.123000000000000442e-01
-2.897000000000000131e-01
3.580999999999999739e-01
-4.601000000000000090e-01
-8.125000000000000000e-01
9.658999999999999808e-01
-4.618999999999999773e-01
5.152999999999999803e-01
-8.019999999999999352e-02
-1.176999999999999991e-01
-2.649999999999999925e-02
1.539000000000000090e-01
1.537000000000000033e-01
-7.268000000000000016e-01
-9.139000000000000457e-01
-5.866999999999999993e-01
8.643999999999999462e-01
7.949000000000000510e-01
-1.849999999999999908e-02
8.726000000000000423e-01
-1.450000000000000074e-02
9.797000000000000153e-01
6.528000000000000469e-01
2.000000000000000111e-01
4.804999999999999827e-01
-8.921999999999999931e-01
-9.870999999999999774e-01
-5.994000000000000439e-01
2.918999999999999928e-01
-2.311999999999999889e-01
-4.340999999999999859e-01
6.343999999999999639e-01
6.270000000000000018e-01
2.110000000000000070e-02
8.929000000000000270e-01
-7.393999999999999462e-01
9.827000000000000179e-01
7.249999999999999778e-01
-9.628999999999999782e-01
-5.818999999999999728e-01
-3.034999999999999920e-01
-4.359999999999999987e-01
-3.776999999999999802e-01
-9.520000000000000684e-02
-8.056999999999999718e-01
-2.979999999999999871e-01
-6.611000000000000210e-01
-4.421999999999999820e-01
4.331999999999999740e-01
-6.280999999999999917e-01
-3.251999999999999891e-01
1.346999999999999864e-01
-6.856999999999999762e-01
-4.178999999999999937e-01
9.960999999999999854e-01
-9.858999999999999986e-01
5.182999999999999829e-01
-5.759999999999999842e-02
6.028000000000000025e-01
-9.171000000000000263e-01
-5.920000000000000262e-02
4.379999999999999866e-02
6.828999999999999515e-01
-6.665999999999999703e-01
-7.935999999999999721e-01
9.750000000000000333e-02
-2.006999999999999895e-01
-3.025999999999999801e-01
-2.172999999999999932e-01
-3.902999999999999803e-01
7.122000000000000552e-01
2.248999999999999888e-01
5.234999999999999654e-01
5.138000000000000345e-01
8.932999999999999829e-01
-6.584999999999999742e-01
-3.429999999999999716e-02
-7.728000000000000425e-01
-4.893000000000000127e-01
3.729000000000000092e-01
-8.172000000000000375e-01
-4.369000000000000106e-01
8.114999999999999991e-01
-7.989000000000000545e-01
4.369000000000000106e-01
3.210000000000000075e-01
6.828999999999999515e-01
-5.178000000000000380e-01
-8.707000000000000295e-01
9.470000000000000639e-02
-6.636999999999999567e-01
-5.066000000000000503e-01
-1.521000000000000130e-01
-1.859999999999999848e-02
4.384000000000000119e-01
1.015000000000000069e-01
-2.622999999999999776e-01
-9.638999999999999790e-01
7.945999999999999730e-01
-8.471999999999999531e-01
6.569000000000000394e-01
5.144999999999999574e-01
8.245999999999999996e-01
-3.406000000000000139e-01
-6.660000000000000364e-01
5.278000000000000469e-01
-7.610000000000000098e-01
-8.525000000000000355e-01
8.342000000000000526e-01
3.302999999999999825e-01
-1.310000000000000053e-02
6.579000000000000403e-01
2.636000000000000010e-01
-7.744999999999999662e-01
2.973999999999999977e-01
3.790999999999999925e-01
1.193000000000000033e-01
-8.187999999999999723e-01
-8.940000000000000169e-01
-5.514000000000000012e-01
2.831000000000000183e-01
5.453000000000000069e-01
1.706000000000000016e-01
5.737999999999999767e-01
-3.922999999999999821e-01
-6.166000000000000369e-01
-9.115999999999999659e-01
7.964999999999999858e-01
-1.378999999999999948e-01
-9.818000000000000060e-01
9.420000000000000595e-02
6.152999999999999581e-01
1.658999999999999919e-01
-3.539999999999999813e-01
1.285000000000000031e-01
1.287999999999999978e-01
-8.620999999999999774e-01
-4.636000000000000121e-01
-5.320000000000000284e-01
-6.896999999999999797e-01
-3.074000000000000066e-01
-2.245000000000000051e-01
9.336999999999999744e-01
-4.335999999999999854e-01
1.705000000000000127e-01
-2.958999999999999964e-01
-8.941999999999999948e-01
-8.021000000000000352e-01
3.508000000000000007e-01
1.827000000000000013e-01
6.664999999999999813e-01
5.131999999999999895e-01
2.346000000000000030e-01
2.255999999999999950e-01
-8.559999999999999831e-01
-7.161999999999999478e-01
-9.418999999999999595e-01
