2.064999999999999891e-01
-4.324000000000000066e-01
-9.485000000000000098e-01
-5.064999999999999503e-01
-6.583999999999999853e-01
-4.586999999999999966e-01
-5.412000000000000144e-01
-9.076999999999999513e-01
1.174999999999999933e-01
-4.189999999999999836e-01
4.691000000000000170e-01
4.778999999999999915e-01
-1.107000000000000067e-01
3.854000000000000203e-01
4.929999999999999660e-02
8.854999999999999538e-01
5.745000000000000107e-01
3.950000000000000039e-02
-9.756000000000000227e-01
2.839999999999999747e-01
9.358999999999999542e-01
-4.323000000000000176e-01
8.988000000000000433e-01
9.546000000000000041e-01
-8.011000000000000343e-01
-7.439999999999999392e-02
-3.912999999999999812e-01
9.438999999999999613e-01
-5.106000000000000538e-01
2.701000000000000068e-01
7.406000000000000361e-01
-2.860000000000000042e-02
-3.579999999999999849e-02
2.308999999999999941e-01
8.737000000000000322e-01
-7.868000000000000549e-01
8.960000000000000187e-01
8.299999999999999600e-01
-9.548999999999999710e-01
1.829000000000000070e-01
-8.595000000000000417e-01
4.000000000000000222e-01
-1.179999999999999973e-02
-8.650999999999999801e-01
7.054000000000000270e-01
-7.339999999999999858e-01
5.427999999999999492e-01
-2.403000000000000136e-01
3.558999999999999941e-01
-5.587999999999999634e-01
4.238000000000000100e-01
-6.130999999999999783e-01
-2.662999999999999812e-01
1.766000000000000070e-01
8.243000000000000327e-01
6.039999999999999813e-01
8.045999999999999819e-01
8.417000000000000037e-01
-1.026999999999999996e-01
2.614000000000000212e-01
-9.437999999999999723e-01
-4.195999999999999730e-01
6.945999999999999952e-01
8.784999999999999476e-01
-1.756999999999999951e-01
-8.882999999999999785e-01
-8.377000000000000002e-01
-6.179000000000000048e-01
-3.500000000000000333e-02
4.375000000000000000e-01
9.807000000000000162e-01
-3.126999999999999780e-01
-4.989000000000000101e-01
7.658000000000000362e-01
4.807000000000000162e-01
3.683000000000000163e-01
9.778000000000000025e-01
-5.387999999999999456e-01
-4.611999999999999988e-01
-5.070000000000000201e-02
1.129000000000000004e-01
-1.679999999999999896e-02
1.436000000000000054e-01
7.708000000000000407e-01
6.896999999999999797e-01
2.348000000000000087e-01
-8.430999999999999606e-01
-1.260000000000000009e-01
-2.687999999999999834e-01
6.669000000000000483e-01
8.342000000000000526e-01
-4.454000000000000181e-01
8.190000000000000058e-02
1.180999999999999966e-01
-7.387000000000000233e-01
1.333999999999999908e-01
4.798000000000000043e-01
-6.001999999999999558e-01
-6.997999999999999776e-01
-3.990000000000000213e-01
-5.588999999999999524e-01
2.399000000000000021e-01
-1.370000000000000037e-02
3.168000000000000260e-01
-8.161000000000000476e-01
-9.142000000000000126e-01
-1.746000000000000052e-01
7.981000000000000316e-01
-4.213999999999999968e-01
-5.351000000000000201e-01
-6.576999999999999513e-01
-3.887999999999999790e-01
3.575999999999999734e-01
-1.600000000000000033e-02
8.074000000000000066e-01
1.681999999999999884e-01
-3.546000000000000263e-01
8.022000000000000242e-01
3.099000000000000088e-01
7.624999999999999556e-01
3.960000000000000187e-01
-3.899999999999999994e-02
3.442000000000000060e-01
9.950999999999999845e-01
-2.878000000000000003e-01
-2.605000000000000093e-01
3.018000000000000127e-01
-6.308000000000000274e-01
3.668000000000000149e-01
5.915000000000000258e-01
6.830000000000000515e-01
-8.889000000000000234e-01
5.828999999999999737e-01
-6.462999999999999856e-01
-7.339999999999999858e-01
-5.234999999999999654e-01
9.075999999999999623e-01
-8.924999999999999600e-01
3.064000000000000057e-01
7.453999999999999515e-01
-3.059000000000000052e-01
2.358999999999999986e-01
4.979999999999999705e-02
9.173999999999999932e-01
5.687999999999999723e-01
-6.700000000000000400e-01
6.079999999999999849e-01
2.541999999999999815e-01
5.191000000000000059e-01
8.033000000000000140e-01
-7.969000000000000528e-01
-3.029999999999999916e-01
-5.816999999999999948e-01
3.761999999999999789e-01
-9.215999999999999748e-01
2.152000000000000024e-01
4.381999999999999784e-01
2.548000000000000265e-01
-9.616999999999999993e-01
9.364000000000000101e-01
-8.706000000000000405e-01
-2.026000000000000023e-01
7.476000000000000423e-01
3.347999999999999865e-01
-6.011999999999999567e-01
-5.936000000000000165e-01
-2.482999999999999929e-01
-2.233999999999999875e-01
-2.718999999999999750e-01
-7.530000000000000582e-02
6.021999999999999575e-01
4.141000000000000236e-01
