-6.179999999999999938e-01
2.374999999999999889e-01
-2.596999999999999864e-01
1.844000000000000083e-01
-5.538999999999999480e-01
-7.295000000000000373e-01
-6.925000000000000044e-01
8.669999999999999929e-01
-3.376000000000000112e-01
9.290000000000000480e-01
3.765000000000000013e-01
-6.792000000000000259e-01
8.954999999999999627e-01
4.509000000000000230e-01
3.738000000000000211e-01
7.979000000000000536e-01
-3.396000000000000130e-01
-4.925999999999999823e-01
-8.284000000000000252e-01
3.629000000000000004e-01
3.659000000000000030e-01
-4.465999999999999970e-01
-4.580000000000000182e-01
2.983999999999999986e-01
4.718999999999999861e-01
9.209000000000000519e-01
-1.539000000000000090e-01
-1.274000000000000132e-01
2.808999999999999830e-01
-1.517000000000000015e-01
2.953999999999999959e-01
-8.238999999999999657e-01
-4.158000000000000029e-01
2.847999999999999976e-01
1.179999999999999938e-01
9.961999999999999744e-01
7.662999999999999812e-01
-1.852000000000000035e-01
8.711999999999999744e-01
-5.802000000000000490e-01
-7.017999999999999794e-01
-6.369000000000000217e-01
3.653000000000000136e-01
4.900999999999999801e-01
2.902000000000000135e-01
3.493999999999999884e-01
6.963000000000000300e-01
7.850000000000000311e-01
-1.804000000000000048e-01
-4.889999999999999902e-01
4.791000000000000258e-01
-7.063000000000000389e-01
5.601000000000000423e-01
8.324000000000000288e-01
-9.341000000000000414e-01
-6.238000000000000211e-01
8.556000000000000272e-01
9.709999999999999742e-01
-8.739999999999999991e-01
-5.329000000000000403e-01
-5.272000000000000020e-01
1.068999999999999950e-01
-2.807000000000000051e-01
-1.342000000000000137e-01
8.473000000000000531e-01
-6.875999999999999890e-01
9.809999999999999831e-01
-9.810000000000000664e-02
-4.344000000000000083e-01
-3.904000000000000248e-01
-5.688999999999999613e-01
8.240000000000000102e-02
-7.069999999999999618e-01
-2.500999999999999890e-01
8.167999999999999705e-01
-5.750999999999999446e-01
-2.489999999999999852e-02
6.689000000000000501e-01
7.298999999999999932e-01
4.747000000000000108e-01
-5.183999999999999719e-01
-7.264000000000000457e-01
-5.672000000000000375e-01
5.480000000000000149e-02
9.082000000000000073e-01
8.203000000000000291e-01
5.988999999999999879e-01
6.452999999999999847e-01
-2.253999999999999893e-01
-2.878000000000000003e-01
-3.158000000000000251e-01
-8.090000000000000524e-01
2.230000000000000038e-02
-1.637000000000000122e-01
9.610000000000000486e-02
8.141000000000000458e-01
2.048999999999999988e-01
-9.821999999999999620e-01
-2.827000000000000068e-01
-7.439999999999999392e-02
-9.271000000000000352e-01
-8.685000000000000497e-01
-7.989999999999999880e-02
-2.846000000000000196e-01
-3.131999999999999784e-01
2.179000000000000103e-01
3.426000000000000156e-01
5.295999999999999597e-01
7.024000000000000243e-01
-9.038000000000000478e-01
2.640000000000000124e-01
-4.032000000000000028e-01
-3.150000000000000022e-01
-7.810000000000000275e-01
3.422999999999999932e-01
-4.536000000000000032e-01
7.455000000000000515e-01
-2.770000000000000240e-01
-8.546000000000000263e-01
9.193000000000000060e-01
4.279999999999999777e-02
8.758000000000000229e-01
-5.756999999999999895e-01
-4.825999999999999734e-01
5.697999999999999732e-01
2.720000000000000195e-01
-7.571999999999999842e-01
-4.148999999999999910e-01
4.220999999999999752e-01
-5.479000000000000536e-01
-8.139999999999999458e-01
-5.404999999999999805e-01
-5.967000000000000082e-01
8.210000000000000631e-02
9.428999999999999604e-01
9.889999999999999902e-01
-7.376000000000000334e-01
9.669999999999999707e-01
8.128999999999999559e-01
4.189999999999999974e-02
2.424999999999999933e-01
-7.524999999999999467e-01
4.959000000000000075e-01
-1.103999999999999981e-01
1.799999999999999951e-03
2.442000000000000004e-01
1.097000000000000058e-01
5.160000000000000003e-02
-7.278999999999999915e-01
7.759000000000000341e-01
3.436000000000000165e-01
4.429999999999999910e-02
-2.018000000000000071e-01
5.584999999999999964e-01
4.107999999999999985e-01
-2.827000000000000068e-01
2.482999999999999929e-01
-3.488999999999999879e-01
-8.322000000000000508e-01
1.549999999999999989e-01
-1.628999999999999893e-01
1.005999999999999950e-01
3.906999999999999917e-01
-5.173999999999999710e-01
5.857999999999999874e-01
-7.430000000000000493e-02
7.721999999999999975e-01
7.105000000000000204e-01
-9.376999999999999780e-01
-1.145000000000000046e-01
-6.026000000000000245e-01
2.609000000000000208e-01
