6.677999999999999492e-01
-6.879999999999999449e-01
-8.312000000000000499e-01
6.632000000000000117e-01
9.489999999999999547e-01
-8.453000000000000513e-01
-8.695000000000000506e-01
3.449999999999999734e-01
-9.690000000000000002e-02
7.580000000000000626e-02
-5.956000000000000183e-01
-7.189999999999999725e-01
-2.353999999999999981e-01
9.298999999999999488e-01
-9.821999999999999620e-01
-4.278000000000000136e-01
-1.159999999999999920e-02
8.774999999999999467e-01
-9.166999999999999593e-01
3.921000000000000041e-01
-2.295999999999999985e-01
-9.160000000000000087e-02
-8.440000000000000280e-02
3.841999999999999860e-01
4.858999999999999986e-01
4.611000000000000099e-01
9.550000000000000155e-02
7.092000000000000526e-01
9.690000000000000002e-02
8.797000000000000375e-01
-7.537000000000000366e-01
-1.995000000000000107e-01
-8.662999999999999590e-01
3.620999999999999774e-01
-9.842999999999999527e-01
7.695999999999999508e-01
5.890999999999999570e-01
5.403999999999999915e-01
8.473000000000000531e-01
3.754000000000000115e-01
9.816000000000000281e-01
-1.907999999999999974e-01
4.151000000000000245e-01
-9.113999999999999879e-01
-5.120999999999999996e-01
2.736999999999999988e-01
3.583999999999999964e-01
-6.306000000000000494e-01
7.481999999999999762e-01
-1.479999999999999927e-01
-5.284999999999999698e-01
-4.121000000000000218e-01
-6.683000000000000052e-01
4.707000000000000073e-01
-1.170000000000000068e-01
8.260000000000000675e-02
7.851000000000000201e-01
-5.000000000000000278e-02
-3.488999999999999879e-01
4.383000000000000229e-01
6.798999999999999488e-01
-1.610000000000000042e-01
-9.229000000000000536e-01
-1.552999999999999936e-01
4.043999999999999817e-01
8.276999999999999913e-01
-4.999000000000000110e-01
8.163000000000000256e-01
4.323000000000000176e-01
-9.486999999999999877e-01
-3.009000000000000008e-01
4.551000000000000045e-01
-4.070000000000000007e-02
-9.071000000000000174e-01
4.168999999999999928e-01
-2.504000000000000115e-01
-2.896000000000000241e-01
3.050999999999999823e-01
-6.268000000000000238e-01
-2.706999999999999962e-01
1.895999999999999908e-01
-3.748000000000000220e-01
9.962999999999999634e-01
-8.484000000000000430e-01
-5.800999999999999490e-01
-4.129999999999999782e-01
9.177999999999999492e-01
-3.035999999999999810e-01
-6.723000000000000087e-01
-7.701000000000000068e-01
3.894000000000000239e-01
-2.826000000000000179e-01
-4.863000000000000100e-01
2.958000000000000074e-01
1.753000000000000114e-01
-4.446999999999999842e-01
9.528999999999999693e-01
7.652999999999999803e-01
-4.580000000000000182e-01
3.618999999999999995e-01
-9.536999999999999922e-01
-6.034000000000000474e-01
-3.509999999999999787e-01
-9.536999999999999922e-01
9.919999999999999651e-02
-3.644999999999999907e-01
-8.530000000000000082e-02
6.540000000000000258e-01
2.461000000000000132e-01
-6.575999999999999623e-01
-9.961999999999999744e-01
-2.270000000000000143e-02
5.554999999999999938e-01
-4.212000000000000188e-01
-6.560000000000000553e-02
-7.966999999999999638e-01
-6.490000000000000213e-01
-9.039000000000000368e-01
3.195000000000000062e-01
3.827999999999999736e-01
-8.669999999999999929e-01
3.684000000000000052e-01
5.779999999999999721e-02
-5.167000000000000481e-01
-2.286999999999999866e-01
-7.067999999999999838e-01
-4.334000000000000075e-01
-7.009999999999999565e-01
8.056999999999999718e-01
-8.320999999999999508e-01
4.899000000000000021e-01
-4.272000000000000242e-01
7.720000000000000195e-01
7.236000000000000210e-01
1.715000000000000135e-01
8.075999999999999845e-01
-5.979999999999999899e-02
-4.419000000000000150e-01
4.107999999999999985e-01
-5.639999999999999458e-01
1.142999999999999988e-01
1.983000000000000040e-01
1.400000000000000133e-01
-5.787999999999999812e-01
7.270000000000000073e-02
-2.308999999999999941e-01
2.273000000000000020e-01
-7.835999999999999632e-01
1.260000000000000009e-02
-3.745999999999999885e-01
-7.812000000000000055e-01
-5.108000000000000318e-01
2.908000000000000029e-01
9.182000000000000162e-01
-5.938999999999999835e-01
-9.080000000000000293e-01
-3.191999999999999837e-01
7.689000000000000279e-01
5.143999999999999684e-01
1.703999999999999959e-01
9.579999999999999627e-02
-6.847999999999999643e-01
-2.782000000000000028e-01
-7.896999999999999575e-01
2.409999999999999920e-01
-1.125000000000000028e-01
2.368999999999999995e-01
4.329999999999999821e-02
-5.542000000000000259e-01
8.974999999999999645e-01
-1.544999999999999984e-01
2.252000000000000113e-01
