-2.834999999999999742e-01
-2.239999999999999977e-02
-6.818999999999999506e-01
4.355999999999999872e-01
7.571999999999999842e-01
-2.863999999999999879e-01
2.893000000000000016e-01
6.199999999999999956e-01
2.157999999999999918e-01
9.885000000000000453e-01
-4.073999999999999844e-01
8.359999999999999376e-02
-2.657999999999999807e-01
-7.417000000000000259e-01
8.628000000000000114e-01
-9.533000000000000362e-01
4.299999999999999656e-02
5.400000000000000355e-01
2.639000000000000234e-01
-5.441000000000000281e-01
6.905999999999999917e-01
3.785999999999999921e-01
-7.441999999999999726e-01
5.766999999999999904e-01
-2.639000000000000234e-01
-5.493999999999999995e-01
-7.247999999999999998e-01
8.596000000000000307e-01
2.366999999999999937e-01
-3.085999999999999854e-01
-2.711000000000000076e-01
-6.982000000000000428e-01
-9.975000000000000533e-01
2.291999999999999871e-01
9.364000000000000101e-01
4.904000000000000026e-01
7.869000000000000439e-01
1.490000000000000005e-02
-8.265000000000000124e-01
-1.792999999999999872e-01
6.995000000000000107e-01
-4.072000000000000064e-01
2.737999999999999878e-01
4.524000000000000243e-01
6.882000000000000339e-01
-2.298999999999999932e-01
-4.511000000000000010e-01
1.978000000000000036e-01
-5.432000000000000162e-01
9.857000000000000206e-01
9.418999999999999595e-01
-1.688000000000000056e-01
-2.725000000000000200e-01
5.004999999999999449e-01
-9.535000000000000142e-01
1.345000000000000084e-01
-8.750999999999999890e-01
-8.566000000000000281e-01
-9.143999999999999906e-01
-1.555999999999999883e-01
2.124999999999999944e-01
-2.900000000000000147e-02
-8.630000000000000171e-02
-2.572999999999999732e-01
2.942000000000000171e-01
3.911999999999999922e-01
-9.510000000000000397e-02
-2.620999999999999996e-01
-7.308000000000000052e-01
8.429999999999999993e-02
-9.219000000000000528e-01
1.139000000000000012e-01
1.922999999999999987e-01
-7.085000000000000187e-01
-8.421999999999999487e-01
9.499999999999999556e-01
7.258999999999999897e-01
-7.497000000000000330e-01
1.318000000000000005e-01
-4.418000000000000260e-01
-5.490000000000000435e-01
4.793999999999999928e-01
-9.634000000000000341e-01
-3.468999999999999861e-01
-9.276999999999999691e-01
-1.502000000000000002e-01
7.459999999999999964e-01
-7.200999999999999623e-01
1.836000000000000132e-01
-5.279999999999999971e-02
2.863999999999999879e-01
7.627000000000000446e-01
1.909999999999999892e-02
-8.989999999999999380e-02
6.900000000000000577e-02
-2.700000000000000143e-03
-6.845999999999999863e-01
6.679999999999999827e-02
6.980000000000000093e-02
5.757999999999999785e-01
-9.226999999999999647e-01
-9.516000000000000014e-01
-2.309999999999999901e-02
-3.054999999999999938e-01
-4.667999999999999927e-01
8.800000000000000044e-01
9.407999999999999696e-01
-6.865999999999999881e-01
-2.031000000000000028e-01
2.240000000000000047e-01
-5.097000000000000419e-01
-8.280999999999999472e-01
6.679000000000000492e-01
1.408999999999999975e-01
9.707999999999999963e-01
8.020000000000000462e-01
4.794999999999999818e-01
1.764999999999999902e-01
-1.632000000000000117e-01
6.513999999999999790e-01
4.541000000000000036e-01
1.718999999999999972e-01
-5.486999999999999655e-01
7.158999999999999808e-01
-8.079999999999999682e-02
9.339999999999999691e-02
-8.811999999999999833e-01
6.911000000000000476e-01
8.788000000000000256e-01
8.286999999999999922e-01
-9.191000000000000281e-01
-2.296999999999999875e-01
-6.348000000000000309e-01
-3.180000000000000188e-02
5.629999999999999449e-01
-3.487000000000000099e-01
-9.217999999999999527e-01
9.299999999999999239e-03
-6.583999999999999853e-01
5.957000000000000073e-01
-2.505999999999999894e-01
8.496000000000000218e-01
-8.988000000000000433e-01
5.422000000000000153e-01
-6.976999999999999869e-01
-6.633999999999999897e-01
-4.313000000000000167e-01
8.910000000000000142e-01
5.069000000000000172e-01
7.100999999999999535e-01
9.285999999999999810e-01
-5.544999999999999929e-01
1.625000000000000056e-01
-6.374999999999999556e-01
-8.652999999999999581e-01
1.743999999999999995e-01
4.988000000000000211e-01
-7.711999999999999966e-01
8.810999999999999943e-01
-4.777000000000000135e-01
9.909000000000000030e-01
9.769999999999999518e-02
-8.859999999999999820e-02
-7.983000000000000096e-01
-6.610000000000000320e-01
-8.401999999999999469e-01
-7.401999999999999691e-01
-1.678000000000000047e-01
7.883999999999999897e-01
1.782999999999999863e-01
-5.515999999999999792e-01
-8.838000000000000300e-01
