-1.142999999999999988e-01
-5.220000000000000195e-01
-9.886000000000000343e-01
3.618000000000000105e-01
-9.745000000000000329e-01
5.524999999999999911e-01
6.020999999999999686e-01
-7.123000000000000442e-01
-8.141000000000000458e-01
6.861000000000000432e-01
6.871000000000000441e-01
-1.292999999999999983e-01
2.988999999999999990e-01
-5.178000000000000380e-01
-5.594000000000000083e-01
-5.929999999999999716e-01
3.962999999999999856e-01
-5.395999999999999686e-01
-4.738999999999999879e-01
-9.199999999999999845e-02
-6.876999999999999780e-01
5.150000000000000133e-01
-2.540999999999999925e-01
-4.842000000000000193e-01
4.929999999999999660e-02
-3.502000000000000113e-01
-7.712999999999999856e-01
2.523000000000000242e-01
-8.637000000000000233e-01
1.461000000000000076e-01
-8.579999999999999849e-01
7.947999999999999510e-01
-6.999999999999999929e-04
-6.373999999999999666e-01
2.889999999999999791e-01
1.145999999999999935e-01
9.140000000000000346e-01
-2.174000000000000099e-01
-1.436000000000000054e-01
8.116999999999999771e-01
-7.695999999999999508e-01
4.203000000000000069e-01
-9.646000000000000130e-01
-4.687000000000000055e-01
9.468999999999999639e-01
-3.250000000000000111e-01
2.341000000000000025e-01
4.476999999999999869e-01
-7.518000000000000238e-01
9.264000000000000012e-01
8.967000000000000526e-01
7.190000000000000557e-02
4.410000000000000031e-01
3.029000000000000026e-01
-0.000000000000000000e+00
-2.787999999999999923e-01
4.806000000000000272e-01
-2.590999999999999970e-01
3.044000000000000039e-01
-1.879000000000000115e-01
-1.436999999999999944e-01
-1.517000000000000015e-01
2.545000000000000040e-01
-7.327000000000000179e-01
-3.704999999999999960e-01
-9.669999999999999429e-02
-2.771000000000000130e-01
-7.179999999999999716e-01
-9.862999999999999545e-01
7.786999999999999478e-01
-4.202000000000000179e-01
-1.600000000000000077e-03
3.780999999999999917e-01
-6.753000000000000114e-01
-1.597999999999999976e-01
8.044000000000000039e-01
-1.476000000000000090e-01
2.403000000000000136e-01
7.368000000000000105e-01
-7.055000000000000160e-01
2.265000000000000069e-01
-4.178000000000000047e-01
-9.056999999999999496e-01
9.465000000000000080e-01
-6.240999999999999881e-01
-7.973999999999999977e-01
1.396999999999999909e-01
9.127999999999999448e-01
7.316000000000000281e-01
-2.388000000000000123e-01
-2.595000000000000084e-01
-7.632999999999999785e-01
3.130000000000000004e-01
6.379000000000000226e-01
-1.849999999999999978e-01
4.321999999999999731e-01
-3.148000000000000242e-01
-8.697000000000000286e-01
-3.463999999999999857e-01
4.209999999999999853e-02
-1.872999999999999943e-01
6.850000000000000533e-02
1.602999999999999980e-01
9.604000000000000314e-01
-3.229000000000000203e-01
-4.723999999999999866e-01
8.199999999999999512e-01
-5.840000000000000052e-02
-9.114999999999999769e-01
8.241000000000000547e-01
-3.701999999999999735e-01
-2.426999999999999991e-01
1.453000000000000125e-01
-3.512000000000000122e-01
1.899999999999999996e-03
6.631000000000000227e-01
-1.098999999999999977e-01
-9.849999999999999867e-01
2.444999999999999951e-01
2.807999999999999940e-01
5.648999999999999577e-01
5.070999999999999952e-01
-1.937000000000000111e-01
7.869000000000000439e-01
4.884999999999999898e-01
2.933999999999999941e-01
-2.656000000000000028e-01
6.825999999999999845e-01
-6.037000000000000144e-01
-9.258999999999999453e-01
1.019000000000000045e-01
3.076999999999999735e-01
8.190000000000000058e-02
3.399999999999999811e-03
3.859000000000000208e-01
1.572999999999999954e-01
-1.890999999999999903e-01
-3.448999999999999844e-01
-2.690000000000000030e-02
1.315999999999999948e-01
9.560000000000000442e-02
-5.909999999999999698e-01
-1.529999999999999936e-02
2.268000000000000016e-01
3.574999999999999845e-01
6.838999999999999524e-01
-8.577000000000000179e-01
-4.415999999999999925e-01
-8.278999999999999693e-01
2.518000000000000238e-01
-2.792000000000000037e-01
3.649999999999999772e-02
3.939999999999999752e-02
-1.985000000000000098e-01
-8.090000000000000524e-01
7.805999999999999606e-01
4.779999999999999805e-01
7.045000000000000151e-01
3.766999999999999793e-01
-2.217000000000000082e-01
6.591000000000000192e-01
3.140000000000000013e-01
9.976000000000000423e-01
1.892999999999999960e-01
7.449999999999999956e-01
-5.178000000000000380e-01
-6.155000000000000471e-01
-9.622000000000000552e-01
5.389000000000000457e-01
8.872999999999999776e-01
5.099000000000000199e-01
-9.239000000000000545e-01
