4.228000000000000091e-01
6.400000000000000307e-03
5.717999999999999750e-01
-2.767000000000000015e-01
2.625000000000000111e-01
-7.042000000000000481e-01
-9.589999999999999913e-02
-8.384000000000000341e-01
-6.346000000000000529e-01
4.606999999999999984e-01
1.623999999999999888e-01
-3.357999999999999874e-01
-4.099999999999999756e-01
-2.585000000000000075e-01
-5.077000000000000401e-01
-4.374000000000000110e-01
-9.705000000000000293e-01
1.920999999999999930e-01
-6.087000000000000188e-01
4.189999999999999836e-01
1.600999999999999923e-01
1.340999999999999970e-01
-1.710000000000000131e-01
-7.589999999999999525e-02
-4.341999999999999749e-01
2.620999999999999996e-01
5.546999999999999709e-01
-3.004000000000000004e-01
5.160000000000000142e-01
1.729999999999999871e-01
-5.513000000000000123e-01
3.013000000000000123e-01
7.723999999999999755e-01
-9.270000000000000462e-02
-3.872999999999999776e-01
5.759999999999999565e-01
2.884999999999999787e-01
4.789999999999999813e-01
7.600000000000000089e-01
-8.425000000000000266e-01
-8.608000000000000096e-01
-6.454999999999999627e-01
-7.290999999999999703e-01
8.626000000000000334e-01
5.463000000000000078e-01
-7.744999999999999662e-01
7.960000000000000409e-01
-2.326999999999999902e-01
7.500999999999999890e-01
-1.897999999999999965e-01
-7.804999999999999716e-01
3.985000000000000209e-01
-5.443000000000000060e-01
5.295999999999999597e-01
-7.186000000000000165e-01
2.710000000000000187e-01
7.346000000000000307e-01
-4.922000000000000264e-01
-7.939000000000000501e-01
-7.829000000000000403e-01
3.226999999999999869e-01
1.376999999999999891e-01
6.522000000000000020e-01
-8.938000000000000389e-01
6.594999999999999751e-01
-6.219999999999999835e-02
-6.541000000000000147e-01
2.657999999999999807e-01
5.715000000000000080e-01
-6.332999999999999741e-01
-3.760000000000000009e-01
-4.269000000000000017e-01
-6.094000000000000528e-01
2.698999999999999733e-01
9.163000000000000034e-01
9.324000000000000066e-01
6.294999999999999485e-01
7.249999999999999778e-01
2.411999999999999977e-01
7.700000000000000247e-03
-1.679999999999999896e-02
3.297999999999999821e-01
8.618999999999999995e-01
2.520000000000000018e-01
-2.763999999999999790e-01
-5.397999999999999465e-01
3.012000000000000233e-01
8.574000000000000510e-01
-1.275999999999999912e-01
7.661999999999999922e-01
8.475000000000000311e-01
-3.531000000000000250e-01
5.853000000000000425e-01
4.385000000000000009e-01
-6.925000000000000044e-01
7.170999999999999597e-01
-8.437000000000000055e-01
9.348999999999999533e-01
5.814000000000000279e-01
-1.619999999999999912e-02
8.854999999999999538e-01
-6.095000000000000417e-01
9.224999999999999867e-01
-3.128000000000000225e-01
-9.488999999999999657e-01
4.630000000000000226e-01
-1.183000000000000024e-01
-3.701999999999999735e-01
7.086000000000000076e-01
-8.174000000000000155e-01
2.929999999999999966e-02
-3.830000000000000071e-01
-7.905999999999999694e-01
-6.697999999999999510e-01
5.729999999999999677e-02
