-9.414000000000000146e-01
8.656000000000000361e-01
-4.979999999999999705e-02
-1.308999999999999886e-01
3.453999999999999848e-01
-2.908999999999999919e-01
2.829999999999999877e-02
2.063000000000000111e-01
7.883000000000000007e-01
-2.499000000000000110e-01
4.551999999999999935e-01
-1.645999999999999963e-01
2.393000000000000127e-01
2.439999999999999947e-01
9.050000000000000266e-01
9.902999999999999581e-01
5.463000000000000078e-01
1.039999999999999952e-01
-1.181999999999999995e-01
-9.245999999999999774e-01
1.991999999999999882e-01
-4.176000000000000267e-01
-8.788000000000000256e-01
-5.954000000000000403e-01
8.542999999999999483e-01
6.531000000000000139e-01
2.550000000000000044e-01
8.305000000000000160e-01
5.329000000000000403e-01
-7.957999999999999519e-01
6.182999999999999607e-01
-4.815999999999999726e-01
-3.070999999999999841e-01
5.028000000000000247e-01
-6.532999999999999918e-01
3.027000000000000246e-01
5.041999999999999815e-01
-7.187000000000000055e-01
7.122000000000000552e-01
-6.750000000000000444e-02
1.413000000000000089e-01
-3.911999999999999922e-01
8.903999999999999693e-01
-5.810999999999999499e-01
-6.872000000000000330e-01
9.189999999999999558e-02
1.299999999999999940e-03
6.900000000000000577e-02
2.210000000000000020e-01
3.804000000000000159e-01
9.231000000000000316e-01
-5.129999999999999838e-02
6.036000000000000254e-01
9.877000000000000224e-01
2.494999999999999996e-01
3.910000000000000281e-02
-8.450999999999999623e-01
-8.760999999999999899e-01
6.159000000000000030e-01
2.723999999999999755e-01
9.320000000000000506e-01
-9.951999999999999735e-01
2.656999999999999917e-01
-5.231000000000000094e-01
3.403999999999999804e-01
2.446000000000000119e-01
-3.784000000000000141e-01
-5.835000000000000187e-01
-8.977000000000000535e-01
-2.847999999999999976e-01
6.419999999999999318e-02
5.594000000000000083e-01
-7.630000000000000671e-02
6.022999999999999465e-01
1.463000000000000134e-01
9.455999999999999961e-01
9.896000000000000352e-01
9.669999999999999429e-02
1.297999999999999987e-01
-4.587999999999999856e-01
3.417999999999999927e-01
2.197000000000000064e-01
-8.018999999999999462e-01
-5.279999999999999971e-02
8.519999999999999796e-01
5.487999999999999545e-01
4.349000000000000088e-01
1.689999999999999836e-02
-7.812999999999999945e-01
7.479000000000000092e-01
-4.138000000000000012e-01
-1.680000000000000104e-01
4.675000000000000266e-01
5.224999999999999645e-01
-3.497000000000000108e-01
4.627000000000000002e-01
-1.099999999999999936e-02
4.808999999999999941e-01
2.489999999999999991e-01
9.294999999999999929e-01
9.349999999999999978e-02
6.975999999999999979e-01
-2.886000000000000232e-01
-8.470999999999999641e-01
-5.335999999999999632e-01
4.914000000000000035e-01
-1.383999999999999952e-01
-7.440999999999999837e-01
-2.575999999999999956e-01
8.279999999999999860e-02
-6.199999999999999956e-02
-7.934999999999999831e-01
-5.323999999999999844e-01
2.627999999999999781e-01
6.645999999999999686e-01
