6.913000000000000256e-01
9.283000000000000140e-01
6.475999999999999535e-01
1.472999999999999865e-01
-5.947000000000000064e-01
9.792999999999999483e-01
4.552999999999999825e-01
5.208000000000000407e-01
-5.500000000000000028e-02
1.779000000000000026e-01
-3.088000000000000189e-01
-8.020000000000000462e-01
-3.518999999999999906e-01
6.766999999999999682e-01
-7.046999999999999931e-01
5.500000000000000028e-02
8.548999999999999932e-01
-6.795999999999999819e-01
-8.105999999999999872e-01
-4.494000000000000217e-01
-2.190000000000000002e-01
4.218000000000000083e-01
4.929000000000000048e-01
-4.104999999999999760e-01
9.100000000000000311e-01
-3.256999999999999895e-01
7.880000000000000338e-01
2.063000000000000111e-01
1.819999999999999951e-01
4.586000000000000076e-01
-8.518999999999999906e-01
2.348000000000000087e-01
4.429000000000000159e-01
-2.218999999999999861e-01
-9.636000000000000121e-01
8.616000000000000325e-01
5.453999999999999959e-01
7.905999999999999694e-01
-4.825999999999999734e-01
-1.711000000000000021e-01
8.967000000000000526e-01
-2.691999999999999948e-01
-5.288000000000000478e-01
-4.400000000000000265e-03
3.744000000000000106e-01
8.692999999999999616e-01
3.331000000000000072e-01
-3.231999999999999873e-01
7.400000000000000328e-03
-1.778000000000000136e-01
-5.033999999999999586e-01
-1.180999999999999966e-01
6.239999999999999714e-02
6.153999999999999471e-01
1.726000000000000034e-01
-3.709999999999999964e-01
-3.317999999999999838e-01
-9.246999999999999664e-01
-9.674000000000000377e-01
-5.927999999999999936e-01
-8.506000000000000227e-01
-4.677000000000000046e-01
6.734999999999999876e-01
-6.833000000000000185e-01
3.386000000000000121e-01
2.878999999999999893e-01
2.888000000000000012e-01
-2.129999999999999949e-01
-1.713999999999999968e-01
2.652999999999999803e-01
7.753999999999999782e-01
5.379000000000000448e-01
-6.599000000000000421e-01
-9.447999999999999732e-01
3.326999999999999957e-01
-2.954999999999999849e-01
5.360000000000000320e-01
-7.631999999999999895e-01
-7.058999999999999719e-01
3.194000000000000172e-01
7.129999999999999671e-01
6.061999999999999611e-01
6.655999999999999694e-01
-8.899999999999999578e-02
-5.530000000000000471e-01
-7.694999999999999618e-01
4.693999999999999839e-01
-1.700000000000000122e-01
9.244999999999999885e-01
-6.156000000000000361e-01
-4.349999999999999978e-01
8.914999999999999591e-01
8.375000000000000222e-01
-4.578999999999999737e-01
-3.740000000000000269e-02
2.456000000000000127e-01
-2.212000000000000077e-01
-5.109000000000000208e-01
-5.127000000000000446e-01
2.719999999999999848e-02
3.372999999999999887e-01
4.243999999999999995e-01
1.393000000000000071e-01
-4.398000000000000242e-01
-7.327000000000000179e-01
4.779999999999999805e-01
4.471999999999999864e-01
-2.896000000000000241e-01
5.294999999999999707e-01
-5.729999999999999677e-02
-4.981999999999999762e-01
5.396999999999999575e-01
-5.539999999999999786e-02
6.697999999999999510e-01
8.151000000000000467e-01
