-8.796000000000000485e-01
5.385999999999999677e-01
-9.370000000000000551e-01
8.270999999999999464e-01
8.288999999999999702e-01
5.809999999999999887e-02
5.970000000000000306e-02
3.341000000000000081e-01
7.475000000000000533e-01
-6.199999999999999956e-01
-5.928999999999999826e-01
-8.407999999999999918e-01
-8.215000000000000080e-01
-7.078999999999999737e-01
-8.344000000000000306e-01
8.909000000000000252e-01
-6.098999999999999977e-01
-7.683999999999999719e-01
6.711000000000000298e-01
7.366000000000000325e-01
6.274999999999999467e-01
9.715000000000000302e-01
-5.322999999999999954e-01
-4.939000000000000057e-01
5.637999999999999678e-01
-1.228999999999999954e-01
7.514999999999999458e-01
-7.967999999999999527e-01
7.196000000000000174e-01
6.526999999999999469e-01
-4.848999999999999977e-01
4.712999999999999967e-01
9.646000000000000130e-01
9.260000000000000175e-02
1.749999999999999889e-01
-9.758999999999999897e-01
-1.899999999999999953e-02
-2.338000000000000078e-01
7.485000000000000542e-01
4.938000000000000167e-01
3.309999999999999748e-02
-8.699000000000000066e-01
-5.966000000000000192e-01
-4.047999999999999932e-01
-8.024999999999999911e-01
7.893000000000000016e-01
3.402000000000000024e-01
-2.283000000000000029e-01
5.153999999999999693e-01
5.809999999999999609e-01
2.510000000000000009e-01
-7.437000000000000277e-01
5.565999999999999837e-01
-7.963000000000000078e-01
-1.200000000000000025e-02
1.420000000000000082e-02
-3.313999999999999724e-01
-2.666999999999999926e-01
7.249999999999999500e-02
-6.749000000000000554e-01
-6.622999999999999998e-01
8.979000000000000314e-01
-3.649000000000000021e-01
7.653999999999999693e-01
1.376000000000000001e-01
-3.034000000000000030e-01
-3.426000000000000156e-01
7.369999999999999885e-01
3.704999999999999960e-01
4.814999999999999836e-01
4.284999999999999920e-01
9.129000000000000448e-01
2.016000000000000014e-01
5.593000000000000194e-01
4.623999999999999777e-01
8.205000000000000071e-01
-7.697000000000000508e-01
-6.058000000000000052e-01
6.917999999999999705e-01
6.873000000000000220e-01
-3.367999999999999883e-01
-1.824000000000000066e-01
-8.871999999999999886e-01
2.127000000000000002e-01
-1.436000000000000054e-01
3.413999999999999813e-01
-5.163999999999999702e-01
2.805000000000000271e-01
4.447999999999999732e-01
4.124999999999999778e-01
-9.991999999999999771e-01
-7.340999999999999748e-01
-4.889000000000000012e-01
4.507999999999999785e-01
-6.210000000000000242e-02
-6.854000000000000092e-01
-9.663000000000000478e-01
5.238000000000000433e-01
-2.446000000000000119e-01
6.691000000000000281e-01
-7.006999999999999895e-01
9.768999999999999906e-01
4.494000000000000217e-01
6.316000000000000503e-01
9.548999999999999710e-01
-8.294000000000000261e-01
-4.682999999999999940e-01
-8.045999999999999819e-01
-6.985000000000000098e-01
-1.849999999999999908e-02
1.754000000000000004e-01
8.869000000000000217e-01
-2.706000000000000072e-01
-4.465999999999999970e-01
5.450000000000000400e-01
