2.898999999999999910e-01
-4.663999999999999813e-01
-1.545999999999999874e-01
1.368999999999999939e-01
-4.230999999999999761e-01
-7.725999999999999535e-01
-7.650000000000000133e-01
-3.290000000000000147e-01
4.340000000000000108e-02
4.223000000000000087e-01
-2.889999999999999861e-02
-3.461000000000000187e-01
-6.724999999999999867e-01
6.788999999999999480e-01
-1.882000000000000062e-01
-2.319999999999999840e-02
4.394000000000000128e-01
4.359000000000000097e-01
3.239999999999999825e-02
3.543000000000000038e-01
-3.000000000000000062e-03
8.953999999999999737e-01
-1.241000000000000020e-01
-8.810999999999999943e-01
9.314999999999999947e-01
-9.966000000000000414e-01
4.701000000000000179e-01
2.230000000000000038e-01
4.757000000000000117e-01
-5.875000000000000222e-01
7.890000000000000346e-01
-8.455000000000000293e-01
3.407000000000000028e-01
-5.990000000000000185e-02
7.410999999999999810e-01
1.648000000000000020e-01
4.164999999999999813e-01
8.929000000000000270e-01
6.219999999999999973e-01
3.876000000000000001e-01
3.769999999999999740e-02
3.296999999999999931e-01
-2.564000000000000168e-01
3.565999999999999726e-01
7.387000000000000233e-01
-3.339999999999999913e-02
-5.079999999999999793e-02
-1.318000000000000005e-01
1.547999999999999932e-01
-5.907999999999999918e-01
2.921000000000000263e-01
8.310999999999999499e-01
-6.249000000000000110e-01
6.105000000000000426e-01
-8.372000000000000552e-01
-7.791000000000000147e-01
-3.522000000000000131e-01
-5.473999999999999977e-01
3.604999999999999871e-01
1.821000000000000119e-01
9.844000000000000528e-01
5.597999999999999643e-01
-3.069000000000000061e-01
-3.261999999999999900e-01
-2.994999999999999885e-01
-6.147000000000000242e-01
-5.504000000000000004e-01
-4.863999999999999990e-01
8.117999999999999661e-01
-2.700000000000000178e-01
-5.007000000000000339e-01
4.343000000000000194e-01
-7.387000000000000233e-01
4.274999999999999911e-01
9.610999999999999543e-01
-3.850000000000000089e-01
1.420000000000000082e-02
6.696999999999999620e-01
-3.860000000000000098e-01
9.295999999999999819e-01
-8.738000000000000211e-01
2.122999999999999887e-01
-5.797999999999999821e-01
1.247000000000000053e-01
-2.182999999999999940e-01
5.758999999999999675e-01
-4.945999999999999841e-01
-4.436999999999999833e-01
2.949999999999999845e-02
-1.370999999999999996e-01
2.358000000000000096e-01
9.310000000000000497e-01
-1.010000000000000064e-01
9.563000000000000389e-01
-2.063000000000000111e-01
-5.891999999999999460e-01
-3.865999999999999992e-01
4.582999999999999852e-01
3.845999999999999974e-01
2.343999999999999972e-01
8.989999999999999380e-02
-2.424000000000000044e-01
-6.602000000000000091e-01
-1.768000000000000127e-01
-6.562000000000000055e-01
-4.909999999999999920e-01
1.872999999999999943e-01
7.265000000000000346e-01
4.510000000000000120e-02
-6.419999999999999318e-02
5.290000000000000258e-02
-9.540999999999999481e-01
-1.260999999999999899e-01
-4.989000000000000101e-01
1.617999999999999994e-01
