-1.188000000000000028e-01
-4.240999999999999770e-01
1.091000000000000025e-01
-7.311999999999999611e-01
-6.140000000000000319e-02
-4.932000000000000273e-01
1.789000000000000035e-01
-3.682000000000000273e-01
2.018000000000000071e-01
2.194000000000000117e-01
6.759999999999999343e-02
4.197000000000000175e-01
1.000000000000000048e-04
-8.444000000000000394e-01
-1.938000000000000000e-01
-9.485000000000000098e-01
-4.966999999999999749e-01
-9.239999999999999603e-02
3.032000000000000250e-01
-7.043000000000000371e-01
-3.952999999999999847e-01
-5.889999999999999680e-01
-3.709999999999999964e-01
-4.670000000000000262e-01
5.682000000000000384e-01
7.923999999999999932e-01
-8.446000000000000174e-01
4.067999999999999949e-01
8.753999999999999559e-01
-1.693000000000000060e-01
8.657000000000000250e-01
9.313000000000000167e-01
-9.123999999999999888e-01
-8.507000000000000117e-01
1.792999999999999872e-01
9.283000000000000140e-01
8.131000000000000449e-01
1.199999999999999956e-01
9.045999999999999597e-01
7.000000000000000146e-03
-9.416999999999999815e-01
1.257000000000000062e-01
4.666000000000000147e-01
-6.574999999999999734e-01
5.548999999999999488e-01
1.060999999999999999e-01
-1.854999999999999982e-01
3.400000000000000244e-01
7.058999999999999719e-01
-4.047999999999999932e-01
-9.358999999999999542e-01
7.383999999999999453e-01
2.775000000000000244e-01
9.527999999999999803e-01
-6.017000000000000126e-01
-8.056999999999999718e-01
5.281000000000000139e-01
6.639000000000000457e-01
2.752000000000000002e-01
1.943999999999999895e-01
-6.056000000000000272e-01
3.937999999999999834e-01
-5.512000000000000233e-01
2.872999999999999998e-01
9.808999999999999941e-01
9.279999999999999361e-02
-9.324999999999999956e-01
4.200999999999999734e-01
9.355999999999999872e-01
5.362999999999999989e-01
-6.875000000000000000e-01
9.256999999999999673e-01
-1.986999999999999877e-01
-2.165999999999999870e-01
6.105000000000000426e-01
6.029999999999999805e-01
-2.651000000000000023e-01
-3.176999999999999824e-01
-8.241000000000000547e-01
-3.370000000000000218e-01
-6.957999999999999741e-01
4.632999999999999896e-01
8.840999999999999970e-01
8.221000000000000529e-01
7.703999999999999737e-01
2.495999999999999885e-01
-6.096000000000000307e-01
-1.953999999999999904e-01
5.880999999999999561e-01
4.244999999999999885e-01
-1.708000000000000074e-01
3.634999999999999898e-01
-6.359000000000000208e-01
6.535999999999999588e-01
3.590999999999999748e-01
6.247000000000000330e-01
2.459999999999999964e-01
-6.520000000000000240e-01
-9.377999999999999670e-01
-3.449999999999999734e-01
-7.638000000000000345e-01
-8.061000000000000387e-01
1.512999999999999901e-01
-1.418000000000000094e-01
-3.169999999999999901e-02
6.734999999999999876e-01
6.321999999999999842e-01
-3.392000000000000015e-01
3.402000000000000024e-01
4.416999999999999815e-01
-2.030000000000000138e-01
-6.149999999999999911e-01
4.812000000000000166e-01
-2.702999999999999847e-01
6.822000000000000286e-01
