-9.640999999999999570e-01
-5.040000000000000036e-02
3.734999999999999987e-01
-3.357999999999999874e-01
2.762000000000000011e-01
2.414000000000000035e-01
-5.536999999999999700e-01
-7.788000000000000478e-01
5.492000000000000215e-01
-4.071000000000000174e-01
6.019999999999999657e-02
9.921999999999999709e-01
-1.713999999999999968e-01
9.458999999999999631e-01
7.569000000000000172e-01
-5.151999999999999913e-01
-2.474000000000000088e-01
-6.309000000000000163e-01
-3.640000000000000180e-02
8.016999999999999682e-01
2.902000000000000135e-01
-5.004999999999999449e-01
-5.957000000000000073e-01
2.782999999999999918e-01
-7.932000000000000162e-01
-9.032000000000000028e-01
9.760000000000000620e-02
1.917999999999999983e-01
-1.557000000000000051e-01
1.239999999999999956e-02
-3.230999999999999983e-01
8.277999999999999803e-01
-2.237000000000000099e-01
7.916999999999999593e-01
-9.596999999999999975e-01
4.465000000000000080e-01
9.554000000000000270e-01
-9.469999999999999529e-01
3.492999999999999994e-01
5.304999999999999716e-01
9.598999999999999755e-01
-6.764000000000000012e-01
-9.244999999999999885e-01
5.965000000000000302e-01
2.134000000000000064e-01
1.250000000000000069e-02
-7.314000000000000501e-01
-8.548000000000000043e-01
-6.772000000000000242e-01
3.286999999999999922e-01
8.235999999999999988e-01
-2.429999999999999938e-01
-1.204999999999999960e-01
-5.776000000000000023e-01
3.629000000000000004e-01
-1.212000000000000022e-01
6.766999999999999682e-01
2.500000000000000139e-02
-2.900000000000000147e-02
3.133000000000000229e-01
7.035000000000000142e-01
-9.473000000000000309e-01
-1.343999999999999917e-01
-2.707999999999999852e-01
3.860000000000000236e-02
-7.638000000000000345e-01
-2.933999999999999941e-01
-9.699999999999999734e-01
7.784999999999999698e-01
-5.681000000000000494e-01
-7.047999999999999821e-01
2.579000000000000181e-01
1.464000000000000024e-01
-6.781000000000000361e-01
-1.469999999999999918e-01
1.280000000000000061e-02
-9.636000000000000121e-01
1.600000000000000033e-01
-8.831999999999999851e-01
9.048000000000000487e-01
-4.238999999999999990e-01
-2.644000000000000239e-01
-7.421999999999999709e-01
7.137000000000000011e-01
-3.518000000000000016e-01
2.999999999999999737e-04
1.527000000000000024e-01
6.520000000000000240e-01
8.752999999999999670e-01
-4.748999999999999888e-01
4.183999999999999941e-01
2.523000000000000242e-01
-8.770999999999999908e-01
1.441999999999999948e-01
-4.950000000000000233e-02
-2.192000000000000060e-01
9.839999999999999858e-01
-4.174999999999999822e-01
-6.502000000000000002e-01
4.994999999999999996e-01
9.289999999999999647e-02
2.539999999999999897e-02
8.838000000000000300e-01
3.438999999999999835e-01
-6.908999999999999586e-01
-2.505999999999999894e-01
-5.573000000000000176e-01
7.794999999999999707e-01
9.839999999999999858e-01
1.607999999999999985e-01
9.416999999999999815e-01
-1.371999999999999886e-01
-9.619999999999999385e-02
-3.660999999999999810e-01
8.859999999999999820e-02
