-6.573999999999999844e-01
-7.720000000000000473e-02
6.004000000000000448e-01
6.998999999999999666e-01
-3.557000000000000162e-01
-5.975000000000000311e-01
-4.873999999999999999e-01
7.881000000000000227e-01
1.857000000000000040e-01
-2.959999999999999853e-01
6.058999999999999941e-01
-5.659999999999999476e-01
-3.398999999999999799e-01
3.701999999999999735e-01
-9.677000000000000046e-01
2.832999999999999963e-01
5.346999999999999531e-01
6.142999999999999572e-01
-8.617000000000000215e-01
7.395000000000000462e-01
-8.857000000000000428e-01
7.224000000000000421e-01
3.678000000000000158e-01
-5.160000000000000142e-01
-5.502000000000000224e-01
-3.795999999999999930e-01
1.723999999999999977e-01
6.417000000000000481e-01
6.303999999999999604e-01
-6.822000000000000286e-01
7.836999999999999522e-01
-8.300000000000000433e-02
-6.158000000000000140e-01
4.819999999999999840e-01
7.097999999999999865e-01
4.894000000000000017e-01
7.437000000000000277e-01
-4.400000000000000265e-03
-2.636999999999999900e-01
-4.650000000000000244e-01
-8.669000000000000039e-01
-5.980999999999999650e-01
-2.943999999999999950e-01
-7.552999999999999714e-01
6.772000000000000242e-01
-3.704000000000000070e-01
-5.443000000000000060e-01
-2.876000000000000223e-01
-9.382000000000000339e-01
-1.207000000000000017e-01
4.857000000000000206e-01
-8.836000000000000520e-01
1.549999999999999989e-01
7.469999999999999973e-01
-1.063999999999999946e-01
-2.796000000000000152e-01
7.185000000000000275e-01
-6.246000000000000441e-01
3.446000000000000174e-01
4.617999999999999883e-01
6.162999999999999590e-01
7.302999999999999492e-01
-8.520999999999999686e-01
4.339000000000000079e-01
6.276000000000000467e-01
-7.530000000000000027e-01
-4.733999999999999875e-01
-5.437999999999999501e-01
4.274999999999999911e-01
5.393000000000000016e-01
-1.640000000000000138e-02
-9.151000000000000245e-01
7.309999999999999831e-02
8.479999999999999760e-01
-9.811999999999999611e-01
3.202999999999999736e-01
-8.992999999999999883e-01
-8.102000000000000313e-01
7.710000000000000187e-02
-8.034999999999999920e-01
6.571000000000000174e-01
-6.410000000000000142e-01
-6.637999999999999456e-01
6.316000000000000503e-01
-5.030999999999999917e-01
-2.129999999999999949e-01
4.435000000000000053e-01
-4.001000000000000112e-01
-8.890000000000000124e-01
9.596000000000000085e-01
6.411000000000000032e-01
1.305000000000000049e-01
-6.725999999999999757e-01
4.815999999999999726e-01
-8.011000000000000343e-01
-9.840999999999999748e-01
3.069000000000000061e-01
-8.633999999999999453e-01
9.192000000000000171e-01
-9.325999999999999845e-01
9.851999999999999647e-01
-7.257000000000000117e-01
3.116999999999999771e-01
-6.780000000000000471e-01
-6.850000000000000533e-01
-1.600000000000000033e-02
5.278000000000000469e-01
-9.650999999999999579e-01
3.185000000000000053e-01
-7.508000000000000229e-01
-1.014000000000000040e-01
8.677000000000000268e-01
-7.923000000000000043e-01
6.098999999999999977e-01
-4.258000000000000118e-01
