1.200999999999999984e-01
5.210000000000000048e-02
9.341000000000000414e-01
5.561000000000000387e-01
4.975999999999999868e-01
8.662999999999999590e-01
5.109000000000000208e-01
4.051000000000000156e-01
8.667000000000000259e-01
-8.599999999999999867e-01
3.750000000000000000e-01
-5.979999999999999760e-01
-2.280000000000000082e-02
5.725999999999999979e-01
8.146999999999999797e-01
4.239999999999999880e-01
7.345000000000000417e-01
-5.168000000000000371e-01
6.310000000000000053e-01
-6.047000000000000153e-01
-2.938999999999999946e-01
4.989999999999999991e-01
-9.727000000000000091e-01
2.837999999999999967e-01
8.104000000000000092e-01
8.163000000000000256e-01
-6.579000000000000403e-01
-5.096000000000000529e-01
-2.783999999999999808e-01
4.080000000000000293e-02
1.985000000000000098e-01
9.754000000000000448e-01
-8.885999999999999455e-01
4.250000000000000305e-02
5.700000000000000205e-03
1.817000000000000004e-01
-4.227000000000000202e-01
8.776000000000000467e-01
5.411000000000000254e-01
8.493000000000000549e-01
-3.080999999999999850e-01
4.283000000000000140e-01
6.683000000000000052e-01
2.751000000000000112e-01
1.052000000000000018e-01
1.001999999999999974e-01
-6.966999999999999860e-01
-6.247000000000000330e-01
-6.058000000000000052e-01
-6.629999999999999782e-02
-2.127000000000000002e-01
-8.123000000000000220e-01
2.380000000000000171e-02
8.295000000000000151e-01
-4.370000000000000273e-02
7.439999999999999947e-01
-4.495999999999999996e-01
-1.645000000000000073e-01
-1.101000000000000034e-01
-5.508999999999999453e-01
7.635999999999999455e-01
2.611999999999999877e-01
-7.689999999999999614e-02
4.693999999999999839e-01
5.934000000000000385e-01
1.348000000000000032e-01
-5.846000000000000085e-01
2.973999999999999977e-01
-9.572000000000000508e-01
4.647999999999999909e-01
7.409000000000000030e-01
-7.359999999999999876e-02
4.000000000000000083e-02
1.885000000000000009e-01
8.450000000000000566e-02
1.388999999999999957e-01
9.227999999999999536e-01
-7.262999999999999456e-01
-7.596000000000000529e-01
-6.500000000000000222e-02
5.653000000000000247e-01
8.279999999999999860e-02
-7.199999999999999456e-02
5.519999999999999907e-02
9.483000000000000318e-01
-6.350000000000000089e-01
3.594999999999999862e-01
3.128000000000000225e-01
-5.056000000000000494e-01
9.254999999999999893e-01
5.909999999999999698e-01
2.003999999999999948e-01
8.597000000000000197e-01
-7.508000000000000229e-01
1.910000000000000031e-01
5.769999999999999574e-01
-9.898000000000000131e-01
6.566999999999999504e-01
-4.136000000000000232e-01
-8.719999999999999973e-01
9.304999999999999938e-01
9.760000000000000620e-02
2.099999999999999922e-01
5.469999999999999862e-02
7.983000000000000096e-01
-2.301999999999999880e-01
-1.791999999999999982e-01
6.596999999999999531e-01
-2.800000000000000266e-01
-9.373000000000000220e-01
-7.472999999999999643e-01
-1.948999999999999899e-01
5.828999999999999737e-01
-8.077999999999999625e-01
-8.515000000000000346e-01
3.264000000000000234e-01
-4.935999999999999832e-01
4.062000000000000055e-01
-5.264999999999999680e-01
-5.814000000000000279e-01
-5.305999999999999606e-01
1.063000000000000056e-01
8.084000000000000075e-01
-3.731999999999999762e-01
-3.648000000000000131e-01
-7.542999999999999705e-01
7.762999999999999901e-01
-3.200999999999999956e-01
7.580000000000000071e-01
-3.941999999999999948e-01
8.659999999999999643e-02
-3.691999999999999726e-01
7.881000000000000227e-01
-1.688999999999999946e-01
-7.912000000000000144e-01
1.552000000000000046e-01
6.903000000000000247e-01
-6.483999999999999764e-01
3.976000000000000090e-01
7.682999999999999829e-01
-9.486999999999999877e-01
-4.677999999999999936e-01
-9.559999999999999609e-01
9.670999999999999597e-01
-1.559999999999999998e-01
-2.164000000000000090e-01
-8.557000000000000162e-01
-7.216000000000000192e-01
4.132000000000000117e-01
-1.660999999999999976e-01
