5.040000000000000036e-02
6.404999999999999583e-01
-4.734999999999999765e-01
-7.810000000000000275e-02
4.061000000000000165e-01
-9.093999999999999861e-01
-3.795999999999999930e-01
-5.300000000000000266e-01
7.124000000000000332e-01
5.404999999999999805e-01
-1.230000000000000017e-02
8.475000000000000311e-01
-8.182000000000000384e-01
8.106999999999999762e-01
-5.449999999999999983e-02
3.168000000000000260e-01
7.106999999999999984e-01
-6.229000000000000092e-01
3.972999999999999865e-01
4.786000000000000254e-01
-5.251000000000000112e-01
-5.784000000000000252e-01
8.690999999999999837e-01
-5.544000000000000039e-01
3.734999999999999987e-01
7.135000000000000231e-01
-2.350000000000000006e-02
-4.796000000000000263e-01
-3.748000000000000220e-01
-8.135999999999999899e-01
2.646000000000000019e-01
5.315999999999999615e-01
-7.881000000000000227e-01
-7.591999999999999860e-01
1.567999999999999949e-01
5.309000000000000385e-01
8.820000000000000062e-01
3.095999999999999863e-01
4.660000000000000253e-02
3.219000000000000195e-01
1.328000000000000014e-01
-3.810999999999999943e-01
2.828999999999999848e-01
-4.149999999999999800e-01
-8.540999999999999703e-01
-6.569000000000000394e-01
-4.143999999999999906e-01
-9.172000000000000153e-01
-1.131000000000000061e-01
5.094999999999999529e-01
