4.786000000000000254e-01
4.647999999999999909e-01
9.237999999999999545e-01
1.378000000000000058e-01
-3.029999999999999916e-01
6.934000000000000163e-01
5.230000000000000204e-01
8.637000000000000233e-01
6.754999999999999893e-01
-7.445000000000000506e-01
4.348000000000000198e-01
4.445999999999999952e-01
-4.490000000000000102e-01
6.019999999999999796e-01
5.096000000000000529e-01
-8.229999999999999538e-01
-2.331000000000000016e-01
4.183999999999999941e-01
-7.249999999999999778e-01
7.639999999999999569e-02
3.538000000000000034e-01
-5.423999999999999932e-01
-7.530000000000000582e-02
6.851000000000000423e-01
-3.211999999999999855e-01
3.083000000000000185e-01
7.275000000000000355e-01
6.703000000000000069e-01
8.451999999999999513e-01
-8.762999999999999678e-01
-1.134000000000000008e-01
-6.845999999999999863e-01
-5.703000000000000291e-01
-1.468000000000000138e-01
5.443999999999999950e-01
6.449000000000000288e-01
4.618999999999999773e-01
3.613000000000000100e-01
9.525000000000000133e-01
3.740000000000000269e-02
-8.995999999999999552e-01
7.933999999999999941e-01
-9.482000000000000428e-01
8.586000000000000298e-01
-9.918000000000000149e-01
-6.867999999999999661e-01
-6.925999999999999934e-01
-9.808999999999999941e-01
-4.480000000000000093e-01
1.255000000000000004e-01
