4.420999999999999930e-01
7.489000000000000101e-01
-8.520999999999999686e-01
8.062000000000000277e-01
7.428000000000000158e-01
5.776999999999999913e-01
9.628999999999999782e-01
-6.918999999999999595e-01
4.309999999999999942e-02
-9.864000000000000545e-01
-8.022000000000000242e-01
-7.643999999999999684e-01
6.579000000000000403e-01
3.734000000000000097e-01
-9.230000000000000426e-01
-2.285999999999999976e-01
1.693000000000000060e-01
-9.425000000000000044e-01
3.579999999999999849e-02
-5.506999999999999673e-01
3.724000000000000088e-01
-5.803000000000000380e-01
-5.258000000000000451e-01
-2.687999999999999834e-01
-3.236999999999999877e-01
-1.721999999999999920e-01
2.268999999999999906e-01
-8.287999999999999812e-01
-6.927999999999999714e-01
-8.450000000000000566e-02
7.483999999999999542e-01
-9.171000000000000263e-01
-1.233999999999999958e-01
-1.679999999999999896e-02
-5.988999999999999879e-01
-8.942999999999999838e-01
-9.399999999999999467e-01
5.497999999999999554e-01
1.323000000000000009e-01
7.593999999999999639e-01
-4.976999999999999758e-01
8.999000000000000332e-01
-1.277000000000000079e-01
2.119000000000000050e-01
-7.610000000000000098e-01
6.720000000000000417e-01
-4.243999999999999995e-01
-6.360000000000000375e-02
-3.587000000000000188e-01
-9.859999999999999321e-02
