-2.758999999999999786e-01
1.529999999999999936e-02
-7.489999999999999436e-02
-2.434999999999999942e-01
-6.941000000000000503e-01
-8.491999999999999549e-01
8.228999999999999648e-01
-7.851000000000000201e-01
-4.824999999999999845e-01
-8.134000000000000119e-01
3.780000000000000027e-02
-7.352999999999999536e-01
-4.062000000000000055e-01
-5.043999999999999595e-01
-2.394000000000000017e-01
4.238999999999999990e-01
-7.957999999999999519e-01
-1.368999999999999939e-01
4.677999999999999936e-01
8.179999999999999771e-02
-5.229999999999999927e-02
6.868999999999999551e-01
9.986000000000000432e-01
3.467999999999999972e-01
-7.853999999999999870e-01
9.164999999999999813e-01
-5.617999999999999661e-01
-9.766000000000000236e-01
3.877999999999999781e-01
4.230999999999999761e-01
2.571999999999999842e-01
7.055000000000000160e-01
-4.879999999999999893e-01
-2.340000000000000135e-01
9.900000000000000466e-02
-8.104999999999999982e-01
-7.256000000000000227e-01
-4.188999999999999946e-01
-1.580999999999999905e-01
-3.358999999999999764e-01
5.917999999999999927e-01
9.395999999999999908e-01
8.910000000000000142e-01
4.274000000000000021e-01
-7.199999999999999734e-01
3.669999999999999929e-01
4.142000000000000126e-01
-6.854000000000000092e-01
-3.444999999999999729e-01
6.412999999999999812e-01
