-6.432999999999999829e-01
3.971999999999999975e-01
2.988000000000000100e-01
-2.041000000000000036e-01
4.031000000000000139e-01
7.991000000000000325e-01
-2.205999999999999905e-01
-5.349000000000000421e-01
9.902999999999999581e-01
-5.929999999999999855e-02
-3.199000000000000177e-01
1.398999999999999966e-01
2.998000000000000109e-01
3.048000000000000154e-01
-9.657999999999999918e-01
5.614999999999999991e-01
-2.526999999999999802e-01
3.780000000000000027e-02
8.199999999999999512e-01
4.687000000000000055e-01
-7.457000000000000295e-01
9.489999999999999547e-01
-2.922000000000000153e-01
-4.147000000000000131e-01
7.388000000000000123e-01
-4.743999999999999884e-01
6.820000000000000506e-01
-6.817999999999999616e-01
-7.855999999999999650e-01
-4.588999999999999746e-01
-9.520000000000000684e-02
1.003000000000000003e-01
-1.981999999999999873e-01
-2.452999999999999903e-01
-5.370000000000000329e-01
6.702000000000000179e-01
2.356999999999999929e-01
3.729999999999999982e-02
-3.987999999999999878e-01
-3.690999999999999837e-01
4.540000000000000285e-02
-5.835000000000000187e-01
-1.869000000000000106e-01
7.089999999999999636e-01
1.069999999999999979e-01
-7.638000000000000345e-01
-6.531000000000000139e-01
6.618000000000000549e-01
4.098999999999999866e-01
-1.280000000000000027e-01
