-2.911000000000000254e-01
8.150000000000000300e-02
-6.018000000000000016e-01
-1.660000000000000017e-02
-2.727999999999999869e-01
3.065999999999999837e-01
8.404000000000000359e-01
-2.460000000000000034e-02
1.869000000000000106e-01
-7.521999999999999797e-01
-7.607000000000000428e-01
2.595000000000000084e-01
-4.410000000000000031e-01
-8.150000000000000300e-02
9.989999999999999991e-01
-5.991999999999999549e-01
-9.450000000000000067e-02
1.144000000000000017e-01
-4.462999999999999745e-01
8.330999999999999517e-01
-6.989999999999999547e-01
-3.400000000000000244e-02
2.636000000000000010e-01
-9.318999999999999506e-01
-2.962000000000000188e-01
-9.016999999999999460e-01
1.074999999999999983e-01
4.061000000000000165e-01
-6.400000000000000133e-02
7.779000000000000359e-01
-3.557000000000000162e-01
4.894999999999999907e-01
7.380000000000000449e-02
-4.376999999999999780e-01
1.698000000000000065e-01
5.070999999999999952e-01
8.509999999999999787e-01
-5.680000000000000326e-02
-1.902000000000000079e-01
-3.675999999999999823e-01
-1.328000000000000014e-01
-1.660000000000000017e-02
7.625999999999999446e-01
-4.481999999999999873e-01
-9.227999999999999536e-01
8.672999999999999599e-01
-8.115999999999999881e-01
7.927999999999999492e-01
5.249999999999999806e-02
-3.076999999999999735e-01
