6.264999999999999458e-01
-3.400000000000000244e-01
6.350000000000000089e-02
-9.229000000000000536e-01
9.610999999999999543e-01
1.195999999999999980e-01
-8.569999999999999840e-02
3.299000000000000266e-01
4.130000000000000338e-02
-5.069000000000000172e-01
8.959999999999999909e-02
-3.670999999999999819e-01
1.272999999999999965e-01
-3.790999999999999925e-01
4.611999999999999988e-01
8.055999999999999828e-01
-2.594000000000000195e-01
-9.035999999999999588e-01
1.695000000000000118e-01
2.691000000000000059e-01
-4.904000000000000026e-01
-9.612000000000000544e-01
-1.766000000000000070e-01
-2.792999999999999927e-01
4.515000000000000124e-01
-9.647999999999999909e-01
-9.050000000000000266e-01
6.571000000000000174e-01
2.300999999999999990e-01
-2.078000000000000125e-01
3.119999999999999857e-02
7.630000000000000671e-02
5.027000000000000357e-01
6.781000000000000361e-01
-3.720999999999999863e-01
2.117999999999999883e-01
-6.340000000000000080e-01
1.053999999999999937e-01
-8.947000000000000508e-01
-4.370000000000000273e-02
7.588000000000000300e-01
6.410000000000000420e-02
4.077000000000000068e-01
5.102999999999999758e-01
2.187999999999999945e-01
-2.210000000000000159e-02
3.286999999999999922e-01
-1.970999999999999974e-01
1.859999999999999987e-01
-4.600000000000000200e-01
