6.056000000000000272e-01
3.922999999999999821e-01
6.924000000000000155e-01
9.210000000000000131e-02
-1.426999999999999935e-01
-1.207000000000000017e-01
-4.460999999999999965e-01
-2.419999999999999929e-01
-4.482999999999999763e-01
3.042000000000000259e-01
-2.286999999999999866e-01
9.039999999999999425e-02
7.914999999999999813e-01
-3.567000000000000171e-01
-3.995000000000000218e-01
-1.082999999999999935e-01
3.376000000000000112e-01
-4.718999999999999861e-01
3.260000000000000120e-01
7.836999999999999522e-01
9.310000000000000220e-02
8.771999999999999797e-01
8.008999999999999453e-01
-6.846999999999999753e-01
-3.269000000000000239e-01
6.289999999999999758e-02
-5.285999999999999588e-01
-4.747999999999999998e-01
9.236999999999999655e-01
9.377999999999999670e-01
7.470000000000000251e-02
-6.945999999999999952e-01
6.300000000000000044e-03
7.102000000000000535e-01
9.932999999999999607e-01
-2.414999999999999925e-01
6.523999999999999799e-01
-1.131000000000000061e-01
2.797000000000000042e-01
-7.631999999999999895e-01
5.251000000000000112e-01
-6.138000000000000123e-01
6.473999999999999755e-01
-1.605000000000000038e-01
3.805999999999999939e-01
9.959999999999999409e-02
-4.885999999999999788e-01
-1.246000000000000024e-01
-8.379999999999999949e-02
-3.936999999999999944e-01
