3.316000000000000059e-01
-5.967000000000000082e-01
-8.562999999999999501e-01
2.500000000000000139e-02
6.145000000000000462e-01
1.257999999999999952e-01
1.504000000000000059e-01
-9.279999999999999361e-02
6.321999999999999842e-01
8.420999999999999597e-01
4.124999999999999778e-01
-4.622999999999999887e-01
-7.230000000000000315e-02
5.149000000000000243e-01
3.947999999999999843e-01
1.852999999999999925e-01
5.391000000000000236e-01
-2.549000000000000155e-01
-8.270999999999999464e-01
6.159999999999999920e-01
-4.628999999999999782e-01
5.866999999999999993e-01
-9.273000000000000131e-01
-3.719999999999999696e-02
-8.357999999999999874e-01
3.382999999999999896e-01
7.046000000000000041e-01
3.669999999999999929e-01
-2.439999999999999947e-01
-7.941000000000000281e-01
7.170999999999999597e-01
-7.639999999999999569e-02
7.417000000000000259e-01
1.849000000000000088e-01
-1.993999999999999939e-01
2.180999999999999883e-01
-6.057000000000000162e-01
2.030000000000000138e-01
5.313999999999999835e-01
-7.589000000000000190e-01
6.173999999999999488e-01
9.961999999999999744e-01
9.929999999999999938e-01
-8.913999999999999702e-01
-1.620000000000000051e-01
4.677000000000000046e-01
7.177000000000000046e-01
6.079999999999999988e-02
6.339000000000000190e-01
-7.694999999999999618e-01
