9.127999999999999448e-01
5.205999999999999517e-01
3.176999999999999824e-01
5.762000000000000455e-01
-9.415999999999999925e-01
-2.819999999999999937e-02
1.872000000000000053e-01
5.270000000000000240e-01
-4.763000000000000012e-01
-2.250999999999999945e-01
-3.393999999999999795e-01
-2.814999999999999725e-01
-5.160000000000000142e-01
-2.104999999999999927e-01
7.670000000000000151e-01
5.595999999999999863e-01
1.140000000000000041e-01
-4.782000000000000139e-01
-8.134000000000000119e-01
-9.196999999999999620e-01
5.259000000000000341e-01
3.109999999999999917e-02
1.619999999999999912e-02
8.787000000000000366e-01
-6.357000000000000428e-01
8.730999999999999872e-01
-4.173999999999999932e-01
-9.956000000000000405e-01
6.643000000000000016e-01
-2.619000000000000217e-01
8.999999999999999320e-03
-4.066000000000000170e-01
-7.853999999999999870e-01
9.700000000000000289e-03
6.973000000000000309e-01
-5.666999999999999815e-01
1.383000000000000063e-01
-3.765000000000000013e-01
-6.602000000000000091e-01
4.405000000000000027e-01
4.701000000000000179e-01
9.850999999999999757e-01
-5.421000000000000263e-01
-8.933999999999999719e-01
6.400000000000000133e-02
-2.740000000000000074e-02
8.579999999999999849e-01
-7.793999999999999817e-01
-5.106000000000000538e-01
5.038000000000000256e-01
5.513000000000000123e-01
-3.371000000000000107e-01
6.010000000000000064e-02
-6.646999999999999575e-01
4.190999999999999726e-01
-5.029999999999999749e-02
4.749999999999999778e-01
-8.026999999999999691e-01
5.974000000000000421e-01
3.282999999999999807e-01
-1.252000000000000057e-01
7.531999999999999806e-01
-2.220000000000000029e-01
-1.368000000000000049e-01
-5.160000000000000142e-01
-2.797000000000000042e-01
-1.205999999999999989e-01
6.938999999999999613e-01
-1.754000000000000004e-01
-3.544999999999999818e-01
-5.070000000000000201e-02
1.729999999999999941e-02
5.499000000000000554e-01
-3.870000000000000107e-01
-9.405999999999999917e-01
-6.353999999999999648e-01
7.287000000000000144e-01
5.554000000000000048e-01
8.620999999999999774e-01
-3.629999999999999893e-02
6.818999999999999506e-01
-9.409999999999999476e-01
7.470000000000000251e-02
3.901999999999999913e-01
5.937999999999999945e-01
-6.140000000000000319e-02
4.771000000000000241e-01
-6.818999999999999506e-01
-7.378000000000000114e-01
6.191999999999999726e-01
8.290999999999999481e-01
-2.399999999999999911e-01
-2.942000000000000171e-01
6.626999999999999558e-01
-2.599999999999999881e-02
-9.636000000000000121e-01
3.756999999999999784e-01
-5.080000000000000071e-01
-2.378000000000000114e-01
-5.436999999999999611e-01
4.295999999999999819e-01
9.091000000000000192e-01
8.638000000000000123e-01
-3.706999999999999740e-01
2.280000000000000082e-02
-3.168000000000000260e-01
3.830000000000000071e-01
-6.377000000000000446e-01
-7.189999999999999725e-01
5.240000000000000213e-01
-8.821999999999999842e-01
-6.189999999999999669e-02
-5.773000000000000353e-01
-7.309999999999999831e-02
-8.497000000000000108e-01
-9.120000000000000329e-02
-1.880000000000000004e-01
-2.746000000000000107e-01
9.030000000000000526e-02
-1.570000000000000007e-01
-5.319000000000000394e-01
-7.835999999999999632e-01
-9.495000000000000107e-01
-3.470000000000000168e-02
-7.658000000000000362e-01
-3.024999999999999911e-01
-6.519999999999999407e-02
-7.412999999999999590e-01
3.693000000000000171e-01
7.960000000000000409e-02
-7.073000000000000398e-01
6.347000000000000419e-01
-2.972000000000000197e-01
-7.180000000000000271e-02
3.003000000000000114e-01
8.135000000000000009e-01
7.391999999999999682e-01
5.210000000000000048e-02
3.875000000000000111e-01
2.999999999999999889e-02
-8.365000000000000213e-01
8.263000000000000345e-01
1.925000000000000044e-01
3.543999999999999928e-01
-4.736000000000000210e-01
6.010000000000000064e-02
8.885999999999999455e-01
4.420000000000000040e-01
-3.750000000000000000e-01
-4.622999999999999887e-01
-5.685999999999999943e-01
-2.019999999999999921e-02
1.897000000000000075e-01
-3.800000000000000044e-01
7.901000000000000245e-01
-2.477000000000000035e-01
-2.832000000000000073e-01
-9.313000000000000167e-01
9.160000000000000087e-02
-1.854000000000000092e-01
9.485000000000000098e-01
-1.232000000000000040e-01
