-7.130000000000000226e-02
7.520000000000000018e-01
-7.965999999999999748e-01
4.496999999999999886e-01
1.980000000000000163e-02
-4.233000000000000096e-01
3.512000000000000122e-01
-7.882000000000000117e-01
5.879999999999999810e-02
9.386999999999999789e-01
-9.835000000000000409e-01
-2.195999999999999897e-01
-2.782000000000000028e-01
3.588000000000000078e-01
5.895000000000000240e-01
-6.036000000000000254e-01
5.966000000000000192e-01
-2.772000000000000020e-01
-7.624999999999999556e-01
-9.800000000000000377e-02
9.911999999999999700e-01
-1.998999999999999944e-01
9.612000000000000544e-01
6.188000000000000167e-01
5.409000000000000474e-01
1.716999999999999915e-01
2.882000000000000117e-01
9.215999999999999748e-01
-9.287999999999999590e-01
4.189999999999999836e-01
2.997000000000000219e-01
-5.680000000000000326e-02
-9.191000000000000281e-01
-9.828000000000000069e-01
1.496000000000000107e-01
3.336000000000000076e-01
-3.916999999999999926e-01
2.369999999999999885e-02
8.235999999999999988e-01
8.729999999999999982e-01
-2.772999999999999909e-01
2.790000000000000119e-02
-3.684999999999999942e-01
2.464999999999999969e-01
4.334999999999999964e-01
-2.520000000000000018e-01
-3.114000000000000101e-01
-2.621999999999999886e-01
-4.660000000000000253e-02
3.348999999999999755e-01
7.581999999999999851e-01
-1.769000000000000017e-01
-5.644000000000000128e-01
-1.811000000000000110e-01
8.393000000000000460e-01
8.338999999999999746e-01
-2.358000000000000096e-01
-8.639999999999999902e-01
7.534999999999999476e-01
-8.559999999999999831e-01
-1.729999999999999871e-01
7.530000000000000582e-02
5.459000000000000519e-01
-2.368999999999999995e-01
-9.957000000000000295e-01
-8.393000000000000460e-01
8.726000000000000423e-01
-5.094999999999999529e-01
3.557000000000000162e-01
-9.697999999999999954e-01
-7.407000000000000250e-01
-8.818000000000000282e-01
1.200000000000000025e-02
-9.963999999999999524e-01
-8.763999999999999568e-01
-4.660000000000000253e-02
1.600000000000000033e-01
-1.769000000000000017e-01
7.349999999999999867e-01
-5.695000000000000062e-01
-5.564999999999999947e-01
3.196999999999999842e-01
-4.364999999999999991e-01
7.255000000000000338e-01
-5.603000000000000203e-01
9.477999999999999758e-01
-2.687999999999999834e-01
8.250999999999999446e-01
6.203999999999999515e-01
5.887999999999999901e-01
2.079999999999999905e-02
7.632999999999999785e-01
7.116999999999999993e-01
3.179000000000000159e-01
-9.090000000000000302e-01
5.986000000000000210e-01
3.417000000000000037e-01
4.600000000000000200e-01
-3.512000000000000122e-01
6.097000000000000197e-01
8.264000000000000234e-01
-8.148999999999999577e-01
-9.283000000000000140e-01
7.018999999999999684e-01
-2.484999999999999987e-01
3.281999999999999917e-01
1.426000000000000045e-01
4.502999999999999781e-01
-9.966000000000000414e-01
-9.383000000000000229e-01
-6.592999999999999972e-01
9.667000000000000037e-01
-1.469999999999999953e-02
6.022999999999999465e-01
1.504000000000000059e-01
-9.799999999999999684e-03
7.946999999999999620e-01
-5.610000000000000542e-01
-2.185999999999999888e-01
-1.726000000000000034e-01
-4.549000000000000266e-01
5.530000000000000471e-01
3.988999999999999768e-01
-5.407999999999999474e-01
1.476000000000000090e-01
-7.996999999999999664e-01
2.501999999999999780e-01
-5.799999999999999600e-01
-8.065999999999999837e-01
2.822000000000000064e-01
9.566999999999999948e-01
7.596000000000000529e-01
2.406000000000000083e-01
-3.356999999999999984e-01
-4.444000000000000172e-01
-4.239999999999999880e-01
-3.225000000000000089e-01
8.994999999999999662e-01
5.323999999999999844e-01
-6.379999999999999560e-02
-4.854999999999999871e-01
4.994999999999999996e-01
-4.139999999999999791e-01
4.694999999999999729e-01
9.471000000000000529e-01
9.074999999999999734e-01
-1.428999999999999992e-01
-4.057000000000000051e-01
5.670000000000000040e-02
-9.637000000000000011e-01
-8.293000000000000371e-01
-5.788999999999999702e-01
-7.204000000000000403e-01
7.674999999999999600e-01
4.560000000000000164e-02
-1.037000000000000005e-01
-8.777000000000000357e-01
3.729999999999999982e-01
5.332000000000000073e-01
-4.359000000000000097e-01
9.363000000000000211e-01
-8.788000000000000256e-01
