-9.444000000000000172e-01
-3.941999999999999948e-01
6.070999999999999730e-01
7.700000000000000178e-01
6.062999999999999501e-01
3.347999999999999865e-01
9.489999999999999825e-02
-7.620000000000000384e-02
-2.806000000000000161e-01
-9.453000000000000291e-01
4.632000000000000006e-01
-4.009999999999999676e-02
6.997999999999999776e-01
-1.461000000000000076e-01
-1.469999999999999953e-02
-6.529999999999999694e-02
-6.205000000000000515e-01
-9.516000000000000014e-01
-7.337000000000000188e-01
1.040999999999999981e-01
-4.639999999999999680e-02
2.649000000000000243e-01
4.409000000000000141e-01
7.371999999999999664e-01
-1.233000000000000068e-01
-8.720999999999999863e-01
1.053999999999999937e-01
-2.857000000000000095e-01
2.879999999999999782e-01
-7.272999999999999465e-01
1.355000000000000093e-01
-3.548999999999999932e-01
-4.424000000000000155e-01
6.702000000000000179e-01
3.299999999999999982e-03
-2.737999999999999878e-01
6.620000000000000329e-01
-1.097999999999999948e-01
-5.362000000000000099e-01
-6.913000000000000256e-01
2.439000000000000057e-01
1.598999999999999866e-01
-4.238999999999999990e-01
-4.894000000000000017e-01
3.255000000000000115e-01
6.219000000000000083e-01
9.023999999999999799e-01
-6.158000000000000140e-01
-6.306000000000000494e-01
1.852999999999999925e-01
-4.870000000000000023e-02
6.019999999999999657e-02
-5.577999999999999625e-01
-6.004000000000000448e-01
-7.822000000000000064e-01
6.794000000000000039e-01
6.640000000000000069e-02
3.355000000000000204e-01
7.199999999999999734e-01
-7.368999999999999995e-01
3.039000000000000035e-01
-9.120000000000000329e-02
5.590000000000000524e-01
1.975000000000000089e-01
-8.319999999999999618e-02
3.604999999999999871e-01
-8.400999999999999579e-01
7.871000000000000218e-01
-3.296999999999999931e-01
-2.283000000000000029e-01
4.919999999999999929e-01
-2.562999999999999723e-01
-1.313999999999999890e-01
-3.846999999999999864e-01
-7.291999999999999593e-01
3.415000000000000258e-01
2.301999999999999880e-01
-4.097000000000000086e-01
8.732999999999999652e-01
4.176000000000000267e-01
-7.903999999999999915e-01
5.758999999999999675e-01
4.153999999999999915e-01
2.709999999999999909e-02
9.731999999999999540e-01
7.550999999999999934e-01
-8.023000000000000131e-01
-4.505000000000000115e-01
6.348000000000000309e-01
2.000000000000000042e-03
-7.328000000000000069e-01
-4.318000000000000171e-01
3.210999999999999965e-01
7.984999999999999876e-01
-6.473999999999999755e-01
-6.125000000000000444e-01
8.145000000000000018e-01
8.438999999999999835e-01
3.988999999999999768e-01
7.772000000000000020e-01
-8.685000000000000497e-01
1.554000000000000103e-01
-2.849999999999999756e-01
9.120000000000000329e-01
2.730000000000000135e-02
1.290000000000000036e-01
7.651000000000000023e-01
-3.754000000000000115e-01
9.684000000000000385e-01
-7.238999999999999879e-01
7.977999999999999536e-01
-3.679000000000000048e-01
6.059999999999999831e-01
7.026999999999999913e-01
2.831000000000000183e-01
3.684000000000000052e-01
2.821000000000000174e-01
6.519999999999999407e-02
-3.296000000000000041e-01
1.743999999999999995e-01
-3.372999999999999887e-01
-6.625999999999999668e-01
5.242999999999999883e-01
-7.327000000000000179e-01
3.684999999999999942e-01
-1.875000000000000000e-01
-4.366999999999999771e-01
5.502000000000000224e-01
8.457999999999999963e-01
6.847999999999999643e-01
-5.895000000000000240e-01
-5.191000000000000059e-01
3.340000000000000191e-01
8.153000000000000247e-01
8.184000000000000163e-01
9.736000000000000210e-01
6.857999999999999652e-01
-8.186999999999999833e-01
-5.017000000000000348e-01
7.438000000000000167e-01
-2.594000000000000195e-01
-1.323000000000000009e-01
-4.889000000000000012e-01
3.825999999999999956e-01
-2.272000000000000131e-01
-2.535999999999999921e-01
-6.062999999999999501e-01
7.157000000000000028e-01
-6.732000000000000206e-01
-4.864999999999999880e-01
2.852999999999999980e-01
9.016999999999999460e-01
8.501999999999999558e-01
-2.480999999999999872e-01
7.749000000000000332e-01
2.063000000000000111e-01
7.179999999999999716e-01
2.270000000000000143e-02
4.117000000000000104e-01
-6.755999999999999783e-01
4.331999999999999740e-01
6.047000000000000153e-01
