-1.983999999999999930e-01
8.057999999999999607e-01
-3.953999999999999737e-01
7.090000000000000469e-02
-7.843999999999999861e-01
2.112999999999999878e-01
4.118999999999999884e-01
-2.174000000000000099e-01
3.246999999999999886e-01
-1.050000000000000065e-02
-7.872999999999999998e-01
-4.445999999999999952e-01
-1.414999999999999869e-01
-6.122999999999999554e-01
-3.568999999999999950e-01
-2.626999999999999891e-01
-9.637000000000000011e-01
7.064000000000000279e-01
-7.703999999999999737e-01
7.577000000000000401e-01
6.165000000000000480e-01
-4.240999999999999770e-01
-2.262000000000000122e-01
-5.517999999999999572e-01
7.155000000000000249e-01
3.948999999999999733e-01
-3.255000000000000115e-01
-8.385000000000000231e-01
-5.512000000000000233e-01
-1.464000000000000024e-01
-2.876000000000000223e-01
-5.846000000000000085e-01
-3.266999999999999904e-01
4.264999999999999902e-01
6.886999999999999789e-01
-7.887999999999999456e-01
5.390000000000000346e-02
2.321000000000000008e-01
5.638999999999999568e-01
5.116000000000000547e-01
-4.031000000000000139e-01
-8.018999999999999462e-01
-8.681999999999999718e-01
-6.663999999999999924e-01
3.315000000000000169e-01
-5.069000000000000172e-01
4.137000000000000122e-01
2.838999999999999857e-01
8.129999999999999727e-02
-3.647000000000000242e-01
-9.679999999999999716e-01
9.215999999999999748e-01
-6.737999999999999545e-01
1.500000000000000031e-03
2.796000000000000152e-01
3.684999999999999942e-01
-3.588000000000000078e-01
1.650000000000000078e-01
6.414999999999999591e-01
9.453000000000000291e-01
8.210000000000000631e-02
-6.824999999999999956e-01
-8.791999999999999815e-01
-1.110000000000000049e-02
-6.967999999999999750e-01
-6.069999999999999701e-02
-1.874000000000000110e-01
-7.335000000000000409e-01
3.286999999999999922e-01
-4.008999999999999786e-01
8.070000000000000506e-01
-9.299999999999999933e-02
-5.733000000000000318e-01
-4.653999999999999804e-01
-9.705000000000000293e-01
-5.356999999999999540e-01
-3.472000000000000086e-01
4.774999999999999800e-01
-5.142999999999999794e-01
9.985000000000000542e-01
-4.652999999999999914e-01
6.058999999999999941e-01
7.889000000000000457e-01
-4.203000000000000069e-01
2.974999999999999867e-01
1.210999999999999993e-01
-8.071000000000000396e-01
-6.350000000000000089e-01
5.746999999999999886e-01
-6.061999999999999611e-01
1.844000000000000083e-01
-5.290000000000000258e-02
-4.083999999999999853e-01
9.959999999999999409e-02
2.220999999999999919e-01
-5.384999999999999787e-01
4.657000000000000028e-01
-5.032999999999999696e-01
-5.951999999999999513e-01
2.257000000000000117e-01
1.194999999999999951e-01
-3.331000000000000072e-01
-3.008000000000000118e-01
-7.657000000000000473e-01
2.582999999999999741e-01
-7.939000000000000501e-01
-9.375999999999999890e-01
5.473000000000000087e-01
-4.778000000000000025e-01
-5.255999999999999561e-01
9.324999999999999956e-01
-8.300000000000000433e-02
-2.446000000000000119e-01
1.348000000000000032e-01
-3.381000000000000116e-01
-1.794999999999999929e-01
2.850000000000000103e-02
-7.025000000000000133e-01
3.910000000000000281e-02
-9.902999999999999581e-01
-5.030000000000000027e-01
2.320000000000000118e-01
8.517000000000000126e-01
-8.400999999999999579e-01
-1.635999999999999954e-01
4.184999999999999831e-01
-8.723999999999999533e-01
-8.369999999999999662e-01
-3.538000000000000034e-01
-7.084000000000000297e-01
-7.463999999999999524e-01
-9.866000000000000325e-01
-1.411999999999999922e-01
-9.150000000000000355e-01
8.207999999999999741e-01
-3.791999999999999815e-01
-9.177999999999999492e-01
-8.920000000000000151e-01
8.024999999999999911e-01
-5.613000000000000211e-01
4.233999999999999986e-01
-9.811999999999999611e-01
7.262999999999999456e-01
-3.755999999999999894e-01
6.110000000000000153e-02
9.429999999999999494e-01
-9.101000000000000201e-01
7.367000000000000215e-01
6.394999999999999574e-01
-1.423000000000000098e-01
7.119999999999999662e-01
-4.307000000000000273e-01
1.107000000000000067e-01
-4.380999999999999894e-01
-2.074999999999999900e-01
-3.506000000000000227e-01
-9.488999999999999657e-01
7.332999999999999519e-01
-4.143000000000000016e-01
1.673000000000000043e-01
3.991000000000000103e-01
5.000000000000000104e-04
