1.179999999999999938e-01
-3.969999999999999918e-02
2.038000000000000089e-01
1.912000000000000088e-01
6.118000000000000105e-01
-9.475999999999999979e-01
-5.765000000000000124e-01
-2.452000000000000013e-01
-3.318999999999999728e-01
2.934999999999999831e-01
6.432999999999999829e-01
4.197000000000000175e-01
-6.294999999999999485e-01
8.332000000000000517e-01
-3.482999999999999985e-01
-5.493999999999999995e-01
4.759999999999999787e-01
6.602999999999999980e-01
-1.957000000000000128e-01
-8.738000000000000211e-01
2.892000000000000126e-01
-3.060999999999999832e-01
3.432999999999999940e-01
5.451000000000000290e-01
-1.451999999999999957e-01
8.364000000000000323e-01
-6.078000000000000069e-01
5.494999999999999885e-01
2.116000000000000103e-01
3.713000000000000189e-01
1.542000000000000037e-01
-8.352000000000000535e-01
-9.453000000000000291e-01
1.366999999999999882e-01
-4.056000000000000161e-01
-7.971000000000000307e-01
-8.038999999999999480e-01
-9.050000000000000266e-01
-4.909000000000000030e-01
-2.058000000000000107e-01
7.112000000000000544e-01
-5.494999999999999885e-01
-2.316999999999999893e-01
-8.162000000000000366e-01
1.688000000000000056e-01
7.801000000000000156e-01
-1.855999999999999872e-01
9.526000000000000023e-01
-3.585999999999999743e-01
-5.475999999999999757e-01
-6.733999999999999986e-01
4.675000000000000266e-01
-2.316000000000000003e-01
8.205999999999999961e-01
7.456000000000000405e-01
5.239000000000000323e-01
-9.321000000000000396e-01
-8.530000000000000082e-02
1.280999999999999917e-01
8.389999999999999680e-01
-4.591999999999999971e-01
6.579000000000000403e-01
-4.097000000000000086e-01
4.250999999999999779e-01
-1.116000000000000048e-01
-5.147000000000000464e-01
9.527999999999999803e-01
7.530999999999999917e-01
3.841999999999999860e-01
-6.825999999999999845e-01
4.137000000000000122e-01
-9.013999999999999790e-01
-1.150000000000000050e-01
8.606000000000000316e-01
-2.270999999999999963e-01
1.554999999999999993e-01
-3.109999999999999987e-01
-3.548999999999999932e-01
-6.461000000000000076e-01
-3.484999999999999765e-01
-7.688000000000000389e-01
6.857999999999999652e-01
5.687999999999999723e-01
3.511000000000000232e-01
-9.456999999999999851e-01
-8.959999999999999909e-02
8.670999999999999819e-01
3.953999999999999737e-01
-1.630000000000000060e-01
2.634000000000000230e-01
-7.459999999999999964e-01
3.825999999999999956e-01
-5.164999999999999591e-01
-5.960000000000000020e-02
7.328999999999999959e-01
9.411000000000000476e-01
-1.010999999999999954e-01
6.827999999999999625e-01
3.761999999999999789e-01
3.196999999999999842e-01
9.569999999999999341e-02
-2.706999999999999962e-01
5.053999999999999604e-01
3.487999999999999989e-01
-2.992000000000000215e-01
-9.653000000000000469e-01
7.606000000000000538e-01
8.588000000000000078e-01
8.950000000000000178e-01
4.117999999999999994e-01
-3.304000000000000270e-01
8.631999999999999673e-01
6.766999999999999682e-01
-8.467999999999999972e-01
-7.502999999999999670e-01
-8.000000000000000444e-01
6.644999999999999796e-01
1.690000000000000113e-01
-4.440999999999999948e-01
-8.440000000000000280e-02
5.099000000000000199e-01
-5.184999999999999609e-01
-3.612000000000000210e-01
9.042999999999999927e-01
-1.627000000000000113e-01
3.309999999999999748e-02
-4.712999999999999967e-01
-2.104999999999999927e-01
-9.406999999999999806e-01
4.035000000000000253e-01
5.511000000000000343e-01
8.871999999999999886e-01
3.610000000000000014e-02
-5.099999999999999672e-02
2.671000000000000041e-01
7.034000000000000252e-01
1.126999999999999946e-01
-4.159999999999999809e-01
9.784000000000000474e-01
-4.132000000000000117e-01
6.350000000000000089e-02
-3.125000000000000000e-01
5.732000000000000428e-01
1.927000000000000102e-01
-5.201999999999999957e-01
-4.531999999999999917e-01
-5.504000000000000004e-01
-6.828999999999999515e-01
-6.070999999999999730e-01
-9.613000000000000433e-01
-1.665999999999999981e-01
-8.235000000000000098e-01
-1.670999999999999985e-01
8.739000000000000101e-01
3.047000000000000264e-01
-2.969999999999999862e-01
-6.519999999999999407e-02
2.631000000000000005e-01
-8.661999999999999700e-01
2.209000000000000130e-01
8.490000000000000324e-02
-7.943999999999999950e-01
