2.233999999999999875e-01
7.789999999999999702e-02
8.133000000000000229e-01
-2.639000000000000234e-01
-4.242000000000000215e-01
-1.406999999999999917e-01
2.780000000000000249e-01
7.135000000000000231e-01
-3.598000000000000087e-01
8.217999999999999750e-01
-6.064000000000000501e-01
-7.499000000000000110e-01
8.052000000000000268e-01
-6.378000000000000336e-01
-1.107000000000000067e-01
-9.310000000000000220e-02
-9.828999999999999959e-01
-5.296999999999999487e-01
-2.106999999999999984e-01
-6.923000000000000265e-01
1.092999999999999944e-01
-6.248000000000000220e-01
-4.237000000000000210e-01
-2.079999999999999905e-02
-5.407999999999999474e-01
6.529000000000000359e-01
1.466000000000000081e-01
-7.873999999999999888e-01
6.874000000000000110e-01
1.205999999999999989e-01
-5.701000000000000512e-01
1.298999999999999877e-01
-4.225999999999999757e-01
2.680000000000000090e-02
8.872999999999999776e-01
-7.597000000000000419e-01
-2.586999999999999855e-01
-7.359999999999999876e-01
-2.702999999999999847e-01
-1.696999999999999897e-01
9.236999999999999655e-01
3.163000000000000256e-01
-3.724000000000000088e-01
6.571000000000000174e-01
6.289999999999999758e-02
-5.201000000000000068e-01
2.799999999999999972e-03
5.282000000000000028e-01
1.900999999999999912e-01
-4.002000000000000002e-01
-6.442999999999999838e-01
9.310000000000000220e-02
-1.247999999999999943e-01
-9.545000000000000151e-01
1.166999999999999982e-01
1.215999999999999998e-01
-9.778999999999999915e-01
6.036000000000000254e-01
7.749000000000000332e-01
1.166999999999999982e-01
-3.542000000000000148e-01
5.190000000000000169e-01
8.368999999999999773e-01
-6.099999999999999867e-02
9.690999999999999615e-01
-7.221999999999999531e-01
5.344999999999999751e-01
-3.675999999999999823e-01
1.091000000000000025e-01
-1.701999999999999902e-01
-7.709000000000000297e-01
-1.213999999999999940e-01
-8.267999999999999794e-01
7.520000000000000018e-01
8.678000000000000158e-01
7.455000000000000515e-01
5.697999999999999732e-01
-6.574999999999999734e-01
2.864999999999999769e-01
9.352000000000000313e-01
-3.189999999999999780e-02
2.736000000000000099e-01
-6.834000000000000075e-01
3.128000000000000225e-01
7.883000000000000007e-01
-5.804000000000000270e-01
-8.411999999999999478e-01
-6.370000000000000662e-02
-7.808000000000000496e-01
8.186999999999999833e-01
-6.780000000000000471e-01
5.051999999999999824e-01
3.821999999999999842e-01
7.457000000000000295e-01
-9.850999999999999757e-01
3.937999999999999834e-01
-2.003999999999999948e-01
-9.165999999999999703e-01
2.053000000000000103e-01
7.609000000000000208e-01
-1.071000000000000008e-01
-3.627000000000000224e-01
7.307000000000000162e-01
-7.053000000000000380e-01
-9.289999999999999647e-02
9.648999999999999799e-01
-2.520999999999999908e-01
-4.230999999999999761e-01
7.370000000000000162e-02
-4.181000000000000272e-01
-6.415999999999999481e-01
-2.929999999999999966e-02
6.160000000000000198e-02
-6.686999999999999611e-01
-8.114999999999999991e-01
-8.065999999999999837e-01
-9.223999999999999977e-01
-1.340999999999999970e-01
-4.490000000000000241e-02
-2.240999999999999936e-01
-9.758000000000000007e-01
5.656999999999999806e-01
-7.070999999999999508e-01
-9.379999999999999449e-02
5.299000000000000377e-01
1.053999999999999937e-01
-3.850999999999999979e-01
9.195999999999999730e-01
-4.577999999999999847e-01
3.235999999999999988e-01
-4.562999999999999834e-01
-1.110000000000000014e-01
9.533000000000000362e-01
-3.857999999999999763e-01
-9.524000000000000243e-01
-1.799999999999999864e-02
-3.482999999999999985e-01
-2.311999999999999889e-01
7.940000000000000391e-01
5.391000000000000236e-01
-3.820999999999999952e-01
-7.423999999999999488e-01
-1.574000000000000121e-01
8.597000000000000197e-01
-5.463000000000000078e-01
6.288000000000000256e-01
-8.195000000000000062e-01
6.059999999999999831e-01
-1.774000000000000021e-01
9.464000000000000190e-01
-8.417999999999999927e-01
1.663000000000000034e-01
-1.446000000000000063e-01
7.694999999999999618e-01
-5.019000000000000128e-01
5.796000000000000041e-01
-4.339999999999999969e-01
-7.875999999999999668e-01
-7.576000000000000512e-01
-7.267000000000000126e-01
6.709000000000000519e-01
-5.877000000000000002e-01
