-9.529999999999999583e-01
8.355000000000000204e-01
-1.912000000000000088e-01
-3.316999999999999948e-01
-2.570000000000000062e-02
-1.241000000000000020e-01
3.039999999999999925e-01
-6.622000000000000108e-01
1.179999999999999973e-02
-3.709000000000000075e-01
-6.787999999999999590e-01
9.100000000000000311e-01
4.845999999999999752e-01
7.929000000000000492e-01
2.239999999999999977e-02
-5.123999999999999666e-01
-7.422999999999999599e-01
8.216999999999999860e-01
8.184000000000000163e-01
6.088999999999999968e-01
-2.916000000000000258e-01
-1.208000000000000046e-01
-2.008000000000000063e-01
7.699999999999999900e-02
-5.597999999999999643e-01
-5.632000000000000339e-01
-7.330999999999999739e-01
-9.328999999999999515e-01
3.347999999999999865e-01
9.052999999999999936e-01
-8.039999999999999925e-02
-7.772000000000000020e-01
7.802999999999999936e-01
6.098000000000000087e-01
5.350000000000000311e-01
1.038000000000000034e-01
8.584000000000000519e-01
2.693999999999999728e-01
7.187999999999999945e-01
-4.557999999999999829e-01
-8.233000000000000318e-01
-5.931999999999999496e-01
1.214999999999999969e-01
-9.462000000000000410e-01
3.612000000000000210e-01
-3.217999999999999750e-01
-1.446000000000000063e-01
8.576000000000000290e-01
-4.128999999999999893e-01
3.030999999999999805e-01
1.333000000000000018e-01
2.222000000000000086e-01
-1.917000000000000093e-01
7.368000000000000105e-01
2.710000000000000187e-01
-4.167000000000000148e-01
8.177999999999999714e-01
-1.190999999999999975e-01
-1.370000000000000107e-01
-8.421999999999999487e-01
4.580000000000000182e-01
8.439999999999999725e-01
2.913000000000000034e-01
-7.090999999999999526e-01
8.001000000000000334e-01
-6.790000000000000202e-02
-5.496999999999999664e-01
9.524000000000000243e-01
-5.787999999999999812e-01
-6.122999999999999554e-01
-5.624000000000000110e-01
-2.008999999999999952e-01
1.492999999999999883e-01
7.828000000000000513e-01
6.935999999999999943e-01
8.667000000000000259e-01
-8.031000000000000361e-01
-5.412000000000000144e-01
1.522999999999999909e-01
-5.079999999999999793e-02
-1.655999999999999972e-01
8.651999999999999691e-01
-8.770999999999999908e-01
8.020000000000000462e-01
4.780000000000000221e-02
1.673999999999999932e-01
-6.460000000000000464e-02
4.313000000000000167e-01
-2.574000000000000177e-01
3.481000000000000205e-01
-8.276000000000000023e-01
3.650999999999999801e-01
-3.220000000000000084e-01
1.398000000000000076e-01
-1.403999999999999970e-01
1.356999999999999873e-01
6.262999999999999678e-01
-1.424999999999999878e-01
1.097000000000000058e-01
-3.459999999999999881e-02
-5.300000000000000024e-03
-7.712999999999999856e-01
-2.812999999999999945e-01
2.479999999999999913e-02
-4.479999999999999954e-02
3.989999999999999797e-02
-3.799999999999999906e-02
-9.867000000000000215e-01
-1.494999999999999940e-01
3.835000000000000075e-01
-9.681999999999999496e-01
-9.180000000000000382e-01
3.190999999999999948e-01
-9.993999999999999551e-01
-6.485999999999999543e-01
-4.920000000000000068e-02
7.163000000000000478e-01
6.625999999999999668e-01
-5.517999999999999572e-01
-9.330000000000000515e-01
1.180999999999999966e-01
-5.405999999999999694e-01
-7.770000000000000517e-02
-5.735999999999999988e-01
-6.031999999999999584e-01
-2.368000000000000105e-01
-6.097000000000000197e-01
4.970000000000000112e-02
-1.932000000000000106e-01
1.282999999999999974e-01
4.210999999999999743e-01
-8.928000000000000380e-01
3.709999999999999964e-01
2.677999999999999825e-01
8.104999999999999982e-01
-8.477999999999999980e-01
-7.455000000000000515e-01
-2.361000000000000043e-01
-3.184000000000000163e-01
4.807000000000000162e-01
-9.977000000000000313e-01
6.383999999999999675e-01
-4.021000000000000130e-01
4.989000000000000101e-01
4.133999999999999897e-01
2.479000000000000092e-01
-5.725000000000000089e-01
-7.952000000000000179e-01
3.307999999999999829e-01
-8.337999999999999856e-01
9.560000000000000442e-02
6.940000000000000335e-02
5.088000000000000300e-01
-2.424000000000000044e-01
-6.679999999999999827e-02
-5.894000000000000350e-01
-5.420000000000000373e-01
-3.950000000000000039e-02
2.699999999999999969e-02
-9.636000000000000121e-01
-3.423999999999999821e-01
-5.174999999999999600e-01
