7.576000000000000512e-01
-5.499000000000000554e-01
-6.206000000000000405e-01
4.309999999999999942e-02
-5.110000000000000098e-01
-6.874000000000000110e-01
9.868999999999999995e-01
-7.356000000000000316e-01
-1.174999999999999933e-01
-7.907999999999999474e-01
6.470000000000000195e-01
-4.228000000000000091e-01
4.890999999999999792e-01
8.100000000000000255e-02
8.366000000000000103e-01
-3.600999999999999757e-01
1.643000000000000016e-01
-2.636999999999999900e-01
-2.680000000000000090e-02
-9.100000000000000311e-01
-4.578999999999999737e-01
6.206000000000000405e-01
-5.341000000000000192e-01
8.065999999999999837e-01
1.715000000000000135e-01
-9.660999999999999588e-01
-5.981999999999999540e-01
-8.571999999999999620e-01
-7.813999999999999835e-01
6.021999999999999575e-01
3.245000000000000107e-01
1.716000000000000025e-01
-1.083999999999999964e-01
4.694999999999999729e-01
2.716999999999999971e-01
-5.581000000000000405e-01
3.942999999999999838e-01
2.381999999999999951e-01
5.555999999999999828e-01
8.626000000000000334e-01
-1.055999999999999994e-01
-2.872000000000000108e-01
-2.175999999999999879e-01
3.237999999999999767e-01
5.859999999999999654e-01
2.977000000000000202e-01
-1.325999999999999956e-01
-4.107999999999999985e-01
-1.260000000000000009e-01
-4.814999999999999836e-01
3.357999999999999874e-01
8.265000000000000124e-01
8.575000000000000400e-01
-3.370000000000000218e-01
-5.219000000000000306e-01
8.692999999999999616e-01
-5.852000000000000535e-01
9.527999999999999803e-01
-5.856000000000000094e-01
-6.309000000000000163e-01
-5.433999999999999941e-01
6.126000000000000334e-01
3.351000000000000090e-01
4.200999999999999734e-01
-2.223999999999999866e-01
-2.330000000000000127e-02
2.910000000000000087e-02
-7.651999999999999913e-01
7.477000000000000313e-01
8.476000000000000201e-01
-4.413000000000000256e-01
-2.071000000000000063e-01
7.338000000000000078e-01
1.401000000000000023e-01
-1.484000000000000041e-01
-8.804999999999999494e-01
5.293999999999999817e-01
7.097999999999999865e-01
-2.609000000000000208e-01
-2.770000000000000240e-01
-4.348000000000000198e-01
3.624999999999999889e-01
6.098000000000000087e-01
8.232000000000000428e-01
-3.996999999999999997e-01
-9.814000000000000501e-01
4.677000000000000046e-01
-7.810000000000000275e-01
-4.653999999999999804e-01
-7.382999999999999563e-01
4.122999999999999998e-01
-3.744000000000000106e-01
-1.073999999999999955e-01
5.999999999999999778e-02
-8.659999999999999920e-01
2.469999999999999973e-02
7.599999999999999985e-03
-8.576000000000000290e-01
6.927999999999999714e-01
-2.632999999999999785e-01
2.656000000000000028e-01
4.590000000000000191e-01
-3.292999999999999816e-01
6.629999999999999782e-02
-2.772999999999999909e-01
4.927000000000000268e-01
4.958000000000000185e-01
5.127000000000000446e-01
5.979999999999999760e-01
7.033000000000000362e-01
2.252000000000000113e-01
3.466000000000000192e-01
2.661000000000000032e-01
-7.536000000000000476e-01
4.335999999999999854e-01
8.068999999999999506e-01
-8.903999999999999693e-01
3.603999999999999981e-01
8.884999999999999565e-01
-1.784999999999999920e-01
-2.695000000000000173e-01
7.497000000000000330e-01
-3.914000000000000257e-01
-7.225000000000000311e-01
4.577999999999999847e-01
5.820000000000000173e-02
6.388000000000000345e-01
3.593000000000000083e-01
-3.830000000000000071e-02
7.872000000000000108e-01
-1.132999999999999979e-01
-1.516000000000000125e-01
-6.286000000000000476e-01
3.769999999999999740e-02
-8.636000000000000343e-01
-2.500000000000000000e-01
1.350000000000000089e-01
6.633000000000000007e-01
-4.601000000000000090e-01
3.929000000000000270e-01
1.000000000000000021e-02
-1.355000000000000093e-01
-6.643000000000000016e-01
-4.328000000000000180e-01
-1.849999999999999978e-01
-6.329000000000000181e-01
8.790000000000000591e-02
-2.979999999999999871e-01
6.101999999999999647e-01
-9.475000000000000089e-01
-4.270000000000000184e-02
-5.750999999999999446e-01
3.978999999999999759e-01
-6.480000000000000204e-01
6.847999999999999643e-01
6.056000000000000272e-01
1.532999999999999918e-01
-3.387000000000000011e-01
-9.881999999999999673e-01
7.449999999999999956e-01
2.497000000000000053e-01
5.179000000000000270e-01
