-7.920000000000000651e-02
-1.055999999999999994e-01
9.268999999999999462e-01
-8.965999999999999526e-01
-1.390000000000000124e-01
-1.698000000000000065e-01
3.877999999999999781e-01
7.415000000000000480e-01
-4.996999999999999775e-01
7.899000000000000465e-01
6.018999999999999906e-01
4.771000000000000241e-01
-2.391000000000000070e-01
-5.679999999999999494e-01
6.703999999999999959e-01
-4.386999999999999789e-01
-9.798999999999999932e-01
-1.859999999999999987e-01
6.622000000000000108e-01
9.953999999999999515e-01
9.933999999999999497e-01
-5.623000000000000220e-01
-2.980999999999999761e-01
-1.486000000000000099e-01
7.570000000000000340e-02
-6.130999999999999783e-01
9.304999999999999938e-01
8.252000000000000446e-01
9.677000000000000046e-01
-7.946999999999999620e-01
-8.656000000000000361e-01
5.600000000000000533e-01
5.806999999999999940e-01
-9.864000000000000545e-01
4.838999999999999968e-01
-9.355999999999999872e-01
-5.895000000000000240e-01
-8.565000000000000391e-01
-9.370000000000000551e-01
-2.437000000000000000e-01
-2.490999999999999881e-01
1.287000000000000088e-01
-5.923000000000000487e-01
6.139999999999999902e-01
-5.173999999999999710e-01
6.296000000000000485e-01
3.638000000000000123e-01
7.564999999999999503e-01
-2.676999999999999935e-01
9.754000000000000448e-01
-6.350000000000000089e-01
-4.113999999999999879e-01
2.351999999999999924e-01
6.460000000000000187e-01
-7.842999999999999972e-01
9.566000000000000059e-01
-8.087999999999999634e-01
1.055999999999999994e-01
-1.250000000000000000e-01
-4.067000000000000060e-01
4.179999999999999688e-02
-3.076999999999999735e-01
2.091000000000000081e-01
9.654000000000000359e-01
9.693000000000000504e-01
-6.883000000000000229e-01
-2.993000000000000105e-01
-2.846000000000000196e-01
6.241999999999999771e-01
4.504000000000000226e-01
-9.868000000000000105e-01
9.999000000000000110e-01
3.192999999999999727e-01
-6.844999999999999973e-01
8.120000000000000551e-01
8.450999999999999623e-01
2.170999999999999874e-01
-4.599999999999999922e-02
1.288999999999999868e-01
-1.817000000000000004e-01
7.068999999999999728e-01
3.285000000000000142e-01
5.411000000000000254e-01
9.050000000000000266e-01
-7.599999999999999985e-03
2.051999999999999935e-01
-8.493000000000000549e-01
9.995000000000000551e-01
6.289000000000000146e-01
-8.338999999999999746e-01
5.000999999999999890e-01
-8.471999999999999531e-01
-1.521000000000000130e-01
1.680999999999999994e-01
-9.970999999999999863e-01
3.292999999999999816e-01
9.926000000000000378e-01
9.290000000000000480e-01
3.441000000000000170e-01
6.190999999999999837e-01
-3.978999999999999759e-01
2.706999999999999962e-01
6.469000000000000306e-01
7.116000000000000103e-01
-9.088000000000000522e-01
4.541000000000000036e-01
-4.694999999999999729e-01
-6.190999999999999837e-01
-7.932000000000000162e-01
-4.114999999999999769e-01
8.601999999999999647e-01
-2.943999999999999950e-01
-3.887999999999999790e-01
6.109999999999999876e-01
5.142999999999999794e-01
-4.199999999999999845e-01
-6.809999999999999387e-02
6.740000000000000158e-02
6.099999999999999867e-01
3.684999999999999942e-01
-5.989999999999999769e-01
2.400000000000000050e-02
5.836000000000000076e-01
1.247999999999999943e-01
6.290000000000000036e-01
-9.353000000000000203e-01
-4.929999999999999938e-01
5.863000000000000433e-01
-4.858999999999999986e-01
5.745000000000000107e-01
6.451999999999999957e-01
-6.488000000000000433e-01
-1.060000000000000005e-02
6.027000000000000135e-01
-2.645000000000000129e-01
-8.026999999999999691e-01
-4.650000000000000244e-01
-4.168000000000000038e-01
-5.170000000000000290e-02
-3.328999999999999737e-01
-5.497999999999999554e-01
-7.330999999999999739e-01
-3.565999999999999726e-01
-7.749000000000000332e-01
8.075999999999999845e-01
3.355000000000000204e-01
-4.510000000000000120e-01
8.846000000000000529e-01
-1.063000000000000056e-01
1.905999999999999917e-01
-6.784999999999999920e-01
-4.398000000000000242e-01
-3.957999999999999852e-01
9.354999999999999982e-01
-2.131000000000000116e-01
-3.599999999999999867e-01
5.520000000000000462e-01
-6.368000000000000327e-01
-9.502000000000000446e-01
8.229999999999999538e-01
-2.821000000000000174e-01
5.713000000000000300e-01
