-8.127999999999999670e-01
-3.286999999999999922e-01
-3.835999999999999965e-01
-7.089999999999999636e-01
-4.625000000000000222e-01
4.295999999999999819e-01
-6.572999999999999954e-01
2.800000000000000058e-02
5.072999999999999732e-01
8.861999999999999877e-01
7.249999999999999500e-02
2.565000000000000058e-01
9.972999999999999643e-01
5.514000000000000012e-01
-8.570999999999999730e-01
-1.839999999999999969e-02
-5.149000000000000243e-01
6.055000000000000382e-01
-4.639999999999999680e-02
-8.807000000000000384e-01
-4.143999999999999906e-01
-6.580000000000000293e-01
-9.464000000000000190e-01
9.586000000000000076e-01
-5.680000000000000326e-02
4.212000000000000188e-01
5.189000000000000279e-01
-2.741999999999999993e-01
5.626999999999999780e-01
-6.508000000000000451e-01
1.821000000000000119e-01
9.049000000000000377e-01
-1.661999999999999866e-01
-1.213000000000000050e-01
-3.876000000000000001e-01
-8.723999999999999533e-01
7.420000000000000207e-02
9.893999999999999462e-01
3.503999999999999893e-01
-5.770999999999999464e-01
5.689999999999999503e-01
-9.741999999999999549e-01
-5.059999999999999915e-02
-5.444999999999999840e-01
2.016000000000000014e-01
7.852999999999999980e-01
-3.477000000000000091e-01
4.585000000000000187e-01
-9.092000000000000082e-01
-9.462000000000000410e-01
6.460000000000000187e-01
4.228999999999999981e-01
6.071999999999999620e-01
-1.570000000000000007e-01
-3.660000000000000059e-02
-2.223999999999999866e-01
-6.870000000000000551e-01
-9.721999999999999531e-01
3.562000000000000166e-01
7.391999999999999682e-01
8.850999999999999979e-01
-2.742999999999999883e-01
-8.819000000000000172e-01
-7.741000000000000103e-01
-9.213999999999999968e-01
7.560000000000000053e-01
-6.208000000000000185e-01
-1.222000000000000031e-01
2.044999999999999873e-01
4.839999999999999858e-02
1.733999999999999986e-01
5.975000000000000311e-01
1.885000000000000009e-01
-8.973999999999999755e-01
-4.396999999999999797e-01
8.336000000000000076e-01
6.350999999999999979e-01
4.529999999999999999e-02
-3.239000000000000212e-01
2.605999999999999983e-01
6.816999999999999726e-01
-5.565999999999999837e-01
-6.782000000000000250e-01
-1.741999999999999937e-01
4.940999999999999837e-01
7.104000000000000314e-01
-5.641000000000000458e-01
1.600000000000000033e-01
4.420000000000000318e-02
5.350000000000000311e-01
9.768999999999999906e-01
-9.453000000000000291e-01
-2.626999999999999891e-01
1.019999999999999934e-01
-2.046000000000000041e-01
9.098000000000000531e-01
1.630999999999999950e-01
6.583999999999999853e-01
4.599999999999999922e-02
8.940000000000000169e-01
-5.423000000000000043e-01
6.329999999999999516e-02
1.988000000000000045e-01
2.091000000000000081e-01
-7.147999999999999909e-01
-4.772000000000000131e-01
-7.019999999999999574e-01
-3.953999999999999737e-01
4.844999999999999862e-01
-9.427999999999999714e-01
4.732999999999999985e-01
4.235999999999999766e-01
-2.932000000000000162e-01
-4.691000000000000170e-01
-1.025999999999999968e-01
5.560000000000000497e-01
-9.709999999999999742e-01
7.594999999999999529e-01
-3.531000000000000250e-01
2.664000000000000257e-01
7.499000000000000110e-01
5.504999999999999893e-01
1.799999999999999951e-03
4.857000000000000206e-01
9.470000000000000639e-02
-5.020000000000000018e-01
-8.024999999999999911e-01
-2.655000000000000138e-01
-3.150000000000000022e-01
5.220000000000000195e-01
3.725999999999999868e-01
-8.944999999999999618e-01
4.009999999999999676e-02
6.069999999999999701e-02
-1.607000000000000095e-01
-6.000999999999999668e-01
3.529999999999999805e-02
-1.529999999999999936e-02
4.403000000000000247e-01
-9.123999999999999888e-01
-8.206999999999999851e-01
2.308000000000000052e-01
1.409999999999999969e-02
-3.967999999999999861e-01
2.939999999999999836e-01
-9.485000000000000098e-01
4.761000000000000232e-01
4.879000000000000004e-01
-3.847999999999999754e-01
3.701999999999999735e-01
-6.962000000000000410e-01
-1.993999999999999939e-01
-2.718999999999999750e-01
1.978999999999999926e-01
-8.386000000000000121e-01
3.694999999999999951e-01
8.103000000000000203e-01
-3.462000000000000077e-01
-2.760000000000000231e-01
-4.167000000000000148e-01
-2.960999999999999743e-01
6.011999999999999567e-01
