-6.613999999999999879e-01
3.667000000000000259e-01
-4.495000000000000107e-01
5.138000000000000345e-01
-8.157999999999999696e-01
-9.408999999999999586e-01
8.532999999999999474e-01
6.392999999999999794e-01
-3.307999999999999829e-01
-3.297999999999999821e-01
8.882999999999999785e-01
-4.691000000000000170e-01
-6.715999999999999748e-01
2.908999999999999919e-01
-3.119999999999999857e-02
-9.636000000000000121e-01
-6.124000000000000554e-01
-8.318999999999999728e-01
1.466000000000000081e-01
6.369000000000000217e-01
9.980999999999999872e-01
-6.820000000000000506e-01
-3.336000000000000076e-01
-8.961000000000000076e-01
-1.285000000000000031e-01
4.779999999999999805e-01
2.616999999999999882e-01
-7.778000000000000469e-01
-2.172999999999999932e-01
3.306000000000000050e-01
-3.326999999999999957e-01
-5.433000000000000052e-01
-9.442000000000000393e-01
7.708000000000000407e-01
7.682999999999999829e-01
-3.968999999999999750e-01
-7.869000000000000439e-01
9.981999999999999762e-01
-2.720000000000000195e-01
2.927000000000000157e-01
-1.396999999999999909e-01
-3.009999999999999828e-02
-8.182000000000000384e-01
7.872000000000000108e-01
7.583999999999999631e-01
2.121000000000000107e-01
-6.605999999999999650e-01
-3.587000000000000188e-01
-9.641999999999999460e-01
9.612000000000000544e-01
-8.756000000000000449e-01
7.914999999999999813e-01
4.536999999999999922e-01
-3.300000000000000155e-01
-9.018000000000000460e-01
6.793000000000000149e-01
4.683999999999999830e-01
8.090000000000000524e-01
7.915999999999999703e-01
4.764999999999999791e-01
8.535000000000000364e-01
-7.072000000000000508e-01
-7.158999999999999808e-01
3.321999999999999953e-01
5.775000000000000133e-01
-2.672999999999999821e-01
-6.410000000000000142e-01
7.832999999999999963e-01
-8.228999999999999648e-01
6.230999999999999872e-01
9.859999999999999876e-01
6.880000000000000004e-02
8.404000000000000359e-01
2.281999999999999862e-01
-3.729000000000000092e-01
-5.691000000000000503e-01
-4.215999999999999748e-01
7.523999999999999577e-01
5.806000000000000050e-01
1.060000000000000005e-02
3.185000000000000053e-01
-4.959999999999999826e-02
8.990000000000000213e-01
3.654000000000000026e-01
-5.011999999999999789e-01
-3.200000000000000067e-01
8.552999999999999492e-01
4.299000000000000044e-01
8.709000000000000075e-01
-1.619999999999999912e-02
3.103000000000000203e-01
2.177000000000000046e-01
8.269999999999999574e-02
-3.114000000000000101e-01
-8.042000000000000259e-01
-6.378000000000000336e-01
6.308000000000000274e-01
2.717999999999999861e-01
8.834999999999999520e-01
5.240000000000000213e-02
-8.460999999999999632e-01
-8.715000000000000524e-01
9.537999999999999812e-01
-9.092000000000000082e-01
7.302999999999999492e-01
-8.415000000000000258e-01
4.588999999999999746e-01
-3.119999999999999996e-01
7.340999999999999748e-01
8.272000000000000464e-01
7.520999999999999908e-01
7.010999999999999455e-01
7.891000000000000236e-01
1.892000000000000071e-01
-3.256999999999999895e-01
-8.093000000000000194e-01
2.253000000000000003e-01
-5.019000000000000128e-01
-5.555999999999999828e-01
3.842999999999999750e-01
-9.710000000000000575e-02
-9.335999999999999854e-01
2.484000000000000097e-01
6.735999999999999766e-01
6.659000000000000474e-01
-5.618999999999999551e-01
-5.596999999999999753e-01
7.259999999999999787e-01
6.877999999999999670e-01
-4.892000000000000237e-01
-7.209999999999999742e-02
8.536000000000000254e-01
6.115000000000000435e-01
-3.929000000000000270e-01
-7.599000000000000199e-01
-6.218000000000000194e-01
-9.120000000000000329e-01
-1.837999999999999912e-01
2.107999999999999874e-01
8.666000000000000369e-01
5.390000000000000346e-02
-2.025000000000000133e-01
-5.747999999999999776e-01
-8.050000000000000488e-01
4.576000000000000068e-01
-2.580000000000000002e-02
1.489000000000000046e-01
9.401000000000000467e-01
1.512000000000000011e-01
-7.526000000000000467e-01
9.187999999999999501e-01
4.857000000000000206e-01
-8.399999999999999689e-01
-4.922000000000000264e-01
-1.852000000000000035e-01
-9.184999999999999831e-01
6.502000000000000002e-01
2.434000000000000052e-01
2.539000000000000146e-01
-3.136999999999999789e-01
3.234000000000000208e-01
3.872999999999999776e-01
