-3.796999999999999820e-01
-7.219999999999999751e-01
-7.707000000000000517e-01
8.514000000000000457e-01
-9.911999999999999700e-01
9.136999999999999567e-01
9.596000000000000085e-01
6.586999999999999522e-01
4.852000000000000202e-01
5.197000000000000508e-01
6.363999999999999657e-01
-4.519000000000000239e-01
1.089999999999999997e-01
4.077999999999999958e-01
4.371999999999999775e-01
6.877999999999999670e-01
-6.683999999999999941e-01
2.344999999999999862e-01
-9.324999999999999956e-01
5.185999999999999499e-01
8.437999999999999945e-01
-9.185999999999999721e-01
5.806999999999999940e-01
1.168000000000000010e-01
5.901999999999999469e-01
-6.899999999999999883e-03
-7.672999999999999821e-01
8.989999999999999380e-02
6.019999999999999657e-02
6.954000000000000181e-01
-4.793000000000000038e-01
8.981999999999999984e-01
3.585999999999999743e-01
1.169000000000000039e-01
-6.276000000000000467e-01
-2.411999999999999977e-01
7.940000000000000391e-01
-8.965999999999999526e-01
1.535999999999999865e-01
-4.299999999999999933e-01
6.803000000000000158e-01
-8.669000000000000039e-01
-4.838000000000000078e-01
-2.929999999999999827e-01
-2.985999999999999766e-01
-7.913999999999999924e-01
-6.248000000000000220e-01
-2.376999999999999946e-01
5.385999999999999677e-01
5.296999999999999487e-01
-2.624000000000000221e-01
6.334999999999999520e-01
3.970000000000000195e-01
7.502999999999999670e-01
-5.318000000000000504e-01
-5.644000000000000128e-01
-3.397999999999999909e-01
5.400000000000000355e-01
6.690000000000000391e-01
3.407999999999999918e-01
8.057999999999999607e-01
-1.150999999999999940e-01
-4.243999999999999995e-01
-9.840999999999999748e-01
-5.514000000000000012e-01
4.384000000000000119e-01
-1.580999999999999905e-01
-3.150000000000000022e-01
-3.529999999999999805e-01
-3.753000000000000225e-01
-8.073000000000000176e-01
-9.740000000000000047e-02
8.536000000000000254e-01
8.118999999999999551e-01
-1.057000000000000023e-01
-1.645000000000000073e-01
1.299999999999999940e-03
-7.196000000000000174e-01
-3.095999999999999863e-01
6.686999999999999611e-01
6.670000000000000373e-01
-3.428999999999999826e-01
3.210000000000000075e-01
8.101000000000000423e-01
1.165000000000000063e-01
-8.829000000000000181e-01
-7.654999999999999583e-01
-5.124999999999999556e-01
2.310000000000000109e-01
7.280999999999999694e-01
-9.231000000000000316e-01
2.718999999999999750e-01
-7.511999999999999789e-01
-2.479999999999999982e-01
-1.015000000000000069e-01
-4.000000000000000222e-01
-4.613999999999999768e-01
-1.310000000000000053e-01
-6.714999999999999858e-01
5.207000000000000517e-01
1.436000000000000054e-01
-1.786000000000000087e-01
4.937000000000000277e-01
-4.470000000000000084e-01
-7.383999999999999453e-01
-6.886999999999999789e-01
2.698999999999999733e-01
3.583000000000000074e-01
-7.630000000000000115e-01
4.627999999999999892e-01
-8.509999999999999787e-01
-4.279000000000000026e-01
