5.844000000000000306e-01
7.420999999999999819e-01
9.985000000000000542e-01
1.190000000000000085e-02
2.255999999999999950e-01
2.394999999999999907e-01
-3.401000000000000134e-01
1.990000000000000102e-02
1.500000000000000031e-03
4.157000000000000139e-01
3.212999999999999745e-01
-2.116000000000000103e-01
-7.893999999999999906e-01
9.731999999999999540e-01
1.584000000000000130e-01
-1.207000000000000017e-01
-9.618999999999999773e-01
-4.240000000000000019e-02
-4.804999999999999827e-01
5.945000000000000284e-01
-3.595999999999999752e-01
4.228999999999999981e-01
3.509999999999999926e-02
9.673000000000000487e-01
-1.126000000000000056e-01
-1.170999999999999958e-01
-1.297000000000000097e-01
9.933999999999999497e-01
7.613999999999999657e-01
2.869999999999999774e-01
1.837000000000000022e-01
4.294999999999999929e-01
7.131999999999999451e-01
4.405000000000000027e-01
4.038999999999999813e-01
-1.423000000000000098e-01
7.029999999999999583e-01
-9.614000000000000323e-01
-4.268000000000000127e-01
-9.080000000000000293e-01
-2.501999999999999780e-01
-7.753999999999999782e-01
-8.828000000000000291e-01
6.727999999999999536e-01
-9.397999999999999687e-01
-6.722000000000000197e-01
5.288000000000000478e-01
7.896999999999999575e-01
6.354999999999999538e-01
-1.582000000000000073e-01
1.082000000000000045e-01
-7.740000000000000213e-01
8.597000000000000197e-01
3.826999999999999846e-01
4.501999999999999891e-01
-4.622999999999999887e-01
7.665999999999999481e-01
-9.092999999999999972e-01
2.033000000000000085e-01
6.631000000000000227e-01
3.700000000000000164e-03
9.871999999999999664e-01
-4.279000000000000026e-01
-9.976000000000000423e-01
-5.020000000000000018e-01
-1.081000000000000016e-01
-3.952999999999999847e-01
2.520000000000000018e-01
5.833000000000000407e-01
-7.692999999999999838e-01
-7.231999999999999540e-01
8.803999999999999604e-01
-2.582999999999999741e-01
8.235999999999999988e-01
-8.242000000000000437e-01
1.660000000000000087e-01
-1.089999999999999997e-02
-2.565000000000000058e-01
-9.163999999999999924e-01
5.010999999999999899e-01
7.504999999999999449e-01
-4.430000000000000049e-01
-1.340000000000000080e-01
4.499999999999999833e-02
-9.115999999999999659e-01
2.026999999999999913e-01
7.095000000000000195e-01
-2.482999999999999929e-01
5.659999999999999476e-01
-9.569999999999999618e-01
-3.119999999999999996e-01
4.229999999999999871e-01
-9.020000000000000240e-02
9.428999999999999604e-01
-6.903000000000000247e-01
-4.047000000000000042e-01
9.661999999999999478e-01
8.567000000000000171e-01
-7.770000000000000240e-01
6.831000000000000405e-01
3.391000000000000125e-01
-1.733999999999999986e-01
1.729999999999999871e-01
-3.977999999999999869e-01
-9.246999999999999664e-01
7.430000000000000493e-02
3.799999999999999906e-02
1.021999999999999992e-01
-6.499999999999999702e-03
-5.220000000000000334e-02
8.459999999999999742e-01
2.790000000000000258e-01
