5.198000000000000398e-01
1.413000000000000089e-01
-4.646000000000000130e-01
1.544000000000000095e-01
8.002000000000000224e-01
8.608999999999999986e-01
-2.267000000000000126e-01
-2.250999999999999945e-01
-5.763000000000000345e-01
-3.915000000000000147e-01
7.267000000000000126e-01
9.405999999999999917e-01
5.078000000000000291e-01
-3.892999999999999794e-01
-3.502000000000000113e-01
-5.018000000000000238e-01
1.466999999999999971e-01
9.598999999999999755e-01
-6.500000000000000222e-01
6.499000000000000332e-01
7.712999999999999856e-01
-2.509000000000000119e-01
4.288000000000000145e-01
-6.760000000000000453e-01
3.377000000000000002e-01
7.887999999999999456e-01
-2.536999999999999811e-01
7.831000000000000183e-01
-1.907999999999999974e-01
-3.216999999999999860e-01
3.542000000000000148e-01
-7.024000000000000243e-01
8.458999999999999853e-01
-9.299999999999999239e-03
7.660000000000000142e-02
-1.570999999999999897e-01
-8.473000000000000531e-01
-9.512000000000000455e-01
3.239999999999999825e-02
6.905000000000000027e-01
6.361999999999999877e-01
-7.286000000000000254e-01
-1.343000000000000027e-01
9.539999999999999869e-02
-7.721999999999999975e-01
5.165999999999999481e-01
5.804000000000000270e-01
5.537999999999999590e-01
-9.396999999999999797e-01
-3.941000000000000059e-01
7.599999999999999811e-02
7.572999999999999732e-01
-9.778000000000000025e-01
2.813999999999999835e-01
-7.538000000000000256e-01
2.000000000000000042e-03
6.955999999999999961e-01
6.700000000000000400e-02
6.392999999999999794e-01
5.358000000000000540e-01
1.562000000000000055e-01
-4.930999999999999828e-01
9.062999999999999945e-01
6.680000000000000382e-01
-6.543999999999999817e-01
-3.039999999999999925e-01
7.321999999999999620e-01
3.457999999999999963e-01
-1.814000000000000057e-01
-6.450000000000000178e-02
9.616000000000000103e-01
-3.618999999999999995e-01
-5.241000000000000103e-01
6.370000000000000662e-02
6.125000000000000444e-01
3.291999999999999926e-01
1.827999999999999903e-01
1.872000000000000053e-01
4.521999999999999909e-01
3.971999999999999975e-01
-2.406999999999999973e-01
4.673999999999999821e-01
4.882000000000000228e-01
-7.973000000000000087e-01
-8.345000000000000195e-01
4.197000000000000175e-01
3.825000000000000067e-01
-7.913000000000000034e-01
-6.538000000000000478e-01
2.540000000000000036e-01
5.566999999999999726e-01
-1.107999999999999957e-01
-9.550000000000000155e-02
5.959999999999999742e-01
-7.582999999999999741e-01
2.860000000000000042e-02
-1.170000000000000068e-01
4.100000000000000172e-02
-1.179999999999999973e-02
6.300000000000000044e-01
-8.300000000000000086e-03
-2.129000000000000059e-01
-9.757000000000000117e-01
9.165999999999999703e-01
-6.105000000000000426e-01
-8.579999999999999849e-01
8.010000000000000453e-02
-3.854000000000000203e-01
4.590000000000000191e-01
4.153999999999999915e-01
-4.386999999999999789e-01
1.453000000000000125e-01
