-1.983999999999999930e-01
7.794999999999999707e-01
-9.969999999999999696e-02
6.377000000000000446e-01
6.620000000000000329e-01
7.849000000000000421e-01
-3.291999999999999926e-01
-5.665999999999999925e-01
2.386999999999999955e-01
-2.205000000000000016e-01
7.223000000000000531e-01
4.966999999999999749e-01
3.020000000000000115e-02
1.943999999999999895e-01
5.482000000000000206e-01
-4.827000000000000179e-01
-1.580999999999999905e-01
-5.471000000000000307e-01
-6.122999999999999554e-01
9.760000000000000620e-02
8.470999999999999641e-01
-3.118000000000000216e-01
9.759999999999999787e-01
2.550999999999999934e-01
-1.731000000000000039e-01
7.059999999999999609e-02
9.911999999999999700e-01
-5.863000000000000433e-01
8.110000000000000542e-02
-6.777999999999999581e-01
-8.907000000000000473e-01
5.434999999999999831e-01
-9.751999999999999558e-01
-4.007999999999999896e-01
7.600999999999999979e-01
-3.734999999999999987e-01
3.296000000000000041e-01
-1.701000000000000012e-01
6.919999999999999762e-02
-6.342999999999999750e-01
9.124999999999999778e-01
-5.845000000000000195e-01
7.967999999999999527e-01
-9.356999999999999762e-01
7.411999999999999700e-01
6.363999999999999657e-01
-3.645999999999999797e-01
-7.036999999999999922e-01
-4.464000000000000190e-01
6.272999999999999687e-01
-1.348000000000000032e-01
-5.766999999999999904e-01
9.177999999999999492e-01
-3.549999999999999822e-01
-4.328000000000000180e-01
-9.049999999999999711e-02
2.132000000000000006e-01
-9.650999999999999579e-01
-7.290999999999999703e-01
-9.602000000000000535e-01
-2.437000000000000000e-01
6.152999999999999581e-01
-1.020000000000000073e-02
-1.426999999999999935e-01
4.012999999999999901e-01
4.182000000000000162e-01
-1.724999999999999867e-01
-2.748999999999999777e-01
-4.606999999999999984e-01
-4.812000000000000166e-01
3.389999999999999958e-02
4.852000000000000202e-01
-5.240000000000000213e-02
-6.905000000000000027e-01
7.306000000000000272e-01
1.079999999999999988e-01
-4.189999999999999836e-01
2.868999999999999884e-01
-3.101999999999999758e-01
5.190000000000000169e-01
1.024000000000000049e-01
3.992999999999999883e-01
-6.067000000000000171e-01
1.082000000000000045e-01
8.607000000000000206e-01
1.991999999999999882e-01
-1.643999999999999906e-01
7.479000000000000092e-01
2.409000000000000030e-01
-9.567999999999999838e-01
9.737000000000000099e-01
-5.112999999999999767e-01
4.953000000000000180e-01
6.304999999999999494e-01
2.652999999999999803e-01
-4.038999999999999813e-01
9.014999999999999680e-01
2.273000000000000020e-01
-6.666999999999999593e-01
-3.272999999999999798e-01
-8.588000000000000078e-01
1.731000000000000039e-01
8.165000000000000036e-01
-5.332999999999999963e-01
6.195000000000000506e-01
4.858000000000000096e-01
-7.778000000000000469e-01
-2.652999999999999803e-01
6.844000000000000083e-01
6.546999999999999487e-01
-7.853999999999999870e-01
9.433000000000000274e-01
