-9.716000000000000192e-01
-8.491999999999999549e-01
4.572999999999999843e-01
-8.367999999999999883e-01
8.309999999999999609e-01
8.320999999999999508e-01
7.927999999999999492e-01
3.346999999999999975e-01
-8.137999999999999678e-01
1.968999999999999917e-01
-2.519000000000000128e-01
-9.070000000000000284e-02
-8.169999999999999485e-02
1.049999999999999961e-01
7.033000000000000362e-01
9.548999999999999710e-01
-9.761999999999999567e-01
-9.698999999999999844e-01
-8.055999999999999828e-01
3.323999999999999733e-01
6.366000000000000547e-01
1.405000000000000138e-01
-5.576999999999999735e-01
-4.380999999999999894e-01
8.470999999999999641e-01
-8.329999999999999905e-02
6.687999999999999501e-01
3.864000000000000212e-01
8.236999999999999877e-01
-7.866999999999999549e-01
3.183000000000000274e-01
6.231999999999999762e-01
-6.300999999999999934e-01
1.185999999999999971e-01
5.243999999999999773e-01
3.640999999999999792e-01
5.289000000000000368e-01
-6.717999999999999527e-01
8.852999999999999758e-01
-9.059000000000000385e-01
2.429999999999999938e-01
1.179999999999999973e-02
-8.400000000000000522e-02
2.800000000000000266e-01
4.091000000000000192e-01
9.321000000000000396e-01
3.986000000000000099e-01
-5.483999999999999986e-01
3.558000000000000052e-01
4.082000000000000073e-01
-6.540000000000000258e-01
-9.592000000000000526e-01
7.413999999999999480e-01
3.154000000000000137e-01
1.095000000000000001e-01
-2.459000000000000075e-01
2.122999999999999887e-01
-6.046000000000000263e-01
9.445999999999999952e-01
7.349999999999999867e-01
-9.544000000000000261e-01
-2.207000000000000073e-01
-9.566000000000000059e-01
-7.802999999999999936e-01
1.741000000000000048e-01
5.975000000000000311e-01
1.285999999999999921e-01
-4.366999999999999771e-01
-1.149000000000000021e-01
6.370000000000000107e-01
8.033000000000000140e-01
-2.535999999999999921e-01
1.575000000000000011e-01
4.744999999999999774e-01
3.180000000000000188e-02
4.592999999999999861e-01
-1.948999999999999899e-01
8.663999999999999480e-01
7.820000000000000284e-01
8.864999999999999547e-01
1.383999999999999952e-01
-1.645999999999999963e-01
-3.508000000000000007e-01
-5.037000000000000366e-01
1.381000000000000005e-01
2.816000000000000170e-01
4.965999999999999859e-01
1.247999999999999943e-01
-8.065999999999999837e-01
-9.394000000000000128e-01
2.500000000000000000e-01
4.215999999999999748e-01
4.117999999999999994e-01
-5.003999999999999559e-01
-8.449999999999999734e-01
-1.698000000000000065e-01
9.637000000000000011e-01
-6.931000000000000494e-01
9.506000000000000005e-01
-6.390000000000000124e-01
-1.950999999999999956e-01
2.679000000000000270e-01
-1.137999999999999984e-01
-7.227999999999999980e-01
-4.406999999999999806e-01
3.987999999999999878e-01
4.298000000000000154e-01
-6.260000000000000009e-01
4.662999999999999923e-01
1.368999999999999939e-01
-8.418999999999999817e-01
3.210000000000000075e-01
