8.304000000000000270e-01
3.451000000000000179e-01
5.019000000000000128e-01
7.199999999999999803e-03
7.889000000000000457e-01
4.818000000000000060e-01
-7.539000000000000146e-01
-1.859999999999999987e-01
8.640000000000000457e-02
8.955999999999999517e-01
-9.532000000000000473e-01
9.199000000000000510e-01
1.830000000000000029e-02
9.562000000000000499e-01
-3.839999999999999664e-02
-1.008000000000000007e-01
1.980000000000000163e-02
9.516000000000000014e-01
8.443000000000000504e-01
5.094999999999999529e-01
3.578000000000000069e-01
1.343999999999999917e-01
3.101999999999999758e-01
7.489999999999999991e-01
-6.397000000000000464e-01
3.683000000000000163e-01
-2.403000000000000136e-01
1.039999999999999952e-01
-1.723999999999999977e-01
5.705000000000000071e-01
7.117999999999999883e-01
-9.778999999999999915e-01
-1.567999999999999949e-01
6.060999999999999721e-01
3.013000000000000123e-01
-4.642999999999999905e-01
-3.619999999999999885e-01
-7.591999999999999860e-01
-2.953999999999999959e-01
9.688999999999999835e-01
2.553000000000000269e-01
-8.585000000000000409e-01
-2.412999999999999867e-01
1.653000000000000025e-01
-1.938999999999999890e-01
7.933000000000000052e-01
5.397999999999999465e-01
-3.106999999999999762e-01
-7.949000000000000510e-01
5.928999999999999826e-01
-9.572000000000000508e-01
3.658000000000000140e-01
6.377000000000000446e-01
9.050000000000000266e-01
7.181999999999999496e-01
-8.607000000000000206e-01
5.198000000000000398e-01
-4.501000000000000001e-01
-8.811999999999999833e-01
7.752000000000000002e-01
-9.112000000000000099e-01
-2.295999999999999985e-01
7.893000000000000016e-01
6.321999999999999842e-01
-3.685999999999999832e-01
-1.142999999999999988e-01
-9.355999999999999872e-01
-9.423000000000000265e-01
2.212000000000000077e-01
-4.471999999999999864e-01
4.240000000000000019e-02
8.489999999999999769e-01
-4.119999999999999774e-01
-6.392999999999999794e-01
1.299999999999999940e-02
2.675000000000000155e-01
7.337000000000000188e-01
3.556000000000000272e-01
-3.794000000000000150e-01
-2.726999999999999980e-01
9.509999999999999565e-01
-3.231999999999999873e-01
9.836000000000000298e-01
-2.969999999999999862e-01
-9.842999999999999527e-01
-6.961000000000000520e-01
7.368999999999999995e-01
-2.170999999999999874e-01
4.138000000000000012e-01
-9.152000000000000135e-01
6.075000000000000400e-01
-4.440999999999999948e-01
3.244000000000000217e-01
1.950999999999999956e-01
4.128000000000000003e-01
4.492999999999999772e-01
-4.727999999999999980e-01
8.982999999999999874e-01
-9.240000000000000435e-01
-1.575999999999999901e-01
-2.696000000000000063e-01
2.414000000000000035e-01
-4.597999999999999865e-01
-6.329999999999999516e-02
-5.732000000000000428e-01
6.589000000000000412e-01
-4.519999999999999712e-02
6.998999999999999666e-01
-8.981999999999999984e-01
-7.775999999999999579e-01
-5.888999999999999790e-01
-8.594000000000000528e-01
