-3.074000000000000066e-01
-2.351000000000000034e-01
-5.480000000000000149e-02
4.415000000000000036e-01
9.237999999999999545e-01
-8.068999999999999506e-01
-2.427999999999999881e-01
-6.069999999999999840e-01
7.770000000000000240e-01
-1.421999999999999931e-01
7.440999999999999837e-01
-5.937999999999999945e-01
5.029000000000000137e-01
-9.828000000000000069e-01
-6.219000000000000083e-01
-6.677999999999999492e-01
-4.109999999999999765e-02
6.219000000000000083e-01
-9.687000000000000055e-01
4.682000000000000051e-01
-4.526000000000000023e-01
-6.149999999999999911e-02
-9.505000000000000115e-01
-7.356000000000000316e-01
-2.718999999999999750e-01
-2.479999999999999982e-01
2.903999999999999915e-01
-6.729999999999999871e-02
-4.440000000000000197e-02
7.409999999999999920e-02
4.540000000000000285e-02
7.163000000000000478e-01
-4.020000000000000240e-01
5.359000000000000430e-01
3.899999999999999821e-03
-2.886000000000000232e-01
9.417999999999999705e-01
-9.008000000000000451e-01
2.949999999999999845e-01
-1.274000000000000132e-01
9.466999999999999860e-01
2.419000000000000039e-01
4.566000000000000059e-01
1.899999999999999953e-02
3.865999999999999992e-01
7.389999999999999347e-02
6.726999999999999647e-01
-3.743000000000000216e-01
9.403000000000000247e-01
-2.363000000000000100e-01
-3.393999999999999795e-01
8.830000000000000349e-02
6.437000000000000499e-01
-4.698999999999999844e-01
-1.175999999999999962e-01
1.277000000000000079e-01
1.756000000000000061e-01
4.289000000000000035e-01
6.254999999999999449e-01
-7.936999999999999611e-01
-1.713999999999999968e-01
-2.400000000000000050e-02
7.179999999999999716e-01
-7.115000000000000213e-01
2.141000000000000125e-01
-4.751000000000000223e-01
3.200000000000000067e-02
3.890000000000000124e-01
4.607999999999999874e-01
3.179000000000000159e-01
-3.924000000000000266e-01
2.571999999999999842e-01
-2.869999999999999774e-01
-1.945000000000000062e-01
-3.799000000000000155e-01
-8.400999999999999579e-01
-9.543000000000000371e-01
4.885999999999999788e-01
-7.133000000000000451e-01
2.447000000000000008e-01
3.608999999999999986e-01
7.345000000000000417e-01
-5.881999999999999451e-01
-4.565000000000000169e-01
8.820000000000000062e-01
-8.166999999999999815e-01
6.883000000000000229e-01
-2.876000000000000223e-01
-5.520000000000000462e-01
-1.200999999999999984e-01
9.830999999999999739e-01
-9.485999999999999988e-01
-6.986999999999999877e-01
-8.740000000000000546e-02
-9.010000000000000231e-01
9.911999999999999700e-01
5.174999999999999600e-01
9.622000000000000552e-01
-7.423999999999999488e-01
-3.299999999999999982e-03
8.260999999999999455e-01
1.829000000000000070e-01
2.056000000000000050e-01
-3.247999999999999776e-01
5.981999999999999540e-01
7.760000000000000231e-02
-9.959999999999999409e-02
6.442999999999999838e-01
-7.167000000000000037e-01
-9.429999999999999494e-01
6.467000000000000526e-01
3.164000000000000146e-01
