-7.570999999999999952e-01
6.876999999999999780e-01
-3.337999999999999856e-01
5.284999999999999698e-01
6.858999999999999542e-01
3.406000000000000139e-01
-3.492999999999999994e-01
-9.383000000000000229e-01
-7.566000000000000503e-01
-1.160999999999999949e-01
9.496999999999999886e-01
-3.900000000000000133e-01
9.716000000000000192e-01
-4.320999999999999841e-01
-8.661999999999999700e-01
3.599999999999999901e-03
-1.859000000000000097e-01
1.711000000000000021e-01
9.915000000000000480e-01
-2.432999999999999885e-01
7.639000000000000234e-01
-5.530000000000000471e-01
3.521000000000000241e-01
-3.841999999999999860e-01
-8.639000000000000012e-01
8.848000000000000309e-01
-3.739999999999999991e-01
3.506000000000000227e-01
-4.469999999999999668e-02
8.300000000000000433e-02
9.372000000000000330e-01
-9.018000000000000460e-01
1.361999999999999877e-01
-1.635999999999999954e-01
-9.465999999999999970e-01
-7.396000000000000352e-01
8.084999999999999964e-01
-3.664999999999999925e-01
6.834999999999999964e-01
8.839000000000000190e-01
-6.055000000000000382e-01
3.299000000000000266e-01
9.469999999999999529e-01
3.520000000000000212e-02
2.852999999999999980e-01
-2.902000000000000135e-01
3.391000000000000125e-01
5.262999999999999901e-01
-9.294000000000000039e-01
8.387999999999999901e-01
-3.723000000000000198e-01
3.175000000000000044e-01
-3.256000000000000005e-01
6.544999999999999707e-01
-3.027000000000000246e-01
-6.394999999999999574e-01
9.583000000000000407e-01
3.407000000000000028e-01
-6.683999999999999941e-01
2.530999999999999917e-01
-5.766999999999999904e-01
6.756999999999999673e-01
-2.437999999999999889e-01
-3.260000000000000120e-01
1.731999999999999929e-01
3.551000000000000267e-01
9.835000000000000409e-01
-5.679999999999999494e-01
5.158000000000000362e-01
9.589999999999999636e-01
7.028999999999999693e-01
9.848999999999999977e-01
-3.080999999999999850e-01
6.911000000000000476e-01
-4.766000000000000236e-01
6.208000000000000185e-01
-1.708000000000000074e-01
-9.797000000000000153e-01
-5.989999999999999769e-01
-4.934999999999999942e-01
2.585999999999999965e-01
-5.443000000000000060e-01
-8.719999999999999973e-02
-6.711000000000000298e-01
5.593000000000000194e-01
2.591999999999999860e-01
3.163000000000000256e-01
-8.740000000000000546e-02
-2.340000000000000066e-02
-9.266999999999999682e-01
8.229999999999999816e-02
-4.184999999999999831e-01
7.136000000000000121e-01
-2.462999999999999912e-01
-7.933000000000000052e-01
-6.159999999999999920e-01
1.630000000000000060e-01
6.874000000000000110e-01
-6.362999999999999767e-01
5.449999999999999983e-02
6.539000000000000368e-01
-8.366000000000000103e-01
2.899999999999999800e-03
-2.424000000000000044e-01
7.650000000000000133e-01
8.179999999999999771e-02
5.580000000000000238e-02
-7.405000000000000471e-01
-3.600999999999999757e-01
1.789999999999999925e-02
2.064999999999999891e-01
2.702999999999999847e-01
