-7.016999999999999904e-01
-1.302000000000000102e-01
6.149000000000000021e-01
2.538000000000000256e-01
-3.780999999999999917e-01
5.017000000000000348e-01
4.403000000000000247e-01
-1.125000000000000028e-01
6.192999999999999616e-01
4.233999999999999986e-01
-1.496999999999999997e-01
-3.327999999999999847e-01
-5.930999999999999606e-01
5.699999999999999512e-01
9.499999999999999764e-03
9.089000000000000412e-01
-3.145999999999999908e-01
2.560000000000000123e-02
-5.692000000000000393e-01
3.048000000000000154e-01
1.635999999999999954e-01
-6.903000000000000247e-01
-3.442000000000000060e-01
-1.275999999999999912e-01
-5.437999999999999501e-01
-6.545999999999999597e-01
2.199000000000000121e-01
-1.943000000000000005e-01
-3.227999999999999758e-01
-5.026000000000000467e-01
8.304000000000000270e-01
-5.312000000000000055e-01
2.751000000000000112e-01
-4.193999999999999950e-01
-4.047000000000000042e-01
-8.204000000000000181e-01
-7.148999999999999799e-01
-6.338000000000000300e-01
-6.861000000000000432e-01
-5.792000000000000481e-01
-2.449000000000000066e-01
-8.874999999999999556e-01
-4.501000000000000001e-01
-2.230999999999999928e-01
1.937000000000000111e-01
-1.940999999999999948e-01
-5.108000000000000318e-01
5.711000000000000520e-01
6.437000000000000499e-01
-9.313000000000000167e-01
7.190000000000000557e-02
-9.828999999999999959e-01
-4.599999999999999922e-03
8.474000000000000421e-01
2.450000000000000094e-02
9.690000000000000002e-02
2.530000000000000027e-01
-9.009000000000000341e-01
-3.357999999999999874e-01
8.497000000000000108e-01
-8.604000000000000536e-01
9.563000000000000389e-01
-6.509000000000000341e-01
4.334999999999999964e-01
-3.551000000000000267e-01
-1.778000000000000136e-01
-4.359999999999999987e-01
2.273999999999999910e-01
-9.909999999999999920e-01
5.492000000000000215e-01
-6.292999999999999705e-01
1.413999999999999979e-01
3.649999999999999911e-01
9.310000000000000497e-01
-4.769999999999999934e-02
2.449999999999999956e-01
-9.363000000000000211e-01
8.981000000000000094e-01
-3.245000000000000107e-01
8.840999999999999970e-01
3.148000000000000242e-01
4.314000000000000057e-01
-7.446000000000000396e-01
-9.708999999999999853e-01
8.035999999999999810e-01
-2.030000000000000138e-01
1.559999999999999928e-02
-8.540999999999999703e-01
1.998999999999999944e-01
9.050000000000000266e-01
2.411999999999999977e-01
-8.119999999999999440e-02
2.084999999999999909e-01
-4.258000000000000118e-01
3.038000000000000145e-01
-3.180000000000000188e-02
3.568000000000000060e-01
-6.491999999999999993e-01
4.062999999999999945e-01
9.289999999999999647e-02
-7.990000000000000435e-01
2.687999999999999834e-01
-4.989000000000000101e-01
3.034999999999999920e-01
8.915999999999999481e-01
-4.394000000000000128e-01
3.981000000000000094e-01
1.796000000000000096e-01
-1.703999999999999959e-01
6.700000000000000226e-03
-3.024999999999999911e-01
-6.333999999999999631e-01
