-7.417000000000000259e-01
-1.511000000000000121e-01
7.909000000000000474e-01
7.276000000000000245e-01
3.585999999999999743e-01
-4.022000000000000020e-01
-8.399999999999999689e-01
-4.905999999999999805e-01
7.388000000000000123e-01
-4.022000000000000020e-01
-7.170999999999999597e-01
6.282999999999999696e-01
1.111000000000000043e-01
9.044999999999999707e-01
-9.177999999999999492e-01
-7.109999999999999654e-02
-5.806999999999999940e-01
3.151999999999999802e-01
-4.371999999999999775e-01
-2.898999999999999910e-01
6.321999999999999842e-01
2.743999999999999773e-01
9.339999999999999691e-02
8.780000000000000027e-01
-9.297999999999999599e-01
2.343000000000000083e-01
5.630000000000000282e-02
4.213999999999999968e-01
3.272999999999999798e-01
-3.693000000000000171e-01
-3.614999999999999880e-01
3.039999999999999994e-02
3.309000000000000274e-01
-8.421999999999999487e-01
6.339000000000000190e-01
-4.576999999999999957e-01
5.920000000000000262e-02
1.074999999999999983e-01
-7.109999999999999654e-01
1.044999999999999957e-01
-8.869000000000000217e-01
-6.090999999999999748e-01
6.834999999999999964e-01
1.650000000000000078e-01
9.491000000000000547e-01
-8.980000000000000204e-01
-8.345000000000000195e-01
4.501999999999999891e-01
-2.513000000000000234e-01
5.713000000000000300e-01
8.558000000000000052e-01
-7.150999999999999579e-01
-7.459999999999999964e-01
-1.847000000000000031e-01
-1.710000000000000131e-01
9.777000000000000135e-01
-9.504000000000000226e-01
-7.413999999999999480e-01
5.009999999999999870e-02
3.684999999999999942e-01
4.022999999999999909e-01
2.936000000000000276e-01
9.962999999999999634e-01
4.566999999999999948e-01
-5.793000000000000371e-01
-5.185999999999999499e-01
1.817999999999999894e-01
1.052000000000000018e-01
-9.960999999999999854e-01
4.610000000000000209e-01
-8.260999999999999455e-01
1.083999999999999964e-01
-7.096999999999999975e-01
5.507999999999999563e-01
-6.852000000000000313e-01
4.425999999999999934e-01
6.332999999999999741e-01
-4.338000000000000189e-01
3.339999999999999913e-02
9.538999999999999702e-01
7.621999999999999886e-01
-3.728000000000000203e-01
7.187999999999999945e-01
-3.860000000000000098e-01
-5.723000000000000309e-01
-5.859999999999999654e-01
-9.453000000000000291e-01
6.404999999999999583e-01
-7.743999999999999773e-01
-7.929000000000000492e-01
-9.920999999999999819e-01
8.047999999999999599e-01
-1.178000000000000019e-01
3.846999999999999864e-01
8.814999999999999503e-01
9.979999999999999982e-01
3.245999999999999996e-01
-8.727000000000000313e-01
2.021000000000000019e-01
1.098999999999999977e-01
1.054999999999999966e-01
-2.467000000000000026e-01
7.247999999999999998e-01
6.814999999999999947e-01
4.692000000000000060e-01
8.959000000000000297e-01
3.714000000000000079e-01
4.835999999999999743e-01
8.630999999999999783e-01
7.310999999999999721e-01
-9.316999999999999726e-01
1.628999999999999893e-01
