8.100000000000000255e-02
-9.164999999999999813e-01
-4.167000000000000148e-01
-1.107999999999999957e-01
7.672999999999999821e-01
6.682000000000000162e-01
5.818999999999999728e-01
-9.796000000000000263e-01
6.956999999999999851e-01
-7.398000000000000131e-01
4.233999999999999986e-01
-3.729999999999999982e-02
-8.284000000000000252e-01
7.251999999999999558e-01
2.247999999999999998e-01
3.358999999999999764e-01
8.550000000000000655e-02
9.173000000000000043e-01
-9.759999999999999787e-01
-4.435999999999999943e-01
1.332000000000000128e-01
7.563999999999999613e-01
-3.343999999999999750e-01
1.996999999999999886e-01
3.635999999999999788e-01
-9.406999999999999806e-01
-7.862999999999999989e-01
-6.046000000000000263e-01
2.235999999999999932e-01
-2.487999999999999934e-01
9.325999999999999845e-01
-5.562000000000000277e-01
-6.512000000000000011e-01
-5.328000000000000513e-01
-9.507999999999999785e-01
-9.645000000000000240e-01
-8.951999999999999957e-01
-6.189000000000000057e-01
5.106000000000000538e-01
6.753000000000000114e-01
-7.456000000000000405e-01
-5.009999999999999870e-02
-8.225000000000000089e-01
5.554999999999999938e-01
-4.586000000000000076e-01
-7.266000000000000236e-01
9.991999999999999771e-01
8.178999999999999604e-01
2.800000000000000266e-01
8.780000000000000304e-02
-7.835999999999999632e-01
-3.044999999999999929e-01
4.595000000000000195e-01
4.087999999999999967e-01
-3.568999999999999950e-01
-7.153000000000000469e-01
1.444000000000000006e-01
-8.802999999999999714e-01
-9.062999999999999945e-01
5.915000000000000258e-01
-5.283999999999999808e-01
-8.077999999999999625e-01
-9.182000000000000162e-01
-7.725999999999999535e-01
-4.500000000000000111e-01
-1.602999999999999980e-01
1.330999999999999961e-01
-4.079999999999999738e-01
-5.602000000000000313e-01
-8.296000000000000041e-01
-9.379999999999999449e-02
5.796999999999999931e-01
-7.445000000000000506e-01
7.075000000000000178e-01
1.088999999999999968e-01
-3.523999999999999910e-01
9.680999999999999606e-01
-6.593999999999999861e-01
-4.652000000000000024e-01
-8.305000000000000160e-01
7.035000000000000142e-01
7.171999999999999487e-01
-1.691000000000000003e-01
-6.060999999999999721e-01
-2.366999999999999937e-01
6.859999999999999432e-02
2.832000000000000073e-01
-8.899999999999999925e-03
2.901000000000000245e-01
7.625999999999999446e-01
5.979999999999999760e-01
-2.235999999999999932e-01
-1.836000000000000132e-01
6.470000000000000195e-01
3.128000000000000225e-01
2.607999999999999763e-01
8.857000000000000428e-01
6.952000000000000401e-01
6.139000000000000012e-01
7.996999999999999664e-01
7.085000000000000187e-01
-9.019000000000000350e-01
-3.705999999999999850e-01
-6.400000000000000307e-03
-8.318999999999999728e-01
4.279999999999999916e-01
6.155000000000000471e-01
-4.043999999999999817e-01
4.879999999999999893e-01
3.378999999999999782e-01
-9.035999999999999588e-01
8.359999999999999376e-02
