9.737999999999999989e-01
-3.592000000000000193e-01
8.325000000000000178e-01
2.041000000000000036e-01
5.990999999999999659e-01
-4.371999999999999775e-01
-1.380000000000000115e-01
-3.353999999999999759e-01
-5.763000000000000345e-01
-6.548000000000000487e-01
-8.290999999999999481e-01
3.024999999999999911e-01
-6.906999999999999806e-01
-6.904000000000000137e-01
6.918999999999999595e-01
-1.960000000000000075e-01
-8.772999999999999687e-01
-9.939999999999999947e-01
9.977000000000000313e-01
-6.523999999999999799e-01
-5.223999999999999755e-01
-3.387000000000000011e-01
3.960000000000000187e-01
4.381999999999999784e-01
3.791999999999999815e-01
-6.130999999999999783e-01
3.240000000000000102e-01
3.326000000000000068e-01
3.110999999999999877e-01
-5.939999999999999725e-01
-8.377000000000000002e-01
9.381000000000000449e-01
6.162999999999999590e-01
5.349000000000000421e-01
9.616000000000000103e-01
-2.326000000000000012e-01
4.209999999999999853e-01
2.096000000000000085e-01
-7.330999999999999739e-01
7.693999999999999728e-01
-6.343999999999999639e-01
8.063000000000000167e-01
-2.721000000000000085e-01
-6.971000000000000529e-01
-7.873999999999999888e-01
-3.166999999999999815e-01
