-7.075000000000000178e-01
-7.747000000000000552e-01
-2.897000000000000131e-01
1.980000000000000163e-02
8.963999999999999746e-01
-3.351000000000000090e-01
-7.166000000000000147e-01
9.395999999999999908e-01
-8.255000000000000115e-01
-5.242999999999999883e-01
-7.926999999999999602e-01
1.887999999999999956e-01
2.690000000000000030e-02
2.928999999999999937e-01
-3.649999999999999911e-01
9.491000000000000547e-01
-9.189000000000000501e-01
-6.010999999999999677e-01
-2.240999999999999936e-01
-1.366999999999999882e-01
-1.960000000000000075e-01
3.321999999999999953e-01
-5.570000000000000506e-01
-2.462000000000000022e-01
-6.717999999999999527e-01
-8.054999999999999938e-01
3.392000000000000015e-01
-6.059999999999999831e-01
-7.851000000000000201e-01
-7.321999999999999620e-01
-8.263000000000000345e-01
-4.146000000000000241e-01
9.844000000000000528e-01
6.189999999999999669e-02
2.967000000000000193e-01
9.589999999999999636e-01
6.237000000000000322e-01
1.381000000000000005e-01
-7.176000000000000156e-01
8.848000000000000309e-01
1.317000000000000115e-01
-3.453999999999999848e-01
6.334999999999999520e-01
-2.872000000000000108e-01
-5.413999999999999924e-01
-8.872999999999999776e-01
