3.729999999999999982e-02
-8.707000000000000295e-01
1.257999999999999952e-01
4.193999999999999950e-01
-5.259000000000000341e-01
-6.237000000000000322e-01
9.788000000000000034e-01
9.255999999999999783e-01
7.790000000000000258e-01
1.746999999999999942e-01
7.824999999999999734e-01
3.881000000000000005e-01
6.245000000000000551e-01
-3.150000000000000022e-02
5.239000000000000323e-01
3.905000000000000138e-01
9.972999999999999643e-01
-6.640000000000000346e-01
4.134999999999999787e-01
-9.928000000000000158e-01
1.078999999999999959e-01
8.723999999999999533e-01
-8.548999999999999932e-01
8.357999999999999874e-01
4.501000000000000001e-01
-4.554000000000000270e-01
-4.066000000000000170e-01
7.651000000000000023e-01
-8.440000000000000280e-02
-6.782000000000000250e-01
-8.939999999999999336e-02
-7.610999999999999988e-01
6.942000000000000393e-01
5.694000000000000172e-01
2.645000000000000129e-01
9.457999999999999741e-01
-7.895999999999999686e-01
-4.410999999999999921e-01
-6.094000000000000528e-01
-5.083999999999999631e-01
-7.049999999999999600e-01
6.380000000000000115e-01
-4.371999999999999775e-01
2.759999999999999953e-02
-5.003999999999999559e-01
8.084000000000000075e-01
