-7.168999999999999817e-01
7.458000000000000185e-01
4.511999999999999900e-01
-8.891999999999999904e-01
7.770000000000000240e-01
1.547999999999999932e-01
2.319999999999999840e-02
1.165000000000000063e-01
9.009999999999999953e-02
2.838999999999999857e-01
-9.946000000000000396e-01
-9.298999999999999488e-01
5.224999999999999645e-01
-4.183999999999999941e-01
7.657000000000000473e-01
4.950000000000000233e-02
4.864999999999999880e-01
-6.545999999999999597e-01
6.954000000000000181e-01
9.324000000000000066e-01
9.488999999999999657e-01
-1.947000000000000119e-01
-4.299999999999999656e-02
4.302000000000000268e-01
-8.252000000000000446e-01
-1.660000000000000087e-01
-3.361999999999999988e-01
-5.342999999999999972e-01
-9.073999999999999844e-01
-6.320000000000000062e-01
-6.700000000000000400e-01
2.828999999999999848e-01
2.857000000000000095e-01
-1.349999999999999985e-02
3.679999999999999938e-02
-7.000000000000000146e-03
-8.941999999999999948e-01
1.170000000000000033e-02
-5.909999999999999698e-01
8.300000000000000086e-03
-9.398999999999999577e-01
-7.013000000000000345e-01
-7.187000000000000055e-01
-1.340000000000000045e-02
9.495999999999999996e-01
6.776999999999999691e-01
