-2.416999999999999982e-01
4.722000000000000086e-01
3.580999999999999739e-01
7.005000000000000115e-01
8.610999999999999766e-01
3.961999999999999966e-01
3.680999999999999828e-01
-7.476000000000000423e-01
8.575000000000000400e-01
-6.864000000000000101e-01
-4.789999999999999813e-02
-6.119999999999999746e-02
-7.491999999999999771e-01
-4.421999999999999820e-01
-6.730000000000000426e-01
3.980000000000000204e-01
2.750000000000000222e-01
-8.821999999999999842e-01
3.961999999999999966e-01
-5.996000000000000218e-01
-4.793000000000000038e-01
-4.359999999999999987e-02
-7.647000000000000464e-01
-1.282000000000000084e-01
-9.119000000000000439e-01
-4.490999999999999992e-01
-3.695999999999999841e-01
-9.991999999999999771e-01
3.860999999999999988e-01
6.212999999999999634e-01
-5.445999999999999730e-01
-2.894999999999999796e-01
4.126000000000000223e-01
4.370999999999999885e-01
3.547000000000000153e-01
2.927000000000000157e-01
-8.238999999999999657e-01
-8.578999999999999959e-01
-9.246999999999999664e-01
1.026999999999999996e-01
-3.703000000000000180e-01
-9.519999999999999574e-01
-7.000999999999999446e-01
4.343000000000000194e-01
9.385999999999999899e-01
2.746000000000000107e-01
