6.930000000000000049e-02
6.989999999999999547e-01
4.334999999999999964e-01
-9.354000000000000092e-01
-4.772000000000000131e-01
6.223999999999999533e-01
-2.318000000000000060e-01
2.043999999999999984e-01
-8.242000000000000437e-01
1.391000000000000014e-01
-4.800000000000000100e-02
5.941999999999999504e-01
-8.870999999999999996e-01
3.079999999999999960e-01
5.483999999999999986e-01
-3.140000000000000013e-01
-4.852000000000000202e-01
1.635000000000000064e-01
2.629000000000000226e-01
1.900999999999999912e-01
2.122999999999999887e-01
5.833000000000000407e-01
4.186000000000000276e-01
1.510000000000000057e-02
-8.802999999999999714e-01
7.289999999999999813e-01
4.274000000000000021e-01
-6.797999999999999599e-01
9.768999999999999906e-01
1.252999999999999947e-01
4.120000000000000051e-02
1.975999999999999979e-01
6.844999999999999973e-01
6.682000000000000162e-01
4.905999999999999805e-01
7.769000000000000350e-01
1.826000000000000123e-01
-8.699999999999999956e-01
-7.108999999999999764e-01
-5.460000000000000409e-01
-6.562999999999999945e-01
8.022000000000000242e-01
2.740000000000000213e-01
-8.061000000000000387e-01
-9.365999999999999881e-01
9.101000000000000201e-01
