6.883000000000000229e-01
-3.224000000000000199e-01
-2.978999999999999981e-01
-5.088000000000000300e-01
9.439999999999999780e-02
-4.270999999999999797e-01
-4.934000000000000052e-01
-7.566000000000000503e-01
4.168999999999999928e-01
5.520000000000000462e-01
9.752999999999999448e-01
-7.243000000000000549e-01
-8.457000000000000073e-01
9.161000000000000254e-01
-3.527000000000000135e-01
6.223999999999999533e-01
-8.166999999999999815e-01
-7.447000000000000286e-01
9.260000000000000453e-01
-2.759999999999999953e-02
5.263999999999999790e-01
-3.653000000000000136e-01
3.963999999999999746e-01
5.961999999999999522e-01
-2.111999999999999988e-01
2.545000000000000040e-01
-6.524999999999999689e-01
1.190000000000000085e-02
5.602000000000000313e-01
9.820999999999999730e-01
1.562999999999999945e-01
-7.840000000000000302e-01
1.243999999999999967e-01
-1.529999999999999936e-02
1.859999999999999987e-01
4.880000000000000310e-02
6.320000000000000617e-02
9.862999999999999545e-01
2.840000000000000163e-02
4.039999999999999841e-02
1.943000000000000005e-01
2.863999999999999879e-01
-1.633000000000000007e-01
-8.113000000000000211e-01
5.060999999999999943e-01
2.500999999999999890e-01
