-9.653000000000000469e-01
7.191999999999999504e-01
-5.768999999999999684e-01
7.000999999999999446e-01
4.910999999999999810e-01
6.270000000000000573e-02
-3.781999999999999806e-01
2.160000000000000114e-02
1.179999999999999973e-02
5.937999999999999945e-01
6.310999999999999943e-01
2.147999999999999909e-01
3.755000000000000004e-01
-4.089999999999999747e-01
-1.024999999999999939e-01
-1.067000000000000032e-01
-5.150000000000000133e-01
-3.682000000000000273e-01
2.625000000000000111e-01
-1.302000000000000102e-01
-6.193999999999999506e-01
2.025000000000000133e-01
-1.034999999999999948e-01
-3.799999999999999906e-02
2.472000000000000031e-01
-2.371000000000000052e-01
8.630000000000000171e-02
8.682999999999999607e-01
4.618999999999999773e-01
2.959999999999999853e-01
-9.250000000000000444e-01
-6.046000000000000263e-01
-4.843000000000000083e-01
-8.265000000000000124e-01
-6.868999999999999551e-01
4.880000000000000310e-02
6.995999999999999996e-01
6.780000000000000471e-01
-8.519999999999999796e-02
-2.992000000000000215e-01
4.771000000000000241e-01
3.655999999999999805e-01
8.909000000000000252e-01
6.185000000000000497e-01
-1.759999999999999898e-01
-7.481999999999999762e-01
