-5.251000000000000112e-01
2.611999999999999877e-01
-5.281000000000000139e-01
1.388000000000000067e-01
2.555000000000000049e-01
9.429999999999999494e-01
2.599999999999999881e-03
-5.512000000000000233e-01
-2.654000000000000248e-01
8.043000000000000149e-01
9.589999999999999636e-01
-3.357999999999999874e-01
5.639999999999999458e-01
-4.820999999999999730e-01
-9.265999999999999792e-01
-6.629000000000000448e-01
-4.510000000000000120e-01
7.689999999999999614e-02
1.830000000000000029e-02
-4.736000000000000210e-01
-5.420000000000000373e-01
8.430999999999999606e-01
-8.028999999999999471e-01
-6.209000000000000075e-01
-1.215999999999999998e-01
-6.430000000000000160e-01
-1.638000000000000012e-01
8.929000000000000270e-01
-7.507000000000000339e-01
1.069999999999999979e-01
-7.883000000000000007e-01
-8.104999999999999982e-01
7.591999999999999860e-01
-9.859999999999999876e-01
-4.660000000000000253e-01
-9.730999999999999650e-01
-5.449000000000000510e-01
6.583999999999999853e-01
2.000000000000000042e-03
7.956999999999999629e-01
9.167999999999999483e-01
8.381999999999999451e-01
-7.322999999999999510e-01
6.206000000000000405e-01
-6.137000000000000233e-01
5.916000000000000147e-01
