-6.604999999999999760e-01
-4.524000000000000243e-01
-5.760999999999999455e-01
5.717999999999999750e-01
-3.829000000000000181e-01
8.508999999999999897e-01
4.825999999999999734e-01
-6.035000000000000364e-01
1.378999999999999948e-01
-3.100999999999999868e-01
7.794999999999999707e-01
5.524000000000000021e-01
9.529999999999999583e-01
-6.130999999999999783e-01
-2.661999999999999922e-01
-1.165999999999999953e-01
5.974000000000000421e-01
-2.394999999999999907e-01
-5.696999999999999842e-01
-1.766000000000000070e-01
3.317999999999999838e-01
2.892000000000000126e-01
2.769999999999999893e-02
-7.773999999999999799e-01
2.525000000000000022e-01
8.440999999999999615e-01
-8.431999999999999496e-01
-9.736000000000000210e-01
3.376000000000000112e-01
-3.219000000000000195e-01
-4.331999999999999740e-01
-1.774000000000000021e-01
-6.264999999999999458e-01
5.858999999999999764e-01
2.356999999999999929e-01
9.898000000000000131e-01
-7.119999999999999940e-02
1.264000000000000123e-01
-7.808000000000000496e-01
2.369999999999999885e-02
-1.069999999999999979e-01
-9.782999999999999474e-01
9.193000000000000060e-01
8.878000000000000336e-01
-1.892999999999999960e-01
-6.722000000000000197e-01
