8.601999999999999647e-01
7.396000000000000352e-01
2.283000000000000029e-01
-2.034999999999999865e-01
-9.860999999999999766e-01
3.756999999999999784e-01
-7.628000000000000336e-01
-4.102999999999999980e-01
-4.647000000000000020e-01
-3.509999999999999926e-02
8.279999999999999860e-02
-2.303000000000000047e-01
-1.539999999999999980e-01
-1.451999999999999957e-01
8.538999999999999924e-01
2.001000000000000001e-01
3.226999999999999869e-01
-7.069999999999999896e-02
4.153000000000000025e-01
-4.380000000000000004e-01
-3.831999999999999851e-01
1.507000000000000006e-01
-9.548999999999999710e-01
1.822000000000000008e-01
1.418000000000000094e-01
2.078000000000000125e-01
6.117000000000000215e-01
6.939999999999999503e-01
7.881000000000000227e-01
7.055000000000000160e-01
6.700000000000000400e-01
9.166999999999999593e-01
-1.678000000000000047e-01
3.799000000000000155e-01
4.692999999999999949e-01
6.978999999999999648e-01
-2.179000000000000103e-01
6.293999999999999595e-01
3.751999999999999780e-01
-3.852999999999999758e-01
9.306999999999999718e-01
8.903999999999999693e-01
-5.018000000000000238e-01
-5.308000000000000496e-01
-1.456999999999999962e-01
3.291000000000000036e-01
