-9.546000000000000041e-01
7.391999999999999682e-01
9.485000000000000098e-01
-7.236000000000000210e-01
3.891000000000000014e-01
-4.027999999999999914e-01
5.172999999999999821e-01
9.875000000000000444e-01
-5.299999999999999850e-02
9.050000000000000266e-01
3.175999999999999934e-01
-6.424999999999999600e-01
5.125999999999999446e-01
-3.470000000000000168e-02
6.065000000000000391e-01
2.169000000000000095e-01
-2.903000000000000025e-01
8.379999999999999671e-01
2.980999999999999761e-01
4.769999999999999934e-02
5.661000000000000476e-01
-6.166000000000000369e-01
4.123999999999999888e-01
-2.212999999999999967e-01
-5.736999999999999877e-01
3.015999999999999792e-01
-2.569000000000000172e-01
-3.966999999999999971e-01
8.319999999999999618e-02
-9.070000000000000284e-02
8.035999999999999810e-01
-7.897999999999999465e-01
-1.681999999999999884e-01
6.189999999999999947e-01
-2.872000000000000108e-01
-2.767000000000000015e-01
-9.425999999999999934e-01
-7.693999999999999728e-01
9.724000000000000421e-01
-4.802000000000000157e-01
-4.546000000000000041e-01
-4.526000000000000023e-01
-7.079999999999999627e-01
5.500000000000000444e-01
3.096999999999999753e-01
-6.260000000000000286e-02
