-8.469999999999999751e-01
1.645000000000000073e-01
-7.709000000000000297e-01
3.830000000000000071e-01
-7.419000000000000039e-01
7.347000000000000197e-01
-2.210999999999999910e-01
7.530000000000000027e-01
8.604000000000000536e-01
-9.597999999999999865e-01
-9.509999999999999565e-01
5.574999999999999956e-01
4.380000000000000004e-01
-5.677999999999999714e-01
2.690000000000000030e-02
6.616999999999999549e-01
-2.559000000000000163e-01
-7.547000000000000375e-01
8.207999999999999741e-01
6.669999999999999540e-02
1.155999999999999944e-01
8.051000000000000378e-01
2.353999999999999981e-01
1.703000000000000069e-01
3.574999999999999845e-01
-3.482000000000000095e-01
2.409999999999999920e-01
9.109000000000000430e-01
-9.782999999999999474e-01
-3.386000000000000121e-01
9.281000000000000361e-01
4.617999999999999883e-01
9.151000000000000245e-01
2.217000000000000082e-01
2.847000000000000086e-01
-4.534000000000000252e-01
4.461999999999999855e-01
4.939000000000000057e-01
5.450000000000000400e-01
4.940999999999999837e-01
9.363000000000000211e-01
9.931999999999999718e-01
7.048999999999999710e-01
6.687999999999999501e-01
-7.416000000000000369e-01
3.316000000000000059e-01
5.382000000000000117e-01
-3.891999999999999904e-01
-7.443999999999999506e-01
8.940000000000000169e-01
-3.785000000000000031e-01
-1.270999999999999908e-01
-1.593999999999999861e-01
-4.229999999999999732e-02
-3.549999999999999822e-01
-9.009000000000000341e-01
-9.120000000000000329e-02
-9.929999999999999938e-02
8.726000000000000423e-01
-9.306999999999999718e-01
2.627999999999999781e-01
9.758000000000000007e-01
5.094999999999999529e-01
8.985999999999999543e-01
3.618999999999999995e-01
-4.865999999999999770e-01
2.036999999999999922e-01
-5.144999999999999574e-01
-5.684000000000000163e-01
-3.100999999999999868e-01
-6.832000000000000295e-01
9.758000000000000007e-01
-1.761999999999999955e-01
4.345999999999999863e-01
7.282999999999999474e-01
-8.730999999999999872e-01
2.786000000000000143e-01
-5.759999999999999565e-01
-7.511999999999999789e-01
-6.901000000000000467e-01
3.490000000000000047e-02
-1.066000000000000003e-01
3.379999999999999671e-02
5.446999999999999620e-01
7.005000000000000115e-01
-5.795000000000000151e-01
-5.221999999999999975e-01
-1.429999999999999882e-01
9.272000000000000242e-01
-7.140999999999999570e-01
3.506000000000000227e-01
8.000000000000000444e-01
9.163000000000000034e-01
4.729999999999999760e-01
-5.272999999999999909e-01
-4.399999999999999745e-02
-7.689000000000000279e-01
4.869999999999999885e-01
-4.254999999999999893e-01
2.010000000000000120e-01
8.440000000000000280e-02
-9.583000000000000407e-01
-2.942000000000000171e-01
-6.297000000000000375e-01
8.699000000000000066e-01
-5.063999999999999613e-01
-9.915000000000000480e-01
-4.757000000000000117e-01
3.487999999999999989e-01
-6.894000000000000128e-01
-7.365000000000000435e-01
-6.199999999999999956e-02
7.860000000000000320e-01
-9.814000000000000501e-01
8.469999999999999751e-01
-7.801000000000000156e-01
-8.891000000000000014e-01
-1.830000000000000029e-02
-5.414999999999999813e-01
-1.140000000000000041e-01
9.758000000000000007e-01
-9.589999999999999913e-02
7.130000000000000226e-02
6.029999999999999943e-02
-4.522999999999999798e-01
-2.104999999999999927e-01
-3.690999999999999837e-01
9.274000000000000021e-01
7.510999999999999899e-01
3.413999999999999813e-01
-3.553999999999999937e-01
7.635999999999999455e-01
9.015999999999999570e-01
-7.596000000000000529e-01
2.876000000000000223e-01
9.160000000000000087e-02
-7.905999999999999694e-01
-8.465000000000000302e-01
1.481000000000000094e-01
9.206999999999999629e-01
7.914999999999999813e-01
5.393999999999999906e-01
-6.894000000000000128e-01
-8.998000000000000442e-01
7.697000000000000508e-01
6.218000000000000194e-01
-3.215000000000000080e-01
1.160000000000000059e-01
-6.391999999999999904e-01
-7.167000000000000037e-01
1.120000000000000023e-01
-9.092999999999999972e-01
-9.276999999999999691e-01
5.978999999999999870e-01
1.038000000000000034e-01
9.318999999999999506e-01
