9.818000000000000060e-01
4.087000000000000077e-01
4.717000000000000082e-01
3.653000000000000136e-01
-3.791999999999999815e-01
9.522000000000000464e-01
2.187000000000000055e-01
9.204999999999999849e-01
5.461000000000000298e-01
-4.591999999999999971e-01
2.485999999999999877e-01
5.455999999999999739e-01
-7.426000000000000378e-01
-3.010999999999999788e-01
-3.620999999999999774e-01
5.492000000000000215e-01
8.012000000000000233e-01
-2.533000000000000251e-01
3.160000000000000309e-02
3.459999999999999742e-01
8.793999999999999595e-01
-3.835000000000000075e-01
-6.978999999999999648e-01
-5.766999999999999904e-01
9.229000000000000536e-01
-8.091000000000000414e-01
-3.840999999999999970e-01
-9.016999999999999460e-01
5.890999999999999570e-01
6.579000000000000403e-01
-1.363999999999999935e-01
6.421000000000000041e-01
5.915000000000000258e-01
-3.073000000000000176e-01
1.841000000000000136e-01
4.168000000000000038e-01
3.840999999999999970e-01
6.181999999999999718e-01
2.535000000000000031e-01
-5.805000000000000160e-01
7.157999999999999918e-01
-9.590999999999999526e-01
-4.232000000000000206e-01
-4.677000000000000046e-01
1.679999999999999896e-02
8.568999999999999950e-01
-9.881999999999999673e-01
-8.712999999999999634e-01
8.883999999999999675e-01
6.765999999999999792e-01
-3.593000000000000083e-01
3.764000000000000123e-01
1.658999999999999919e-01
9.293000000000000149e-01
-3.743000000000000216e-01
9.818999999999999950e-01
-5.110999999999999988e-01
-7.369999999999999885e-01
-9.495999999999999996e-01
4.537999999999999812e-01
-6.069999999999999701e-02
2.260999999999999954e-01
1.463000000000000134e-01
-5.756000000000000005e-01
2.840000000000000163e-02
-5.876000000000000112e-01
2.599000000000000199e-01
2.417999999999999872e-01
-8.349999999999999645e-01
-1.769999999999999907e-01
-3.839999999999999664e-02
5.614000000000000101e-01
-8.138999999999999568e-01
2.862999999999999989e-01
-8.010000000000000453e-02
3.864000000000000212e-01
-3.457000000000000073e-01
1.736000000000000043e-01
-6.088999999999999968e-01
-4.170000000000000095e-02
8.757000000000000339e-01
2.864999999999999769e-01
5.573000000000000176e-01
-1.398000000000000076e-01
-3.711999999999999744e-01
9.429999999999999494e-02
3.343999999999999750e-01
2.094000000000000028e-01
1.612999999999999989e-01
-2.179999999999999993e-01
5.033999999999999586e-01
-2.189000000000000112e-01
-4.932000000000000273e-01
4.124999999999999778e-01
-6.018000000000000016e-01
-1.199000000000000066e-01
-6.690000000000000113e-02
-5.846000000000000085e-01
-8.761999999999999789e-01
2.474999999999999978e-01
7.765999999999999570e-01
2.212000000000000077e-01
-6.592999999999999972e-01
9.403000000000000247e-01
-2.081000000000000072e-01
7.762999999999999901e-01
-3.438999999999999835e-01
-9.750000000000000333e-02
3.532000000000000139e-01
-4.828999999999999959e-01
-8.981999999999999984e-01
8.103000000000000203e-01
-9.046999999999999487e-01
-3.684000000000000052e-01
-1.208000000000000046e-01
3.106999999999999762e-01
-3.699000000000000066e-01
6.667999999999999483e-01
-6.911000000000000476e-01
-8.054999999999999938e-01
9.750000000000000333e-02
-2.861000000000000210e-01
-9.768000000000000016e-01
-9.479999999999999538e-02
6.665999999999999703e-01
7.861000000000000210e-01
9.599999999999999645e-01
-8.821999999999999842e-01
-7.237999999999999989e-01
7.864999999999999769e-01
1.741999999999999937e-01
7.458000000000000185e-01
-7.440999999999999837e-01
6.002999999999999448e-01
8.292000000000000481e-01
7.793999999999999817e-01
-5.380000000000000338e-01
-8.074999999999999956e-01
-8.740999999999999881e-01
-9.339999999999999691e-02
1.060999999999999999e-01
-8.619999999999999885e-01
5.066000000000000503e-01
-4.913000000000000145e-01
-4.017999999999999905e-01
-2.848999999999999866e-01
-7.906999999999999584e-01
-5.974000000000000421e-01
7.370999999999999774e-01
8.790999999999999925e-01
1.165000000000000063e-01
6.108000000000000096e-01
4.672000000000000042e-01
8.155000000000000027e-01
1.129999999999999928e-02
8.544000000000000483e-01
