2.053999999999999992e-01
4.222000000000000197e-01
4.295999999999999819e-01
1.774999999999999911e-01
-2.305999999999999994e-01
4.289999999999999925e-01
1.711999999999999911e-01
-4.895999999999999797e-01
8.314000000000000279e-01
-9.436999999999999833e-01
-4.370000000000000273e-02
8.598000000000000087e-01
-9.539999999999999591e-01
4.800000000000000100e-02
2.525999999999999912e-01
6.740000000000000158e-02
8.750000000000000000e-01
3.200000000000000153e-03
-6.049999999999999822e-02
-7.430999999999999828e-01
-8.885999999999999455e-01
3.654999999999999916e-01
-8.895999999999999464e-01
-4.343000000000000194e-01
-9.941999999999999726e-01
4.238000000000000100e-01
6.522999999999999909e-01
-4.078999999999999848e-01
8.538999999999999924e-01
-4.983000000000000207e-01
1.030999999999999972e-01
3.695999999999999841e-01
-9.000000000000000222e-01
-5.057000000000000384e-01
-2.258000000000000007e-01
-1.719999999999999862e-01
-7.169999999999999707e-01
-8.842999999999999750e-01
-9.969999999999999973e-01
9.487999999999999767e-01
-4.499999999999999660e-03
-8.931999999999999940e-01
2.474999999999999978e-01
-4.182000000000000162e-01
2.008000000000000063e-01
1.852000000000000035e-01
-6.919999999999999762e-02
2.025000000000000133e-01
-9.665000000000000258e-01
-2.497999999999999943e-01
-6.821000000000000396e-01
8.575000000000000400e-01
2.475999999999999868e-01
1.310999999999999943e-01
-9.379999999999999449e-02
-3.098000000000000198e-01
-4.732999999999999985e-01
6.339999999999999802e-02
-3.773000000000000242e-01
9.296999999999999709e-01
-6.377000000000000446e-01
4.425000000000000044e-01
-4.889999999999999902e-02
5.252999999999999892e-01
-5.743000000000000327e-01
1.265000000000000013e-01
3.739999999999999991e-01
6.384999999999999565e-01
-6.241999999999999771e-01
8.140000000000000013e-02
1.691000000000000003e-01
-9.220000000000000417e-01
2.607999999999999763e-01
6.672000000000000153e-01
7.995999999999999774e-01
-3.165000000000000036e-01
-9.242000000000000215e-01
-7.038999999999999702e-01
7.590999999999999970e-01
2.351999999999999924e-01
-5.274999999999999689e-01
-8.518000000000000016e-01
-4.613999999999999768e-01
2.968000000000000083e-01
6.094000000000000528e-01
3.541000000000000258e-01
4.000000000000000222e-01
7.770000000000000517e-02
2.731000000000000094e-01
-4.551999999999999935e-01
-6.870000000000000551e-01
8.318999999999999728e-01
-9.118000000000000549e-01
1.236000000000000015e-01
5.766999999999999904e-01
-1.004000000000000031e-01
9.666000000000000147e-01
-4.509000000000000230e-01
6.180999999999999828e-01
8.790999999999999925e-01
7.304000000000000492e-01
3.768000000000000238e-01
-8.289999999999999591e-01
2.373000000000000109e-01
-9.468999999999999639e-01
6.309000000000000163e-01
2.147999999999999909e-01
-7.416000000000000369e-01
-7.576000000000000512e-01
-1.507999999999999896e-01
-7.710000000000000187e-01
-5.014999999999999458e-01
5.000000000000000104e-04
4.961999999999999744e-01
-2.846000000000000196e-01
-9.983999999999999542e-01
-2.782999999999999918e-01
9.192000000000000171e-01
-3.799000000000000155e-01
-6.010999999999999677e-01
-1.879000000000000115e-01
-5.987999999999999989e-01
7.462999999999999634e-01
-4.253000000000000114e-01
5.229999999999999927e-02
-8.839000000000000190e-01
-8.138999999999999568e-01
-6.685999999999999721e-01
7.753999999999999782e-01
-3.850000000000000089e-01
-4.200000000000000261e-02
-9.638999999999999790e-01
8.870000000000000107e-02
4.918000000000000149e-01
2.033999999999999975e-01
6.122999999999999554e-01
8.094999999999999973e-01
7.849000000000000421e-01
8.031000000000000361e-01
-5.618999999999999551e-01
-4.521000000000000019e-01
-5.842000000000000526e-01
7.946999999999999620e-01
8.067999999999999616e-01
4.364999999999999991e-01
5.742000000000000437e-01
2.490999999999999881e-01
7.809000000000000385e-01
-1.110000000000000049e-02
-3.143000000000000238e-01
-2.393000000000000127e-01
3.755999999999999894e-01
-2.591999999999999860e-01
2.159000000000000086e-01
3.884000000000000230e-01
1.428000000000000103e-01
