-9.989000000000000101e-01
-5.667999999999999705e-01
-5.614999999999999991e-01
-9.795000000000000373e-01
5.193999999999999728e-01
-5.254999999999999671e-01
-1.521000000000000130e-01
1.068999999999999950e-01
-3.911000000000000032e-01
-2.298000000000000043e-01
-8.635000000000000453e-01
-8.245000000000000107e-01
-8.075999999999999845e-01
8.235000000000000098e-01
-1.454000000000000015e-01
-7.950000000000000122e-02
-9.065999999999999615e-01
8.511999999999999567e-01
-4.114999999999999769e-01
-2.978000000000000091e-01
-7.582999999999999741e-01
5.208000000000000407e-01
-5.925000000000000266e-01
2.366999999999999937e-01
2.676999999999999935e-01
5.632000000000000339e-01
-5.921999999999999487e-01
-1.302000000000000102e-01
2.343000000000000083e-01
-6.334999999999999520e-01
-4.100000000000000172e-02
4.230999999999999761e-01
-5.990999999999999659e-01
2.406999999999999973e-01
-9.052999999999999936e-01
7.586000000000000520e-01
-2.670000000000000151e-01
-9.599999999999999159e-03
6.707999999999999519e-01
-8.344000000000000306e-01
4.028999999999999804e-01
7.705999999999999517e-01
5.049000000000000155e-01
-8.905999999999999472e-01
-2.514000000000000123e-01
-6.438000000000000389e-01
-7.492999999999999661e-01
9.418999999999999595e-01
7.989000000000000545e-01
-7.209999999999999742e-01
3.804000000000000159e-01
-4.709999999999999742e-01
-4.913000000000000145e-01
6.108000000000000096e-01
-6.007000000000000117e-01
2.782000000000000028e-01
-2.993000000000000105e-01
-2.733999999999999764e-01
-8.034999999999999920e-01
4.681000000000000161e-01
-5.530000000000000471e-01
-2.068000000000000116e-01
2.083000000000000129e-01
-2.331999999999999906e-01
-8.056999999999999718e-01
1.650000000000000078e-01
6.162999999999999590e-01
-4.660000000000000253e-02
5.443000000000000060e-01
4.441999999999999837e-01
-9.280000000000000471e-01
-1.433000000000000107e-01
4.642999999999999905e-01
-5.199000000000000288e-01
-9.307999999999999607e-01
3.464999999999999747e-01
-1.691999999999999893e-01
1.927000000000000102e-01
8.789000000000000146e-01
-5.330000000000000293e-01
-1.444999999999999896e-01
2.659999999999999865e-02
5.675999999999999934e-01
7.211999999999999522e-01
4.688999999999999835e-01
-7.119999999999999940e-02
4.355999999999999872e-01
-1.444999999999999896e-01
8.881999999999999895e-01
5.050000000000000044e-01
-2.741000000000000103e-01
8.970000000000000195e-01
6.596999999999999531e-01
3.048000000000000154e-01
-2.474999999999999978e-01
2.051999999999999935e-01
-5.254999999999999671e-01
-3.145000000000000018e-01
9.523000000000000353e-01
-8.978000000000000425e-01
6.166000000000000369e-01
-8.046999999999999709e-01
8.801999999999999824e-01
5.400000000000000355e-01
9.126999999999999558e-01
-6.422999999999999821e-01
4.171000000000000263e-01
-1.958999999999999908e-01
6.088000000000000078e-01
-2.656000000000000028e-01
5.684000000000000163e-01
-2.210999999999999910e-01
-5.473999999999999977e-01
1.039999999999999952e-02
1.582999999999999963e-01
2.703999999999999737e-01
9.908000000000000140e-01
-9.304999999999999938e-01
8.469999999999999751e-01
-6.864999999999999991e-01
-9.285999999999999810e-01
6.229000000000000092e-01
-2.156000000000000139e-01
-9.550999999999999490e-01
-7.067999999999999838e-01
6.508000000000000451e-01
-6.632000000000000117e-01
-9.626000000000000112e-01
-7.570999999999999952e-01
7.632999999999999785e-01
-3.282999999999999807e-01
-5.006000000000000449e-01
5.128000000000000336e-01
7.510000000000000009e-02
-1.509000000000000064e-01
9.285999999999999810e-01
-4.265999999999999792e-01
-2.833999999999999853e-01
4.092999999999999972e-01
-7.629000000000000226e-01
-6.333999999999999631e-01
7.621999999999999886e-01
4.089999999999999747e-01
4.994000000000000106e-01
-8.542999999999999483e-01
-6.153999999999999471e-01
2.464999999999999969e-01
4.732999999999999985e-01
3.911000000000000032e-01
-5.735000000000000098e-01
1.260999999999999899e-01
-4.227000000000000202e-01
-5.796999999999999931e-01
7.900000000000000772e-03
-9.729999999999999760e-02
-6.941000000000000503e-01
