9.257999999999999563e-01
1.824999999999999956e-01
-7.927999999999999492e-01
-4.380999999999999894e-01
-7.193000000000000504e-01
-8.898000000000000353e-01
-9.638999999999999790e-01
1.174999999999999933e-01
2.505000000000000004e-01
-7.519000000000000128e-01
-9.152000000000000135e-01
-2.842000000000000082e-01
4.580000000000000182e-01
8.717000000000000304e-01
-8.464000000000000412e-01
-3.513000000000000012e-01
3.824000000000000177e-01
-3.870000000000000107e-01
2.554000000000000159e-01
-7.047999999999999821e-01
7.459999999999999964e-01
-3.756999999999999784e-01
-3.541000000000000258e-01
9.861999999999999655e-01
8.682999999999999607e-01
6.112999999999999545e-01
-5.333999999999999853e-01
-4.839999999999999858e-01
-4.173000000000000043e-01
9.054999999999999716e-01
8.464000000000000412e-01
9.453000000000000291e-01
-5.261000000000000121e-01
5.543000000000000149e-01
-6.714999999999999858e-01
6.621000000000000218e-01
-9.587999999999999856e-01
9.587999999999999856e-01
4.933000000000000163e-01
3.130000000000000143e-02
4.678999999999999826e-01
-3.145999999999999908e-01
-4.929999999999999660e-02
7.940000000000000391e-01
8.516000000000000236e-01
-5.677999999999999714e-01
5.625000000000000000e-01
1.721000000000000030e-01
7.050999999999999490e-01
-5.877999999999999892e-01
-5.108000000000000318e-01
9.042000000000000037e-01
6.031999999999999584e-01
7.697000000000000508e-01
8.200000000000000691e-03
3.235000000000000098e-01
7.620999999999999996e-01
-2.225000000000000033e-01
-9.066999999999999504e-01
-9.210000000000000131e-02
-4.207000000000000184e-01
5.888999999999999790e-01
-1.044000000000000067e-01
7.530000000000000582e-02
9.294000000000000039e-01
-7.471999999999999753e-01
3.381000000000000116e-01
-6.712000000000000188e-01
-7.278999999999999915e-01
-2.129999999999999949e-01
4.209999999999999853e-01
6.475999999999999535e-01
-4.421999999999999820e-01
8.874999999999999556e-01
-1.340999999999999970e-01
-9.219000000000000528e-01
9.585000000000000187e-01
6.899999999999999467e-01
-8.380999999999999561e-01
5.295999999999999597e-01
-5.901999999999999469e-01
-5.555999999999999828e-01
7.345000000000000417e-01
5.580000000000000515e-01
8.864999999999999547e-01
6.449000000000000288e-01
2.036999999999999922e-01
8.749000000000000110e-01
-1.368000000000000049e-01
-3.479999999999999760e-02
-7.466000000000000414e-01
4.702999999999999958e-01
-8.283000000000000362e-01
6.196000000000000396e-01
6.470000000000000195e-01
-1.173000000000000015e-01
-2.199999999999999872e-02
9.671999999999999487e-01
6.332999999999999741e-01
6.622000000000000108e-01
-6.852000000000000313e-01
2.639000000000000234e-01
-7.246000000000000218e-01
9.759999999999999787e-01
-2.667999999999999816e-01
4.734999999999999765e-01
1.593999999999999861e-01
7.966999999999999638e-01
-5.971999999999999531e-01
5.449999999999999983e-02
-5.122999999999999776e-01
-9.210000000000000131e-02
-9.787000000000000144e-01
-5.318000000000000504e-01
1.519999999999999997e-02
4.312000000000000277e-01
-6.049999999999999822e-02
-1.340000000000000080e-01
3.791999999999999815e-01
9.239000000000000545e-01
-9.396999999999999797e-01
4.771000000000000241e-01
8.133000000000000229e-01
6.888999999999999568e-01
9.367999999999999661e-01
6.667999999999999483e-01
2.446000000000000119e-01
8.101000000000000423e-01
-3.389999999999999958e-02
4.213999999999999968e-01
1.213000000000000050e-01
1.068000000000000060e-01
-5.239000000000000323e-01
-6.768999999999999462e-01
3.699999999999999956e-01
-8.215999999999999970e-01
-5.720000000000000084e-02
-9.373000000000000220e-01
-1.389999999999999916e-02
-5.248000000000000442e-01
9.525000000000000133e-01
-4.677999999999999936e-01
1.370000000000000037e-02
2.346000000000000030e-01
5.639999999999999458e-01
-7.415000000000000480e-01
-6.810000000000000497e-01
4.576999999999999957e-01
1.274000000000000132e-01
-8.566000000000000281e-01
6.401000000000000023e-01
6.800000000000000488e-01
8.018999999999999462e-01
-1.411000000000000032e-01
9.750999999999999668e-01
9.173000000000000043e-01
