6.613999999999999879e-01
1.047000000000000014e-01
-3.468999999999999861e-01
-7.939000000000000501e-01
2.968999999999999972e-01
8.097999999999999643e-01
4.228000000000000091e-01
5.229000000000000314e-01
-1.267000000000000071e-01
-5.062999999999999723e-01
-1.181999999999999995e-01
-1.781999999999999973e-01
-5.985000000000000320e-01
4.208000000000000074e-01
-7.430000000000000493e-02
-4.849999999999999867e-01
7.634999999999999565e-01
8.699000000000000066e-01
-8.706000000000000405e-01
9.071000000000000174e-01
-2.477999999999999925e-01
6.381999999999999895e-01
-4.758000000000000007e-01
-8.576000000000000290e-01
-1.527999999999999914e-01
-8.881999999999999895e-01
-9.170000000000000373e-01
5.934000000000000385e-01
-1.547000000000000042e-01
5.272000000000000020e-01
-1.739999999999999880e-02
-9.362000000000000322e-01
-6.996999999999999886e-01
6.490000000000000213e-01
-1.698999999999999955e-01
-7.880000000000000338e-01
-1.020999999999999963e-01
-5.591000000000000414e-01
-8.150000000000000300e-02
-6.871000000000000441e-01
-7.019999999999999851e-02
5.413000000000000034e-01
4.672999999999999932e-01
-1.466999999999999971e-01
-5.637999999999999678e-01
-7.600999999999999979e-01
7.475000000000000533e-01
-5.910999999999999588e-01
1.822000000000000008e-01
-8.618999999999999995e-01
6.493999999999999773e-01
5.889999999999999680e-01
-9.316999999999999726e-01
-6.493999999999999773e-01
9.848000000000000087e-01
9.640999999999999570e-01
-9.489999999999999825e-02
2.338999999999999968e-01
8.521999999999999575e-01
1.361999999999999877e-01
9.328999999999999515e-01
-4.763000000000000012e-01
9.844000000000000528e-01
-9.277999999999999581e-01
-6.986999999999999877e-01
-2.824999999999999734e-01
1.459000000000000019e-01
-8.245000000000000107e-01
9.697999999999999954e-01
-2.346000000000000030e-01
6.594999999999999751e-01
7.411999999999999700e-01
9.913999999999999480e-01
-4.758999999999999897e-01
5.964000000000000412e-01
-1.771000000000000074e-01
9.919999999999999929e-01
3.487999999999999989e-01
-2.359999999999999945e-02
8.187999999999999723e-01
7.133000000000000451e-01
1.165999999999999953e-01
1.203999999999999931e-01
3.113000000000000211e-01
3.141999999999999793e-01
1.246000000000000024e-01
-4.994999999999999996e-01
7.596000000000000529e-01
-4.102000000000000091e-01
8.379999999999999949e-02
6.777999999999999581e-01
-1.083999999999999964e-01
8.980000000000000482e-02
4.687999999999999945e-01
-8.796000000000000485e-01
7.063000000000000389e-01
-9.496999999999999886e-01
-6.774999999999999911e-01
-5.429000000000000492e-01
5.681000000000000494e-01
2.732999999999999874e-01
-2.194000000000000117e-01
-9.039999999999999425e-02
-2.361999999999999933e-01
-6.606999999999999540e-01
1.305000000000000049e-01
7.863999999999999879e-01
1.663999999999999924e-01
2.038999999999999979e-01
9.586999999999999966e-01
8.408999999999999808e-01
-4.248000000000000109e-01
-7.065000000000000169e-01
9.946000000000000396e-01
-7.096000000000000085e-01
-8.568000000000000060e-01
6.367000000000000437e-01
3.518999999999999906e-01
9.557999999999999829e-01
-2.253999999999999893e-01
4.128999999999999893e-01
4.446999999999999842e-01
5.177000000000000490e-01
-9.265999999999999792e-01
3.820000000000000062e-01
-4.712000000000000077e-01
-5.609999999999999709e-02
-7.769000000000000350e-01
-6.006000000000000227e-01
-9.529999999999999583e-01
-9.684000000000000385e-01
6.094000000000000528e-01
-5.020999999999999908e-01
1.952000000000000124e-01
4.849999999999999867e-01
4.708999999999999853e-01
-4.547999999999999821e-01
-5.093999999999999639e-01
7.810000000000000275e-02
-1.784999999999999920e-01
-8.975999999999999535e-01
5.403000000000000025e-01
-7.895999999999999686e-01
1.381000000000000005e-01
1.940000000000000058e-01
-4.986999999999999766e-01
6.608000000000000540e-01
1.129999999999999928e-02
4.265999999999999792e-01
4.799999999999999822e-01
3.970000000000000195e-01
7.244000000000000439e-01
5.854000000000000314e-01
2.706000000000000072e-01
-7.036999999999999922e-01
-7.667000000000000481e-01
