-5.798999999999999710e-01
-8.980000000000000204e-01
8.004000000000000004e-01
9.260000000000000175e-02
9.542000000000000481e-01
-6.610000000000000597e-02
-6.604999999999999760e-01
4.040000000000000258e-01
-8.100000000000000533e-01
-9.869999999999999607e-02
-7.932000000000000162e-01
-5.994000000000000439e-01
-2.511999999999999789e-01
2.777000000000000024e-01
6.690000000000000113e-02
1.242999999999999938e-01
3.400000000000000244e-01
6.840000000000000524e-01
-2.286999999999999866e-01
9.326999999999999735e-01
7.278999999999999915e-01
5.911999999999999478e-01
4.419000000000000150e-01
7.034000000000000252e-01
4.017000000000000015e-01
-5.088000000000000300e-01
6.077000000000000179e-01
-3.456000000000000183e-01
-5.469000000000000528e-01
-4.965999999999999859e-01
-4.935999999999999832e-01
5.104999999999999538e-01
-6.010999999999999677e-01
4.409000000000000141e-01
-8.080000000000000515e-01
-9.960999999999999854e-01
-8.084999999999999964e-01
5.415999999999999703e-01
6.601000000000000201e-01
-2.069999999999999965e-02
-6.009999999999999787e-01
-1.160000000000000059e-01
6.902000000000000357e-01
2.316000000000000003e-01
-5.806999999999999940e-01
5.243999999999999773e-01
-2.861000000000000210e-01
-2.265000000000000069e-01
7.791000000000000147e-01
-3.884000000000000230e-01
-9.685000000000000275e-01
3.494999999999999774e-01
2.866000000000000214e-01
3.826999999999999846e-01
-5.803000000000000380e-01
-2.908000000000000029e-01
5.965000000000000302e-01
9.102999999999999980e-01
-5.232999999999999874e-01
-3.543999999999999928e-01
6.542000000000000037e-01
-2.152000000000000024e-01
5.311000000000000165e-01
-4.965999999999999859e-01
-5.641000000000000458e-01
-6.049999999999999822e-01
4.585000000000000187e-01
-6.532999999999999918e-01
-7.318999999999999950e-01
4.100000000000000346e-03
-4.716000000000000192e-01
6.148000000000000131e-01
7.710000000000000187e-02
-6.726999999999999647e-01
1.540999999999999870e-01
3.276999999999999913e-01
-3.387000000000000011e-01
5.319000000000000394e-01
-8.205999999999999961e-01
1.655999999999999972e-01
-4.782000000000000139e-01
-9.270000000000000462e-02
6.131999999999999673e-01
8.931000000000000050e-01
8.165999999999999925e-01
8.745000000000000551e-01
6.901000000000000467e-01
3.670000000000000345e-02
8.588999999999999968e-01
-4.341999999999999749e-01
9.730999999999999650e-01
8.737000000000000322e-01
-4.495999999999999996e-01
-8.332000000000000517e-01
6.569999999999999452e-02
-9.393000000000000238e-01
-1.184999999999999942e-01
-3.648000000000000131e-01
-7.601999999999999869e-01
-6.361999999999999877e-01
-1.238999999999999962e-01
-5.164999999999999591e-01
-8.837000000000000410e-01
2.500999999999999890e-01
9.907000000000000250e-01
7.218999999999999861e-01
1.423000000000000098e-01
1.489999999999999936e-01
-9.370000000000000551e-02
-9.303000000000000158e-01
-7.580000000000000071e-01
-5.407999999999999474e-01
2.775000000000000244e-01
4.751000000000000223e-01
-2.765000000000000235e-01
4.250999999999999779e-01
5.877999999999999892e-01
-5.451000000000000290e-01
-9.204999999999999849e-01
-1.053000000000000047e-01
2.280000000000000082e-01
5.060999999999999943e-01
6.540000000000000258e-01
-6.661000000000000254e-01
5.506999999999999673e-01
-6.640000000000000069e-02
-7.496000000000000441e-01
-1.948999999999999899e-01
4.713999999999999857e-01
-3.042000000000000259e-01
-2.401999999999999968e-01
2.220999999999999919e-01
-1.569000000000000117e-01
9.631999999999999451e-01
6.740000000000000435e-01
-8.363000000000000433e-01
-1.792999999999999872e-01
1.799999999999999933e-01
7.096999999999999975e-01
-9.141000000000000236e-01
2.409999999999999989e-02
-3.771999999999999797e-01
4.960999999999999854e-01
3.027000000000000246e-01
5.787999999999999812e-01
-1.086000000000000021e-01
3.029999999999999916e-01
1.990999999999999992e-01
4.390999999999999903e-01
4.697000000000000064e-01
-4.882000000000000228e-01
5.708999999999999631e-01
-2.492000000000000048e-01
-7.540999999999999925e-01
4.369999999999999996e-01
-5.449999999999999983e-02
