2.867999999999999994e-01
5.686999999999999833e-01
6.963000000000000300e-01
4.873000000000000109e-01
-5.633000000000000229e-01
8.429999999999999993e-02
9.021000000000000130e-01
-7.532999999999999696e-01
2.988000000000000100e-01
-7.812000000000000055e-01
2.872000000000000108e-01
8.719999999999999973e-01
2.887000000000000122e-01
2.819999999999999729e-01
3.719000000000000083e-01
-5.929999999999999716e-01
7.632999999999999785e-01
5.582000000000000295e-01
-2.060000000000000026e-02
-3.432999999999999940e-01
1.287999999999999978e-01
1.635000000000000064e-01
3.165000000000000036e-01
5.891999999999999460e-01
-4.424000000000000155e-01
5.100000000000000366e-03
6.126000000000000334e-01
-1.385000000000000120e-01
-6.963000000000000300e-01
-9.459999999999999520e-01
4.988000000000000211e-01
-9.451000000000000512e-01
-6.987999999999999767e-01
6.450000000000000178e-02
5.604999999999999982e-01
-3.542000000000000148e-01
3.563999999999999946e-01
-5.106000000000000538e-01
-1.083999999999999964e-01
-5.157000000000000473e-01
9.364000000000000101e-01
-4.809999999999999692e-02
-1.487999999999999878e-01
8.142000000000000348e-01
-6.803000000000000158e-01
6.082999999999999519e-01
-9.439999999999999780e-02
8.128999999999999559e-01
9.278999999999999471e-01
-5.687999999999999723e-01
5.171999999999999931e-01
-1.106000000000000039e-01
2.902000000000000135e-01
4.106000000000000205e-01
-9.311000000000000387e-01
-4.114999999999999769e-01
2.399000000000000021e-01
1.300999999999999934e-01
2.922000000000000153e-01
-8.590000000000000413e-02
3.644999999999999907e-01
-7.445000000000000506e-01
-1.897000000000000075e-01
-3.887999999999999790e-01
-7.915999999999999703e-01
-3.962999999999999856e-01
3.285000000000000142e-01
6.888999999999999568e-01
2.390000000000000110e-02
7.105000000000000204e-01
-7.075000000000000178e-01
8.840000000000000080e-01
3.385000000000000231e-01
-7.249999999999999500e-02
-3.095999999999999863e-01
6.864000000000000101e-01
7.506000000000000449e-01
-5.856999999999999984e-01
3.141999999999999793e-01
6.031999999999999584e-01
4.193999999999999950e-01
-6.672000000000000153e-01
-8.970000000000000195e-02
2.074999999999999900e-01
9.487999999999999767e-01
-4.984000000000000097e-01
-8.377000000000000002e-01
-9.667999999999999927e-01
7.660000000000000142e-01
8.770000000000000018e-01
3.086999999999999744e-01
-6.499000000000000332e-01
2.879999999999999782e-01
1.000999999999999945e-01
-9.666000000000000147e-01
9.121000000000000218e-01
2.579000000000000181e-01
-2.239999999999999977e-02
-4.333000000000000185e-01
-3.556000000000000272e-01
-1.472999999999999865e-01
-4.410000000000000031e-02
-1.670999999999999985e-01
9.315999999999999837e-01
5.693000000000000282e-01
8.526000000000000245e-01
-6.551000000000000156e-01
-6.016000000000000236e-01
2.474000000000000088e-01
-4.159999999999999809e-01
6.279000000000000137e-01
5.600000000000000533e-01
-6.705999999999999739e-01
5.899999999999999863e-03
3.734999999999999987e-01
1.890000000000000013e-01
2.426000000000000101e-01
-9.758000000000000007e-01
-8.365000000000000213e-01
9.876000000000000334e-01
1.350999999999999979e-01
-5.550000000000000072e-02
1.844999999999999973e-01
-1.864000000000000101e-01
-4.058999999999999830e-01
4.027999999999999914e-01
-3.761999999999999789e-01
8.237999999999999767e-01
2.596999999999999864e-01
5.605999999999999872e-01
3.493999999999999884e-01
-8.370999999999999552e-01
9.586999999999999966e-01
7.970000000000000417e-01
8.381999999999999451e-01
-4.097000000000000086e-01
-1.756999999999999951e-01
-2.290999999999999981e-01
1.970999999999999974e-01
-3.997999999999999887e-01
7.675999999999999490e-01
9.217999999999999527e-01
8.407999999999999918e-01
7.894999999999999796e-01
-3.724999999999999978e-01
-3.880000000000000115e-02
1.250000000000000000e-01
3.699999999999999956e-01
-4.860999999999999766e-01
4.158999999999999919e-01
-5.221999999999999975e-01
6.512999999999999901e-01
2.912000000000000144e-01
9.191000000000000281e-01
7.858000000000000540e-01
2.949999999999999845e-01
