7.318000000000000060e-01
-1.159000000000000030e-01
4.139999999999999791e-01
-1.959999999999999937e-02
9.518999999999999684e-01
2.530999999999999917e-01
-8.686000000000000387e-01
6.802000000000000268e-01
-6.423999999999999710e-01
-2.560000000000000123e-02
9.310000000000000220e-02
7.623999999999999666e-01
-3.219999999999999946e-02
4.375999999999999890e-01
-8.010000000000000453e-02
9.989000000000000101e-01
-4.416999999999999815e-01
1.770000000000000046e-02
-9.978000000000000203e-01
-8.708000000000000185e-01
3.971000000000000085e-01
-9.376999999999999780e-01
3.010999999999999788e-01
-6.179000000000000048e-01
-8.528999999999999915e-01
-7.922000000000000153e-01
-5.578999999999999515e-01
3.352999999999999869e-01
-5.240000000000000213e-02
7.745999999999999552e-01
9.959000000000000075e-01
6.646999999999999575e-01
-9.351000000000000423e-01
-5.069000000000000172e-01
-2.506999999999999784e-01
-3.822999999999999732e-01
-8.307999999999999829e-01
-7.725999999999999535e-01
-5.144999999999999574e-01
8.761999999999999789e-01
6.768999999999999462e-01
5.849999999999999645e-01
-9.988000000000000211e-01
-5.807999999999999829e-01
7.803999999999999826e-01
-6.762000000000000233e-01
3.942999999999999838e-01
-1.356999999999999873e-01
2.857000000000000095e-01
6.608000000000000540e-01
4.230999999999999761e-01
4.012000000000000011e-01
7.813999999999999835e-01
8.951000000000000068e-01
-2.655000000000000138e-01
5.199000000000000288e-01
3.763000000000000234e-01
6.650000000000000355e-02
3.019999999999999907e-01
-1.802999999999999881e-01
-1.723999999999999977e-01
-1.095000000000000001e-01
-6.289000000000000146e-01
1.945000000000000062e-01
-3.371000000000000107e-01
8.871999999999999886e-01
1.824000000000000066e-01
-2.151000000000000134e-01
3.459999999999999742e-01
4.107999999999999985e-01
7.286000000000000254e-01
-6.316000000000000503e-01
-6.512999999999999901e-01
3.165000000000000036e-01
2.165999999999999870e-01
6.465999999999999526e-01
9.100000000000000311e-01
2.299999999999999961e-02
-7.166000000000000147e-01
4.410999999999999921e-01
8.214000000000000190e-01
-9.175999999999999712e-01
6.400000000000000133e-01
3.664999999999999925e-01
9.420000000000000595e-02
-3.063000000000000167e-01
-6.995999999999999996e-01
-1.062000000000000027e-01
4.894000000000000017e-01
-6.098999999999999977e-01
3.302999999999999825e-01
-2.381000000000000061e-01
-4.277000000000000246e-01
1.829999999999999960e-01
-6.664999999999999813e-01
-3.114000000000000101e-01
5.302999999999999936e-01
-6.987999999999999767e-01
7.197999999999999954e-01
-1.275999999999999912e-01
-1.877999999999999947e-01
-1.504999999999999949e-01
-7.819000000000000394e-01
-6.131999999999999673e-01
-8.883999999999999675e-01
-7.803999999999999826e-01
7.518000000000000238e-01
4.318000000000000171e-01
3.079000000000000070e-01
5.555999999999999828e-01
-4.390000000000000152e-02
-6.985999999999999988e-01
8.114999999999999991e-01
-6.279000000000000137e-01
1.812999999999999889e-01
-1.140000000000000041e-02
-9.273000000000000131e-01
4.593999999999999750e-01
-6.546999999999999487e-01
2.595999999999999974e-01
6.854000000000000092e-01
1.691000000000000003e-01
2.204000000000000126e-01
1.768000000000000127e-01
8.673999999999999488e-01
2.139000000000000068e-01
5.750999999999999446e-01
-6.300000000000000044e-03
5.714000000000000190e-01
-9.768999999999999906e-01
-9.409999999999999476e-01
-9.612000000000000544e-01
-7.379000000000000004e-01
2.066999999999999948e-01
4.662999999999999923e-01
-8.444000000000000394e-01
-1.139000000000000012e-01
-9.418999999999999595e-01
5.281000000000000139e-01
-7.889999999999999791e-02
6.343999999999999639e-01
8.092000000000000304e-01
6.370000000000000662e-02
6.760000000000000453e-01
-7.927999999999999492e-01
1.574000000000000121e-01
-1.476999999999999980e-01
-1.844999999999999973e-01
6.483999999999999764e-01
1.542999999999999927e-01
-1.623999999999999888e-01
-1.572000000000000064e-01
-9.990999999999999881e-01
4.469000000000000195e-01
-6.208000000000000185e-01
-1.689999999999999836e-02
