-8.454000000000000403e-01
3.936000000000000054e-01
8.535000000000000364e-01
-1.693999999999999950e-01
3.013000000000000123e-01
9.990999999999999881e-01
-4.052000000000000046e-01
1.973000000000000032e-01
-7.237999999999999989e-01
-4.719999999999999751e-01
-6.472999999999999865e-01
-8.981000000000000094e-01
8.502999999999999448e-01
-4.364000000000000101e-01
-7.211999999999999522e-01
5.041999999999999815e-01
4.998000000000000220e-01
2.119999999999999940e-01
9.135999999999999677e-01
2.924999999999999822e-01
6.743000000000000105e-01
-3.294000000000000261e-01
6.489000000000000323e-01
-1.217000000000000026e-01
-5.026000000000000467e-01
-7.102000000000000535e-01
6.300000000000000044e-01
-3.750000000000000000e-01
5.241999999999999993e-01
-7.511999999999999789e-01
4.434000000000000163e-01
8.093000000000000194e-01
-4.969000000000000083e-01
9.300000000000000488e-01
-6.465999999999999526e-01
2.612999999999999767e-01
7.270999999999999686e-01
-3.116999999999999771e-01
-9.859999999999999876e-01
-6.690000000000000391e-01
4.889000000000000012e-01
4.077999999999999958e-01
-2.878000000000000003e-01
-5.006000000000000449e-01
-9.649999999999999689e-01
-4.855999999999999761e-01
7.937999999999999501e-01
2.228999999999999870e-01
-3.427999999999999936e-01
-6.322999999999999732e-01
1.633000000000000007e-01
8.017999999999999572e-01
6.139000000000000012e-01
2.819999999999999937e-02
8.201000000000000512e-01
3.952999999999999847e-01
2.091000000000000081e-01
-3.276999999999999913e-01
-9.012000000000000011e-01
5.611000000000000432e-01
8.784999999999999476e-01
1.000000000000000021e-02
8.806000000000000494e-01
5.169000000000000261e-01
-8.300999999999999490e-01
-2.369999999999999885e-02
5.057000000000000384e-01
3.669000000000000039e-01
7.699000000000000288e-01
-1.433000000000000107e-01
-4.359000000000000097e-01
-2.107999999999999874e-01
6.945999999999999952e-01
-6.943000000000000282e-01
8.773999999999999577e-01
-1.236000000000000015e-01
-6.552999999999999936e-01
2.132000000000000006e-01
-3.603000000000000091e-01
5.788999999999999702e-01
-9.361000000000000432e-01
1.988000000000000045e-01
-2.299999999999999961e-03
-1.000999999999999945e-01
4.994999999999999996e-01
4.780000000000000221e-02
-2.159999999999999976e-01
-8.014000000000000012e-01
-6.663000000000000034e-01
-8.274000000000000243e-01
-3.286000000000000032e-01
-5.516999999999999682e-01
1.993999999999999939e-01
8.550999999999999712e-01
-2.046000000000000041e-01
2.932000000000000162e-01
-9.862999999999999545e-01
-4.449000000000000177e-01
4.797000000000000153e-01
-2.076999999999999957e-01
-7.989000000000000545e-01
-6.397000000000000464e-01
3.785999999999999921e-01
2.921000000000000263e-01
-7.220999999999999641e-01
7.378000000000000114e-01
-1.887000000000000066e-01
-6.721000000000000307e-01
-6.391999999999999904e-01
5.535999999999999810e-01
-3.650999999999999801e-01
-1.629999999999999852e-02
9.564000000000000279e-01
1.570000000000000007e-01
-3.795999999999999930e-01
2.548000000000000265e-01
-6.530000000000000249e-01
-1.884000000000000119e-01
2.509000000000000119e-01
-6.616999999999999549e-01
-6.806999999999999718e-01
-4.128000000000000003e-01
-5.820000000000000173e-02
-7.169999999999999707e-01
7.088999999999999746e-01
-8.493000000000000549e-01
5.089000000000000190e-01
4.786000000000000254e-01
-8.205000000000000071e-01
-9.068000000000000504e-01
-8.848000000000000309e-01
3.594999999999999862e-01
-2.489999999999999991e-01
4.023999999999999799e-01
-5.675999999999999934e-01
1.185999999999999971e-01
-5.749999999999999556e-01
-2.439999999999999947e-01
8.169999999999999485e-02
2.011000000000000010e-01
-6.481999999999999984e-01
3.397000000000000020e-01
1.454999999999999905e-01
1.691000000000000003e-01
1.708999999999999964e-01
-5.199000000000000288e-01
-2.742999999999999883e-01
-4.222000000000000197e-01
9.627999999999999892e-01
2.368000000000000105e-01
5.476999999999999647e-01
-5.788999999999999702e-01
-2.147999999999999909e-01
5.309000000000000385e-01
-5.726999999999999869e-01
-2.333000000000000074e-01
