-8.123000000000000220e-01
-9.033999999999999808e-01
-2.189000000000000112e-01
2.548000000000000265e-01
2.250000000000000056e-01
5.210000000000000187e-01
4.154999999999999805e-01
-3.469999999999999751e-01
-7.510000000000000009e-02
9.643000000000000460e-01
2.328999999999999959e-01
-9.405000000000000027e-01
-3.412999999999999923e-01
-4.497999999999999776e-01
-9.703000000000000513e-01
6.226000000000000423e-01
3.542000000000000148e-01
-2.777999999999999914e-01
9.560000000000000442e-02
-6.650000000000000355e-02
6.592999999999999972e-01
5.387999999999999456e-01
6.320000000000000617e-02
-2.696000000000000063e-01
3.912999999999999812e-01
-4.813999999999999946e-01
-5.705000000000000071e-01
-5.353999999999999870e-01
5.548999999999999488e-01
1.892999999999999960e-01
9.197999999999999510e-01
9.260000000000000453e-01
6.894000000000000128e-01
9.453000000000000291e-01
5.151000000000000023e-01
5.976000000000000201e-01
9.439999999999999503e-01
-2.454999999999999960e-01
5.026000000000000467e-01
-2.585999999999999965e-01
7.713999999999999746e-01
1.689999999999999836e-02
3.457000000000000073e-01
4.233000000000000096e-01
-1.567999999999999949e-01
-9.297999999999999599e-01
7.360999999999999766e-01
-6.191999999999999726e-01
-8.948000000000000398e-01
9.183000000000000052e-01
-1.260000000000000009e-02
-4.948000000000000176e-01
5.594000000000000083e-01
8.659999999999999643e-02
-1.781999999999999973e-01
7.680000000000000160e-01
1.453000000000000125e-01
2.545999999999999930e-01
1.670000000000000095e-01
5.133999999999999675e-01
1.806000000000000105e-01
5.845000000000000195e-01
1.368000000000000049e-01
1.159999999999999920e-02
-3.316000000000000059e-01
4.900000000000000189e-02
-7.695999999999999508e-01
-5.984000000000000430e-01
-4.661000000000000143e-01
9.368999999999999551e-01
8.739000000000000101e-01
-6.975000000000000089e-01
9.337999999999999634e-01
-6.135000000000000453e-01
7.184000000000000385e-01
9.690999999999999615e-01
-4.828000000000000069e-01
2.179000000000000103e-01
4.011000000000000121e-01
-8.640000000000000457e-02
1.610999999999999932e-01
-3.125000000000000000e-01
-8.497000000000000108e-01
2.265999999999999959e-01
2.831000000000000183e-01
9.872999999999999554e-01
4.646000000000000130e-01
-6.599000000000000421e-01
-1.446000000000000063e-01
-7.950000000000000400e-01
-4.416999999999999815e-01
7.769000000000000350e-01
4.776000000000000245e-01
9.827000000000000179e-01
-8.621999999999999664e-01
8.003000000000000114e-01
-3.805000000000000049e-01
-2.943000000000000060e-01
-4.328000000000000180e-01
-3.201999999999999846e-01
1.250999999999999890e-01
-7.719000000000000306e-01
2.056000000000000050e-01
-1.612000000000000099e-01
-1.499000000000000055e-01
-1.970999999999999974e-01
-7.256000000000000227e-01
-4.420000000000000040e-01
-9.960999999999999854e-01
9.274999999999999911e-01
1.419999999999999873e-01
-2.777999999999999914e-01
4.530000000000000138e-01
-7.537000000000000366e-01
-8.530000000000000082e-02
-1.269000000000000128e-01
-8.849000000000000199e-01
-1.343000000000000027e-01
-9.408999999999999586e-01
-5.162999999999999812e-01
-2.842000000000000082e-01
1.237000000000000044e-01
-6.916999999999999815e-01
-2.106999999999999984e-01
-4.693999999999999839e-01
-4.974000000000000088e-01
4.470000000000000084e-01
4.730000000000000177e-02
3.584999999999999853e-01
-7.852000000000000091e-01
7.090999999999999526e-01
7.059999999999999609e-02
2.431999999999999995e-01
5.362999999999999989e-01
7.188999999999999835e-01
-8.120000000000000551e-01
9.562000000000000499e-01
7.639000000000000234e-01
-6.038999999999999924e-01
9.187999999999999501e-01
7.488000000000000211e-01
6.625999999999999668e-01
1.458000000000000129e-01
-8.179999999999999771e-02
-2.666999999999999926e-01
-6.988999999999999657e-01
-3.035999999999999810e-01
-7.381999999999999673e-01
-9.617999999999999883e-01
-9.690999999999999615e-01
2.731000000000000094e-01
1.719999999999999862e-01
-8.806000000000000494e-01
6.980000000000000093e-02
-9.221000000000000307e-01
-5.208000000000000407e-01
