-3.230999999999999983e-01
5.917999999999999927e-01
-4.676000000000000156e-01
-8.934999999999999609e-01
3.387999999999999901e-01
-1.089999999999999997e-01
-7.866999999999999549e-01
-3.729000000000000092e-01
-1.749999999999999889e-01
-2.489000000000000101e-01
6.915999999999999925e-01
8.487999999999999989e-01
7.110999999999999543e-01
3.739999999999999991e-01
9.160000000000000087e-02
9.301000000000000378e-01
-8.369999999999999662e-02
-9.020000000000000240e-02
7.439999999999999947e-01
9.127999999999999448e-01
1.257000000000000062e-01
-7.063000000000000389e-01
9.690999999999999615e-01
5.820999999999999508e-01
-2.242999999999999994e-01
-7.758000000000000451e-01
4.914999999999999925e-01
2.806000000000000161e-01
5.981999999999999540e-01
-5.288000000000000478e-01
4.730000000000000177e-02
3.700999999999999845e-01
9.160000000000000087e-02
2.409000000000000030e-01
-5.231000000000000094e-01
-1.834999999999999964e-01
9.252000000000000224e-01
-5.726999999999999869e-01
4.898000000000000131e-01
-3.910000000000000281e-02
-4.560000000000000164e-02
-1.572999999999999954e-01
-9.404000000000000137e-01
1.280000000000000061e-02
-9.052999999999999936e-01
-6.876999999999999780e-01
-1.499999999999999944e-02
-9.977000000000000313e-01
2.559000000000000163e-01
-1.168000000000000010e-01
-8.790000000000000591e-02
-8.148999999999999577e-01
-5.491000000000000325e-01
7.887999999999999456e-01
-6.550000000000000266e-01
-7.642999999999999794e-01
8.070000000000000506e-01
-5.793000000000000371e-01
-3.060999999999999832e-01
8.374000000000000332e-01
3.205000000000000071e-01
-9.331000000000000405e-01
-4.828000000000000069e-01
6.586999999999999522e-01
7.785999999999999588e-01
5.322000000000000064e-01
1.130000000000000032e-01
-8.624000000000000554e-01
-9.683000000000000496e-01
-1.140000000000000041e-01
-3.618000000000000105e-01
1.559999999999999928e-02
-1.728999999999999981e-01
1.809999999999999942e-01
-5.850000000000000339e-02
7.359999999999999876e-01
1.700000000000000122e-01
5.868999999999999773e-01
-4.062999999999999945e-01
2.295999999999999985e-01
-3.882999999999999785e-01
-3.891999999999999904e-01
3.481000000000000205e-01
3.262999999999999790e-01
-7.240000000000000602e-02
7.086999999999999966e-01
-1.459999999999999909e-01
-2.149000000000000077e-01
-4.580000000000000043e-02
8.848000000000000309e-01
1.907000000000000084e-01
8.420999999999999597e-01
9.453000000000000291e-01
4.249999999999999889e-01
-7.933000000000000052e-01
-3.531000000000000250e-01
6.516999999999999460e-01
-1.969999999999999876e-02
8.151000000000000467e-01
2.134999999999999953e-01
8.258999999999999675e-01
-1.751000000000000056e-01
-2.662999999999999812e-01
-7.889999999999999791e-02
-5.021999999999999797e-01
-5.899999999999999689e-01
2.452999999999999903e-01
8.119999999999999440e-02
-3.487999999999999989e-01
-9.303000000000000158e-01
-3.481000000000000205e-01
-5.489999999999999741e-02
-6.768999999999999462e-01
2.104999999999999927e-01
9.091000000000000192e-01
2.807000000000000051e-01
-5.688999999999999613e-01
3.368999999999999773e-01
5.038000000000000256e-01
8.880000000000000115e-01
-9.911999999999999700e-01
-2.954999999999999849e-01
1.771000000000000074e-01
-8.333000000000000407e-01
-3.270000000000000129e-01
9.310000000000000220e-02
-9.838000000000000078e-01
1.158000000000000002e-01
9.527999999999999803e-01
-1.959999999999999937e-02
-1.519999999999999962e-01
-5.725000000000000089e-01
-6.239999999999999714e-02
-7.845999999999999641e-01
-1.502000000000000002e-01
-4.067000000000000060e-01
-7.886999999999999567e-01
6.233999999999999542e-01
-6.470000000000000195e-01
-8.903999999999999693e-01
-6.329999999999999516e-02
8.578999999999999959e-01
6.619999999999999496e-02
-3.003000000000000114e-01
-7.123000000000000442e-01
4.299999999999999933e-01
9.276999999999999691e-01
8.639000000000000012e-01
-6.734999999999999876e-01
7.256000000000000227e-01
-2.813999999999999835e-01
9.671999999999999487e-01
6.519999999999999407e-02
-9.111000000000000210e-01
-6.433999999999999719e-01
-3.610999999999999766e-01
