-9.869999999999999885e-01
-6.469000000000000306e-01
-2.737999999999999878e-01
8.574000000000000510e-01
-1.968999999999999917e-01
7.671999999999999931e-01
-7.169999999999999707e-01
-2.539000000000000146e-01
-5.204999999999999627e-01
-9.568999999999999728e-01
-3.090999999999999859e-01
-7.840000000000000302e-01
9.008000000000000451e-01
3.826999999999999846e-01
-8.044000000000000039e-01
2.898000000000000020e-01
-1.368999999999999939e-01
1.034000000000000058e-01
-8.665000000000000480e-01
-1.700000000000000122e-01
-3.733000000000000207e-01
-2.640000000000000124e-01
-6.774000000000000021e-01
7.539999999999999480e-02
9.364000000000000101e-01
2.373000000000000109e-01
4.817000000000000171e-01
-3.356000000000000094e-01
1.381999999999999895e-01
1.428000000000000103e-01
3.527000000000000135e-01
3.431000000000000161e-01
5.826000000000000068e-01
-6.800000000000000488e-01
-9.539999999999999869e-02
5.603000000000000203e-01
8.272000000000000464e-01
-3.664999999999999925e-01
7.148999999999999799e-01
-5.194999999999999618e-01
-4.420000000000000040e-01
-2.457000000000000017e-01
3.778000000000000247e-01
-4.254999999999999893e-01
5.031999999999999806e-01
1.660000000000000087e-01
9.326999999999999735e-01
-2.242000000000000104e-01
-4.792000000000000148e-01
3.266000000000000014e-01
-3.699000000000000066e-01
6.000000000000000125e-03
-9.991999999999999771e-01
7.090999999999999526e-01
5.926000000000000156e-01
-9.020000000000000240e-01
7.570000000000000062e-01
2.480999999999999872e-01
-3.850999999999999979e-01
-7.583999999999999631e-01
9.055999999999999606e-01
5.486999999999999655e-01
-4.722999999999999976e-01
-6.695999999999999730e-01
-1.859999999999999987e-01
-8.424000000000000377e-01
-1.035999999999999976e-01
3.501000000000000223e-01
-5.170000000000000290e-02
8.682999999999999607e-01
2.536999999999999811e-01
-4.500000000000000111e-01
-1.220000000000000077e-02
1.909999999999999892e-02
-7.504999999999999449e-01
2.434999999999999942e-01
-5.050000000000000322e-02
-8.121000000000000441e-01
9.476999999999999869e-01
4.571000000000000063e-01
-8.701999999999999735e-01
8.760000000000000009e-01
-3.946999999999999953e-01
9.056999999999999496e-01
-4.789999999999999813e-02
4.711000000000000187e-01
2.827000000000000068e-01
-2.295000000000000095e-01
-3.926000000000000045e-01
6.276000000000000467e-01
-4.561000000000000054e-01
-9.203000000000000069e-01
-6.672000000000000153e-01
5.090999999999999970e-01
7.741999999999999993e-01
-9.757000000000000117e-01
-1.542000000000000037e-01
-9.173000000000000043e-01
2.719999999999999848e-02
-8.292000000000000481e-01
6.118000000000000105e-01
-7.960000000000000409e-02
6.463999999999999746e-01
5.990000000000000185e-02
-7.240000000000000602e-02
-1.360999999999999988e-01
6.091999999999999638e-01
-9.966000000000000414e-01
-8.854999999999999538e-01
9.403000000000000247e-01
1.380000000000000115e-01
-5.365999999999999659e-01
2.023000000000000076e-01
7.082000000000000517e-01
-5.697999999999999732e-01
7.815999999999999615e-01
-8.004000000000000004e-01
6.252999999999999670e-01
5.691000000000000503e-01
9.862999999999999545e-01
4.776000000000000245e-01
9.264999999999999902e-01
6.500000000000000222e-01
1.980000000000000093e-01
3.643000000000000127e-01
-5.542000000000000259e-01
-4.485999999999999988e-01
-6.881000000000000449e-01
7.659000000000000252e-01
3.921000000000000041e-01
9.229999999999999316e-02
4.388000000000000234e-01
-7.678000000000000380e-01
-9.253000000000000114e-01
-6.481999999999999984e-01
3.839000000000000190e-01
5.642000000000000348e-01
-7.499999999999999722e-02
-5.800999999999999490e-01
2.068000000000000116e-01
-6.626999999999999558e-01
-6.364999999999999547e-01
1.930000000000000118e-02
8.316000000000000059e-01
-5.276999999999999469e-01
-3.299999999999999982e-03
7.066999999999999948e-01
-1.852000000000000035e-01
2.260999999999999954e-01
1.277999999999999969e-01
5.008000000000000229e-01
7.123000000000000442e-01
-8.362000000000000544e-01
-7.398000000000000131e-01
-2.953000000000000069e-01
-7.678000000000000380e-01
