-3.403999999999999804e-01
1.585000000000000020e-01
2.816000000000000170e-01
-4.556000000000000050e-01
9.920999999999999819e-01
-6.821000000000000396e-01
4.560000000000000164e-01
5.998999999999999888e-01
-5.510000000000000314e-02
1.600000000000000077e-03
8.868000000000000327e-01
-9.588999999999999746e-01
-9.271000000000000352e-01
-4.057999999999999940e-01
-3.266000000000000014e-01
8.848000000000000309e-01
6.267000000000000348e-01
-5.845000000000000195e-01
-7.822999999999999954e-01
-8.203000000000000291e-01
3.320000000000000034e-02
-7.080000000000000182e-02
-2.646000000000000019e-01
-5.679999999999999494e-01
8.000000000000000383e-04
-9.317999999999999616e-01
7.220999999999999641e-01
5.849999999999999645e-01
-9.539999999999999869e-02
-7.708000000000000407e-01
1.739999999999999880e-02
-8.649999999999999356e-02
-6.035000000000000364e-01
-7.326000000000000290e-01
-8.493000000000000549e-01
-1.482999999999999874e-01
-2.567999999999999727e-01
6.544999999999999707e-01
2.076999999999999957e-01
3.694000000000000061e-01
-4.400000000000000265e-03
-4.164999999999999813e-01
8.769000000000000128e-01
-6.048999999999999932e-01
1.748000000000000109e-01
-2.379999999999999893e-01
5.250000000000000222e-01
-4.542999999999999816e-01
7.055000000000000160e-01
-1.514000000000000068e-01
9.735000000000000320e-01
5.131000000000000005e-01
-6.991000000000000547e-01
-5.110999999999999988e-01
5.834000000000000297e-01
1.232000000000000040e-01
3.290000000000000147e-01
1.089999999999999997e-01
-7.562999999999999723e-01
9.578999999999999737e-01
-3.887999999999999790e-01
-1.590000000000000094e-02
-5.603000000000000203e-01
-3.037000000000000255e-01
9.162000000000000144e-01
5.995000000000000329e-01
8.179999999999999771e-02
-7.913999999999999924e-01
-7.851000000000000201e-01
-6.717999999999999527e-01
-8.440000000000000280e-02
-9.122999999999999998e-01
3.095999999999999863e-01
8.705000000000000515e-01
2.159999999999999976e-01
3.412999999999999923e-01
2.141000000000000125e-01
3.280000000000000276e-02
-7.609000000000000208e-01
-1.776999999999999968e-01
-3.297999999999999821e-01
6.991000000000000547e-01
-4.431999999999999829e-01
-4.288000000000000145e-01
-7.939000000000000501e-01
-7.435000000000000497e-01
-3.887999999999999790e-01
8.459999999999999465e-02
-3.350000000000000200e-02
-1.726999999999999924e-01
6.755999999999999783e-01
9.092000000000000082e-01
7.530000000000000027e-01
-5.439000000000000501e-01
6.786999999999999700e-01
5.987999999999999989e-01
3.911000000000000032e-01
-5.930999999999999606e-01
-3.022000000000000242e-01
1.265999999999999903e-01
-3.902999999999999803e-01
9.448999999999999622e-01
9.949999999999999956e-01
1.529999999999999936e-02
-5.953000000000000513e-01
4.375999999999999890e-01
-1.381999999999999895e-01
-6.709000000000000519e-01
-9.991999999999999771e-01
-4.858999999999999986e-01
-4.262000000000000233e-01
5.837999999999999856e-01
-2.283000000000000029e-01
7.311999999999999611e-01
-6.469999999999999363e-02
5.245999999999999552e-01
5.782000000000000473e-01
-6.509000000000000341e-01
7.258999999999999897e-01
9.846000000000000307e-01
1.443000000000000116e-01
8.260000000000000675e-02
6.159999999999999920e-01
7.110999999999999543e-01
7.136000000000000121e-01
-5.796000000000000041e-01
4.943000000000000171e-01
8.399999999999999689e-01
-6.581000000000000183e-01
-3.219999999999999946e-02
-3.470000000000000168e-02
-2.777999999999999914e-01
-2.351999999999999924e-01
-5.469999999999999862e-02
-1.293999999999999873e-01
8.869000000000000217e-01
1.100000000000000006e-01
6.429999999999999605e-02
-6.660000000000000642e-02
-7.996999999999999664e-01
-8.000000000000000383e-04
-3.397999999999999909e-01
7.831000000000000183e-01
-9.192000000000000171e-01
-2.381999999999999951e-01
-3.281000000000000028e-01
-7.307000000000000162e-01
8.822999999999999732e-01
-4.556000000000000050e-01
-4.531999999999999917e-01
2.187999999999999945e-01
-7.526000000000000467e-01
-6.223999999999999533e-01
6.588000000000000522e-01
-3.504999999999999782e-01
-9.194999999999999840e-01
