-2.871000000000000218e-01
3.020999999999999797e-01
-4.511000000000000010e-01
8.438999999999999835e-01
4.452999999999999736e-01
2.076000000000000068e-01
-1.332000000000000128e-01
-8.971000000000000085e-01
5.328000000000000513e-01
1.930000000000000118e-02
-5.838999999999999746e-01
-4.970000000000000112e-02
-6.647999999999999465e-01
3.388999999999999790e-01
3.096999999999999753e-01
4.088999999999999857e-01
-7.559000000000000163e-01
6.489999999999999936e-02
9.991999999999999771e-01
-6.306000000000000494e-01
-9.590999999999999526e-01
-3.254000000000000226e-01
4.292000000000000259e-01
-5.894000000000000350e-01
6.502999999999999892e-01
-4.625000000000000222e-01
-5.171999999999999931e-01
7.610000000000000098e-01
-5.282000000000000028e-01
-4.742000000000000104e-01
-9.883999999999999453e-01
-2.989999999999999949e-02
7.741999999999999993e-01
-8.737000000000000322e-01
9.389999999999999458e-01
3.664999999999999925e-01
8.763999999999999568e-01
9.667999999999999927e-01
2.000000000000000042e-03
7.510000000000000009e-01
4.480000000000000093e-01
9.633000000000000451e-01
5.238000000000000433e-01
-7.755999999999999561e-01
1.562999999999999945e-01
9.775000000000000355e-01
-3.630999999999999783e-01
8.850999999999999979e-01
-3.659999999999999920e-01
4.282000000000000250e-01
8.800999999999999934e-01
-6.216000000000000414e-01
3.169999999999999901e-02
4.910999999999999810e-01
9.183999999999999941e-01
4.783000000000000029e-01
-8.843999999999999639e-01
-7.198999999999999844e-01
-5.538999999999999480e-01
7.158999999999999808e-01
7.749999999999999944e-02
-5.993000000000000549e-01
6.243999999999999551e-01
3.350000000000000200e-02
8.495000000000000329e-01
-8.516000000000000236e-01
-8.830000000000000349e-02
-9.179000000000000492e-01
-1.920000000000000040e-01
5.443999999999999950e-01
-3.654999999999999916e-01
-7.026999999999999913e-01
-5.244999999999999662e-01
-7.397000000000000242e-01
6.633000000000000007e-01
-6.883000000000000229e-01
8.175999999999999934e-01
9.790000000000000091e-02
5.949999999999999734e-02
-5.635000000000000009e-01
1.557000000000000051e-01
9.223999999999999977e-01
-1.920999999999999930e-01
-5.526999999999999691e-01
-3.073000000000000176e-01
4.259000000000000008e-01
-6.661000000000000254e-01
-5.526999999999999691e-01
-6.118000000000000105e-01
8.054000000000000048e-01
-2.187000000000000055e-01
6.913000000000000256e-01
1.477999999999999869e-01
1.710000000000000131e-01
-6.468000000000000416e-01
6.584999999999999742e-01
-7.209999999999999742e-02
7.029999999999999583e-01
-2.404999999999999916e-01
3.628000000000000114e-01
4.889000000000000012e-01
-1.481000000000000094e-01
-2.179000000000000103e-01
4.736000000000000210e-01
8.260999999999999455e-01
5.474999999999999867e-01
1.559999999999999928e-02
4.118999999999999884e-01
-5.673000000000000265e-01
3.731999999999999762e-01
-4.819999999999999840e-01
4.973000000000000198e-01
8.145999999999999908e-01
6.425999999999999490e-01
9.243000000000000105e-01
9.119000000000000439e-01
-1.665999999999999981e-01
-7.397000000000000242e-01
4.907000000000000250e-01
5.927000000000000046e-01
3.173000000000000265e-01
7.391999999999999682e-01
4.224999999999999867e-01
4.687000000000000055e-01
-7.982000000000000206e-01
2.089999999999999913e-01
3.365000000000000213e-01
1.549999999999999989e-02
5.107000000000000428e-01
2.726000000000000090e-01
6.419999999999999318e-02
2.504000000000000115e-01
-8.196999999999999842e-01
-8.053000000000000158e-01
-6.050999999999999712e-01
8.570999999999999730e-01
9.527999999999999803e-01
7.741999999999999993e-01
6.967999999999999750e-01
1.743999999999999995e-01
-3.673000000000000154e-01
7.020999999999999464e-01
-7.893000000000000016e-01
4.675000000000000266e-01
4.996999999999999775e-01
-9.486999999999999877e-01
-5.552000000000000268e-01
-6.611000000000000210e-01
1.464000000000000024e-01
2.947000000000000175e-01
-9.051000000000000156e-01
1.005999999999999950e-01
1.902999999999999969e-01
5.433999999999999941e-01
1.799999999999999864e-02
1.602999999999999980e-01
