-2.715000000000000191e-01
8.739000000000000101e-01
-2.031000000000000028e-01
5.185999999999999499e-01
2.972000000000000197e-01
1.463000000000000134e-01
2.099999999999999870e-03
7.274000000000000465e-01
6.804000000000000048e-01
-7.459999999999999964e-01
3.936000000000000054e-01
-8.332000000000000517e-01
1.001999999999999974e-01
5.469999999999999862e-02
3.306999999999999940e-01
-5.654000000000000137e-01
-3.796999999999999820e-01
4.269000000000000017e-01
-5.169000000000000261e-01
5.486999999999999655e-01
3.296999999999999931e-01
6.441999999999999948e-01
-6.186000000000000387e-01
-6.028000000000000025e-01
-4.580000000000000043e-02
4.556999999999999940e-01
1.274000000000000132e-01
2.929999999999999966e-02
-7.513999999999999568e-01
-8.665000000000000480e-01
-1.917000000000000093e-01
1.812999999999999889e-01
3.912999999999999812e-01
6.976999999999999869e-01
8.989999999999999380e-02
-8.877000000000000446e-01
-7.768000000000000460e-01
5.725999999999999979e-01
2.852999999999999980e-01
2.000000000000000042e-03
7.903000000000000025e-01
-3.094000000000000083e-01
7.981000000000000316e-01
-8.388999999999999790e-01
-1.723000000000000087e-01
-2.715000000000000191e-01
1.335000000000000075e-01
5.133999999999999675e-01
-9.113999999999999879e-01
-8.961000000000000076e-01
3.760999999999999899e-01
-6.005000000000000338e-01
1.318999999999999895e-01
-4.249999999999999889e-01
-6.693999999999999950e-01
1.751000000000000056e-01
-8.628000000000000114e-01
2.785000000000000253e-01
-7.987999999999999545e-01
4.198000000000000065e-01
-9.260000000000000453e-01
9.160000000000000364e-01
1.796000000000000096e-01
-3.452999999999999958e-01
2.829999999999999738e-01
1.676999999999999880e-01
-2.616999999999999882e-01
4.587999999999999856e-01
-4.766000000000000236e-01
5.889999999999999680e-01
9.058000000000000496e-01
5.372999999999999998e-01
9.394000000000000128e-01
7.504999999999999449e-01
7.570999999999999952e-01
5.977000000000000091e-01
-3.427999999999999936e-01
8.900000000000000133e-01
-7.672999999999999821e-01
-6.586999999999999522e-01
8.205999999999999961e-01
4.789999999999999813e-01
5.118000000000000327e-01
4.459000000000000186e-01
4.506000000000000005e-01
-1.368999999999999939e-01
-8.150000000000000300e-02
-9.474000000000000199e-01
8.430999999999999606e-01
-4.551000000000000045e-01
-5.513000000000000123e-01
6.489000000000000323e-01
-4.401999999999999802e-01
6.179000000000000048e-01
-2.460000000000000034e-02
-1.991999999999999882e-01
-8.066999999999999726e-01
-3.879000000000000226e-01
1.539000000000000090e-01
-1.164000000000000035e-01
5.214999999999999636e-01
6.502000000000000002e-01
-1.200000000000000025e-02
-4.142000000000000126e-01
7.650000000000000133e-01
-4.591999999999999971e-01
-4.087999999999999967e-01
8.889000000000000234e-01
1.609999999999999973e-02
-1.015999999999999959e-01
-1.847000000000000031e-01
-7.331999999999999629e-01
9.354999999999999982e-01
-3.630999999999999783e-01
6.026000000000000245e-01
-8.528999999999999915e-01
7.426000000000000378e-01
-4.912000000000000255e-01
-4.119999999999999774e-01
1.082999999999999935e-01
-5.779999999999999583e-01
-2.965999999999999748e-01
5.673000000000000265e-01
1.607999999999999985e-01
2.242000000000000104e-01
7.130999999999999561e-01
2.257000000000000117e-01
-3.079999999999999960e-01
-6.869999999999999718e-02
6.675999999999999712e-01
-3.479999999999999760e-01
6.556999999999999496e-01
7.047999999999999821e-01
-1.107999999999999957e-01
-1.980000000000000093e-01
3.830000000000000071e-01
-2.741999999999999993e-01
4.005000000000000226e-01
-9.345999999999999863e-01
-8.630999999999999783e-01
-6.753000000000000114e-01
6.404999999999999583e-01
-2.497999999999999943e-01
-7.448000000000000176e-01
5.073999999999999622e-01
-7.524999999999999467e-01
7.193000000000000504e-01
-5.914000000000000368e-01
-1.587000000000000077e-01
-5.497999999999999554e-01
3.318999999999999728e-01
1.103999999999999981e-01
-1.865999999999999881e-01
-8.413000000000000478e-01
1.174999999999999933e-01
-7.905999999999999694e-01
