8.894999999999999574e-01
-6.007000000000000117e-01
-4.021000000000000130e-01
-7.448000000000000176e-01
-1.699999999999999905e-03
-9.867000000000000215e-01
9.735000000000000320e-01
8.740000000000000546e-02
6.243999999999999551e-01
9.052000000000000046e-01
-8.898000000000000353e-01
4.043999999999999817e-01
4.240999999999999770e-01
5.091999999999999860e-01
-4.938000000000000167e-01
4.642000000000000015e-01
5.750000000000000250e-02
-5.758999999999999675e-01
1.751999999999999946e-01
-1.902999999999999969e-01
-5.688999999999999613e-01
-6.494999999999999662e-01
-1.100000000000000006e-01
-6.281999999999999806e-01
-1.050000000000000065e-02
-6.300000000000000044e-03
-3.200999999999999956e-01
-8.183000000000000274e-01
5.407999999999999474e-01
-1.771000000000000074e-01
-2.451000000000000123e-01
7.473999999999999533e-01
7.398000000000000131e-01
-3.245999999999999996e-01
-3.093000000000000194e-01
3.240999999999999992e-01
-1.653999999999999915e-01
-1.479000000000000037e-01
-3.402999999999999914e-01
-3.759000000000000119e-01
-2.755000000000000226e-01
3.189000000000000168e-01
-4.719999999999999890e-02
-3.942999999999999838e-01
6.381999999999999895e-01
-2.761000000000000121e-01
6.040999999999999703e-01
-3.869000000000000217e-01
7.963999999999999968e-01
6.850000000000000533e-01
-8.826000000000000512e-01
9.529999999999999583e-01
-3.892999999999999794e-01
-9.808999999999999941e-01
6.387000000000000455e-01
1.534000000000000086e-01
7.300000000000000065e-03
-9.951999999999999735e-01
2.144999999999999962e-01
-2.720000000000000195e-01
3.397000000000000020e-01
2.896000000000000241e-01
-5.299000000000000377e-01
6.686999999999999611e-01
-1.642000000000000126e-01
7.989000000000000545e-01
-4.457999999999999741e-01
-5.947999999999999954e-01
-2.750000000000000014e-02
-5.550000000000000488e-01
4.547999999999999821e-01
9.697999999999999954e-01
2.998999999999999999e-01
8.129999999999999727e-02
9.215999999999999748e-01
-2.998999999999999999e-01
9.287999999999999590e-01
9.156999999999999584e-01
-4.187000000000000166e-01
-1.102000000000000063e-01
9.092000000000000082e-01
1.905999999999999917e-01
-4.708999999999999853e-01
2.605999999999999983e-01
4.469000000000000195e-01
-8.296000000000000041e-01
-8.407000000000000028e-01
-6.815999999999999837e-01
3.171999999999999820e-01
1.986999999999999877e-01
-3.276000000000000023e-01
-5.410000000000000225e-02
-6.569999999999999452e-02
-9.438999999999999613e-01
-2.084999999999999909e-01
-8.999999999999999754e-04
-5.009000000000000119e-01
-8.670999999999999819e-01
1.137999999999999984e-01
7.184000000000000385e-01
2.904999999999999805e-01
6.280999999999999917e-01
-8.749999999999999445e-02
-7.485000000000000542e-01
-8.571999999999999620e-01
3.835999999999999965e-01
-2.850000000000000103e-02
-6.399000000000000243e-01
2.000000000000000096e-04
1.899999999999999996e-03
5.234999999999999654e-01
6.669999999999999540e-02
9.132000000000000117e-01
-1.983000000000000040e-01
-4.892000000000000237e-01
-7.727000000000000535e-01
-4.828000000000000069e-01
-1.812000000000000000e-01
6.961000000000000520e-01
8.318999999999999728e-01
-3.312999999999999834e-01
7.702999999999999847e-01
-9.717000000000000082e-01
-5.907000000000000028e-01
-9.796000000000000263e-01
8.232000000000000428e-01
3.694000000000000061e-01
4.092999999999999972e-01
-9.676000000000000156e-01
6.025000000000000355e-01
-2.427999999999999881e-01
-1.302000000000000102e-01
8.473000000000000531e-01
5.897000000000000020e-01
-8.333000000000000407e-01
6.228000000000000203e-01
-5.503000000000000114e-01
-7.080000000000000182e-02
-7.725999999999999535e-01
9.627999999999999892e-01
-3.059999999999999942e-01
8.014999999999999902e-01
-6.844999999999999973e-01
6.076000000000000290e-01
-1.716000000000000025e-01
-3.603000000000000091e-01
3.150000000000000022e-01
2.555000000000000049e-01
-5.046000000000000485e-01
1.713999999999999968e-01
1.400000000000000029e-02
8.204000000000000181e-01
8.425000000000000266e-01
5.431000000000000272e-01
5.983000000000000540e-01
-6.744999999999999885e-01
