5.129000000000000226e-01
1.359999999999999924e-02
7.042000000000000481e-01
2.308000000000000052e-01
-9.331000000000000405e-01
-1.580999999999999905e-01
5.364999999999999769e-01
7.407000000000000250e-01
2.758999999999999786e-01
-6.797999999999999599e-01
-3.473999999999999866e-01
7.426000000000000378e-01
7.083000000000000407e-01
-9.023999999999999799e-01
-1.547000000000000042e-01
2.958000000000000074e-01
3.640000000000000180e-02
-2.331000000000000016e-01
2.872000000000000108e-01
-6.173999999999999488e-01
-1.332000000000000128e-01
5.093999999999999639e-01
-5.630000000000000282e-02
7.561999999999999833e-01
-2.273000000000000020e-01
7.508000000000000229e-01
8.955999999999999517e-01
2.109000000000000041e-01
-8.065999999999999837e-01
-7.194000000000000394e-01
3.165000000000000036e-01
-2.980000000000000010e-02
-7.947999999999999510e-01
-4.565000000000000169e-01
2.462999999999999912e-01
-9.418999999999999595e-01
1.837000000000000022e-01
3.009999999999999898e-01
7.175000000000000266e-01
-8.947000000000000508e-01
8.558000000000000052e-01
-8.223000000000000309e-01
4.727000000000000091e-01
1.087000000000000050e-01
1.996999999999999886e-01
-5.927000000000000046e-01
-3.921000000000000041e-01
-6.709000000000000519e-01
-5.752000000000000446e-01
-6.383999999999999675e-01
-7.536000000000000476e-01
7.972000000000000197e-01
-8.267999999999999794e-01
-9.626000000000000112e-01
-2.682999999999999829e-01
-1.320000000000000062e-01
1.750000000000000167e-02
-7.731999999999999984e-01
-5.664000000000000146e-01
8.764999999999999458e-01
-2.000000000000000042e-03
7.779000000000000359e-01
-8.581999999999999629e-01
7.315000000000000391e-01
-3.447000000000000064e-01
5.675000000000000044e-01
8.766000000000000458e-01
9.536000000000000032e-01
-1.323000000000000009e-01
1.771999999999999964e-01
6.009999999999999787e-01
8.666000000000000369e-01
-2.328999999999999959e-01
-9.322000000000000286e-01
9.092000000000000082e-01
-1.831000000000000127e-01
5.703000000000000291e-01
-1.165000000000000063e-01
-7.049999999999999323e-02
-9.805000000000000382e-01
-7.399000000000000021e-01
-9.641999999999999460e-01
-6.257000000000000339e-01
-4.265999999999999792e-01
3.973999999999999755e-01
7.341999999999999638e-01
4.289000000000000035e-01
7.700000000000000247e-03
-9.197999999999999510e-01
-5.053999999999999604e-01
3.503000000000000003e-01
8.791999999999999815e-01
5.351000000000000201e-01
7.050999999999999490e-01
-7.943000000000000060e-01
-3.663000000000000145e-01
4.123999999999999888e-01
-7.086000000000000076e-01
-7.530000000000000027e-01
3.422999999999999932e-01
-8.701999999999999735e-01
6.018999999999999906e-01
-5.720000000000000084e-02
2.111000000000000099e-01
-5.713000000000000300e-01
5.581000000000000405e-01
6.196000000000000396e-01
4.895999999999999797e-01
4.737000000000000099e-01
-9.427999999999999714e-01
-7.902000000000000135e-01
3.548000000000000043e-01
1.160000000000000059e-01
-4.465999999999999970e-01
-9.560999999999999499e-01
6.750000000000000444e-02
-3.541000000000000258e-01
-9.547999999999999821e-01
-3.967999999999999861e-01
9.337999999999999634e-01
-5.024999999999999467e-01
4.370000000000000273e-02
-5.330000000000000293e-01
7.049999999999999323e-02
-3.690999999999999837e-01
-8.532999999999999474e-01
4.401999999999999802e-01
-4.802000000000000157e-01
3.185000000000000053e-01
8.792999999999999705e-01
-7.682999999999999829e-01
-5.899999999999999689e-02
-3.101999999999999758e-01
-4.064999999999999725e-01
8.072000000000000286e-01
-3.556000000000000272e-01
-4.250999999999999779e-01
9.026999999999999469e-01
7.008999999999999675e-01
-9.583000000000000407e-01
6.064000000000000501e-01
-3.478999999999999870e-01
-7.806999999999999496e-01
8.643999999999999462e-01
-3.012000000000000233e-01
3.378999999999999782e-01
1.265999999999999903e-01
9.966000000000000414e-01
8.127999999999999670e-01
-3.630999999999999783e-01
3.947999999999999843e-01
1.441000000000000059e-01
-1.910000000000000031e-01
-5.174999999999999600e-01
7.849000000000000421e-01
-5.682000000000000384e-01
