-8.967000000000000526e-01
-7.245000000000000329e-01
-5.630000000000000282e-02
-1.970999999999999974e-01
4.964999999999999969e-01
6.348000000000000309e-01
2.218999999999999861e-01
1.395000000000000129e-01
7.579000000000000181e-01
-6.199999999999999782e-03
-6.582999999999999963e-01
-9.817000000000000171e-01
-7.703999999999999737e-01
2.580000000000000071e-01
-6.370000000000000662e-02
-4.420999999999999930e-01
-2.268999999999999906e-01
-7.614999999999999547e-01
-3.435000000000000275e-01
-9.834000000000000519e-01
-4.873000000000000109e-01
-9.193999999999999950e-01
-6.646999999999999575e-01
7.187999999999999945e-01
-1.062000000000000027e-01
2.215999999999999914e-01
-2.792999999999999927e-01
-2.707999999999999852e-01
9.055999999999999606e-01
7.846999999999999531e-01
3.110999999999999877e-01
-6.759999999999999343e-02
-8.973999999999999755e-01
-9.905000000000000471e-01
-9.507999999999999785e-01
3.753000000000000225e-01
-3.961999999999999966e-01
1.580000000000000016e-01
-3.760000000000000009e-01
6.061999999999999611e-01
2.172000000000000042e-01
-7.439999999999999947e-01
-9.896000000000000352e-01
-4.621999999999999997e-01
3.905000000000000138e-01
2.936000000000000276e-01
-6.585999999999999632e-01
-7.458000000000000185e-01
2.258999999999999897e-01
9.270000000000000462e-02
2.868999999999999884e-01
2.454000000000000070e-01
-9.815000000000000391e-01
-7.096999999999999975e-01
-1.039000000000000062e-01
-5.833000000000000407e-01
7.130999999999999561e-01
4.526999999999999913e-01
-9.475000000000000089e-01
4.596000000000000085e-01
7.103000000000000425e-01
-7.026999999999999913e-01
-3.129000000000000115e-01
-8.938000000000000389e-01
8.814999999999999503e-01
-8.921999999999999931e-01
-8.752999999999999670e-01
3.351000000000000090e-01
-7.603999999999999648e-01
5.400000000000000355e-01
-2.200000000000000011e-01
4.052000000000000046e-01
9.177999999999999492e-01
-3.677000000000000268e-01
8.203000000000000291e-01
-8.397999999999999909e-01
-2.318999999999999950e-01
7.509000000000000119e-01
-7.042000000000000481e-01
-5.864000000000000323e-01
-4.153999999999999915e-01
-1.044999999999999957e-01
-1.058000000000000052e-01
7.229999999999999760e-01
7.078999999999999737e-01
5.785000000000000142e-01
8.508999999999999897e-01
-4.000000000000000083e-03
-7.355000000000000426e-01
-6.028999999999999915e-01
8.556000000000000272e-01
9.096999999999999531e-01
5.988999999999999879e-01
-6.600000000000000311e-02
-6.543999999999999817e-01
-3.860000000000000098e-01
-9.575000000000000178e-01
-9.932999999999999607e-01
-8.927000000000000490e-01
-9.630999999999999561e-01
-1.955000000000000071e-01
-5.967000000000000082e-01
3.710999999999999854e-01
-2.379999999999999893e-01
-4.547999999999999821e-01
-5.720000000000000084e-02
3.473999999999999866e-01
-6.364999999999999547e-01
2.293000000000000038e-01
-8.515000000000000346e-01
-5.649999999999999467e-01
9.582000000000000517e-01
-8.590999999999999748e-01
-2.333999999999999964e-01
-4.611000000000000099e-01
2.291999999999999871e-01
-2.992000000000000215e-01
8.407999999999999918e-01
4.415999999999999925e-01
-4.037999999999999923e-01
-3.699000000000000066e-01
-5.144999999999999574e-01
1.451999999999999957e-01
1.630000000000000060e-01
-4.525000000000000133e-01
-9.246999999999999664e-01
-4.107000000000000095e-01
-6.227000000000000313e-01
-3.936999999999999944e-01
-1.049999999999999961e-01
-7.035000000000000142e-01
6.768999999999999462e-01
-4.763000000000000012e-01
8.048999999999999488e-01
-7.379999999999999893e-01
-8.205000000000000071e-01
