-1.244999999999999996e-01
-5.833000000000000407e-01
-6.545999999999999597e-01
-7.518000000000000238e-01
1.555999999999999883e-01
2.323000000000000065e-01
1.943999999999999895e-01
-3.830000000000000071e-01
-5.323999999999999844e-01
-4.294000000000000039e-01
8.253000000000000336e-01
-5.243999999999999773e-01
-7.039999999999999591e-01
-6.853000000000000203e-01
3.689000000000000057e-01
7.056999999999999940e-01
-3.704999999999999960e-01
6.324999999999999512e-01
4.777000000000000135e-01
-6.885999999999999899e-01
2.828999999999999848e-01
9.757000000000000117e-01
-2.177999999999999936e-01
3.163000000000000256e-01
2.031999999999999917e-01
2.518000000000000238e-01
8.587000000000000188e-01
8.530999999999999694e-01
5.645999999999999908e-01
-9.950000000000000511e-02
-3.552000000000000157e-01
6.858999999999999542e-01
-4.238999999999999990e-01
6.971000000000000529e-01
5.595999999999999863e-01
5.550000000000000488e-01
-4.260999999999999788e-01
3.467999999999999972e-01
2.031000000000000028e-01
8.129999999999999727e-02
6.726999999999999647e-01
-3.876999999999999891e-01
-1.098999999999999977e-01
9.398999999999999577e-01
-4.828999999999999959e-01
6.885000000000000009e-01
-9.340000000000000524e-01
-1.342000000000000137e-01
-4.370999999999999885e-01
-3.291999999999999926e-01
-1.146999999999999964e-01
-7.359999999999999876e-02
-2.983999999999999986e-01
-4.203000000000000069e-01
9.203000000000000069e-01
5.285999999999999588e-01
-4.867000000000000215e-01
5.410000000000000364e-01
1.302999999999999992e-01
6.030999999999999694e-01
6.189000000000000057e-01
-8.148999999999999577e-01
-3.830999999999999961e-01
8.659000000000000030e-01
4.751000000000000223e-01
9.860999999999999766e-01
-5.109999999999999959e-02
-5.122999999999999776e-01
2.515999999999999903e-01
-8.867000000000000437e-01
8.753999999999999559e-01
8.018999999999999462e-01
-5.974000000000000421e-01
-3.371999999999999997e-01
-8.395000000000000240e-01
5.169000000000000261e-01
6.006000000000000227e-01
2.353999999999999981e-01
-3.306000000000000050e-01
-9.282000000000000250e-01
-3.951000000000000068e-01
6.018999999999999906e-01
1.940000000000000058e-02
-6.584999999999999742e-01
2.712999999999999856e-01
-1.416999999999999926e-01
1.454999999999999905e-01
8.125000000000000000e-01
-7.157000000000000028e-01
8.114000000000000101e-01
8.903999999999999693e-01
-9.016999999999999460e-01
-4.200999999999999734e-01
-5.493000000000000105e-01
5.177000000000000490e-01
7.270000000000000073e-02
-1.534000000000000086e-01
-2.974999999999999867e-01
2.283000000000000029e-01
-9.417999999999999705e-01
-8.494000000000000439e-01
-7.697000000000000508e-01
-4.586999999999999966e-01
3.789000000000000146e-01
8.740999999999999881e-01
-6.592999999999999972e-01
3.523000000000000020e-01
8.759000000000000119e-01
-5.514000000000000012e-01
-4.632000000000000006e-01
3.834000000000000186e-01
-3.008000000000000118e-01
-3.610999999999999766e-01
2.350000000000000006e-02
-7.290000000000000646e-02
9.811999999999999611e-01
-9.012000000000000011e-01
5.092999999999999750e-01
-8.951000000000000068e-01
4.949000000000000066e-01
2.570999999999999952e-01
5.053999999999999604e-01
-7.889999999999999791e-02
7.865999999999999659e-01
-1.816000000000000114e-01
9.527999999999999803e-01
2.610000000000000098e-01
-5.280000000000000249e-01
-3.892999999999999794e-01
7.023000000000000353e-01
5.241999999999999993e-01
6.105000000000000426e-01
-6.004000000000000448e-01
5.319999999999999729e-02
-3.899999999999999994e-02
8.944999999999999618e-01
