-1.050999999999999990e-01
-4.601999999999999980e-01
-4.011000000000000121e-01
-1.210999999999999993e-01
-4.257000000000000228e-01
-1.360999999999999988e-01
-7.704999999999999627e-01
4.134999999999999787e-01
9.966000000000000414e-01
-4.277000000000000246e-01
6.449000000000000288e-01
4.084999999999999742e-01
7.341999999999999638e-01
-7.784999999999999698e-01
-3.118000000000000216e-01
-6.846999999999999753e-01
9.693000000000000504e-01
-6.732000000000000206e-01
-2.824999999999999734e-01
9.116999999999999549e-01
2.570000000000000062e-02
-4.807000000000000162e-01
6.684999999999999831e-01
1.019999999999999934e-01
-8.925999999999999490e-01
-9.050000000000000266e-01
6.872000000000000330e-01
-4.828000000000000069e-01
6.306000000000000494e-01
-2.286999999999999866e-01
-9.657000000000000028e-01
-6.791000000000000369e-01
2.599000000000000199e-01
9.629999999999999671e-02
9.983999999999999542e-01
8.540999999999999703e-01
-2.561999999999999833e-01
7.710000000000000187e-02
3.721999999999999753e-01
4.239999999999999880e-01
8.050000000000000211e-02
8.054000000000000048e-01
5.508999999999999453e-01
-3.776999999999999802e-01
-1.353999999999999926e-01
-2.853999999999999870e-01
-2.449999999999999956e-01
3.824000000000000177e-01
-6.568000000000000504e-01
9.866000000000000325e-01
3.812999999999999723e-01
-6.636999999999999567e-01
-2.263000000000000012e-01
4.898000000000000131e-01
-2.011999999999999900e-01
-8.661999999999999700e-01
-8.760999999999999899e-01
-9.800999999999999712e-01
5.224999999999999645e-01
-4.605000000000000204e-01
1.019000000000000045e-01
9.568999999999999728e-01
-4.979999999999999982e-01
-9.900000000000000466e-02
-5.374999999999999778e-01
-4.880999999999999783e-01
2.649000000000000243e-01
1.640000000000000138e-02
2.494000000000000106e-01
-9.593000000000000416e-01
5.393999999999999906e-01
-9.072000000000000064e-01
9.705000000000000293e-01
-9.919999999999999651e-02
-2.026999999999999913e-01
1.389999999999999916e-02
-8.619999999999999885e-02
-2.154000000000000081e-01
-5.223999999999999755e-01
1.282000000000000084e-01
-6.881000000000000449e-01
-4.096000000000000196e-01
-6.071999999999999620e-01
3.573999999999999955e-01
-5.560000000000000497e-01
5.790000000000000008e-02
9.922999999999999599e-01
-5.103999999999999648e-01
-2.847999999999999976e-01
8.670999999999999819e-01
-9.913999999999999480e-01
-9.433000000000000274e-01
1.771999999999999964e-01
3.546000000000000263e-01
-4.279999999999999777e-02
2.240000000000000047e-01
6.983000000000000318e-01
-2.982000000000000206e-01
-4.944000000000000061e-01
2.381000000000000061e-01
-9.307999999999999607e-01
-2.545000000000000040e-01
-9.612000000000000544e-01
-6.190999999999999837e-01
-5.028000000000000247e-01
7.228999999999999870e-01
-1.760000000000000106e-02
1.670000000000000095e-01
2.639000000000000234e-01
-5.757999999999999785e-01
4.055000000000000271e-01
-4.966999999999999749e-01
1.370999999999999996e-01
7.399000000000000021e-01
-2.569000000000000172e-01
-6.911000000000000476e-01
9.489999999999999825e-02
8.840000000000000635e-02
9.116999999999999549e-01
-5.220000000000000195e-01
7.979999999999999594e-02
-1.108999999999999986e-01
7.403999999999999471e-01
-3.650999999999999801e-01
-9.990999999999999881e-01
-1.537000000000000033e-01
-7.539999999999999480e-02
-2.590999999999999970e-01
3.301000000000000045e-01
3.271000000000000019e-01
3.311000000000000054e-01
7.692999999999999838e-01
5.032999999999999696e-01
-5.342000000000000082e-01
-1.044000000000000067e-01
-5.043999999999999595e-01
