7.403999999999999471e-01
1.744999999999999885e-01
-3.644999999999999907e-01
5.659999999999999754e-02
-9.203000000000000069e-01
-6.899999999999999467e-01
3.849999999999999950e-02
8.105999999999999872e-01
-2.676000000000000045e-01
1.228000000000000064e-01
-5.802000000000000490e-01
8.454000000000000403e-01
7.291999999999999593e-01
-6.863000000000000211e-01
5.729999999999999677e-02
-8.659999999999999920e-01
-7.991000000000000325e-01
4.789999999999999813e-01
3.472999999999999976e-01
3.509999999999999787e-01
-7.279999999999999805e-01
-8.622999999999999554e-01
5.411000000000000254e-01
2.066000000000000059e-01
-2.580000000000000002e-02
5.849999999999999645e-01
-6.110999999999999766e-01
-6.815999999999999837e-01
4.753999999999999893e-01
8.640999999999999792e-01
-9.828999999999999959e-01
2.456000000000000127e-01
5.991999999999999549e-01
4.828999999999999959e-01
-1.359999999999999924e-02
7.195000000000000284e-01
8.640000000000000457e-02
-8.425000000000000266e-01
1.501000000000000112e-01
-2.743999999999999773e-01
-5.298000000000000487e-01
-7.459000000000000075e-01
-4.010000000000000231e-01
6.099999999999999867e-02
9.225999999999999757e-01
-8.970000000000000195e-01
-5.318000000000000504e-01
-5.449999999999999983e-02
-5.956000000000000183e-01
-3.967999999999999861e-01
-2.209000000000000130e-01
-6.539999999999999980e-02
-1.779999999999999916e-01
8.999999999999999754e-04
-6.028000000000000025e-01
-5.493000000000000105e-01
-7.811000000000000165e-01
3.383999999999999786e-01
9.229000000000000536e-01
8.213000000000000300e-01
1.879000000000000115e-01
-5.792000000000000481e-01
6.944000000000000172e-01
2.655000000000000138e-01
8.413000000000000478e-01
-7.067999999999999838e-01
4.650000000000000244e-01
6.743000000000000105e-01
9.550000000000000155e-02
-9.800000000000000377e-02
-6.153999999999999471e-01
6.846999999999999753e-01
-7.722999999999999865e-01
-2.364999999999999880e-01
-6.264999999999999458e-01
9.023999999999999799e-01
5.763000000000000345e-01
6.892000000000000348e-01
1.032000000000000001e-01
-2.748999999999999777e-01
-4.937000000000000277e-01
-4.844999999999999862e-01
-5.014999999999999458e-01
2.210000000000000020e-01
-8.789000000000000146e-01
-6.999999999999999929e-04
8.322000000000000508e-01
1.471999999999999975e-01
2.622999999999999776e-01
8.277999999999999803e-01
-8.912999999999999812e-01
2.656000000000000028e-01
-5.604000000000000092e-01
-2.833999999999999853e-01
8.925999999999999490e-01
-3.376000000000000112e-01
-4.021000000000000130e-01
-3.476000000000000201e-01
3.140000000000000013e-01
8.857000000000000428e-01
-4.475999999999999979e-01
-8.718000000000000194e-01
-8.699000000000000066e-01
2.515999999999999903e-01
5.138000000000000345e-01
1.242999999999999938e-01
5.093999999999999639e-01
-1.724999999999999867e-01
-1.328000000000000014e-01
1.633999999999999897e-01
1.421999999999999931e-01
-3.844000000000000195e-01
-4.965999999999999859e-01
9.836000000000000298e-01
5.591000000000000414e-01
-6.431999999999999940e-01
-3.639999999999999902e-01
-9.410000000000000309e-02
-7.935999999999999721e-01
1.514999999999999958e-01
-6.962000000000000410e-01
-6.415999999999999481e-01
-1.275000000000000022e-01
-5.352000000000000091e-01
-6.891000000000000458e-01
1.827999999999999903e-01
2.058000000000000107e-01
-5.285999999999999588e-01
-3.179000000000000159e-01
-1.852999999999999925e-01
-7.990000000000000435e-01
-3.730999999999999872e-01
9.172000000000000153e-01
5.829999999999999766e-02
-4.036000000000000143e-01
1.534000000000000086e-01
