8.204000000000000181e-01
3.537000000000000144e-01
-9.828999999999999959e-01
-9.973999999999999533e-01
-8.921999999999999931e-01
9.255999999999999783e-01
7.810000000000000275e-01
-1.502999999999999892e-01
-3.378999999999999782e-01
5.508999999999999453e-01
-9.504000000000000226e-01
5.600000000000000117e-02
6.478000000000000425e-01
-9.033999999999999808e-01
4.364000000000000101e-01
-3.420000000000000123e-02
-8.132000000000000339e-01
-8.769000000000000128e-01
-9.342000000000000304e-01
-8.473000000000000531e-01
3.086999999999999744e-01
7.432999999999999607e-01
2.846000000000000196e-01
7.774999999999999689e-01
-3.030999999999999805e-01
-6.721000000000000307e-01
-9.202000000000000179e-01
-7.635999999999999455e-01
-8.995999999999999552e-01
-5.141999999999999904e-01
-4.312000000000000277e-01
7.782000000000000028e-01
8.176999999999999824e-01
6.495999999999999552e-01
-2.652999999999999803e-01
-1.937000000000000111e-01
-3.735999999999999877e-01
-3.816999999999999837e-01
4.999000000000000110e-01
-3.044999999999999929e-01
-5.469000000000000528e-01
7.782999999999999918e-01
-2.938999999999999946e-01
-4.270000000000000184e-02
8.662999999999999590e-01
3.516000000000000236e-01
2.023000000000000076e-01
9.448999999999999622e-01
-7.720000000000000195e-01
-9.666000000000000147e-01
7.114000000000000323e-01
3.477999999999999980e-01
2.313999999999999946e-01
-5.816000000000000059e-01
9.913999999999999480e-01
-1.847999999999999921e-01
2.462999999999999912e-01
5.636999999999999789e-01
7.108999999999999764e-01
2.500999999999999890e-01
6.605999999999999650e-01
-9.647000000000000020e-01
-4.662999999999999923e-01
-3.921000000000000041e-01
-8.339999999999999636e-01
-3.910000000000000142e-01
4.562999999999999834e-01
-5.260000000000000092e-02
-3.527000000000000135e-01
6.700000000000000226e-03
5.475999999999999757e-01
-8.881000000000000005e-01
-9.850000000000000422e-02
-2.192000000000000060e-01
4.460000000000000075e-02
2.893000000000000016e-01
7.892000000000000126e-01
8.524000000000000465e-01
-3.358999999999999764e-01
3.657000000000000250e-01
-4.748999999999999888e-01
-4.514000000000000234e-01
-3.899999999999999994e-02
9.439999999999999503e-01
-7.581999999999999851e-01
6.110999999999999766e-01
-3.484999999999999765e-01
4.556000000000000050e-01
-7.882000000000000117e-01
-7.405000000000000471e-01
-7.240000000000000602e-02
-5.436999999999999611e-01
5.133999999999999675e-01
-8.518999999999999906e-01
5.440000000000000391e-01
-7.834999999999999742e-01
4.956999999999999740e-01
7.779000000000000359e-01
-9.395999999999999908e-01
4.556000000000000050e-01
6.247000000000000330e-01
-4.704999999999999738e-01
7.088999999999999746e-01
-2.358999999999999986e-01
6.930000000000000049e-02
-6.020999999999999686e-01
6.558000000000000496e-01
6.921000000000000485e-01
8.963999999999999746e-01
-7.491999999999999771e-01
-7.420999999999999819e-01
1.774000000000000021e-01
-3.014000000000000012e-01
-2.610999999999999988e-01
5.842000000000000526e-01
8.705000000000000515e-01
8.943999999999999728e-01
-8.169999999999999485e-01
9.839999999999999858e-01
5.221000000000000085e-01
7.823999999999999844e-01
7.068999999999999728e-01
-5.168000000000000371e-01
-5.313999999999999835e-01
-2.054999999999999882e-01
-4.833999999999999964e-01
2.374999999999999889e-01
3.180999999999999939e-01
8.221000000000000529e-01
-4.843999999999999972e-01
4.475000000000000089e-01
-3.946999999999999953e-01
-3.537000000000000144e-01
9.281000000000000361e-01
-5.311000000000000165e-01
6.189000000000000057e-01
