-4.369000000000000106e-01
-4.149999999999999800e-01
9.693000000000000504e-01
-7.599999999999999811e-02
2.580999999999999961e-01
-7.010999999999999455e-01
-3.751999999999999780e-01
-1.562999999999999945e-01
-8.155000000000000027e-01
-5.890999999999999570e-01
-3.658000000000000140e-01
-5.862000000000000544e-01
9.132000000000000117e-01
-3.511000000000000232e-01
-9.681999999999999496e-01
1.292999999999999983e-01
1.403999999999999970e-01
7.240999999999999659e-01
8.396000000000000130e-01
-8.814999999999999503e-01
-4.381999999999999784e-01
-7.085000000000000187e-01
3.572000000000000175e-01
-8.434000000000000385e-01
2.008999999999999952e-01
-7.393999999999999462e-01
-8.633999999999999453e-01
-1.370000000000000107e-01
5.836999999999999966e-01
-6.999999999999999929e-04
9.635000000000000231e-01
8.094999999999999973e-01
-8.700999999999999845e-01
-6.243999999999999551e-01
9.554000000000000270e-01
-1.229999999999999982e-01
4.948000000000000176e-01
5.380000000000000338e-01
5.228000000000000425e-01
8.336999999999999966e-01
7.717000000000000526e-01
-5.612000000000000322e-01
-6.150999999999999801e-01
-1.678999999999999937e-01
4.253000000000000114e-01
-9.449999999999999512e-01
8.705000000000000515e-01
-1.575999999999999901e-01
-9.993999999999999551e-01
1.421999999999999931e-01
-2.505000000000000004e-01
-7.447000000000000286e-01
9.630999999999999561e-01
-7.390999999999999792e-01
-7.105000000000000204e-01
1.579000000000000126e-01
-3.709000000000000075e-01
6.392999999999999794e-01
7.014000000000000234e-01
-1.496000000000000107e-01
3.474999999999999756e-01
-8.500999999999999668e-01
7.368000000000000105e-01
4.708999999999999853e-01
6.882000000000000339e-01
1.205999999999999989e-01
-2.104000000000000037e-01
-6.343999999999999639e-01
-7.798000000000000487e-01
-6.069999999999999701e-02
1.570000000000000007e-01
-9.548999999999999710e-01
7.139999999999999680e-01
4.420000000000000040e-01
-6.683000000000000052e-01
1.116999999999999937e-01
2.316999999999999893e-01
9.738999999999999879e-01
6.584999999999999742e-01
3.358999999999999764e-01
-5.371000000000000218e-01
-3.902999999999999803e-01
1.693999999999999950e-01
4.600000000000000200e-01
-6.306000000000000494e-01
1.087999999999999939e-01
5.420000000000000373e-01
2.528000000000000247e-01
-6.890000000000000291e-02
-5.714000000000000190e-01
8.092000000000000304e-01
-7.796999999999999487e-01
-4.939000000000000057e-01
5.400000000000000286e-03
-2.006999999999999895e-01
-2.952000000000000179e-01
-1.345999999999999974e-01
8.823999999999999622e-01
7.018999999999999684e-01
2.580000000000000002e-02
-6.048000000000000043e-01
9.444000000000000172e-01
-7.398000000000000131e-01
9.798999999999999932e-01
-8.598000000000000087e-01
-9.613000000000000433e-01
-7.979999999999999594e-02
3.755000000000000004e-01
2.000000000000000111e-01
-6.801000000000000378e-01
6.586999999999999522e-01
6.067000000000000171e-01
1.039999999999999952e-01
-1.965999999999999970e-01
-5.750000000000000250e-02
-3.471000000000000196e-01
4.209999999999999853e-02
9.679999999999999716e-01
2.972000000000000197e-01
-3.869999999999999829e-02
-2.222000000000000086e-01
2.587999999999999745e-01
1.905000000000000027e-01
-7.947999999999999510e-01
8.745000000000000551e-01
-2.984999999999999876e-01
-6.388000000000000345e-01
7.175000000000000266e-01
-4.181000000000000272e-01
3.458999999999999853e-01
-8.998000000000000442e-01
-5.929999999999999855e-02
3.135000000000000009e-01
2.857000000000000095e-01
5.618999999999999551e-01
7.092000000000000526e-01
