-6.354999999999999538e-01
5.829999999999999627e-01
2.162000000000000033e-01
2.526999999999999802e-01
5.658999999999999586e-01
6.485999999999999543e-01
3.647000000000000242e-01
-3.512000000000000122e-01
5.698999999999999622e-01
9.012000000000000011e-01
-5.283999999999999808e-01
-8.366000000000000103e-01
6.851000000000000423e-01
-5.259000000000000341e-01
-5.538999999999999480e-01
8.609999999999999876e-01
-4.929999999999999660e-02
-1.786000000000000087e-01
7.133000000000000451e-01
2.514000000000000123e-01
5.127000000000000446e-01
3.361999999999999988e-01
6.118999999999999995e-01
1.763000000000000123e-01
-4.358000000000000207e-01
-8.074000000000000066e-01
1.388000000000000067e-01
-7.278000000000000025e-01
-5.415999999999999703e-01
3.665999999999999814e-01
-9.699999999999999734e-01
-5.554999999999999938e-01
2.711000000000000076e-01
-8.050000000000000488e-01
-9.838000000000000078e-01
7.727000000000000535e-01
-9.935000000000000497e-01
5.461000000000000298e-01
-1.140000000000000041e-02
2.602999999999999758e-01
4.475999999999999979e-01
-5.117000000000000437e-01
-4.953000000000000180e-01
4.763999999999999901e-01
-5.463999999999999968e-01
-7.507000000000000339e-01
-4.108999999999999875e-01
2.701999999999999957e-01
-7.383999999999999453e-01
-5.717999999999999750e-01
-3.054000000000000048e-01
-6.841000000000000414e-01
-4.563999999999999724e-01
-1.220000000000000077e-02
8.564000000000000501e-01
-9.337999999999999634e-01
2.152000000000000024e-01
-2.860000000000000042e-02
-7.300000000000000065e-03
-8.370999999999999552e-01
2.993000000000000105e-01
2.351000000000000034e-01
-1.554999999999999993e-01
-4.103999999999999870e-01
-2.275999999999999968e-01
1.587000000000000077e-01
-6.675999999999999712e-01
6.663000000000000034e-01
9.032000000000000028e-01
3.368999999999999773e-01
8.549999999999999822e-01
-1.496000000000000107e-01
9.562000000000000499e-01
-8.591999999999999638e-01
-3.816999999999999837e-01
1.123999999999999999e-01
-2.172999999999999932e-01
7.995999999999999774e-01
6.451999999999999957e-01
6.008999999999999897e-01
3.549999999999999684e-02
5.292999999999999927e-01
2.116000000000000103e-01
-9.341000000000000414e-01
2.086000000000000076e-01
-3.425000000000000266e-01
2.200000000000000011e-01
-4.549999999999999878e-02
-2.963000000000000078e-01
4.019999999999999962e-02
-6.209999999999999964e-01
6.016000000000000236e-01
-1.539999999999999980e-01
2.200000000000000011e-01
-5.124999999999999556e-01
-7.852000000000000091e-01
-5.231000000000000094e-01
1.454000000000000015e-01
-8.458999999999999853e-01
-1.005999999999999950e-01
-3.541000000000000258e-01
7.420000000000000207e-02
9.596000000000000085e-01
1.405000000000000138e-01
-6.385999999999999455e-01
-7.983000000000000096e-01
9.179000000000000492e-01
-1.812000000000000000e-01
-7.776999999999999469e-01
2.137000000000000011e-01
1.776000000000000079e-01
-9.600000000000000200e-02
-3.432000000000000051e-01
-9.441000000000000503e-01
-3.307999999999999829e-01
7.637000000000000455e-01
-8.680000000000000215e-02
1.534000000000000086e-01
6.322999999999999732e-01
6.252999999999999670e-01
1.938000000000000000e-01
5.331000000000000183e-01
8.786000000000000476e-01
4.843999999999999972e-01
6.258000000000000229e-01
-7.149999999999999689e-01
1.516000000000000125e-01
-8.056999999999999718e-01
-1.267000000000000071e-01
-8.202000000000000401e-01
-1.590000000000000024e-01
-5.818999999999999728e-01
2.151000000000000134e-01
-9.881999999999999673e-01
-3.496000000000000218e-01
5.668999999999999595e-01
