-8.545000000000000373e-01
-4.329999999999999821e-02
5.641000000000000458e-01
-1.430000000000000021e-02
-8.649999999999999356e-02
-6.892000000000000348e-01
-2.311999999999999889e-01
2.637999999999999790e-01
2.535999999999999921e-01
9.900999999999999801e-01
3.875000000000000111e-01
-7.920000000000000373e-01
-5.302999999999999936e-01
-2.109000000000000041e-01
-9.949000000000000066e-01
-7.321999999999999620e-01
-7.546000000000000485e-01
9.616000000000000103e-01
8.128999999999999559e-01
-6.182999999999999607e-01
1.820000000000000090e-02
7.710000000000000187e-02
-5.092999999999999750e-01
-3.960000000000000187e-01
-9.398999999999999577e-01
2.356999999999999929e-01
4.933000000000000163e-01
-3.963999999999999746e-01
3.392999999999999905e-01
2.558000000000000274e-01
-9.976000000000000423e-01
4.181000000000000272e-01
-4.460999999999999965e-01
7.093000000000000416e-01
6.765999999999999792e-01
4.370000000000000273e-02
8.987000000000000544e-01
-1.685000000000000109e-01
4.693999999999999839e-01
1.280000000000000027e-01
-4.097000000000000086e-01
7.997999999999999554e-01
2.842999999999999972e-01
3.009999999999999898e-01
-9.475000000000000089e-01
3.796999999999999820e-01
7.146000000000000130e-01
5.088000000000000300e-01
-6.800000000000000488e-01
-4.252000000000000224e-01
5.077000000000000401e-01
4.526000000000000023e-01
2.169999999999999984e-01
-8.165999999999999925e-01
-7.274000000000000465e-01
-2.209000000000000130e-01
-3.988999999999999768e-01
8.491999999999999549e-01
3.899000000000000243e-01
7.338999999999999968e-01
-5.064999999999999503e-01
8.008999999999999453e-01
3.684000000000000052e-01
-5.441000000000000281e-01
4.924999999999999933e-01
2.988999999999999990e-01
-2.165999999999999870e-01
-4.603999999999999759e-01
7.096999999999999975e-01
-2.792000000000000037e-01
8.212000000000000410e-01
-4.953000000000000180e-01
-2.636999999999999900e-01
-7.775999999999999579e-01
6.961000000000000520e-01
-3.743000000000000216e-01
2.086000000000000076e-01
-5.404999999999999805e-01
1.391999999999999904e-01
-1.398000000000000076e-01
6.346000000000000529e-01
-5.361000000000000210e-01
-3.159000000000000141e-01
-4.637999999999999901e-01
-8.168999999999999595e-01
4.920999999999999819e-01
-6.152999999999999581e-01
-8.774999999999999467e-01
1.700000000000000122e-01
-2.202999999999999958e-01
-7.147000000000000020e-01
-1.218000000000000055e-01
1.819999999999999951e-01
-4.655000000000000249e-01
-9.167999999999999483e-01
7.050999999999999490e-01
-9.666000000000000147e-01
-5.599999999999999943e-03
8.052000000000000268e-01
-3.976999999999999980e-01
-3.588999999999999968e-01
1.935999999999999943e-01
-6.410000000000000142e-01
9.794000000000000483e-01
8.750000000000000000e-01
-5.836999999999999966e-01
7.943000000000000060e-01
-3.801999999999999824e-01
7.288999999999999924e-01
-9.519999999999999574e-01
5.417999999999999483e-01
-1.293999999999999873e-01
8.595000000000000417e-01
-8.708000000000000185e-01
2.988999999999999990e-01
4.239999999999999880e-01
1.890000000000000013e-02
-7.123000000000000442e-01
-5.712000000000000410e-01
1.110000000000000014e-01
1.123999999999999999e-01
6.931000000000000494e-01
5.713000000000000300e-01
2.134000000000000064e-01
-3.819999999999999785e-02
9.392000000000000348e-01
-9.678999999999999826e-01
9.943999999999999506e-01
4.259999999999999898e-02
8.870999999999999996e-01
2.964999999999999858e-01
-5.940999999999999615e-01
6.100999999999999757e-01
-6.072999999999999510e-01
2.489999999999999991e-01
2.997000000000000219e-01
