-8.869000000000000217e-01
1.816000000000000114e-01
-1.169000000000000039e-01
8.270999999999999464e-01
-4.704999999999999738e-01
-4.970000000000000112e-02
-1.991999999999999882e-01
-5.786000000000000032e-01
6.459000000000000297e-01
5.212999999999999856e-01
2.610999999999999988e-01
-5.151999999999999913e-01
-9.133000000000000007e-01
-9.872999999999999554e-01
6.747999999999999554e-01
-4.741000000000000214e-01
5.056000000000000494e-01
-9.372000000000000330e-01
2.073000000000000120e-01
-4.172000000000000153e-01
6.915000000000000036e-01
-7.136000000000000121e-01
4.323000000000000176e-01
8.967000000000000526e-01
-6.316000000000000503e-01
-6.926999999999999824e-01
7.341999999999999638e-01
2.530999999999999917e-01
-5.869999999999999662e-01
-8.676000000000000378e-01
-1.426999999999999935e-01
-7.584999999999999520e-01
-6.236000000000000432e-01
5.806000000000000050e-01
5.961999999999999522e-01
6.736999999999999655e-01
-7.176000000000000156e-01
-1.199999999999999956e-01
-3.952999999999999847e-01
7.200999999999999623e-01
2.245000000000000051e-01
4.416999999999999815e-01
3.769000000000000128e-01
8.638000000000000123e-01
-5.635999999999999899e-01
-7.338000000000000078e-01
8.636000000000000343e-01
-8.756000000000000449e-01
-2.866000000000000214e-01
2.832000000000000073e-01
-8.210000000000000631e-02
-8.727000000000000313e-01
7.590999999999999970e-01
9.919000000000000039e-01
4.218000000000000083e-01
-9.023999999999999799e-01
-6.532000000000000028e-01
3.190999999999999948e-01
6.989999999999999547e-01
-5.240000000000000213e-01
-2.887000000000000122e-01
-2.116999999999999993e-01
7.486000000000000432e-01
9.951999999999999735e-01
-7.314000000000000501e-01
6.528000000000000469e-01
4.167000000000000148e-01
-8.745000000000000551e-01
6.531000000000000139e-01
-6.770000000000000462e-01
2.676999999999999935e-01
-8.519999999999999796e-02
3.740000000000000269e-02
9.187999999999999501e-01
-6.019999999999999657e-02
3.854000000000000203e-01
6.243999999999999551e-01
-7.834999999999999742e-01
2.069000000000000006e-01
8.113000000000000211e-01
-6.552999999999999936e-01
-3.820999999999999952e-01
8.042000000000000259e-01
-1.489999999999999936e-01
7.285000000000000364e-01
-5.991999999999999549e-01
-8.430999999999999606e-01
-6.120999999999999774e-01
-3.677000000000000268e-01
-6.089999999999999858e-01
-9.264000000000000012e-01
4.200000000000000261e-02
-6.282999999999999696e-01
8.266999999999999904e-01
-9.840999999999999748e-01
-6.089999999999999858e-01
9.965000000000000524e-01
-4.963000000000000189e-01
2.561999999999999833e-01
3.816999999999999837e-01
-3.479999999999999760e-01
-1.203999999999999931e-01
7.426000000000000378e-01
4.381999999999999784e-01
5.369999999999999774e-02
-8.971999999999999975e-01
2.141000000000000125e-01
5.138000000000000345e-01
-2.822999999999999954e-01
5.037000000000000366e-01
6.848999999999999533e-01
-3.068000000000000171e-01
-3.795000000000000040e-01
-3.280000000000000138e-01
1.670999999999999985e-01
4.042000000000000037e-01
8.732999999999999652e-01
-2.247999999999999998e-01
9.918000000000000149e-01
-2.928999999999999937e-01
-6.139000000000000012e-01
5.271000000000000130e-01
2.262000000000000122e-01
-4.880000000000000310e-02
-8.034999999999999920e-01
-5.967999999999999972e-01
4.672999999999999932e-01
-5.007000000000000339e-01
-4.573999999999999733e-01
1.497999999999999887e-01
-2.132999999999999896e-01
-3.134000000000000119e-01
-2.492000000000000048e-01
3.282999999999999807e-01
-4.410000000000000031e-02
-1.436999999999999944e-01
