8.740999999999999881e-01
2.650000000000000133e-01
-4.904000000000000026e-01
5.318000000000000504e-01
-7.200999999999999623e-01
-8.213000000000000300e-01
-1.821000000000000119e-01
-8.813999999999999613e-01
-9.103999999999999870e-01
-8.902999999999999803e-01
6.626999999999999558e-01
-3.963999999999999746e-01
-4.464000000000000190e-01
-9.819999999999999563e-02
7.106000000000000094e-01
-3.190000000000000058e-01
-6.058999999999999941e-01
-7.739999999999999658e-02
8.197999999999999732e-01
9.885000000000000453e-01
-8.889000000000000234e-01
-5.292999999999999927e-01
2.374999999999999889e-01
-7.771000000000000130e-01
6.629999999999999782e-02
2.746999999999999997e-01
-5.400000000000000286e-03
7.275000000000000355e-01
-4.259999999999999898e-02
4.712000000000000077e-01
7.652999999999999803e-01
1.554999999999999993e-01
-4.739999999999999769e-02
5.000000000000000278e-02
-8.751999999999999780e-01
9.470000000000000639e-02
-6.634999999999999787e-01
-5.564000000000000057e-01
-5.631000000000000449e-01
8.925999999999999490e-01
-3.086999999999999744e-01
-3.967999999999999861e-01
-2.741000000000000103e-01
-4.748999999999999888e-01
3.105999999999999872e-01
1.713999999999999968e-01
-6.777999999999999581e-01
4.336999999999999744e-01
-7.140999999999999570e-01
4.959999999999999964e-01
-7.371999999999999664e-01
4.092999999999999972e-01
-6.897999999999999687e-01
-2.682999999999999829e-01
-5.623000000000000220e-01
-1.895999999999999908e-01
-8.917000000000000481e-01
-8.005999999999999783e-01
6.209000000000000075e-01
-7.921000000000000263e-01
2.432999999999999885e-01
9.022999999999999909e-01
2.757999999999999896e-01
4.477999999999999758e-01
-3.229000000000000203e-01
4.825999999999999734e-01
-7.863999999999999879e-01
-7.358999999999999986e-01
-6.037000000000000144e-01
-5.941999999999999504e-01
3.433999999999999830e-01
8.186999999999999833e-01
1.395000000000000129e-01
-6.610000000000000597e-02
9.177999999999999492e-01
-1.471000000000000085e-01
-4.149999999999999800e-01
6.710000000000000409e-01
-3.906000000000000028e-01
6.368000000000000327e-01
4.274999999999999911e-01
6.129999999999999893e-01
-8.571999999999999620e-01
-9.849999999999999867e-01
-1.504000000000000059e-01
5.419000000000000483e-01
7.415000000000000480e-01
1.930999999999999939e-01
1.514999999999999958e-01
-6.108000000000000096e-01
-2.477000000000000035e-01
1.233999999999999958e-01
-1.832000000000000017e-01
7.254000000000000448e-01
7.367000000000000215e-01
4.658999999999999808e-01
-6.479000000000000314e-01
-5.170000000000000151e-01
-9.574000000000000288e-01
-5.400000000000000286e-03
-3.189000000000000168e-01
-1.517999999999999905e-01
4.999000000000000110e-01
-7.518000000000000238e-01
5.178000000000000380e-01
-5.617999999999999661e-01
4.599999999999999922e-03
1.010999999999999954e-01
-2.330000000000000127e-02
7.836999999999999522e-01
-2.479999999999999913e-02
-5.894000000000000350e-01
-3.618000000000000105e-01
-7.358000000000000096e-01
6.432999999999999829e-01
8.097999999999999643e-01
-2.575999999999999956e-01
-8.870999999999999996e-01
-5.574000000000000066e-01
-9.029000000000000359e-01
-8.622999999999999554e-01
-2.383000000000000118e-01
-3.033000000000000140e-01
-7.600999999999999979e-01
-9.757000000000000117e-01
-7.124000000000000332e-01
7.910000000000000364e-01
7.210999999999999632e-01
-8.154000000000000137e-01
6.158000000000000140e-01
-8.100000000000000255e-02
4.339000000000000079e-01
-9.378999999999999559e-01
9.478999999999999648e-01
-7.100000000000000408e-03
-5.436999999999999611e-01
