-5.729999999999999677e-02
-4.000000000000000222e-01
8.168999999999999595e-01
-4.923000000000000154e-01
-1.000000000000000000e+00
-1.078999999999999959e-01
-4.152000000000000135e-01
-5.594999999999999973e-01
8.181000000000000494e-01
-3.076999999999999735e-01
-5.173999999999999710e-01
-8.295000000000000151e-01
9.820999999999999730e-01
-7.820000000000000284e-01
-3.827999999999999736e-01
-8.732999999999999652e-01
3.180000000000000188e-02
-7.277000000000000135e-01
2.889999999999999791e-01
-3.149000000000000132e-01
-7.960000000000000409e-02
7.300999999999999712e-01
8.850999999999999979e-01
-9.140000000000000346e-01
2.157000000000000028e-01
6.404999999999999583e-01
-6.385999999999999455e-01
-6.118999999999999995e-01
-3.932999999999999829e-01
-2.298999999999999932e-01
7.003000000000000336e-01
-4.340999999999999859e-01
2.726999999999999980e-01
8.042000000000000259e-01
-8.300000000000000433e-02
-8.515000000000000346e-01
-1.499999999999999944e-02
3.245999999999999996e-01
-2.856000000000000205e-01
8.307999999999999829e-01
7.799999999999999989e-02
3.699999999999999956e-01
3.269000000000000239e-01
-2.600000000000000089e-01
-6.747999999999999554e-01
-4.315999999999999837e-01
-2.462000000000000022e-01
1.408999999999999975e-01
-7.912000000000000144e-01
8.326999999999999957e-01
6.582000000000000073e-01
-8.054999999999999938e-01
-4.945999999999999841e-01
1.323999999999999899e-01
8.721999999999999753e-01
-4.265999999999999792e-01
-6.631000000000000227e-01
-6.998999999999999666e-01
-3.458999999999999853e-01
-8.212000000000000410e-01
-8.820000000000000062e-01
4.536999999999999922e-01
-8.178999999999999604e-01
-2.674000000000000266e-01
5.245999999999999552e-01
-1.459000000000000019e-01
2.301999999999999880e-01
4.800000000000000100e-02
-6.732000000000000206e-01
2.606999999999999873e-01
-9.035999999999999588e-01
-1.746000000000000052e-01
1.195999999999999980e-01
6.933000000000000274e-01
2.346000000000000030e-01
5.890000000000000097e-02
8.640999999999999792e-01
8.575000000000000400e-01
6.685999999999999721e-01
-4.832000000000000184e-01
4.898000000000000131e-01
-9.956000000000000405e-01
-5.614000000000000101e-01
6.441999999999999948e-01
6.574999999999999734e-01
-9.766000000000000236e-01
-7.493999999999999551e-01
1.761000000000000065e-01
-5.692000000000000393e-01
-1.230000000000000017e-02
-8.104999999999999982e-01
1.880000000000000004e-01
7.368000000000000105e-01
7.860000000000000320e-02
9.991999999999999771e-01
-2.726999999999999980e-01
5.878999999999999782e-01
-2.412999999999999867e-01
5.689999999999999503e-01
-6.931000000000000494e-01
-2.571999999999999842e-01
-2.220000000000000029e-01
3.119000000000000106e-01
-4.222000000000000197e-01
-4.489000000000000212e-01
7.879000000000000448e-01
5.475999999999999757e-01
7.052000000000000490e-01
5.007000000000000339e-01
-3.780000000000000027e-02
-8.453000000000000513e-01
5.842000000000000526e-01
-6.398000000000000353e-01
9.629999999999999671e-02
-3.392999999999999905e-01
7.632999999999999785e-01
3.761999999999999789e-01
7.241999999999999549e-01
-2.530000000000000027e-01
-3.562000000000000166e-01
7.750000000000000222e-01
-2.036999999999999922e-01
-2.817000000000000060e-01
-3.821999999999999842e-01
-3.259999999999999704e-02
-6.571000000000000174e-01
-4.395999999999999908e-01
-6.126000000000000334e-01
-3.427999999999999936e-01
-8.125000000000000000e-01
-5.510000000000000453e-01
-5.437999999999999501e-01
-3.761999999999999789e-01
8.300000000000000086e-03
3.393999999999999795e-01
-3.663000000000000145e-01
