1.733000000000000096e-01
-4.750000000000000056e-02
4.807000000000000162e-01
-5.279999999999999971e-02
3.846999999999999864e-01
-1.580999999999999905e-01
7.879999999999999505e-02
1.665000000000000091e-01
8.579999999999999849e-01
7.472999999999999643e-01
-8.730000000000000260e-02
4.628999999999999782e-01
-7.562999999999999723e-01
1.091000000000000025e-01
-6.273999999999999577e-01
3.956000000000000072e-01
-5.128000000000000336e-01
-3.378999999999999782e-01
9.969999999999999973e-01
-9.012999999999999901e-01
1.323000000000000009e-01
4.363000000000000211e-01
8.870000000000000107e-01
-8.337999999999999856e-01
9.105999999999999650e-01
3.775000000000000022e-01
5.443000000000000060e-01
-7.448000000000000176e-01
2.313000000000000056e-01
6.087000000000000188e-01
-3.880000000000000115e-01
2.422999999999999876e-01
8.366999999999999993e-01
-4.122999999999999998e-01
-3.104999999999999982e-01
-9.526999999999999913e-01
1.116999999999999937e-01
-5.130000000000000115e-01
-8.024999999999999911e-01
5.623000000000000220e-01
7.965999999999999748e-01
2.607999999999999763e-01
-3.361999999999999988e-01
3.775999999999999912e-01
5.820000000000000173e-02
2.980000000000000010e-02
2.636000000000000010e-01
9.695000000000000284e-01
8.219999999999999529e-01
-3.509999999999999926e-02
5.708999999999999631e-01
-7.804999999999999716e-01
-1.209999999999999964e-01
9.811999999999999611e-01
3.367999999999999883e-01
7.752999999999999892e-01
7.647000000000000464e-01
-1.617999999999999994e-01
-7.321999999999999620e-01
-6.551000000000000156e-01
3.331999999999999962e-01
-3.790999999999999925e-01
4.702999999999999958e-01
3.719999999999999696e-02
2.429999999999999868e-02
-8.299999999999999600e-01
6.803000000000000158e-01
-9.600000000000000200e-02
-1.905999999999999917e-01
-8.582999999999999519e-01
-2.932000000000000162e-01
8.500999999999999668e-01
-5.675999999999999934e-01
3.073000000000000176e-01
-2.060000000000000026e-02
-6.583999999999999853e-01
-3.884000000000000230e-01
-6.552000000000000046e-01
2.358000000000000096e-01
5.207000000000000517e-01
-1.496000000000000107e-01
2.197999999999999954e-01
-5.340000000000000302e-02
-5.020999999999999908e-01
-1.945999999999999952e-01
9.939999999999999947e-01
-8.476000000000000201e-01
2.787999999999999923e-01
-5.332999999999999963e-01
-5.326999999999999513e-01
2.928000000000000047e-01
-1.688000000000000056e-01
-2.116000000000000103e-01
4.361999999999999766e-01
1.150999999999999940e-01
-7.504999999999999449e-01
-2.265000000000000069e-01
7.411999999999999700e-01
-2.411000000000000087e-01
3.219000000000000195e-01
5.204999999999999627e-01
2.553000000000000269e-01
2.270999999999999963e-01
7.610000000000000098e-02
-1.609999999999999973e-02
-6.360999999999999988e-01
9.778999999999999915e-01
-7.290000000000000646e-02
3.009999999999999898e-01
3.536000000000000254e-01
-4.108999999999999875e-01
2.456000000000000127e-01
3.074999999999999956e-01
8.169999999999999485e-02
-3.986999999999999988e-01
-5.210000000000000048e-02
6.089999999999999858e-01
2.887000000000000122e-01
-8.899999999999999578e-02
4.666000000000000147e-01
4.388000000000000234e-01
4.000000000000000192e-04
1.502000000000000002e-01
-6.108000000000000096e-01
6.935999999999999943e-01
4.042999999999999927e-01
5.200000000000000178e-01
2.074000000000000010e-01
5.948999999999999844e-01
-8.147999999999999687e-01
-1.981999999999999873e-01
6.350000000000000089e-01
2.247999999999999998e-01
-3.430000000000000271e-01
5.301000000000000156e-01
-2.857999999999999985e-01
