6.283999999999999586e-01
-6.101999999999999647e-01
6.690000000000000113e-02
7.497000000000000330e-01
1.499999999999999944e-01
-1.507000000000000006e-01
-1.671999999999999875e-01
5.419000000000000483e-01
-4.734999999999999765e-01
-1.343000000000000027e-01
-1.472999999999999865e-01
-5.497999999999999554e-01
8.621999999999999664e-01
-1.351999999999999869e-01
-8.571999999999999620e-01
-5.119000000000000217e-01
-7.403999999999999471e-01
9.193000000000000060e-01
-3.912999999999999812e-01
3.899999999999999994e-02
-7.199999999999999803e-03
3.221999999999999864e-01
9.542000000000000481e-01
5.252999999999999892e-01
-8.784999999999999476e-01
4.393000000000000238e-01
-8.193000000000000282e-01
-3.749999999999999861e-02
8.632999999999999563e-01
-3.019999999999999907e-01
-9.706000000000000183e-01
-5.820000000000000173e-02
1.540000000000000049e-02
7.288999999999999924e-01
-4.386999999999999789e-01
8.274000000000000243e-01
-6.479999999999999649e-02
-7.238999999999999879e-01
-5.298000000000000487e-01
-6.159000000000000030e-01
-9.733000000000000540e-01
-9.808000000000000052e-01
-4.933000000000000163e-01
9.788000000000000034e-01
-2.883999999999999897e-01
-7.465000000000000524e-01
9.814000000000000501e-01
-7.682999999999999829e-01
4.845999999999999752e-01
-7.509000000000000119e-01
-3.270000000000000129e-01
-5.540000000000000480e-01
4.288000000000000145e-01
-9.999000000000000110e-01
4.460999999999999965e-01
4.783000000000000029e-01
1.464999999999999913e-01
3.554999999999999827e-01
-8.703999999999999515e-01
-9.906000000000000361e-01
-9.205999999999999739e-01
8.580000000000000127e-02
9.035999999999999588e-01
-2.268000000000000016e-01
1.628000000000000003e-01
-4.374000000000000110e-01
-8.183000000000000274e-01
-5.373999999999999888e-01
7.135000000000000231e-01
3.871999999999999886e-01
9.760999999999999677e-01
3.619999999999999885e-01
6.642000000000000126e-01
-6.210999999999999854e-01
-8.661999999999999700e-01
-8.909999999999999865e-02
-8.060000000000000497e-02
-6.666999999999999593e-01
-1.842000000000000026e-01
-8.671999999999999709e-01
-4.127000000000000113e-01
3.739000000000000101e-01
-3.085999999999999854e-01
-1.241000000000000020e-01
3.345000000000000195e-01
-3.816999999999999837e-01
-6.885999999999999899e-01
1.241000000000000020e-01
1.359999999999999924e-02
-5.797999999999999821e-01
1.923999999999999877e-01
-3.335000000000000187e-01
-7.314000000000000501e-01
-7.226000000000000201e-01
8.127999999999999670e-01
-6.503999999999999782e-01
-2.530000000000000027e-01
9.795000000000000373e-01
-1.559999999999999928e-02
-8.479999999999999760e-01
-2.520999999999999908e-01
-2.436000000000000110e-01
6.914000000000000146e-01
8.000000000000000167e-03
-9.095999999999999641e-01
-6.820000000000000506e-01
3.830999999999999961e-01
5.516999999999999682e-01
4.615000000000000213e-01
7.677000000000000490e-01
-5.362000000000000099e-01
-6.740000000000000435e-01
-8.578000000000000069e-01
-4.636000000000000121e-01
5.129999999999999838e-02
2.396999999999999964e-01
-5.564999999999999947e-01
-1.776999999999999968e-01
7.520000000000000295e-02
9.535000000000000142e-01
9.418999999999999595e-01
-1.474999999999999922e-01
8.709999999999999687e-02
-6.489999999999999936e-02
4.922000000000000264e-01
7.380000000000000449e-02
-7.366000000000000325e-01
3.925000000000000155e-01
7.194000000000000394e-01
4.356999999999999762e-01
-8.169999999999999485e-02
-1.088999999999999968e-01
4.032999999999999918e-01
-3.402999999999999914e-01
-5.996000000000000218e-01
-4.502999999999999781e-01
