-3.975000000000000200e-01
-2.993999999999999995e-01
6.619000000000000439e-01
9.276999999999999691e-01
-4.736000000000000210e-01
8.538000000000000034e-01
2.523000000000000242e-01
-4.874999999999999889e-01
5.279000000000000359e-01
-2.604000000000000203e-01
7.770000000000000517e-02
-8.074999999999999956e-01
4.908000000000000140e-01
-1.794999999999999929e-01
8.399999999999999481e-03
3.734999999999999987e-01
-1.335000000000000075e-01
6.471000000000000085e-01
-7.233000000000000540e-01
6.804000000000000048e-01
2.750000000000000222e-01
1.804999999999999938e-01
-9.578999999999999737e-01
6.254999999999999449e-01
4.608999999999999764e-01
6.298000000000000265e-01
-8.175999999999999934e-01
8.273000000000000353e-01
9.638999999999999790e-01
-1.609999999999999973e-02
8.716000000000000414e-01
-5.883000000000000451e-01
9.441000000000000503e-01
-3.034999999999999920e-01
-7.119999999999999940e-02
5.899999999999999689e-02
8.656000000000000361e-01
-2.699999999999999969e-02
8.055999999999999828e-01
6.667999999999999483e-01
-6.815999999999999837e-01
4.954999999999999960e-01
8.400000000000000522e-02
-6.894000000000000128e-01
-9.809999999999999831e-01
9.539999999999999869e-02
-1.350999999999999979e-01
-4.101000000000000201e-01
-6.259000000000000119e-01
7.580000000000000626e-02
-5.351000000000000201e-01
4.631000000000000116e-01
3.915000000000000147e-01
-8.866000000000000547e-01
-9.816000000000000281e-01
-4.757000000000000117e-01
-7.003000000000000336e-01
9.928000000000000158e-01
-1.940999999999999948e-01
2.569000000000000172e-01
2.475999999999999868e-01
5.840999999999999526e-01
3.716999999999999749e-01
2.210999999999999910e-01
4.445999999999999952e-01
-1.869000000000000106e-01
-9.311000000000000387e-01
2.842000000000000082e-01
9.777000000000000135e-01
-4.994999999999999996e-01
8.269999999999999574e-02
6.239000000000000101e-01
6.283999999999999586e-01
-1.366999999999999882e-01
-4.270999999999999797e-01
-9.109000000000000430e-01
9.893999999999999462e-01
5.630000000000000282e-02
