-5.702000000000000401e-01
-5.553000000000000158e-01
9.439999999999999503e-01
-1.975000000000000089e-01
7.389999999999999347e-02
2.776000000000000134e-01
2.089000000000000024e-01
8.742999999999999661e-01
6.599000000000000421e-01
1.039999999999999952e-02
7.240999999999999659e-01
-3.372999999999999887e-01
-9.817000000000000171e-01
4.756000000000000227e-01
8.636000000000000343e-01
1.459999999999999909e-01
1.373000000000000054e-01
8.948000000000000398e-01
-9.255999999999999783e-01
-6.502000000000000002e-01
4.134999999999999787e-01
8.283000000000000362e-01
1.715000000000000135e-01
-8.416000000000000147e-01
7.402999999999999581e-01
8.428999999999999826e-01
-7.371999999999999664e-01
3.674000000000000044e-01
-4.918000000000000149e-01
-2.647999999999999798e-01
9.790000000000000091e-02
-9.431000000000000494e-01
6.119999999999999746e-02
5.519999999999999907e-02
2.041000000000000036e-01
-2.629000000000000226e-01
-2.837999999999999967e-01
-4.665000000000000258e-01
7.110999999999999543e-01
6.857999999999999652e-01
-4.307000000000000273e-01
-6.467000000000000526e-01
6.274999999999999467e-01
8.667000000000000259e-01
8.900000000000000133e-01
-5.511000000000000343e-01
-9.687999999999999945e-01
2.786000000000000143e-01
-1.597999999999999976e-01
3.083000000000000185e-01
-1.648000000000000020e-01
-9.151000000000000245e-01
-4.037000000000000033e-01
9.282000000000000250e-01
-7.095000000000000195e-01
-6.637999999999999456e-01
6.747999999999999554e-01
-8.891999999999999904e-01
5.907999999999999918e-01
-2.369999999999999885e-02
5.322000000000000064e-01
-3.317999999999999838e-01
5.866999999999999993e-01
-4.020000000000000240e-01
-2.595999999999999974e-01
7.130000000000000226e-02
-3.496000000000000218e-01
-2.296999999999999875e-01
-4.153999999999999915e-01
6.621000000000000218e-01
5.826999999999999957e-01
2.575999999999999956e-01
9.091000000000000192e-01
9.686000000000000165e-01
-1.066000000000000003e-01
-9.579999999999999627e-01
-2.594000000000000195e-01
7.734999999999999654e-01
