-6.431999999999999940e-01
-7.198999999999999844e-01
-9.089000000000000412e-01
8.497000000000000108e-01
-8.646000000000000352e-01
6.120999999999999774e-01
4.426999999999999824e-01
-7.227999999999999980e-01
1.492999999999999883e-01
-7.571999999999999842e-01
-4.070000000000000007e-02
4.941999999999999726e-01
-8.611999999999999655e-01
-5.179999999999999882e-02
-6.002999999999999448e-01
1.459999999999999909e-01
-2.149000000000000077e-01
9.606999999999999984e-01
-3.484999999999999765e-01
-8.930000000000000437e-02
6.915000000000000036e-01
-2.505999999999999894e-01
-5.106000000000000538e-01
9.866000000000000325e-01
7.688000000000000389e-01
7.520999999999999908e-01
-8.250999999999999446e-01
3.074000000000000066e-01
-9.222000000000000197e-01
-7.056000000000000050e-01
6.934000000000000163e-01
-5.574000000000000066e-01
3.435000000000000275e-01
-3.905000000000000138e-01
-7.044000000000000261e-01
7.106999999999999984e-01
8.013000000000000123e-01
5.979999999999999760e-01
3.919999999999999873e-02
-4.847000000000000197e-01
-9.143999999999999906e-01
-9.670999999999999597e-01
-3.698000000000000176e-01
6.293999999999999595e-01
7.171999999999999487e-01
8.662999999999999590e-01
-1.532000000000000028e-01
-9.834000000000000519e-01
-5.096000000000000529e-01
5.564999999999999947e-01
5.659999999999999476e-01
3.593000000000000083e-01
-7.823999999999999844e-01
-6.613999999999999879e-01
-2.973999999999999977e-01
8.690000000000000502e-02
-9.249999999999999889e-02
-6.363999999999999657e-01
-2.474999999999999978e-01
-4.123999999999999888e-01
6.541000000000000147e-01
-5.565999999999999837e-01
7.739999999999999658e-02
-5.515999999999999792e-01
9.375000000000000000e-01
-7.066999999999999948e-01
-2.972000000000000197e-01
7.971000000000000307e-01
3.462999999999999967e-01
-5.727999999999999758e-01
1.708000000000000074e-01
9.540999999999999481e-01
-4.472999999999999754e-01
8.242000000000000437e-01
-1.071000000000000008e-01
1.963000000000000023e-01
7.641000000000000014e-01
-9.900000000000000813e-03
