3.830999999999999961e-01
6.975000000000000089e-01
-6.357000000000000428e-01
9.959999999999999964e-01
4.078999999999999848e-01
-5.778999999999999693e-01
5.925000000000000266e-01
-7.980000000000000426e-01
-9.452000000000000401e-01
8.952999999999999847e-01
-1.700000000000000122e-01
-9.329999999999999405e-02
-2.061999999999999944e-01
-5.231999999999999984e-01
5.112999999999999767e-01
-7.219999999999999751e-01
8.477999999999999980e-01
4.366999999999999771e-01
8.259999999999999565e-01
2.202999999999999958e-01
-8.450000000000000566e-02
9.412000000000000366e-01
-2.857000000000000095e-01
9.408999999999999586e-01
-8.457000000000000073e-01
7.844999999999999751e-01
2.521999999999999797e-01
-3.201999999999999846e-01
5.753000000000000336e-01
5.976000000000000201e-01
9.373000000000000220e-01
-1.552000000000000046e-01
-1.199000000000000066e-01
5.340000000000000302e-02
-8.102000000000000313e-01
-7.687000000000000499e-01
-4.680000000000000271e-01
3.680999999999999828e-01
-5.368000000000000549e-01
-3.575999999999999734e-01
-3.068000000000000171e-01
5.705999999999999961e-01
-5.663000000000000256e-01
-5.050999999999999934e-01
7.436000000000000387e-01
1.019000000000000045e-01
-6.801000000000000378e-01
-8.206999999999999851e-01
5.988999999999999879e-01
-5.557999999999999607e-01
1.948000000000000009e-01
1.713000000000000078e-01
6.591000000000000192e-01
-3.579999999999999849e-02
1.164000000000000035e-01
5.931999999999999496e-01
-3.703000000000000180e-01
5.947000000000000064e-01
1.160999999999999949e-01
-2.607999999999999763e-01
7.197999999999999954e-01
-1.019999999999999934e-01
-2.837999999999999967e-01
2.069000000000000006e-01
7.281999999999999584e-01
-9.635000000000000231e-01
-2.933000000000000052e-01
-7.630000000000000115e-01
4.716000000000000192e-01
-8.559999999999999554e-02
-8.609999999999999876e-01
8.469999999999999751e-02
6.245000000000000551e-01
-9.346999999999999753e-01
6.400000000000000133e-02
4.218000000000000083e-01
9.454000000000000181e-01
-7.119999999999999940e-02
