4.330999999999999850e-01
2.631000000000000005e-01
-3.592000000000000193e-01
7.179999999999999716e-01
-2.863999999999999879e-01
-1.290000000000000001e-02
-1.774000000000000021e-01
-8.710999999999999854e-01
-1.285000000000000031e-01
-6.346000000000000529e-01
-4.122000000000000108e-01
-8.176999999999999824e-01
8.467999999999999972e-01
9.812999999999999501e-01
-6.014000000000000457e-01
1.932999999999999996e-01
1.345999999999999974e-01
-7.818000000000000504e-01
5.263999999999999790e-01
-5.179000000000000270e-01
4.867000000000000215e-01
-7.402999999999999581e-01
-9.760000000000000620e-02
8.984999999999999654e-01
-5.995000000000000329e-01
-4.413000000000000256e-01
-7.556000000000000494e-01
-2.364999999999999880e-01
-9.101000000000000201e-01
-4.779999999999999805e-01
-4.806000000000000272e-01
5.719999999999999529e-01
-8.958000000000000407e-01
-3.721999999999999753e-01
8.962999999999999856e-01
-4.778000000000000025e-01
-3.584999999999999853e-01
7.090999999999999526e-01
1.285999999999999921e-01
-1.995999999999999996e-01
-6.180999999999999828e-01
2.700000000000000143e-03
-1.062000000000000027e-01
-4.777000000000000135e-01
9.333000000000000185e-01
2.454999999999999960e-01
2.152999999999999914e-01
7.939000000000000501e-01
3.739000000000000101e-01
-1.643000000000000016e-01
-5.673000000000000265e-01
-3.940000000000000169e-01
6.239999999999999714e-02
-6.858999999999999542e-01
-5.934000000000000385e-01
4.274999999999999911e-01
-6.969999999999999529e-01
8.465000000000000302e-01
6.562000000000000055e-01
-9.110000000000000042e-02
-4.122999999999999998e-01
-8.088999999999999524e-01
-5.527999999999999581e-01
8.562999999999999501e-01
-7.989000000000000545e-01
8.831999999999999851e-01
-9.048000000000000487e-01
4.727999999999999980e-01
-4.700000000000000011e-02
8.209999999999999520e-01
1.391999999999999904e-01
6.350999999999999979e-01
6.380000000000000115e-01
3.650999999999999801e-01
5.681000000000000494e-01
-8.357999999999999874e-01
-9.635000000000000231e-01
-9.878000000000000114e-01
