-4.434000000000000163e-01
-7.741000000000000103e-01
-5.503000000000000114e-01
8.893999999999999684e-01
-5.443000000000000060e-01
-7.692999999999999838e-01
-2.722999999999999865e-01
7.018999999999999684e-01
5.662000000000000366e-01
-5.805000000000000160e-01
9.772999999999999465e-01
-9.790999999999999703e-01
-2.773999999999999799e-01
-5.639999999999999458e-01
-2.096999999999999975e-01
-3.573999999999999955e-01
2.167000000000000037e-01
-3.528999999999999915e-01
-6.988999999999999657e-01
-1.222000000000000031e-01
9.289999999999999647e-02
1.516000000000000125e-01
1.867000000000000048e-01
-7.415000000000000480e-01
-8.398999999999999799e-01
2.006999999999999895e-01
4.570000000000000173e-01
-2.462999999999999912e-01
4.163000000000000034e-01
1.953000000000000014e-01
-5.500000000000000028e-02
-2.636999999999999900e-01
-4.172000000000000153e-01
-5.583000000000000185e-01
-1.718999999999999972e-01
-5.223999999999999755e-01
-7.028999999999999693e-01
-9.641999999999999460e-01
9.653000000000000469e-01
1.004000000000000031e-01
8.840000000000000080e-01
1.317000000000000115e-01
6.898999999999999577e-01
9.556000000000000050e-01
-1.990000000000000102e-01
6.697999999999999510e-01
8.982999999999999874e-01
-8.314000000000000279e-01
1.932999999999999996e-01
1.875000000000000000e-01
5.670000000000000040e-02
3.119000000000000106e-01
-7.485000000000000542e-01
5.898999999999999799e-01
7.802000000000000046e-01
-6.209999999999999964e-01
2.389999999999999902e-01
9.905000000000000471e-01
2.590999999999999970e-01
-5.312000000000000055e-01
-5.985000000000000320e-01
-8.928000000000000380e-01
-4.074999999999999734e-01
-9.122000000000000108e-01
4.798000000000000043e-01
9.886000000000000343e-01
-7.883999999999999897e-01
-5.400000000000000286e-03
-3.420000000000000123e-02
-9.909999999999999365e-02
2.957000000000000184e-01
1.272000000000000075e-01
-2.767000000000000015e-01
5.685999999999999943e-01
6.946999999999999842e-01
-9.045999999999999597e-01
4.118999999999999884e-01
-8.901000000000000023e-01
