-6.579999999999999738e-02
-7.881000000000000227e-01
-1.212000000000000022e-01
-9.130000000000000615e-02
-1.706000000000000016e-01
2.009999999999999981e-02
7.407000000000000250e-01
-2.036999999999999922e-01
1.076000000000000012e-01
-2.665000000000000147e-01
1.899000000000000132e-01
-5.642000000000000348e-01
6.439000000000000279e-01
2.019999999999999921e-02
9.959999999999999964e-01
-9.013999999999999790e-01
8.870999999999999996e-01
2.223999999999999866e-01
-8.193000000000000282e-01
2.162999999999999923e-01
6.620000000000000329e-01
8.447000000000000064e-01
9.199999999999999845e-03
-6.723000000000000087e-01
-7.138999999999999790e-01
-9.466999999999999860e-01
-6.309000000000000163e-01
-3.409999999999999837e-02
4.469999999999999668e-02
7.187999999999999945e-01
4.039999999999999841e-02
-2.205000000000000016e-01
4.984999999999999987e-01
-7.199999999999999456e-02
3.382999999999999896e-01
9.766000000000000236e-01
-5.473000000000000087e-01
-4.692999999999999949e-01
-4.346999999999999753e-01
-5.234999999999999654e-01
-7.285000000000000364e-01
-7.178999999999999826e-01
6.679999999999999827e-02
4.783000000000000029e-01
-5.017000000000000348e-01
-6.008000000000000007e-01
5.373999999999999888e-01
-4.243999999999999995e-01
-8.215999999999999970e-01
2.409999999999999920e-01
-8.616000000000000325e-01
-9.983999999999999542e-01
-5.175999999999999490e-01
2.999999999999999889e-01
6.685999999999999721e-01
4.864999999999999880e-01
8.436000000000000165e-01
-1.089999999999999997e-01
-7.723999999999999755e-01
-5.369999999999999774e-02
1.423999999999999988e-01
-2.655000000000000138e-01
-7.318999999999999950e-01
-9.078000000000000513e-01
3.290000000000000147e-01
2.160000000000000114e-02
-6.203999999999999515e-01
2.064000000000000001e-01
5.899999999999999689e-02
-3.064999999999999947e-01
-1.784999999999999920e-01
-3.719000000000000083e-01
6.862000000000000322e-01
8.138999999999999568e-01
2.034999999999999865e-01
9.404000000000000137e-01
-7.573999999999999622e-01
6.739000000000000545e-01
