-8.211000000000000520e-01
-1.782999999999999863e-01
-4.692000000000000060e-01
7.822000000000000064e-01
-6.410000000000000142e-01
-6.959999999999999520e-02
8.959999999999999909e-02
3.335000000000000187e-01
6.916999999999999815e-01
-1.585000000000000020e-01
1.431000000000000050e-01
7.405000000000000471e-01
-3.980000000000000204e-01
-9.754000000000000448e-01
6.187000000000000277e-01
-2.250999999999999945e-01
-5.909999999999999698e-01
-6.650000000000000355e-02
9.234999999999999876e-01
-8.057999999999999607e-01
7.056000000000000050e-01
-6.519999999999999407e-02
3.870999999999999996e-01
-4.063999999999999835e-01
1.723999999999999977e-01
3.599999999999999728e-02
8.108999999999999542e-01
7.732999999999999874e-01
6.641000000000000236e-01
-7.687000000000000499e-01
8.156999999999999806e-01
-4.801000000000000267e-01
7.903999999999999915e-01
-8.112000000000000322e-01
-8.826000000000000512e-01
9.978000000000000203e-01
-3.948999999999999733e-01
6.602000000000000091e-01
1.010999999999999954e-01
-1.330999999999999961e-01
-6.931000000000000494e-01
4.825999999999999734e-01
-4.691000000000000170e-01
4.295999999999999819e-01
8.973999999999999755e-01
-6.150999999999999801e-01
7.651999999999999913e-01
-7.639999999999999569e-02
-1.554000000000000103e-01
1.233999999999999958e-01
2.594000000000000195e-01
-3.688000000000000167e-01
-8.885999999999999455e-01
3.812999999999999723e-01
3.158000000000000251e-01
-3.201999999999999846e-01
-6.193999999999999506e-01
-6.510000000000000231e-01
7.611999999999999877e-01
-9.687000000000000055e-01
5.336999999999999522e-01
-3.669999999999999929e-01
3.003000000000000114e-01
4.179999999999999688e-02
-6.694999999999999840e-01
2.666000000000000036e-01
6.408000000000000362e-01
-3.474999999999999756e-01
5.735000000000000098e-01
-6.380000000000000115e-01
1.166999999999999982e-01
-2.416000000000000092e-01
-8.749000000000000110e-01
-6.300000000000000044e-02
7.237999999999999989e-01
8.344000000000000306e-01
-8.718000000000000194e-01
5.970000000000000306e-02
