8.820000000000000062e-02
-7.652999999999999803e-01
-7.425000000000000488e-01
-1.293999999999999873e-01
7.020999999999999464e-01
-6.874000000000000110e-01
-8.870000000000000107e-01
-2.868999999999999884e-01
-9.547999999999999821e-01
-9.236999999999999655e-01
9.923999999999999488e-01
-9.758999999999999897e-01
-4.556999999999999940e-01
8.293000000000000371e-01
-1.534000000000000086e-01
-2.949999999999999845e-01
3.867999999999999772e-01
3.214000000000000190e-01
-6.746999999999999664e-01
-4.267000000000000237e-01
6.314999999999999503e-01
4.652999999999999914e-01
6.915000000000000036e-01
4.077999999999999958e-01
-5.765000000000000124e-01
6.821000000000000396e-01
9.181000000000000272e-01
-7.762000000000000011e-01
8.767000000000000348e-01
-1.607999999999999985e-01
-5.574999999999999956e-01
-5.185999999999999499e-01
-1.969999999999999876e-02
-1.771000000000000074e-01
9.983999999999999542e-01
4.190999999999999726e-01
2.631999999999999895e-01
2.010000000000000120e-01
3.323999999999999733e-01
-8.022000000000000242e-01
3.140000000000000013e-01
7.208999999999999853e-01
-6.374999999999999556e-01
4.435000000000000053e-01
2.319999999999999840e-02
-4.047999999999999932e-01
-8.982999999999999874e-01
-5.020000000000000018e-01
-2.373000000000000109e-01
4.437999999999999723e-01
-2.727999999999999869e-01
-5.603000000000000203e-01
-9.048000000000000487e-01
-2.390000000000000110e-02
-9.554000000000000270e-01
-8.200000000000000344e-02
-3.776999999999999802e-01
-1.401999999999999913e-01
2.942000000000000171e-01
-3.099999999999999978e-02
-4.067999999999999949e-01
7.034000000000000252e-01
-7.435000000000000497e-01
-3.116999999999999771e-01
-5.527999999999999581e-01
3.451000000000000179e-01
1.034000000000000058e-01
-1.340000000000000045e-02
4.460000000000000075e-02
6.532999999999999918e-01
-7.965999999999999748e-01
-9.801999999999999602e-01
-5.229000000000000314e-01
2.797999999999999932e-01
9.075999999999999623e-01
-2.631999999999999895e-01
5.262999999999999901e-01
5.713000000000000300e-01
