1.535999999999999865e-01
8.150000000000000300e-02
-6.909999999999999476e-02
-5.373999999999999888e-01
3.844000000000000195e-01
-4.583999999999999742e-01
-2.484999999999999987e-01
-6.657999999999999474e-01
-3.960000000000000187e-01
5.711000000000000520e-01
-6.444999999999999618e-01
9.186999999999999611e-01
-9.794000000000000483e-01
8.120000000000000551e-01
6.984000000000000208e-01
-7.986999999999999655e-01
-6.793000000000000149e-01
-7.625999999999999446e-01
-9.516999999999999904e-01
3.058000000000000163e-01
-9.999000000000000110e-01
-3.362999999999999878e-01
8.309999999999999332e-02
1.154000000000000026e-01
7.680000000000000160e-01
-4.682999999999999940e-01
-8.119999999999999440e-02
-4.466999999999999860e-01
-5.358000000000000540e-01
1.064999999999999974e-01
-7.681000000000000050e-01
6.759999999999999343e-02
8.991000000000000103e-01
1.665000000000000091e-01
-2.812999999999999945e-01
9.737999999999999989e-01
8.804999999999999494e-01
-8.088999999999999524e-01
4.133000000000000007e-01
-4.940999999999999837e-01
9.331000000000000405e-01
-8.487999999999999989e-01
4.894999999999999907e-01
-2.661999999999999922e-01
-7.033000000000000362e-01
6.343999999999999639e-01
6.399000000000000243e-01
-7.991000000000000325e-01
3.034999999999999920e-01
3.348999999999999755e-01
9.922999999999999599e-01
-6.330000000000000071e-01
7.359999999999999876e-01
-3.769999999999999740e-02
-8.287999999999999812e-01
-4.768999999999999906e-01
-1.169000000000000039e-01
3.912999999999999812e-01
3.348999999999999755e-01
-5.705000000000000071e-01
-9.035999999999999588e-01
-4.662000000000000033e-01
-4.680000000000000132e-02
1.905000000000000027e-01
-8.497999999999999998e-01
9.276999999999999691e-01
5.744000000000000217e-01
-2.449000000000000066e-01
-9.401000000000000467e-01
3.078000000000000180e-01
9.099000000000000421e-01
-1.570999999999999897e-01
8.992999999999999883e-01
2.752999999999999892e-01
-8.125999999999999890e-01
-4.042999999999999927e-01
3.397000000000000020e-01
9.699999999999999734e-01
