-7.995999999999999774e-01
-3.330000000000000321e-02
-5.894000000000000350e-01
7.553999999999999604e-01
2.146000000000000130e-01
9.455000000000000071e-01
2.616999999999999882e-01
6.673000000000000043e-01
-2.291999999999999871e-01
-5.591000000000000414e-01
8.038999999999999480e-01
2.858999999999999875e-01
-7.791000000000000147e-01
-1.731999999999999929e-01
-6.526999999999999469e-01
7.078999999999999737e-01
4.989999999999999991e-01
4.949999999999999956e-01
-8.004000000000000004e-01
6.661000000000000254e-01
-6.605999999999999650e-01
1.030999999999999972e-01
5.202999999999999847e-01
6.388000000000000345e-01
-1.859000000000000097e-01
1.405000000000000138e-01
1.880999999999999894e-01
3.408999999999999808e-01
6.427000000000000490e-01
5.150000000000000133e-01
5.515999999999999792e-01
-2.028999999999999970e-01
6.757999999999999563e-01
-4.961999999999999744e-01
-4.018999999999999795e-01
9.659999999999999698e-01
-9.575000000000000178e-01
9.445999999999999952e-01
4.102000000000000091e-01
-8.484000000000000430e-01
-7.953000000000000069e-01
-4.213999999999999968e-01
6.873000000000000220e-01
-1.552000000000000046e-01
1.003000000000000003e-01
5.058000000000000274e-01
2.091000000000000081e-01
1.403999999999999970e-01
-3.578999999999999959e-01
-3.330000000000000182e-01
5.483999999999999986e-01
-4.122000000000000108e-01
7.300999999999999712e-01
8.091000000000000414e-01
9.453000000000000291e-01
1.585999999999999910e-01
-4.751000000000000223e-01
1.329999999999999932e-02
-3.479999999999999760e-01
-1.746999999999999942e-01
-5.729999999999999677e-02
-5.090000000000000080e-01
5.580000000000000238e-02
-1.968999999999999917e-01
-2.000000000000000096e-04
1.494999999999999940e-01
-3.608000000000000096e-01
-8.618999999999999995e-01
2.195999999999999897e-01
3.527000000000000135e-01
-8.110000000000000542e-01
-1.346999999999999864e-01
6.510000000000000231e-01
3.168000000000000260e-01
-6.630000000000000338e-01
9.573000000000000398e-01
-5.557999999999999607e-01
-7.146000000000000130e-01
