-9.727000000000000091e-01
1.698999999999999955e-01
7.698000000000000398e-01
3.810000000000000053e-01
-1.004000000000000031e-01
6.299000000000000155e-01
-3.120999999999999885e-01
8.365000000000000213e-01
-6.719000000000000528e-01
7.413999999999999480e-01
9.576999999999999957e-01
-6.583999999999999853e-01
-9.747999999999999998e-01
1.305000000000000049e-01
-8.437999999999999945e-01
8.510999999999999677e-01
-1.179999999999999973e-02
-3.805000000000000049e-01
-1.905000000000000027e-01
1.549000000000000099e-01
-7.267000000000000126e-01
6.306000000000000494e-01
-8.042000000000000259e-01
-4.748999999999999888e-01
-5.558999999999999497e-01
-5.404999999999999805e-01
3.341999999999999971e-01
8.637000000000000233e-01
-3.890000000000000124e-01
-1.438000000000000111e-01
7.425000000000000488e-01
-3.068000000000000171e-01
-1.774999999999999911e-01
-8.512999999999999456e-01
-7.818000000000000504e-01
-5.890999999999999570e-01
6.949999999999999512e-01
8.606000000000000316e-01
-4.248999999999999999e-01
-3.972999999999999865e-01
8.490999999999999659e-01
5.390000000000000346e-02
9.769999999999999796e-01
8.054000000000000048e-01
9.802999999999999492e-01
-7.608000000000000318e-01
9.602000000000000535e-01
5.511000000000000343e-01
-6.755999999999999783e-01
-7.352999999999999536e-01
-4.803000000000000047e-01
5.459000000000000519e-01
4.825999999999999734e-01
-9.949000000000000066e-01
3.014000000000000012e-01
-7.013000000000000345e-01
1.542000000000000037e-01
6.792000000000000259e-01
-7.970000000000000417e-01
-6.074000000000000510e-01
3.906000000000000028e-01
4.742999999999999994e-01
-4.244999999999999885e-01
9.341000000000000414e-01
-6.854999999999999982e-01
5.612000000000000322e-01
-8.960000000000000187e-01
-7.370000000000000162e-02
2.529999999999999957e-02
8.233000000000000318e-01
-9.510000000000000397e-02
-2.237999999999999989e-01
-7.429000000000000048e-01
4.268000000000000127e-01
9.183000000000000052e-01
3.382999999999999896e-01
6.216000000000000414e-01
4.506999999999999895e-01
