4.640000000000000235e-01
6.562999999999999945e-01
-6.812000000000000277e-01
2.288999999999999924e-01
1.340000000000000080e-01
-9.585000000000000187e-01
-2.298000000000000043e-01
-3.526000000000000245e-01
3.292999999999999816e-01
-2.710000000000000187e-01
-5.161999999999999922e-01
5.856999999999999984e-01
-7.099999999999999645e-01
1.102999999999999953e-01
6.069999999999999701e-02
1.333000000000000018e-01
9.539999999999999591e-01
-2.510999999999999899e-01
-8.657000000000000250e-01
9.211000000000000298e-01
6.927999999999999714e-01
1.955999999999999961e-01
-2.957000000000000184e-01
-4.309999999999999942e-01
-2.684000000000000274e-01
8.001000000000000334e-01
-8.464000000000000412e-01
-4.774999999999999800e-01
-4.747999999999999998e-01
8.039999999999999925e-02
2.525999999999999912e-01
-5.709999999999999798e-02
4.083999999999999853e-01
3.013000000000000123e-01
-9.818999999999999950e-01
-3.106999999999999762e-01
-1.030999999999999972e-01
-6.311999999999999833e-01
-7.374000000000000554e-01
5.000000000000000104e-03
4.719999999999999751e-01
3.905000000000000138e-01
6.879999999999999449e-01
-6.351999999999999869e-01
5.116000000000000547e-01
2.731000000000000094e-01
1.100000000000000006e-01
-2.102999999999999869e-01
9.679999999999999716e-01
6.057000000000000162e-01
3.900000000000000133e-01
2.119000000000000050e-01
1.197000000000000008e-01
4.249999999999999889e-01
-4.984000000000000097e-01
-1.650000000000000078e-02
-5.413000000000000034e-01
-2.225999999999999923e-01
7.624999999999999556e-01
-2.775000000000000244e-01
7.196000000000000174e-01
3.705999999999999850e-01
-6.630000000000000338e-01
-1.928999999999999881e-01
7.600999999999999979e-01
-8.943999999999999728e-01
-1.029000000000000054e-01
8.021000000000000352e-01
-6.198000000000000176e-01
3.109999999999999917e-02
8.102000000000000313e-01
4.354999999999999982e-01
3.271999999999999909e-01
8.608000000000000096e-01
7.207000000000000073e-01
9.051000000000000156e-01
2.985999999999999766e-01
-8.848000000000000309e-01
