-4.037999999999999923e-01
-8.166999999999999815e-01
6.841000000000000414e-01
-6.060999999999999721e-01
-3.715999999999999859e-01
-5.532000000000000250e-01
-3.763000000000000234e-01
7.325000000000000400e-01
2.560000000000000123e-02
8.768000000000000238e-01
-3.054000000000000048e-01
-8.973999999999999755e-01
-8.360999999999999543e-01
3.459999999999999881e-02
-9.940000000000000224e-02
5.023999999999999577e-01
-7.475000000000000533e-01
7.274000000000000465e-01
3.649000000000000021e-01
1.474999999999999922e-01
-5.208000000000000407e-01
1.943000000000000005e-01
8.782999999999999696e-01
2.469999999999999973e-02
-3.741999999999999771e-01
3.975000000000000200e-01
9.415999999999999925e-01
1.280000000000000061e-02
-2.921000000000000263e-01
4.647000000000000020e-01
-1.348999999999999921e-01
5.340000000000000302e-01
-7.910000000000000364e-02
2.215999999999999914e-01
1.300999999999999934e-01
5.904000000000000359e-01
8.319999999999999618e-01
1.139000000000000012e-01
5.038000000000000256e-01
-5.661000000000000476e-01
9.313000000000000167e-01
-5.901999999999999469e-01
-5.400000000000000286e-03
-7.145000000000000240e-01
3.958999999999999742e-01
-1.144000000000000017e-01
5.634000000000000119e-01
5.866000000000000103e-01
-6.112999999999999545e-01
9.053999999999999826e-01
6.642000000000000126e-01
-9.596999999999999975e-01
9.887000000000000233e-01
-8.965999999999999526e-01
3.809000000000000163e-01
5.586999999999999744e-01
9.123999999999999888e-01
-7.934999999999999831e-01
-5.485999999999999766e-01
3.996000000000000107e-01
-1.774000000000000021e-01
8.810000000000000053e-01
8.213000000000000300e-01
-1.842000000000000026e-01
6.568000000000000504e-01
-3.819000000000000172e-01
-2.185999999999999888e-01
-2.649000000000000243e-01
-6.138000000000000123e-01
-4.874999999999999889e-01
-5.594000000000000083e-01
-5.081999999999999851e-01
7.114000000000000323e-01
9.003999999999999782e-01
-6.297000000000000375e-01
1.290000000000000036e-01
-1.105000000000000010e-01
-4.390000000000000152e-02
