1.497999999999999887e-01
-7.829999999999999460e-02
1.439000000000000001e-01
-8.870000000000000107e-01
-8.932999999999999829e-01
-5.742000000000000437e-01
-4.073999999999999844e-01
-3.972999999999999865e-01
-9.802999999999999492e-01
7.259999999999999787e-02
-8.918000000000000371e-01
6.574999999999999734e-01
-5.588999999999999524e-01
-8.141000000000000458e-01
-9.461000000000000520e-01
-1.570000000000000007e-01
-8.657000000000000250e-01
6.068000000000000060e-01
-3.402999999999999914e-01
-9.229999999999999316e-02
1.277000000000000079e-01
7.671999999999999931e-01
-6.771000000000000352e-01
3.297999999999999821e-01
-8.969000000000000306e-01
-4.340000000000000108e-02
-8.490000000000000324e-02
2.479000000000000092e-01
-5.103999999999999648e-01
9.270000000000000462e-01
6.731000000000000316e-01
4.627000000000000002e-01
-9.750999999999999668e-01
7.016000000000000014e-01
7.557000000000000384e-01
1.333000000000000018e-01
4.966999999999999749e-01
7.598000000000000309e-01
-1.032000000000000001e-01
-3.261000000000000010e-01
6.957999999999999741e-01
-7.537000000000000366e-01
9.747999999999999998e-01
1.414999999999999869e-01
-4.505000000000000115e-01
-1.504999999999999949e-01
2.323999999999999955e-01
1.213999999999999940e-01
6.148000000000000131e-01
4.204999999999999849e-01
-4.230999999999999761e-01
-5.677999999999999714e-01
3.470000000000000168e-02
4.163000000000000034e-01
-1.388999999999999957e-01
5.877000000000000002e-01
5.848999999999999755e-01
5.689999999999999503e-01
-7.741000000000000103e-01
1.213000000000000050e-01
1.640000000000000138e-02
7.090999999999999526e-01
-9.906000000000000361e-01
-5.230000000000000204e-01
-4.275999999999999801e-01
-7.540000000000000036e-01
-5.201000000000000068e-01
6.608000000000000540e-01
7.342999999999999527e-01
9.584000000000000297e-01
-9.235999999999999766e-01
-6.536999999999999478e-01
-7.168999999999999817e-01
5.008000000000000229e-01
-9.595000000000000195e-01
1.360000000000000098e-01
-1.265000000000000013e-01
1.396999999999999909e-01
