6.142999999999999572e-01
9.883999999999999453e-01
1.766999999999999960e-01
2.721000000000000085e-01
2.272000000000000131e-01
9.298999999999999488e-01
3.350000000000000200e-01
-8.022000000000000242e-01
9.875000000000000444e-01
-4.727999999999999980e-01
5.637999999999999678e-01
3.986000000000000099e-01
9.100000000000000311e-01
3.526000000000000245e-01
-7.260999999999999677e-01
3.138000000000000234e-01
-1.542999999999999927e-01
-9.735000000000000320e-01
8.682999999999999607e-01
5.455999999999999739e-01
9.789999999999999813e-01
5.940999999999999615e-01
1.044000000000000067e-01
-1.299999999999999940e-02
3.280000000000000276e-02
9.610000000000000486e-02
-2.662999999999999812e-01
-3.479999999999999760e-01
1.050000000000000065e-02
8.206999999999999851e-01
-3.561000000000000276e-01
6.391999999999999904e-01
-7.810000000000000275e-01
-4.258000000000000118e-01
-7.810000000000000275e-01
-2.379999999999999893e-01
7.137999999999999901e-01
7.951000000000000290e-01
9.520999999999999464e-01
3.447000000000000064e-01
8.328999999999999737e-01
-8.934999999999999609e-01
1.471999999999999975e-01
-5.716999999999999860e-01
-8.480000000000000038e-02
-8.681999999999999718e-01
1.436000000000000054e-01
-1.218000000000000055e-01
9.875000000000000444e-01
-6.193999999999999506e-01
-8.813999999999999613e-01
-2.432999999999999885e-01
2.943000000000000060e-01
9.890999999999999792e-01
5.430000000000000382e-01
-2.957000000000000184e-01
5.119000000000000217e-01
9.032999999999999918e-01
-5.292999999999999927e-01
-1.023000000000000020e-01
-1.962000000000000133e-01
-9.287999999999999590e-01
2.836000000000000187e-01
4.980999999999999872e-01
8.426000000000000156e-01
4.456999999999999851e-01
-8.259999999999999565e-01
-2.968999999999999972e-01
-6.485999999999999543e-01
-1.401999999999999913e-01
6.185000000000000497e-01
3.286999999999999922e-01
-4.710000000000000298e-02
-1.370000000000000107e-01
-7.116000000000000103e-01
-1.170000000000000033e-02
6.056000000000000272e-01
2.220999999999999919e-01
