-2.354999999999999871e-01
3.346999999999999975e-01
4.900999999999999801e-01
-7.485000000000000542e-01
-9.203000000000000069e-01
3.079999999999999960e-01
9.915000000000000480e-01
4.334000000000000075e-01
5.970000000000000306e-02
9.149000000000000465e-01
4.082000000000000073e-01
-1.325000000000000067e-01
1.262999999999999956e-01
1.600000000000000077e-03
-5.759999999999999842e-02
-2.802999999999999936e-01
-1.773000000000000131e-01
4.924999999999999933e-01
5.421000000000000263e-01
-3.760000000000000148e-02
5.976000000000000201e-01
-6.759999999999999343e-02
7.651999999999999913e-01
-4.919000000000000039e-01
-8.448999999999999844e-01
3.380000000000000226e-01
6.731000000000000316e-01
7.319999999999999840e-01
2.299999999999999961e-02
-1.998000000000000054e-01
9.679999999999999716e-01
1.087000000000000050e-01
4.727999999999999980e-01
-3.670000000000000345e-02
-1.034999999999999948e-01
-4.486999999999999877e-01
-7.379999999999999893e-01
3.359999999999999792e-02
2.336999999999999911e-01
-5.107000000000000428e-01
4.966999999999999749e-01
2.898999999999999910e-01
5.635000000000000009e-01
5.584000000000000075e-01
-7.035000000000000142e-01
-8.799999999999999489e-02
4.680000000000000271e-01
-5.358000000000000540e-01
3.064999999999999947e-01
-9.514000000000000234e-01
-3.975000000000000200e-01
3.939999999999999752e-02
-8.309999999999999609e-01
8.709999999999999687e-02
4.637999999999999901e-01
-8.731999999999999762e-01
-8.908000000000000362e-01
-7.039999999999999591e-01
-6.511000000000000121e-01
-8.108999999999999542e-01
-6.955999999999999961e-01
4.889999999999999902e-01
-7.266000000000000236e-01
2.071999999999999953e-01
-2.461000000000000132e-01
2.220000000000000029e-01
6.349000000000000199e-01
-3.538000000000000034e-01
-1.960000000000000075e-01
-4.297000000000000264e-01
6.397000000000000464e-01
-3.467000000000000082e-01
-2.817999999999999949e-01
-3.493999999999999884e-01
8.872999999999999776e-01
-8.754999999999999449e-01
-3.066999999999999726e-01
-7.989999999999999880e-02
