4.636000000000000121e-01
2.846000000000000196e-01
4.980999999999999872e-01
3.139000000000000123e-01
5.276999999999999469e-01
-4.300000000000000003e-03
-3.189999999999999780e-02
-1.743000000000000105e-01
-4.783000000000000029e-01
-5.750000000000000250e-02
3.190000000000000058e-01
-8.953999999999999737e-01
-5.809999999999999887e-02
9.209000000000000519e-01
8.519999999999999796e-02
2.897000000000000131e-01
-3.088000000000000189e-01
-9.215999999999999748e-01
1.126000000000000056e-01
-6.696999999999999620e-01
7.107999999999999874e-01
4.259999999999999898e-02
4.194999999999999840e-01
-1.706999999999999906e-01
-6.538000000000000478e-01
8.885999999999999455e-01
-6.786999999999999700e-01
-3.996000000000000107e-01
-9.252000000000000224e-01
-1.867999999999999938e-01
1.048999999999999932e-01
4.787000000000000144e-01
-9.750000000000000333e-02
4.420000000000000040e-01
9.194999999999999840e-01
4.929999999999999660e-02
-2.928000000000000047e-01
6.439000000000000279e-01
9.784000000000000474e-01
1.003000000000000003e-01
8.721999999999999753e-01
6.565999999999999615e-01
3.624999999999999889e-01
-7.399000000000000021e-01
4.213000000000000078e-01
9.293000000000000149e-01
5.000000000000000000e-01
-8.260000000000000675e-02
7.649000000000000243e-01
-1.450000000000000074e-02
4.822000000000000175e-01
-5.494999999999999885e-01
5.951999999999999513e-01
-7.870000000000000606e-02
1.918999999999999873e-01
8.567000000000000171e-01
2.975999999999999757e-01
-6.209000000000000075e-01
2.893999999999999906e-01
7.215000000000000302e-01
-7.163000000000000478e-01
9.268999999999999462e-01
-1.685000000000000109e-01
-3.941999999999999948e-01
-2.301999999999999880e-01
-4.000000000000000192e-04
-2.243999999999999884e-01
1.900000000000000022e-01
-3.590000000000000135e-02
-5.340000000000000302e-02
-9.000000000000000222e-01
-8.094999999999999973e-01
-2.564000000000000168e-01
9.711999999999999522e-01
-4.295999999999999819e-01
7.964999999999999858e-01
3.825000000000000067e-01
-4.833000000000000074e-01
-2.707999999999999852e-01
-5.433999999999999941e-01
1.204999999999999960e-01
-1.950999999999999956e-01
-9.836000000000000298e-01
-5.598999999999999533e-01
3.005999999999999783e-01
-8.212000000000000410e-01
6.801000000000000378e-01
7.629000000000000226e-01
-2.315000000000000113e-01
-2.740000000000000074e-02
-8.486000000000000210e-01
8.197999999999999732e-01
6.367000000000000437e-01
8.377000000000000002e-01
-3.362999999999999878e-01
-3.511000000000000232e-01
5.192999999999999838e-01
-7.980000000000000426e-01
9.660000000000000531e-02
3.780999999999999917e-01
-5.314999999999999725e-01
-1.786999999999999977e-01
5.356999999999999540e-01
4.872000000000000219e-01
1.029000000000000054e-01
1.087000000000000050e-01
1.814999999999999947e-01
8.500999999999999668e-01
-3.998999999999999777e-01
-7.568000000000000282e-01
-9.213000000000000078e-01
3.479999999999999760e-02
6.822000000000000286e-01
4.616000000000000103e-01
-1.446999999999999953e-01
-6.122999999999999554e-01
-4.131000000000000227e-01
9.510999999999999455e-01
4.177000000000000157e-01
-3.904000000000000248e-01
-7.573999999999999622e-01
1.303999999999999881e-01
5.325999999999999623e-01
-6.009999999999999787e-01
7.228999999999999870e-01
-7.238999999999999879e-01
-3.775999999999999912e-01
-8.639000000000000012e-01
-7.497000000000000330e-01
-2.965999999999999748e-01
6.522000000000000020e-01
1.721999999999999920e-01
-2.993999999999999995e-01
-8.455000000000000293e-01
-8.574000000000000510e-01
-5.776999999999999913e-01
7.036000000000000032e-01
8.257999999999999785e-01
9.820999999999999730e-01
6.863000000000000211e-01
-7.370999999999999774e-01
8.162000000000000366e-01
-2.989999999999999949e-02
-5.455999999999999739e-01
5.893000000000000460e-01
6.487000000000000544e-01
7.620000000000000107e-01
-7.670000000000000429e-02
1.379999999999999977e-02
-8.054999999999999938e-01
1.298999999999999877e-01
7.768000000000000460e-01
5.215999999999999526e-01
5.404999999999999805e-01
7.092000000000000526e-01
-7.104000000000000314e-01
-5.433000000000000052e-01
5.090000000000000080e-02
-5.637999999999999678e-01
5.846999999999999975e-01
7.782000000000000028e-01
6.804000000000000048e-01
7.449000000000000066e-01
-3.910000000000000281e-02
-7.550999999999999934e-01
3.604999999999999871e-01
-6.505999999999999561e-01
6.344999999999999529e-01
-1.959999999999999937e-02
-7.727000000000000535e-01
8.376000000000000112e-01
4.522999999999999798e-01
6.370000000000000662e-02
3.570000000000000256e-02
8.177999999999999714e-01
-6.997999999999999776e-01
3.008000000000000118e-01
5.978999999999999870e-01
6.879999999999999449e-01
8.497000000000000108e-01
8.296000000000000041e-01
8.445000000000000284e-01
-1.985999999999999988e-01
4.172000000000000153e-01
5.935000000000000275e-01
1.350000000000000089e-01
8.078999999999999515e-01
2.356999999999999929e-01
-5.525999999999999801e-01
-9.667000000000000037e-01
4.330999999999999850e-01
3.365000000000000213e-01
7.754999999999999671e-01
4.541000000000000036e-01
2.464999999999999969e-01
8.020000000000000462e-01
6.760000000000000453e-01
-5.373999999999999888e-01
2.960000000000000131e-02
8.762999999999999678e-01
