5.686999999999999833e-01
-5.524999999999999911e-01
-3.361999999999999988e-01
7.808000000000000496e-01
-8.909000000000000252e-01
-9.912999999999999590e-01
-5.555999999999999828e-01
-6.009999999999999787e-01
2.124000000000000055e-01
3.160000000000000309e-02
8.024000000000000021e-01
5.735999999999999988e-01
-3.002000000000000224e-01
-6.371999999999999886e-01
8.699999999999999400e-02
-4.063999999999999835e-01
-8.532999999999999474e-01
-8.665000000000000480e-01
-5.296999999999999487e-01
-8.266999999999999904e-01
-5.401000000000000245e-01
-8.064999999999999947e-01
-7.702999999999999847e-01
-5.280000000000000249e-01
2.697999999999999843e-01
-1.579000000000000126e-01
8.280999999999999472e-01
5.199999999999999761e-02
4.822000000000000175e-01
8.112000000000000322e-01
4.117000000000000104e-01
-9.068000000000000504e-01
8.661999999999999700e-01
-3.775999999999999912e-01
-1.275000000000000022e-01
-1.580999999999999905e-01
9.568999999999999728e-01
3.942999999999999838e-01
1.685000000000000109e-01
1.812000000000000000e-01
8.528000000000000025e-01
-2.893999999999999906e-01
-9.123999999999999888e-01
-1.661999999999999866e-01
2.034999999999999865e-01
2.943000000000000060e-01
6.146000000000000352e-01
8.628000000000000114e-01
-4.749999999999999778e-01
-8.970000000000000195e-01
-4.023999999999999799e-01
5.759999999999999842e-02
6.900000000000000577e-02
-5.571000000000000396e-01
3.556000000000000272e-01
-8.904999999999999583e-01
5.465999999999999748e-01
-3.822999999999999732e-01
-2.094999999999999918e-01
-4.143000000000000016e-01
6.290000000000000036e-01
-6.824000000000000066e-01
5.473999999999999977e-01
-7.064000000000000279e-01
-2.311999999999999889e-01
-8.224000000000000199e-01
1.325000000000000067e-01
-8.658000000000000140e-01
-7.047999999999999821e-01
1.950999999999999956e-01
1.285000000000000031e-01
4.678999999999999826e-01
-3.034999999999999920e-01
2.373000000000000109e-01
5.773000000000000353e-01
5.304999999999999716e-01
-4.905999999999999805e-01
-1.995999999999999996e-01
8.125999999999999890e-01
-2.533000000000000251e-01
9.445000000000000062e-01
2.487000000000000044e-01
9.677999999999999936e-01
-2.363999999999999990e-01
-9.916000000000000369e-01
-9.700999999999999623e-01
-9.567999999999999838e-01
-4.282000000000000250e-01
3.219999999999999946e-02
8.060000000000000497e-01
5.913000000000000478e-01
9.810999999999999721e-01
-3.936999999999999944e-01
-8.177999999999999714e-01
-5.993000000000000549e-01
-6.220999999999999863e-01
1.103999999999999981e-01
8.796000000000000485e-01
-8.809999999999999776e-02
-2.600000000000000089e-01
9.234999999999999876e-01
-5.060999999999999943e-01
-7.670000000000000151e-01
-2.943000000000000060e-01
9.372000000000000330e-01
-6.449000000000000288e-01
-7.004000000000000226e-01
-4.189999999999999836e-01
3.163000000000000256e-01
2.867000000000000104e-01
3.284000000000000252e-01
-8.451999999999999513e-01
-9.033999999999999808e-01
4.632000000000000006e-01
-3.467999999999999972e-01
6.248000000000000220e-01
1.366999999999999882e-01
8.228999999999999648e-01
-9.456999999999999851e-01
-5.330000000000000016e-02
-8.880000000000000115e-01
-3.650999999999999801e-01
8.350000000000000477e-02
9.039999999999999425e-02
7.815999999999999615e-01
-5.116000000000000547e-01
-1.383000000000000063e-01
9.450000000000000067e-02
-7.360999999999999766e-01
-3.793000000000000260e-01
3.481000000000000205e-01
-8.246999999999999886e-01
5.552000000000000268e-01
3.973999999999999755e-01
-5.309000000000000385e-01
-1.234999999999999987e-01
7.822999999999999954e-01
3.906999999999999917e-01
6.480000000000000204e-01
7.336000000000000298e-01
-6.598000000000000531e-01
8.264000000000000234e-01
7.153000000000000469e-01
1.489000000000000046e-01
-3.000999999999999779e-01
2.787999999999999923e-01
3.559999999999999970e-02
-6.258000000000000229e-01
2.174000000000000099e-01
-3.443999999999999839e-01
6.700000000000000400e-01
4.927000000000000268e-01
-1.759999999999999898e-01
-8.469999999999999751e-02
1.540999999999999870e-01
-4.652999999999999914e-01
4.696000000000000174e-01
-1.156999999999999973e-01
4.767000000000000126e-01
-8.861999999999999877e-01
-4.838000000000000078e-01
6.961000000000000520e-01
-9.961999999999999744e-01
7.260999999999999677e-01
-4.269999999999999907e-01
4.712000000000000077e-01
-5.618999999999999551e-01
-8.890000000000000124e-01
7.452999999999999625e-01
3.049999999999999933e-01
-3.685999999999999832e-01
-5.780999999999999472e-01
-2.005000000000000115e-01
-9.556999999999999940e-01
-7.290000000000000646e-02
-8.602999999999999536e-01
4.606999999999999984e-01
9.377999999999999670e-01
-3.118000000000000216e-01
1.280000000000000061e-02
2.772999999999999909e-01
-3.578000000000000069e-01
1.179999999999999973e-02
-9.327999999999999625e-01
9.539999999999999591e-01
8.921999999999999931e-01
-8.691999999999999726e-01
-6.246000000000000441e-01
3.804000000000000159e-01
9.216999999999999638e-01
-5.319000000000000394e-01
1.872000000000000053e-01
-5.141999999999999904e-01
8.923999999999999710e-01
4.894999999999999907e-01
5.455999999999999739e-01
3.482000000000000095e-01
7.315000000000000391e-01
-9.016999999999999460e-01
2.891000000000000236e-01
