5.159000000000000252e-01
-6.522000000000000020e-01
3.242999999999999772e-01
8.636000000000000343e-01
-7.148999999999999799e-01
2.596999999999999864e-01
-8.598000000000000087e-01
2.869999999999999774e-01
-3.180000000000000049e-01
9.565000000000000169e-01
2.033999999999999975e-01
-2.661000000000000032e-01
-2.766000000000000125e-01
3.753000000000000225e-01
-5.526999999999999691e-01
4.596999999999999975e-01
-3.020999999999999797e-01
-1.335999999999999965e-01
-3.730999999999999872e-01
-7.581999999999999851e-01
7.127999999999999892e-01
9.510000000000000397e-02
-9.513000000000000345e-01
2.333999999999999964e-01
-6.650000000000000355e-02
-3.306000000000000050e-01
9.102999999999999980e-01
3.094000000000000083e-01
-3.466000000000000192e-01
4.799999999999999580e-03
9.991999999999999771e-01
8.997000000000000552e-01
5.857999999999999874e-01
-2.487999999999999934e-01
8.882999999999999785e-01
4.460000000000000075e-02
-4.939999999999999947e-01
4.168999999999999928e-01
-4.631000000000000116e-01
5.064999999999999503e-01
7.670000000000000151e-01
-5.849999999999999645e-01
-7.291999999999999593e-01
1.685000000000000109e-01
-7.510999999999999899e-01
7.610000000000000098e-02
-9.524000000000000243e-01
6.608000000000000540e-01
-8.612999999999999545e-01
-7.530000000000000027e-01
-5.776000000000000023e-01
9.660000000000000531e-02
-8.248999999999999666e-01
7.793999999999999817e-01
-4.020000000000000240e-01
-2.878000000000000003e-01
-1.303999999999999881e-01
7.597000000000000419e-01
-4.848999999999999977e-01
-7.408000000000000140e-01
-7.023000000000000353e-01
-9.711999999999999522e-01
-3.882999999999999785e-01
7.887999999999999456e-01
5.449000000000000510e-01
-2.371999999999999942e-01
-9.960999999999999854e-01
-3.776999999999999802e-01
-6.012999999999999456e-01
-6.637999999999999456e-01
1.650999999999999968e-01
-8.517000000000000126e-01
-1.899999999999999996e-03
4.058999999999999830e-01
8.346000000000000085e-01
-4.819999999999999840e-01
6.230999999999999872e-01
9.273000000000000131e-01
-9.078000000000000513e-01
8.862999999999999767e-01
-1.469999999999999953e-02
-3.138000000000000234e-01
-3.942999999999999838e-01
-6.091999999999999638e-01
-5.489999999999999741e-02
8.416000000000000147e-01
9.062000000000000055e-01
-6.672000000000000153e-01
-3.372999999999999887e-01
-1.496999999999999997e-01
4.920999999999999819e-01
-2.630000000000000046e-02
1.832000000000000017e-01
-2.646999999999999909e-01
4.062999999999999945e-01
2.343999999999999972e-01
-1.812000000000000000e-01
-6.068999999999999950e-01
2.356000000000000039e-01
3.407999999999999918e-01
-4.752000000000000113e-01
-3.059000000000000052e-01
5.255999999999999561e-01
-7.098999999999999755e-01
7.158999999999999808e-01
-2.621999999999999886e-01
-2.773999999999999799e-01
-2.295999999999999985e-01
6.932000000000000384e-01
-5.758999999999999675e-01
-7.680000000000000160e-01
-5.890000000000000097e-02
-8.941999999999999948e-01
-6.253999999999999559e-01
3.347999999999999865e-01
-8.898000000000000353e-01
-5.497999999999999554e-01
-1.053000000000000047e-01
-9.962999999999999634e-01
3.291000000000000036e-01
5.294999999999999707e-01
-3.489999999999999769e-01
7.704999999999999627e-01
-3.721999999999999753e-01
-8.618999999999999995e-01
2.290000000000000091e-01
6.600000000000000311e-02
-5.939999999999999725e-01
-2.164000000000000090e-01
2.076000000000000068e-01
9.750999999999999668e-01
4.939999999999999947e-02
-5.973000000000000531e-01
8.728000000000000203e-01
-7.532999999999999696e-01
-4.621999999999999997e-01
-8.516000000000000236e-01
-4.796000000000000263e-01
8.343000000000000416e-01
6.127000000000000224e-01
-6.018000000000000016e-01
8.899000000000000243e-01
-2.785000000000000253e-01
4.828000000000000069e-01
9.344000000000000083e-01
-6.139999999999999902e-01
4.100000000000000172e-02
-5.109999999999999959e-02
1.786000000000000087e-01
-6.596999999999999531e-01
-3.342999999999999861e-01
9.187999999999999501e-01
-4.159999999999999809e-02
-9.277999999999999581e-01
-8.632999999999999563e-01
7.307000000000000162e-01
9.433000000000000274e-01
5.890999999999999570e-01
-5.080000000000000071e-01
-4.541000000000000036e-01
2.661000000000000032e-01
-2.170999999999999874e-01
-7.637000000000000455e-01
3.634999999999999898e-01
-7.733999999999999764e-01
2.906000000000000250e-01
6.138000000000000123e-01
-6.270000000000000573e-02
-3.356000000000000094e-01
9.616000000000000103e-01
-2.293999999999999928e-01
-1.549999999999999989e-01
4.603999999999999759e-01
-3.163000000000000256e-01
-9.184999999999999831e-01
9.595000000000000195e-01
-2.650000000000000133e-01
7.537000000000000366e-01
-3.901999999999999913e-01
-4.420000000000000040e-01
-3.881999999999999895e-01
-9.674000000000000377e-01
-8.749999999999999445e-02
-2.306999999999999884e-01
6.398000000000000353e-01
-6.967999999999999750e-01
-1.834999999999999964e-01
-1.152999999999999997e-01
3.537000000000000144e-01
6.225000000000000533e-01
-3.513000000000000012e-01
6.729999999999999871e-02
7.671999999999999931e-01
5.022999999999999687e-01
-1.855999999999999872e-01
8.990000000000000213e-01
-1.522000000000000020e-01
-3.380000000000000226e-01
6.366000000000000547e-01
-8.280999999999999472e-01
