7.864999999999999769e-01
-3.362999999999999878e-01
5.433000000000000052e-01
-1.938000000000000000e-01
9.886000000000000343e-01
7.040999999999999481e-01
8.494000000000000439e-01
-2.401000000000000079e-01
-9.860999999999999766e-01
6.550000000000000266e-01
-5.646999999999999797e-01
8.226999999999999869e-01
7.739999999999999658e-02
7.387000000000000233e-01
-9.677999999999999936e-01
-7.285000000000000364e-01
-5.070999999999999952e-01
9.608999999999999764e-01
3.809000000000000163e-01
-7.019999999999999851e-02
-6.096000000000000307e-01
-2.837000000000000077e-01
-1.463000000000000134e-01
-2.485999999999999877e-01
-8.376000000000000112e-01
-9.771999999999999575e-01
-3.758000000000000229e-01
-4.268000000000000127e-01
4.094999999999999751e-01
-4.354000000000000092e-01
8.666000000000000369e-01
-1.612000000000000099e-01
2.454999999999999960e-01
-1.789999999999999925e-01
-1.302999999999999992e-01
6.076000000000000290e-01
-7.883000000000000007e-01
-7.215000000000000302e-01
4.567999999999999838e-01
-5.279999999999999971e-02
-4.666000000000000147e-01
-2.826000000000000179e-01
3.796999999999999820e-01
4.909999999999999781e-02
-2.901000000000000245e-01
8.074999999999999956e-01
8.985999999999999543e-01
-7.258999999999999897e-01
7.961000000000000298e-01
7.099999999999999645e-01
9.961999999999999744e-01
2.348999999999999977e-01
8.171000000000000485e-01
-3.642000000000000237e-01
3.599999999999999901e-03
-9.516999999999999904e-01
3.962999999999999856e-01
-6.128000000000000114e-01
-4.793999999999999928e-01
6.684999999999999831e-01
-4.091000000000000192e-01
-1.385000000000000120e-01
-8.578000000000000069e-01
5.806000000000000050e-01
-6.078000000000000069e-01
9.213000000000000078e-01
-7.487000000000000322e-01
-5.435999999999999721e-01
-5.525999999999999801e-01
2.550000000000000044e-01
1.030000000000000013e-02
4.636000000000000121e-01
-7.226000000000000201e-01
6.350000000000000089e-01
-3.231999999999999873e-01
-1.899999999999999996e-03
8.338999999999999746e-01
7.932000000000000162e-01
-2.295000000000000095e-01
1.797999999999999876e-01
-2.595999999999999974e-01
6.529000000000000359e-01
-8.686000000000000387e-01
-7.065000000000000169e-01
-1.959999999999999937e-02
5.887000000000000011e-01
2.180999999999999883e-01
-8.820000000000000062e-02
-2.170000000000000054e-02
3.336999999999999966e-01
-3.089000000000000079e-01
-4.355999999999999872e-01
-8.676000000000000378e-01
1.122999999999999970e-01
1.444000000000000006e-01
7.037999999999999812e-01
-3.645999999999999797e-01
2.275999999999999968e-01
6.918999999999999595e-01
1.174000000000000044e-01
4.618999999999999773e-01
-5.550000000000000488e-01
4.524000000000000243e-01
9.860999999999999766e-01
-4.752000000000000113e-01
-1.484000000000000041e-01
3.794000000000000150e-01
1.696999999999999897e-01
2.220999999999999919e-01
-3.090000000000000038e-02
-8.598000000000000087e-01
7.544999999999999485e-01
-3.019000000000000017e-01
-3.271000000000000019e-01
-6.724999999999999867e-01
4.070000000000000007e-02
-6.257000000000000339e-01
7.952000000000000179e-01
-5.435999999999999721e-01
-4.238000000000000100e-01
-2.104999999999999927e-01
-7.369999999999999885e-01
-9.951999999999999735e-01
7.339999999999999858e-01
-3.237999999999999767e-01
6.170999999999999819e-01
-5.017000000000000348e-01
5.605999999999999872e-01
-7.805999999999999606e-01
-7.972000000000000197e-01
-3.361999999999999988e-01
9.185999999999999721e-01
6.740000000000000158e-02
-1.150000000000000050e-01
7.691999999999999948e-01
-1.991999999999999882e-01
5.803000000000000380e-01
3.540000000000000091e-02
-6.810000000000000497e-01
-5.894000000000000350e-01
5.644000000000000128e-01
7.520000000000000295e-02
4.234999999999999876e-01
8.359999999999999376e-02
-5.162999999999999812e-01
5.240000000000000213e-02
-2.016999999999999904e-01
-5.235999999999999543e-01
7.624999999999999556e-01
3.345000000000000195e-01
-5.487999999999999545e-01
-6.644999999999999796e-01
5.874000000000000332e-01
-2.283000000000000029e-01
-6.393999999999999684e-01
-2.999999999999999889e-02
-7.547000000000000375e-01
-3.800000000000000044e-01
-7.511999999999999789e-01
1.875000000000000000e-01
-2.409999999999999920e-01
-6.794000000000000039e-01
-5.701000000000000512e-01
9.445999999999999952e-01
5.805000000000000160e-01
1.557999999999999940e-01
-5.250000000000000222e-01
-5.718999999999999639e-01
2.919999999999999818e-01
4.963000000000000189e-01
2.260000000000000064e-01
-1.625999999999999945e-01
-3.413999999999999813e-01
4.496999999999999886e-01
-9.233999999999999986e-01
4.951999999999999735e-01
-2.006999999999999895e-01
1.373999999999999944e-01
-3.300000000000000155e-01
9.301000000000000378e-01
1.912000000000000088e-01
-1.322000000000000119e-01
-7.133000000000000451e-01
-3.357999999999999874e-01
6.659000000000000474e-01
-1.312000000000000111e-01
8.243000000000000327e-01
-4.505000000000000115e-01
1.665999999999999981e-01
-7.659000000000000252e-01
-9.495000000000000107e-01
9.839999999999999858e-01
-1.370000000000000037e-02
1.862000000000000044e-01
-3.320000000000000173e-01
-3.996000000000000107e-01
-6.391999999999999904e-01
-9.043999999999999817e-01
3.405000000000000249e-01
-7.597000000000000419e-01
