8.627000000000000224e-01
-3.330000000000000321e-02
5.709999999999999798e-02
-2.735000000000000209e-01
-5.985000000000000320e-01
8.156999999999999806e-01
7.864999999999999769e-01
-1.312000000000000111e-01
9.686000000000000165e-01
-8.642999999999999572e-01
4.698999999999999844e-01
1.137999999999999984e-01
-5.739999999999999963e-02
-2.097999999999999865e-01
6.525999999999999579e-01
7.860000000000000320e-01
3.950000000000000039e-02
9.382000000000000339e-01
-5.671000000000000485e-01
5.249999999999999806e-02
-6.945000000000000062e-01
9.452000000000000401e-01
-3.240000000000000102e-01
-4.264999999999999902e-01
-4.522999999999999798e-01
8.194000000000000172e-01
-1.847000000000000031e-01
-7.597000000000000419e-01
-1.689999999999999836e-02
5.804000000000000270e-01
5.483000000000000096e-01
-3.936999999999999944e-01
-9.327999999999999625e-01
-6.012999999999999456e-01
3.597000000000000197e-01
1.234999999999999987e-01
4.909999999999999920e-01
4.071000000000000174e-01
-3.500000000000000073e-03
-2.391000000000000070e-01
-8.592999999999999527e-01
1.990000000000000102e-01
-7.016000000000000014e-01
7.781000000000000139e-01
-5.695999999999999952e-01
7.401999999999999691e-01
1.088999999999999968e-01
2.078000000000000125e-01
-7.096999999999999975e-01
-8.858000000000000318e-01
-2.530000000000000027e-01
6.963000000000000300e-01
-3.399999999999999811e-03
-8.008999999999999453e-01
-3.430000000000000271e-01
9.850999999999999757e-01
1.451000000000000068e-01
2.626999999999999891e-01
9.687000000000000055e-01
-7.409999999999999920e-01
1.063000000000000056e-01
-9.389999999999999736e-02
5.315999999999999615e-01
6.700000000000000400e-01
-2.979999999999999871e-01
5.445999999999999730e-01
1.950000000000000067e-01
2.174000000000000099e-01
-9.062999999999999945e-01
6.758999999999999453e-01
-8.375000000000000222e-01
2.129999999999999949e-02
-4.822000000000000175e-01
-2.958000000000000074e-01
1.333999999999999908e-01
-7.554999999999999494e-01
-1.799000000000000044e-01
-3.039999999999999925e-01
-1.612999999999999989e-01
-2.048000000000000098e-01
3.976000000000000090e-01
7.721999999999999975e-01
4.389000000000000123e-01
2.293000000000000038e-01
-5.966000000000000192e-01
4.320999999999999841e-01
2.031000000000000028e-01
6.518000000000000460e-01
-5.051999999999999824e-01
9.523000000000000353e-01
8.350000000000000477e-02
-3.444999999999999729e-01
-1.292999999999999983e-01
4.077000000000000068e-01
-2.185999999999999888e-01
-6.955000000000000071e-01
3.689999999999999947e-01
5.600000000000000117e-02
-8.691999999999999726e-01
3.689000000000000057e-01
7.715999999999999526e-01
8.834999999999999520e-01
8.417000000000000037e-01
5.110999999999999988e-01
-9.105999999999999650e-01
-6.425999999999999490e-01
-2.615000000000000102e-01
3.805000000000000049e-01
1.340000000000000080e-01
9.455999999999999961e-01
-6.853000000000000203e-01
8.123000000000000220e-01
4.889000000000000012e-01
-2.215999999999999914e-01
-2.088000000000000134e-01
-8.517000000000000126e-01
8.567000000000000171e-01
9.222000000000000197e-01
-8.526000000000000245e-01
1.867999999999999938e-01
-9.313000000000000167e-01
-9.025999999999999579e-01
3.852999999999999758e-01
1.373999999999999944e-01
-6.098000000000000087e-01
1.246000000000000024e-01
1.499999999999999944e-01
6.965000000000000080e-01
-2.828999999999999848e-01
7.441999999999999726e-01
-4.863000000000000100e-01
9.593000000000000416e-01
2.472999999999999921e-01
-3.075999999999999845e-01
-8.256000000000000005e-01
-4.729999999999999760e-01
5.311000000000000165e-01
6.479000000000000314e-01
-5.044999999999999485e-01
5.119000000000000217e-01
5.099999999999999672e-02
-9.565000000000000169e-01
3.483999999999999875e-01
-9.955000000000000515e-01
4.315999999999999837e-01
3.649000000000000021e-01
-3.121999999999999775e-01
-6.809999999999999387e-02
-4.349000000000000088e-01
9.482000000000000428e-01
8.365000000000000213e-01
9.428999999999999604e-01
1.092000000000000054e-01
4.314999999999999947e-01
-3.496000000000000218e-01
-6.657999999999999474e-01
9.096999999999999531e-01
2.212999999999999967e-01
-5.687999999999999723e-01
3.399999999999999811e-03
5.938999999999999835e-01
6.571000000000000174e-01
-4.619999999999999801e-02
-9.789999999999999813e-01
4.822000000000000175e-01
-6.320999999999999952e-01
-8.751999999999999780e-01
-1.000000000000000000e+00
-1.925000000000000044e-01
-7.433999999999999497e-01
2.664000000000000257e-01
3.214000000000000190e-01
7.583999999999999631e-01
-3.800000000000000044e-01
-7.380999999999999783e-01
-7.826999999999999513e-01
9.761999999999999567e-01
1.047000000000000014e-01
-5.130000000000000115e-01
-8.780000000000000304e-02
-1.328999999999999904e-01
2.520000000000000018e-02
9.874000000000000554e-01
-3.053000000000000158e-01
-5.459000000000000519e-01
7.707000000000000517e-01
-6.346000000000000529e-01
-2.300000000000000100e-01
1.059999999999999970e-01
8.509999999999999509e-02
-5.973000000000000531e-01
1.600000000000000033e-01
-2.016999999999999904e-01
-9.788000000000000034e-01
-3.995000000000000218e-01
-6.037000000000000144e-01
-8.900000000000000133e-01
2.832000000000000073e-01
8.020000000000000462e-01
7.341999999999999638e-01
