4.521000000000000019e-01
-6.048999999999999932e-01
5.803000000000000380e-01
-4.727999999999999980e-01
5.312000000000000055e-01
-4.302000000000000268e-01
2.554000000000000159e-01
-3.309000000000000274e-01
6.306000000000000494e-01
4.734999999999999765e-01
-6.867999999999999661e-01
-7.234000000000000430e-01
7.989000000000000545e-01
6.400000000000000133e-01
8.754999999999999449e-01
-9.150000000000000355e-01
4.855999999999999761e-01
7.971000000000000307e-01
-7.748000000000000442e-01
3.825999999999999956e-01
-1.011999999999999983e-01
-8.557000000000000162e-01
1.691000000000000003e-01
6.189000000000000057e-01
-7.262999999999999456e-01
-8.185999999999999943e-01
8.266000000000000014e-01
-2.562999999999999723e-01
-5.371000000000000218e-01
2.600000000000000089e-01
-1.010000000000000064e-01
-2.442999999999999894e-01
1.282999999999999974e-01
-2.450000000000000094e-02
9.266999999999999682e-01
5.296999999999999487e-01
9.707000000000000073e-01
-1.039000000000000062e-01
-3.028000000000000136e-01
5.029999999999999749e-02
4.318000000000000171e-01
7.544999999999999485e-01
-7.489999999999999991e-01
-4.055000000000000271e-01
-3.104000000000000092e-01
-6.044000000000000483e-01
-2.018999999999999961e-01
8.625000000000000444e-01
3.449999999999999734e-01
-3.165999999999999925e-01
-9.265999999999999792e-01
1.799000000000000044e-01
9.507999999999999785e-01
-4.298000000000000154e-01
-2.170999999999999874e-01
-5.429000000000000492e-01
4.546999999999999931e-01
8.532999999999999474e-01
6.942000000000000393e-01
-1.789999999999999925e-01
3.383999999999999786e-01
2.927000000000000157e-01
-6.437000000000000499e-01
7.875999999999999668e-01
7.328000000000000069e-01
-8.286999999999999922e-01
-2.064000000000000001e-01
-5.003999999999999559e-01
6.933000000000000274e-01
-9.998000000000000220e-01
6.461999999999999966e-01
-5.483000000000000096e-01
-6.028000000000000025e-01
-1.587000000000000077e-01
-1.885000000000000009e-01
-5.227000000000000535e-01
-7.830000000000000293e-01
8.915999999999999481e-01
-9.316999999999999726e-01
2.149000000000000077e-01
-2.812000000000000055e-01
2.444000000000000061e-01
8.270999999999999464e-01
-6.699000000000000510e-01
-1.739999999999999880e-01
-3.829000000000000181e-01
7.912000000000000144e-01
-8.024999999999999911e-01
-5.084999999999999520e-01
2.301999999999999880e-01
4.158000000000000029e-01
-4.194999999999999840e-01
-2.283000000000000029e-01
-2.717999999999999861e-01
-6.595999999999999641e-01
1.705000000000000127e-01
-4.059999999999999720e-02
8.592999999999999527e-01
3.559999999999999831e-01
-8.317999999999999838e-01
-8.477999999999999980e-01
-6.327000000000000401e-01
-4.707999999999999963e-01
-5.463000000000000078e-01
-5.487999999999999545e-01
1.844999999999999973e-01
8.209999999999999520e-01
-3.381000000000000116e-01
-3.140000000000000013e-01
-2.160999999999999865e-01
3.771999999999999797e-01
-7.940000000000000391e-01
2.574000000000000177e-01
-8.951000000000000068e-01
-8.038999999999999480e-01
3.030000000000000054e-02
-5.770999999999999464e-01
9.715000000000000302e-01
-7.447000000000000286e-01
8.164000000000000146e-01
2.504000000000000115e-01
-6.979999999999999538e-01
-4.132000000000000117e-01
9.274999999999999911e-01
1.514000000000000068e-01
-1.015000000000000069e-01
9.920999999999999819e-01
2.286999999999999866e-01
7.561999999999999833e-01
-1.098999999999999977e-01
2.599999999999999881e-03
-4.872000000000000219e-01
-8.659999999999999643e-02
-2.016000000000000014e-01
-6.716999999999999638e-01
1.260999999999999899e-01
-2.878999999999999893e-01
4.869999999999999885e-01
-8.812999999999999723e-01
2.857000000000000095e-01
-9.520999999999999464e-01
1.481999999999999984e-01
5.060000000000000053e-01
3.316000000000000059e-01
7.631000000000000005e-01
-4.325999999999999845e-01
6.908999999999999586e-01
-9.589999999999999913e-02
-2.081999999999999962e-01
-3.739999999999999991e-01
-3.805000000000000049e-01
8.162000000000000366e-01
7.385000000000000453e-01
-3.956000000000000072e-01
9.074999999999999734e-01
-7.760000000000000231e-02
3.729000000000000092e-01
6.222999999999999643e-01
6.098999999999999977e-01
-7.709000000000000297e-01
7.540999999999999925e-01
1.166999999999999982e-01
7.440999999999999837e-01
-2.040000000000000147e-02
-5.835000000000000187e-01
-4.067000000000000060e-01
1.184000000000000052e-01
6.818999999999999506e-01
4.441999999999999837e-01
-4.716000000000000192e-01
6.139000000000000012e-01
4.451999999999999846e-01
1.471999999999999975e-01
-9.626000000000000112e-01
-7.026999999999999913e-01
5.140000000000000124e-02
4.526000000000000023e-01
-3.497000000000000108e-01
-5.222999999999999865e-01
-9.926000000000000378e-01
-4.969000000000000083e-01
4.799999999999999580e-03
-8.555000000000000382e-01
7.300999999999999712e-01
-8.846000000000000529e-01
4.764999999999999791e-01
-2.923999999999999932e-01
-8.605000000000000426e-01
6.750000000000000444e-02
2.033999999999999975e-01
3.050999999999999823e-01
-2.609000000000000208e-01
5.520000000000000462e-01
-8.880000000000000115e-01
2.390000000000000110e-02
-7.582999999999999741e-01
6.731000000000000316e-01
1.680999999999999994e-01
6.303999999999999604e-01
6.439999999999999891e-02
