-6.199999999999999782e-03
-8.837000000000000410e-01
-1.597000000000000086e-01
-9.596999999999999975e-01
9.769999999999999518e-02
8.790000000000000036e-01
6.310000000000000331e-02
2.620000000000000107e-01
-1.681999999999999884e-01
-1.645000000000000073e-01
5.143999999999999684e-01
-9.856000000000000316e-01
-8.933999999999999719e-01
-6.582000000000000073e-01
-9.505000000000000115e-01
9.350000000000000533e-01
7.445000000000000506e-01
-3.114000000000000101e-01
2.690000000000000030e-02
8.600999999999999757e-01
5.394999999999999796e-01
7.822999999999999954e-01
6.221999999999999753e-01
-5.368000000000000549e-01
-8.841999999999999860e-01
-4.985999999999999877e-01
7.592999999999999750e-01
7.080999999999999517e-01
6.785999999999999810e-01
-1.418000000000000094e-01
1.975999999999999979e-01
-4.302000000000000268e-01
9.617999999999999883e-01
-6.740000000000000158e-02
1.776000000000000079e-01
-9.522000000000000464e-01
-2.800000000000000058e-02
9.604000000000000314e-01
-2.421999999999999986e-01
-8.630000000000000171e-02
4.652999999999999914e-01
-2.924999999999999822e-01
-5.009000000000000119e-01
-7.622999999999999776e-01
7.630000000000000115e-01
-2.518000000000000238e-01
-2.290000000000000022e-02
-7.713999999999999746e-01
-1.193000000000000033e-01
-5.534999999999999920e-01
5.726999999999999869e-01
-3.377000000000000002e-01
-3.365000000000000213e-01
7.923999999999999932e-01
4.435999999999999943e-01
5.423999999999999932e-01
7.577000000000000401e-01
3.952999999999999847e-01
8.789000000000000146e-01
9.864000000000000545e-01
4.260999999999999788e-01
-2.816000000000000170e-01
9.688999999999999835e-01
9.143000000000000016e-01
2.169999999999999984e-01
5.218000000000000416e-01
-5.665999999999999925e-01
-5.812000000000000499e-01
-7.570000000000000062e-01
-4.396999999999999797e-01
8.158999999999999586e-01
1.832000000000000017e-01
4.544000000000000261e-01
-5.215999999999999526e-01
8.484000000000000430e-01
-5.223999999999999755e-01
3.484999999999999765e-01
3.820000000000000062e-01
-7.519000000000000128e-01
-6.814000000000000057e-01
-7.471999999999999753e-01
4.441999999999999837e-01
-8.961000000000000076e-01
8.527000000000000135e-01
8.155999999999999917e-01
9.105999999999999650e-01
7.234000000000000430e-01
-1.166999999999999982e-01
-8.991000000000000103e-01
-4.976999999999999758e-01
-2.617999999999999772e-01
4.329999999999999821e-02
4.202000000000000179e-01
-9.457999999999999741e-01
-7.862999999999999989e-01
-4.159999999999999809e-01
8.206999999999999851e-01
-2.850000000000000103e-02
-8.292000000000000481e-01
-4.910999999999999810e-01
5.383999999999999897e-01
-3.176999999999999824e-01
-9.350000000000000533e-01
-6.619999999999999496e-02
5.390000000000000346e-02
3.694000000000000061e-01
-3.800000000000000044e-01
-8.538000000000000034e-01
6.060000000000000109e-02
7.387000000000000233e-01
-9.900000000000000813e-03
9.012000000000000011e-01
-3.115999999999999881e-01
-3.977999999999999869e-01
3.826999999999999846e-01
-1.292000000000000093e-01
-9.828000000000000069e-01
6.030999999999999694e-01
-4.897000000000000242e-01
9.862999999999999545e-01
6.907999999999999696e-01
1.721000000000000030e-01
-3.281999999999999917e-01
-8.006999999999999673e-01
-1.297000000000000097e-01
9.908000000000000140e-01
-4.083999999999999853e-01
9.191000000000000281e-01
-2.159000000000000086e-01
-8.608000000000000096e-01
-2.649000000000000243e-01
7.421999999999999709e-01
7.160999999999999588e-01
-2.641999999999999904e-01
-5.866999999999999993e-01
-8.636000000000000343e-01
-2.434000000000000052e-01
-7.126000000000000112e-01
-8.804999999999999494e-01
3.580999999999999739e-01
7.931000000000000272e-01
-5.039000000000000146e-01
-6.824999999999999956e-01
3.241999999999999882e-01
2.295999999999999985e-01
7.924999999999999822e-01
3.770999999999999908e-01
5.432000000000000162e-01
3.548999999999999932e-01
4.973000000000000198e-01
-5.181999999999999940e-01
5.501000000000000334e-01
8.500999999999999668e-01
7.002000000000000446e-01
7.490999999999999881e-01
-4.025000000000000244e-01
-6.099999999999999867e-01
4.723999999999999866e-01
4.820999999999999730e-01
7.469999999999999973e-01
-3.690999999999999837e-01
-9.274000000000000021e-01
3.435000000000000275e-01
1.141999999999999960e-01
-4.354999999999999982e-01
9.475999999999999979e-01
3.256000000000000005e-01
9.605000000000000204e-01
-8.421999999999999487e-01
-7.117999999999999883e-01
-3.891999999999999904e-01
-4.935999999999999832e-01
-6.666999999999999593e-01
1.159999999999999920e-02
-8.652999999999999581e-01
7.127000000000000002e-01
-8.048999999999999488e-01
-9.325999999999999845e-01
6.419000000000000261e-01
4.051000000000000156e-01
-9.133999999999999897e-01
-9.990000000000000269e-02
3.166999999999999815e-01
3.575999999999999734e-01
-7.397000000000000242e-01
1.738000000000000100e-01
-1.913999999999999868e-01
-9.735000000000000320e-01
-4.922000000000000264e-01
7.220000000000000029e-02
7.438000000000000167e-01
2.316000000000000003e-01
-6.787999999999999590e-01
-5.885000000000000231e-01
8.609999999999999876e-01
7.756999999999999451e-01
-7.143000000000000460e-01
6.381999999999999895e-01
-3.687000000000000277e-01
-6.841000000000000414e-01
