-8.122000000000000330e-01
4.613999999999999768e-01
-1.680999999999999994e-01
6.061999999999999611e-01
9.130000000000000615e-02
8.840999999999999970e-01
-5.700000000000000205e-02
3.523000000000000020e-01
2.913999999999999924e-01
-1.089999999999999997e-02
-1.784999999999999920e-01
9.836000000000000298e-01
8.847000000000000419e-01
3.817999999999999727e-01
-3.400000000000000244e-01
9.010000000000000231e-01
-3.145000000000000018e-01
7.290000000000000646e-02
-6.694999999999999840e-01
-6.885000000000000009e-01
4.359000000000000097e-01
4.345999999999999863e-01
-5.877999999999999892e-01
-9.805000000000000382e-01
-9.085999999999999632e-01
-7.580000000000000626e-02
-9.887000000000000233e-01
7.306000000000000272e-01
2.699999999999999969e-02
9.109000000000000430e-01
-7.356000000000000316e-01
6.857999999999999652e-01
-7.478000000000000203e-01
-2.369999999999999885e-01
7.308000000000000052e-01
5.312000000000000055e-01
-8.881999999999999895e-01
1.368000000000000049e-01
9.243000000000000105e-01
6.800000000000000488e-02
2.809999999999999998e-02
6.206000000000000405e-01
4.067999999999999949e-01
9.942999999999999616e-01
-1.502000000000000002e-01
-8.335000000000000187e-01
-5.809999999999999887e-02
8.768000000000000238e-01
1.957000000000000128e-01
9.605000000000000204e-01
-2.944999999999999840e-01
-5.269999999999999685e-02
2.263000000000000012e-01
-1.250999999999999890e-01
-5.165999999999999481e-01
-9.737999999999999989e-01
2.661999999999999922e-01
7.594999999999999529e-01
-5.816000000000000059e-01
-6.978999999999999648e-01
-9.072999999999999954e-01
7.580999999999999961e-01
-1.552999999999999936e-01
-2.580000000000000071e-01
8.235000000000000098e-01
2.051000000000000045e-01
-3.778000000000000247e-01
-9.668999999999999817e-01
2.283999999999999919e-01
2.939999999999999905e-02
2.336999999999999911e-01
-5.963000000000000522e-01
-8.202000000000000401e-01
5.012999999999999678e-01
5.742000000000000437e-01
3.064999999999999947e-01
2.832000000000000073e-01
-5.290000000000000258e-02
9.410000000000000309e-02
8.153000000000000247e-01
-7.169999999999999707e-01
-7.932000000000000162e-01
-8.551999999999999602e-01
-5.906000000000000139e-01
-8.699999999999999956e-01
-6.872000000000000330e-01
-5.935000000000000275e-01
-9.764000000000000457e-01
-1.743000000000000105e-01
7.801000000000000156e-01
2.326000000000000012e-01
-4.120000000000000051e-02
7.000000000000000666e-02
7.316000000000000281e-01
-8.083000000000000185e-01
4.920000000000000068e-02
-5.202999999999999847e-01
-6.381000000000000005e-01
-5.109000000000000208e-01
-3.474999999999999756e-01
5.312999999999999945e-01
1.809999999999999942e-01
-3.179000000000000159e-01
-5.426999999999999602e-01
2.857000000000000095e-01
-1.625000000000000056e-01
2.670000000000000151e-02
4.958000000000000185e-01
9.970999999999999863e-01
-1.867999999999999938e-01
-7.157000000000000028e-01
-4.466999999999999860e-01
-5.953000000000000513e-01
-9.439999999999999780e-02
-7.617000000000000437e-01
9.018000000000000460e-01
-2.816000000000000170e-01
-8.680999999999999828e-01
9.088000000000000522e-01
3.490000000000000047e-02
8.393000000000000460e-01
9.889000000000000012e-01
1.378999999999999948e-01
9.577999999999999847e-01
6.582999999999999963e-01
-6.815999999999999837e-01
-6.783000000000000140e-01
-7.311999999999999611e-01
-1.728999999999999981e-01
-8.425000000000000266e-01
1.348000000000000032e-01
1.106000000000000039e-01
7.210999999999999632e-01
-8.094999999999999973e-01
1.743999999999999995e-01
-5.249999999999999806e-02
-5.770000000000000129e-02
7.644999999999999574e-01
-1.894000000000000128e-01
5.877000000000000002e-01
3.029000000000000026e-01
7.399999999999999634e-02
2.346999999999999920e-01
6.375999999999999446e-01
5.649999999999999467e-01
6.169999999999999929e-01
-5.691000000000000503e-01
-9.945000000000000506e-01
5.792000000000000481e-01
6.021999999999999575e-01
1.229999999999999982e-01
1.074999999999999983e-01
-6.588000000000000522e-01
2.929999999999999827e-01
1.480000000000000066e-02
7.449999999999999956e-01
-4.860999999999999766e-01
-9.179000000000000492e-01
-9.250000000000000444e-01
8.135000000000000009e-01
-2.649999999999999925e-02
-9.972999999999999643e-01
-5.627999999999999670e-01
9.901999999999999691e-01
-3.889000000000000234e-01
4.540000000000000285e-02
7.396000000000000352e-01
-2.200000000000000011e-01
-8.481999999999999540e-01
-7.181999999999999496e-01
7.674999999999999600e-01
-7.186000000000000165e-01
6.550000000000000266e-02
3.438999999999999835e-01
-8.021000000000000352e-01
-6.570000000000000284e-01
3.370000000000000218e-01
3.396000000000000130e-01
8.438999999999999835e-01
-7.762000000000000011e-01
-8.922999999999999821e-01
-8.885999999999999455e-01
-5.675999999999999934e-01
-9.076999999999999513e-01
5.627999999999999670e-01
-3.860000000000000236e-02
8.977000000000000535e-01
3.507000000000000117e-01
6.096000000000000307e-01
-3.387999999999999901e-01
2.489999999999999852e-02
-5.449999999999999983e-02
3.161999999999999811e-01
7.084000000000000297e-01
1.313000000000000000e-01
-3.674999999999999933e-01
8.092000000000000304e-01
-5.759999999999999565e-01
5.639999999999999875e-02
3.359999999999999792e-02
