3.937999999999999834e-01
9.759999999999999787e-01
-4.669999999999999846e-02
4.143999999999999906e-01
-1.761000000000000065e-01
-5.800999999999999490e-01
-8.619999999999999885e-02
-8.723999999999999533e-01
-6.442999999999999838e-01
7.528000000000000247e-01
5.279999999999999971e-02
7.816999999999999504e-01
9.603000000000000425e-01
-9.040000000000000258e-01
7.392999999999999572e-01
-6.270999999999999908e-01
1.084999999999999992e-01
-5.703000000000000291e-01
-8.609999999999999876e-01
2.716000000000000081e-01
5.980999999999999650e-01
-7.569000000000000172e-01
-5.376999999999999558e-01
7.399999999999999634e-02
-9.724000000000000421e-01
6.207000000000000295e-01
1.670999999999999985e-01
-4.475000000000000089e-01
-2.174000000000000099e-01
5.645000000000000018e-01
-3.867999999999999772e-01
-7.568000000000000282e-01
-2.376999999999999946e-01
-7.318000000000000060e-01
6.804999999999999938e-01
6.663000000000000034e-01
-8.318999999999999728e-01
2.615999999999999992e-01
-4.502999999999999781e-01
2.268999999999999906e-01
9.103999999999999870e-01
-8.807000000000000384e-01
-4.259999999999999898e-01
-7.692999999999999838e-01
-9.166999999999999593e-01
1.746000000000000052e-01
9.250000000000000444e-01
-2.833999999999999853e-01
-8.487000000000000099e-01
-1.511000000000000121e-01
6.691000000000000281e-01
-5.979999999999999760e-01
-6.107000000000000206e-01
4.560000000000000164e-01
-2.560000000000000123e-02
5.790999999999999481e-01
-9.848999999999999977e-01
-8.091000000000000414e-01
-6.106000000000000316e-01
8.961000000000000076e-01
-9.542000000000000481e-01
-1.062000000000000027e-01
8.669999999999999929e-01
-8.972999999999999865e-01
-4.974999999999999978e-01
4.279999999999999916e-01
2.887000000000000122e-01
-1.597000000000000086e-01
-4.835999999999999743e-01
-7.380000000000000449e-02
9.574000000000000288e-01
5.959999999999999742e-01
-7.660000000000000142e-01
2.296999999999999875e-01
-2.847999999999999976e-01
8.266999999999999904e-01
1.710000000000000131e-01
1.635000000000000064e-01
5.583000000000000185e-01
-1.754000000000000004e-01
-7.972000000000000197e-01
3.372999999999999887e-01
7.482999999999999652e-01
-7.510000000000000009e-01
1.630000000000000060e-01
6.541000000000000147e-01
4.760000000000000342e-02
-4.018999999999999795e-01
-9.859999999999999876e-01
-8.709999999999999964e-01
5.275999999999999579e-01
-8.653999999999999471e-01
5.254999999999999671e-01
-2.283999999999999919e-01
7.670000000000000429e-02
-2.973000000000000087e-01
-9.568999999999999728e-01
-1.880000000000000074e-02
-9.610000000000000486e-02
-4.169999999999999818e-01
5.588999999999999524e-01
1.145000000000000046e-01
-7.570000000000000340e-02
2.773999999999999799e-01
-8.813999999999999613e-01
3.715999999999999859e-01
-5.594999999999999973e-01
1.766000000000000070e-01
8.952999999999999847e-01
-3.280000000000000138e-01
-6.574999999999999734e-01
-5.513000000000000123e-01
-1.698999999999999955e-01
-6.502999999999999892e-01
3.284000000000000252e-01
-8.964999999999999636e-01
-8.719000000000000083e-01
8.773999999999999577e-01
7.207999999999999963e-01
-3.337999999999999856e-01
-5.570000000000000506e-01
8.501999999999999558e-01
8.883999999999999675e-01
8.639999999999999902e-01
8.214000000000000190e-01
5.149999999999999717e-02
-2.772999999999999909e-01
9.460000000000000353e-02
-6.814999999999999947e-01
9.186999999999999611e-01
2.554000000000000159e-01
-3.370000000000000218e-01
-7.953999999999999959e-01
-1.285999999999999921e-01
-8.697000000000000286e-01
2.785000000000000253e-01
-6.068000000000000060e-01
7.339999999999999858e-01
7.599999999999999985e-03
-9.475000000000000089e-01
2.617999999999999772e-01
4.685000000000000275e-01
-1.011999999999999983e-01
6.627999999999999448e-01
-2.883999999999999897e-01
9.103999999999999870e-01
-7.792000000000000037e-01
-9.239000000000000545e-01
4.551999999999999935e-01
-2.235000000000000042e-01
8.054999999999999938e-01
-4.697999999999999954e-01
6.293999999999999595e-01
-5.184999999999999609e-01
-5.550000000000000488e-01
4.946999999999999731e-01
4.475999999999999979e-01
-4.143999999999999906e-01
-6.643000000000000016e-01
-2.228999999999999870e-01
9.738999999999999879e-01
-5.068000000000000282e-01
9.583000000000000407e-01
7.217999999999999972e-01
-5.164999999999999591e-01
4.535000000000000142e-01
5.971999999999999531e-01
1.998999999999999944e-01
2.424999999999999933e-01
1.395000000000000129e-01
-4.587999999999999856e-01
3.895000000000000129e-01
1.043000000000000038e-01
-6.750000000000000444e-02
7.288000000000000034e-01
-9.602000000000000535e-01
-7.002000000000000446e-01
-1.949999999999999997e-02
-6.825999999999999845e-01
3.115999999999999881e-01
-1.158000000000000002e-01
-1.468000000000000138e-01
-4.366999999999999771e-01
-6.045000000000000373e-01
6.155000000000000471e-01
1.135000000000000037e-01
-9.325999999999999845e-01
4.920000000000000068e-02
5.302999999999999936e-01
-9.710000000000000575e-02
5.187000000000000499e-01
3.565999999999999726e-01
-7.139999999999999680e-01
7.874999999999999778e-01
-7.487000000000000322e-01
3.715999999999999859e-01
-9.651999999999999469e-01
6.885999999999999899e-01
7.465000000000000524e-01
6.979999999999999538e-01
