-2.869999999999999982e-02
1.872000000000000053e-01
-1.476999999999999980e-01
5.036000000000000476e-01
-6.034000000000000474e-01
2.450000000000000094e-02
7.028999999999999693e-01
-6.861000000000000432e-01
-5.629999999999999449e-01
-5.330000000000000293e-01
6.683999999999999941e-01
-1.988999999999999935e-01
1.952000000000000124e-01
1.223000000000000059e-01
-1.502000000000000002e-01
1.446000000000000063e-01
-7.580000000000000626e-02
6.025000000000000355e-01
5.456999999999999629e-01
7.290999999999999703e-01
9.685000000000000275e-01
-2.018999999999999961e-01
-4.894000000000000017e-01
-4.771000000000000241e-01
-4.939000000000000057e-01
-6.877999999999999670e-01
-8.860000000000000098e-01
-4.665000000000000258e-01
2.358000000000000096e-01
6.942000000000000393e-01
2.630000000000000115e-01
2.899999999999999800e-03
-6.100000000000000387e-03
9.334999999999999964e-01
-6.504999999999999671e-01
-3.403999999999999804e-01
-8.383000000000000451e-01
-6.922000000000000375e-01
3.009000000000000008e-01
5.048000000000000265e-01
5.980999999999999650e-01
2.676000000000000045e-01
1.000999999999999945e-01
9.467999999999999750e-01
1.804999999999999938e-01
9.797000000000000153e-01
3.029000000000000026e-01
-2.184000000000000108e-01
-4.687999999999999945e-01
-1.824000000000000066e-01
-1.673999999999999932e-01
1.029000000000000054e-01
8.013000000000000123e-01
1.343000000000000027e-01
-2.093000000000000138e-01
5.663000000000000256e-01
-7.789000000000000368e-01
6.866999999999999771e-01
1.250999999999999890e-01
2.931000000000000272e-01
-3.769000000000000128e-01
7.660000000000000142e-02
-2.974999999999999867e-01
5.514999999999999902e-01
4.107000000000000095e-01
5.009999999999999870e-02
-1.418999999999999984e-01
7.889000000000000457e-01
8.651999999999999691e-01
7.415000000000000480e-01
-5.233999999999999764e-01
-7.048999999999999710e-01
-8.438999999999999835e-01
-2.359999999999999945e-02
-6.916999999999999815e-01
4.089999999999999747e-01
-3.785000000000000031e-01
-6.807999999999999607e-01
5.554000000000000048e-01
2.717999999999999861e-01
8.614000000000000545e-01
-3.892999999999999794e-01
8.477000000000000091e-01
-7.185000000000000275e-01
5.047000000000000375e-01
5.655000000000000027e-01
7.764999999999999680e-01
3.865000000000000102e-01
6.893000000000000238e-01
1.540999999999999870e-01
4.892000000000000237e-01
7.274000000000000465e-01
-9.320000000000000506e-02
-8.880000000000000115e-01
2.479999999999999913e-02
8.162000000000000366e-01
-1.117999999999999966e-01
-5.588999999999999524e-01
9.379999999999999449e-01
4.704999999999999738e-01
5.750000000000000250e-02
7.225000000000000311e-01
-7.659000000000000252e-01
3.069000000000000061e-01
8.129999999999999449e-01
-2.913000000000000034e-01
5.881999999999999451e-01
-2.680000000000000160e-01
5.300000000000000024e-03
-2.505999999999999894e-01
3.536000000000000254e-01
-7.520999999999999908e-01
-8.897000000000000464e-01
2.013999999999999957e-01
-9.862999999999999545e-01
8.235000000000000098e-01
8.501999999999999558e-01
-4.994000000000000106e-01
3.967999999999999861e-01
9.496999999999999886e-01
-2.792999999999999927e-01
-8.559999999999999554e-02
2.393000000000000127e-01
2.699999999999999969e-02
8.858000000000000318e-01
4.084999999999999742e-01
7.760000000000000231e-02
-4.345999999999999863e-01
-9.625000000000000222e-01
-2.920000000000000026e-02
3.487000000000000099e-01
4.354000000000000092e-01
5.079999999999999793e-02
-9.079000000000000403e-01
-3.063000000000000167e-01
4.245999999999999774e-01
6.704999999999999849e-01
9.203999999999999959e-01
-9.353000000000000203e-01
5.393999999999999906e-01
9.035999999999999588e-01
4.862000000000000210e-01
9.494000000000000217e-01
-5.399000000000000465e-01
-3.256999999999999895e-01
-7.256000000000000227e-01
7.707000000000000517e-01
8.193000000000000282e-01
1.426000000000000045e-01
-2.023000000000000076e-01
-7.913999999999999924e-01
1.880000000000000074e-02
3.588999999999999968e-01
-6.491999999999999993e-01
-3.835000000000000075e-01
-4.220999999999999752e-01
3.904000000000000248e-01
4.425999999999999934e-01
-4.650000000000000244e-01
9.113999999999999879e-01
-3.815000000000000058e-01
1.170000000000000068e-01
6.941000000000000503e-01
-5.122999999999999776e-01
9.869999999999999607e-02
1.000000000000000000e+00
9.211000000000000298e-01
4.700000000000000011e-02
8.502999999999999448e-01
5.304999999999999716e-01
1.958999999999999908e-01
-1.254000000000000115e-01
7.475000000000000533e-01
8.911999999999999922e-01
-6.372999999999999776e-01
7.673999999999999710e-01
-1.587000000000000077e-01
5.469999999999999862e-02
9.204999999999999849e-01
-7.386000000000000343e-01
-2.998000000000000109e-01
7.724999999999999645e-01
6.791000000000000369e-01
-8.104999999999999982e-01
-7.248999999999999888e-01
-3.035999999999999810e-01
9.862999999999999545e-01
-2.878000000000000003e-01
2.351000000000000034e-01
6.914000000000000146e-01
-3.030999999999999805e-01
4.325999999999999845e-01
5.682000000000000384e-01
-6.090000000000000274e-02
3.500000000000000333e-02
4.280999999999999805e-01
8.620999999999999774e-01
4.519000000000000239e-01
3.328999999999999737e-01
9.320000000000000506e-02
