-9.798000000000000043e-01
-9.802999999999999492e-01
-3.558000000000000052e-01
6.711000000000000298e-01
9.011000000000000121e-01
6.054000000000000492e-01
-2.523000000000000242e-01
-5.195999999999999508e-01
-7.794999999999999707e-01
1.037000000000000005e-01
-9.485000000000000098e-01
-7.032000000000000473e-01
-7.422999999999999599e-01
6.199999999999999782e-03
-4.945999999999999841e-01
1.580999999999999905e-01
-3.421000000000000152e-01
8.197999999999999732e-01
-8.540000000000000369e-02
-6.170999999999999819e-01
-1.446999999999999953e-01
-9.300000000000000488e-01
9.102000000000000091e-01
9.000000000000000222e-01
8.719999999999999973e-01
-1.983000000000000040e-01
3.579999999999999849e-02
2.228999999999999870e-01
-6.742000000000000215e-01
4.899999999999999842e-03
-6.394999999999999574e-01
9.624000000000000332e-01
-3.811999999999999833e-01
3.029999999999999916e-01
-4.802000000000000157e-01
-9.956000000000000405e-01
7.761000000000000121e-01
1.152999999999999997e-01
1.192000000000000004e-01
1.398999999999999966e-01
2.066999999999999948e-01
9.393000000000000238e-01
-8.358999999999999764e-01
-6.925999999999999934e-01
4.709999999999999742e-01
5.977000000000000091e-01
-3.402000000000000024e-01
-9.569999999999999341e-02
3.234000000000000208e-01
-9.265999999999999792e-01
5.393000000000000016e-01
-3.543999999999999928e-01
-4.364999999999999991e-01
1.491000000000000103e-01
9.727999999999999980e-01
-9.162000000000000144e-01
5.399000000000000465e-01
6.401999999999999913e-01
4.440000000000000197e-02
-4.057999999999999940e-01
-8.892999999999999794e-01
-5.896000000000000130e-01
-3.799999999999999906e-02
-5.116000000000000547e-01
-1.270999999999999908e-01
-5.171999999999999931e-01
-9.705000000000000293e-01
-2.432999999999999885e-01
3.667000000000000259e-01
6.877999999999999670e-01
2.908000000000000029e-01
-4.981999999999999762e-01
-3.397000000000000020e-01
9.436999999999999833e-01
-3.846999999999999864e-01
-5.190000000000000169e-01
-4.830999999999999739e-01
-5.453999999999999959e-01
3.191999999999999837e-01
2.894999999999999796e-01
-5.033999999999999586e-01
1.703000000000000069e-01
-6.582999999999999963e-01
-3.150000000000000022e-01
1.837999999999999912e-01
8.539999999999999813e-01
8.455000000000000293e-01
2.621999999999999886e-01
4.959999999999999826e-02
-4.389000000000000123e-01
4.096000000000000196e-01
-3.099999999999999978e-01
-7.087999999999999856e-01
-1.135000000000000037e-01
-7.856999999999999540e-01
6.542999999999999927e-01
7.306000000000000272e-01
9.426999999999999824e-01
-2.676000000000000045e-01
-3.852999999999999758e-01
4.112000000000000099e-01
2.810000000000000275e-01
1.990000000000000102e-02
6.438000000000000389e-01
6.308000000000000274e-01
-7.459999999999999964e-02
8.619999999999999885e-02
-8.028999999999999471e-01
-3.670999999999999819e-01
8.447000000000000064e-01
5.211999999999999966e-01
7.673999999999999710e-01
3.173000000000000265e-01
-5.496999999999999664e-01
-3.023000000000000131e-01
7.137000000000000011e-01
2.528000000000000247e-01
9.410000000000000309e-02
1.340000000000000080e-01
4.828000000000000069e-01
-5.683000000000000274e-01
-7.312999999999999501e-01
-6.645999999999999686e-01
-3.719999999999999973e-01
-5.776000000000000023e-01
3.775000000000000022e-01
5.150000000000000133e-01
4.536000000000000032e-01
-6.088000000000000078e-01
2.326000000000000012e-01
6.582999999999999963e-01
-9.885000000000000453e-01
-8.078999999999999515e-01
5.866000000000000103e-01
-8.505000000000000338e-01
-4.909000000000000030e-01
5.260000000000000092e-02
-4.651000000000000134e-01
-8.397000000000000020e-01
8.516000000000000236e-01
-6.669999999999999540e-02
2.513000000000000234e-01
8.257999999999999785e-01
3.755000000000000004e-01
-2.403000000000000136e-01
8.833999999999999631e-01
9.065999999999999615e-01
4.420000000000000040e-01
-3.071999999999999731e-01
-3.375000000000000222e-01
2.827000000000000068e-01
-7.919000000000000483e-01
6.897999999999999687e-01
-5.713000000000000300e-01
-2.390000000000000110e-02
4.390000000000000152e-02
-9.927000000000000268e-01
8.369999999999999662e-02
-8.194000000000000172e-01
6.502999999999999892e-01
6.020999999999999686e-01
9.461000000000000520e-01
6.060999999999999721e-01
-5.400000000000000355e-01
5.332999999999999963e-01
-7.488000000000000211e-01
5.939999999999999725e-01
9.488999999999999657e-01
-9.139000000000000457e-01
-3.380000000000000226e-01
-1.071000000000000008e-01
3.416000000000000147e-01
-1.555999999999999883e-01
-8.250000000000000389e-02
7.094000000000000306e-01
-3.746999999999999775e-01
-8.184000000000000163e-01
-8.339999999999999636e-01
4.709999999999999742e-01
-2.595999999999999974e-01
-7.999000000000000554e-01
-9.328999999999999515e-01
-4.501000000000000001e-01
1.000000000000000056e-01
1.922000000000000097e-01
4.133000000000000007e-01
-3.503999999999999893e-01
1.569999999999999868e-02
-6.988999999999999657e-01
-3.239000000000000212e-01
5.070000000000000201e-02
-9.634000000000000341e-01
-2.500000000000000139e-02
-2.440000000000000155e-02
7.383999999999999453e-01
-7.983999999999999986e-01
-5.034999999999999476e-01
4.414000000000000146e-01
-1.814000000000000057e-01
1.218999999999999945e-01
