2.489999999999999991e-01
-7.429999999999999938e-01
-3.829000000000000181e-01
-5.580000000000000515e-01
-1.356999999999999873e-01
-9.381000000000000449e-01
-6.700000000000000400e-01
-7.209999999999999742e-02
7.015000000000000124e-01
-6.035000000000000364e-01
6.515999999999999570e-01
-2.091000000000000081e-01
8.963999999999999746e-01
-5.390000000000000346e-02
-4.801000000000000267e-01
8.781999999999999806e-01
2.688999999999999724e-01
5.953000000000000513e-01
6.390000000000000124e-01
2.775000000000000244e-01
-8.894999999999999574e-01
-5.228000000000000425e-01
5.161999999999999922e-01
-5.836999999999999966e-01
-9.792999999999999483e-01
-8.546000000000000263e-01
-8.100000000000000533e-01
6.413999999999999702e-01
-6.239000000000000101e-01
4.541000000000000036e-01
-4.693999999999999839e-01
-6.493999999999999773e-01
6.888999999999999568e-01
-9.227999999999999536e-01
1.743000000000000105e-01
-8.099999999999999561e-03
4.608999999999999764e-01
8.555000000000000382e-01
5.504999999999999893e-01
-9.959999999999999409e-02
-5.058000000000000274e-01
-9.455000000000000071e-01
9.032000000000000028e-01
-4.267000000000000237e-01
3.834000000000000186e-01
4.833999999999999964e-01
-1.355000000000000093e-01
8.617000000000000215e-01
-1.749999999999999889e-01
1.519999999999999997e-02
-7.614999999999999547e-01
-4.698999999999999844e-01
-6.727999999999999536e-01
5.762000000000000455e-01
6.085000000000000409e-01
9.985000000000000542e-01
-8.215999999999999970e-01
8.190000000000000058e-02
-7.647000000000000464e-01
-1.985000000000000098e-01
5.720000000000000084e-02
4.247000000000000219e-01
-3.391000000000000125e-01
1.340000000000000080e-01
-3.362999999999999878e-01
-3.484999999999999765e-01
-7.421999999999999709e-01
-9.515000000000000124e-01
9.492000000000000437e-01
-7.065000000000000169e-01
-7.169999999999999707e-01
7.644999999999999574e-01
4.374000000000000110e-01
-9.972999999999999643e-01
1.370000000000000037e-02
-4.854999999999999871e-01
4.086000000000000187e-01
-5.450000000000000400e-01
8.943999999999999728e-01
-4.359999999999999987e-02
-5.392000000000000126e-01
-6.098999999999999977e-01
-6.096000000000000307e-01
4.578999999999999737e-01
-8.287999999999999812e-01
3.311999999999999944e-01
1.395000000000000129e-01
-8.770000000000000018e-02
-3.785999999999999921e-01
7.755999999999999561e-01
-6.504999999999999671e-01
-8.685000000000000497e-01
8.689000000000000057e-01
1.817000000000000004e-01
6.312999999999999723e-01
1.859999999999999848e-02
-6.280000000000000027e-01
-9.980999999999999872e-01
8.365000000000000213e-01
-3.750999999999999890e-01
-4.265999999999999792e-01
3.220000000000000084e-01
-2.751000000000000112e-01
-1.562000000000000055e-01
5.741000000000000547e-01
8.630000000000000171e-02
1.927000000000000102e-01
-2.736999999999999988e-01
8.268999999999999684e-01
9.560000000000000442e-02
-1.534999999999999976e-01
2.879999999999999782e-01
-1.640000000000000138e-02
5.754000000000000226e-01
-9.565000000000000169e-01
4.171000000000000263e-01
-4.772000000000000131e-01
3.034999999999999920e-01
-6.869999999999999718e-02
4.837000000000000188e-01
1.817000000000000004e-01
-5.029999999999999749e-02
-2.959999999999999853e-01
6.131999999999999673e-01
-1.015000000000000069e-01
4.109999999999999765e-01
-6.508000000000000451e-01
-2.817999999999999949e-01
-8.143000000000000238e-01
9.987000000000000322e-01
2.122999999999999887e-01
-8.325000000000000178e-01
3.200000000000000153e-03
-4.346999999999999753e-01
-7.583999999999999631e-01
8.100000000000000533e-01
9.494000000000000217e-01
-6.359000000000000208e-01
5.020999999999999908e-01
6.024000000000000465e-01
-8.844999999999999529e-01
-4.697000000000000064e-01
-9.676000000000000156e-01
6.382999999999999785e-01
-3.482999999999999985e-01
-6.897999999999999687e-01
-1.764000000000000012e-01
7.224000000000000421e-01
-4.718999999999999861e-01
1.627000000000000113e-01
7.752999999999999892e-01
6.530000000000000249e-01
-7.410999999999999810e-01
9.258999999999999453e-01
7.138999999999999790e-01
-7.429000000000000048e-01
7.480000000000000537e-02
3.400000000000000244e-01
-3.382999999999999896e-01
6.492999999999999883e-01
8.851999999999999869e-01
3.939999999999999752e-02
-9.639999999999999680e-01
4.970999999999999863e-01
-7.175000000000000266e-01
3.532000000000000139e-01
-3.113000000000000211e-01
3.256999999999999895e-01
-3.121999999999999775e-01
7.829999999999999460e-02
-7.375000000000000444e-01
1.668999999999999928e-01
7.227999999999999980e-01
-9.093999999999999861e-01
-7.103000000000000425e-01
5.669999999999999485e-01
8.697000000000000286e-01
2.290000000000000091e-01
-1.260000000000000009e-01
8.544000000000000483e-01
2.889999999999999791e-01
-6.751000000000000334e-01
-4.501999999999999891e-01
4.299999999999999656e-02
-1.796000000000000096e-01
-2.319999999999999840e-02
-2.215999999999999914e-01
6.070999999999999730e-01
1.351999999999999869e-01
7.658000000000000362e-01
4.834999999999999853e-01
-6.860000000000000542e-01
-7.189999999999999725e-01
-1.106000000000000039e-01
1.416000000000000036e-01
1.052000000000000018e-01
1.079999999999999988e-01
-2.829999999999999738e-01
9.690000000000000002e-02
1.313999999999999890e-01
