-1.826000000000000123e-01
1.315000000000000058e-01
8.933999999999999719e-01
-1.179999999999999938e-01
3.553999999999999937e-01
7.574999999999999512e-01
3.578999999999999959e-01
-1.985000000000000098e-01
2.605999999999999983e-01
-3.825000000000000067e-01
-6.576999999999999513e-01
-2.018999999999999961e-01
1.773000000000000131e-01
-3.306000000000000050e-01
1.315000000000000058e-01
-3.209000000000000186e-01
2.649999999999999925e-02
-7.489999999999999991e-01
3.639999999999999902e-01
7.874999999999999778e-01
-7.240999999999999659e-01
-2.096000000000000085e-01
-9.350000000000000533e-01
1.165000000000000063e-01
5.387999999999999456e-01
-3.396000000000000130e-01
-7.245000000000000329e-01
2.359999999999999876e-01
2.639999999999999986e-02
7.781000000000000139e-01
4.802000000000000157e-01
-8.892999999999999794e-01
-2.350000000000000006e-02
-7.586000000000000520e-01
-7.485000000000000542e-01
4.529999999999999999e-02
9.754000000000000448e-01
-5.920000000000000262e-02
9.909999999999999365e-02
8.661999999999999700e-01
-1.494000000000000050e-01
2.182000000000000051e-01
-1.414999999999999869e-01
-8.952999999999999847e-01
-6.581000000000000183e-01
1.147999999999999993e-01
-3.260000000000000120e-01
2.117999999999999883e-01
-9.365999999999999881e-01
-1.567999999999999949e-01
4.750000000000000056e-02
-8.118999999999999551e-01
-1.257000000000000062e-01
8.078999999999999515e-01
-1.930999999999999939e-01
3.827999999999999736e-01
4.529000000000000248e-01
4.950000000000000233e-02
-7.738000000000000433e-01
-3.024000000000000021e-01
-5.897000000000000020e-01
-7.499999999999999722e-03
1.945999999999999952e-01
1.338000000000000023e-01
7.361999999999999655e-01
-6.395999999999999464e-01
1.489999999999999936e-01
2.767999999999999905e-01
-5.104999999999999538e-01
4.280999999999999805e-01
8.836000000000000520e-01
4.270999999999999797e-01
-4.354000000000000092e-01
-8.958000000000000407e-01
3.698000000000000176e-01
-7.439000000000000057e-01
8.366000000000000103e-01
5.540000000000000480e-01
-5.319999999999999729e-02
8.438999999999999835e-01
4.146000000000000241e-01
-5.446999999999999620e-01
-5.349999999999999895e-02
-1.370000000000000037e-02
8.729000000000000092e-01
4.729999999999999760e-01
6.105000000000000426e-01
-5.566999999999999726e-01
3.630999999999999783e-01
-7.013000000000000345e-01
-5.502000000000000224e-01
7.573999999999999622e-01
-9.538999999999999702e-01
1.136000000000000065e-01
1.598999999999999866e-01
-1.313999999999999890e-01
9.145999999999999686e-01
-6.502000000000000002e-01
-2.666999999999999926e-01
3.536000000000000254e-01
4.228000000000000091e-01
-3.241999999999999882e-01
-1.721000000000000030e-01
9.251000000000000334e-01
-1.713999999999999968e-01
