-9.798999999999999932e-01
1.778000000000000136e-01
6.952000000000000401e-01
2.099000000000000032e-01
8.822999999999999732e-01
9.193999999999999950e-01
-2.857000000000000095e-01
-5.847999999999999865e-01
9.232000000000000206e-01
2.378000000000000114e-01
6.189999999999999947e-01
-1.698000000000000065e-01
-6.889999999999999458e-01
-2.750000000000000014e-02
2.646000000000000019e-01
-2.124999999999999944e-01
5.742000000000000437e-01
7.380000000000000449e-02
5.148000000000000353e-01
5.522000000000000242e-01
-3.150000000000000022e-01
-8.185000000000000053e-01
6.977999999999999758e-01
-7.629000000000000226e-01
-1.519999999999999962e-01
4.524000000000000243e-01
-1.106000000000000039e-01
-5.669999999999999485e-01
1.033000000000000029e-01
5.014999999999999458e-01
9.173000000000000043e-01
-6.185000000000000497e-01
-5.582000000000000295e-01
-5.416999999999999593e-01
8.616000000000000325e-01
-9.626000000000000112e-01
-5.835000000000000187e-01
2.159000000000000086e-01
-2.706000000000000072e-01
-4.662000000000000033e-01
-4.519999999999999712e-02
-6.167000000000000259e-01
8.179999999999999771e-02
-4.974000000000000088e-01
-4.461999999999999855e-01
-4.547999999999999821e-01
9.260000000000000453e-01
-8.656000000000000361e-01
-4.339999999999999969e-01
-8.847000000000000419e-01
-7.112000000000000544e-01
-8.045999999999999819e-01
3.160000000000000031e-01
-5.806000000000000050e-01
-8.387000000000000011e-01
2.404000000000000026e-01
7.776999999999999469e-01
4.980999999999999872e-01
-2.061000000000000054e-01
3.955000000000000182e-01
7.560000000000000053e-01
-8.547000000000000153e-01
5.486999999999999655e-01
4.354000000000000092e-01
-4.183999999999999941e-01
3.049999999999999933e-01
-5.247000000000000552e-01
6.989999999999999547e-01
-3.897999999999999798e-01
-6.939999999999999503e-01
-7.711000000000000076e-01
-1.771000000000000074e-01
-9.012000000000000011e-01
9.059000000000000385e-01
1.015000000000000069e-01
-3.922999999999999821e-01
-5.382000000000000117e-01
-9.163000000000000034e-01
-6.300999999999999934e-01
9.197999999999999510e-01
-3.459999999999999881e-02
-5.960000000000000020e-02
-7.155000000000000249e-01
-9.331000000000000405e-01
2.860000000000000042e-02
4.848000000000000087e-01
-1.960999999999999965e-01
-4.581999999999999962e-01
-6.270000000000000573e-02
-5.795000000000000151e-01
3.941000000000000059e-01
-7.893000000000000016e-01
8.105999999999999872e-01
-2.378000000000000114e-01
2.349999999999999867e-01
3.931000000000000050e-01
-6.811000000000000387e-01
2.340000000000000135e-01
-5.238000000000000433e-01
6.772000000000000242e-01
5.678999999999999604e-01
-8.293000000000000371e-01
-3.906999999999999917e-01
-8.995999999999999552e-01
-4.694999999999999729e-01
