-9.177999999999999492e-01
-1.608999999999999875e-01
-1.383999999999999952e-01
-1.854999999999999982e-01
3.084000000000000075e-01
-3.111999999999999766e-01
3.859000000000000208e-01
-7.931000000000000272e-01
8.454000000000000403e-01
6.072999999999999510e-01
-2.444000000000000061e-01
-5.578999999999999515e-01
-3.400000000000000244e-01
-5.247000000000000552e-01
3.755000000000000004e-01
-7.252999999999999448e-01
7.117999999999999883e-01
-9.716000000000000192e-01
-4.768000000000000016e-01
2.472000000000000031e-01
-6.560000000000000275e-01
3.109999999999999917e-02
8.280999999999999472e-01
4.410000000000000031e-02
-9.300000000000000488e-01
9.659999999999999698e-01
-2.341000000000000025e-01
-9.768000000000000016e-01
-8.880000000000000393e-02
-3.140999999999999903e-01
-8.871999999999999886e-01
-9.103999999999999870e-01
-7.704999999999999627e-01
-4.818000000000000060e-01
-9.256999999999999673e-01
-5.106000000000000538e-01
7.069999999999999896e-02
2.589999999999999941e-02
4.768999999999999906e-01
-4.404000000000000137e-01
-5.938999999999999835e-01
-9.173999999999999932e-01
5.070000000000000201e-02
-1.590000000000000024e-01
6.172999999999999599e-01
-4.611000000000000099e-01
1.540999999999999870e-01
2.696000000000000063e-01
-9.134999999999999787e-01
4.499999999999999660e-03
-3.009999999999999828e-02
3.393999999999999795e-01
-3.134000000000000119e-01
-3.839999999999999664e-02
7.568000000000000282e-01
-5.050000000000000322e-02
8.875999999999999446e-01
-4.637000000000000011e-01
9.210000000000000131e-02
-2.695000000000000173e-01
4.637999999999999901e-01
4.414000000000000146e-01
-7.459999999999999964e-01
8.753999999999999559e-01
2.698999999999999733e-01
6.743999999999999995e-01
-2.343999999999999972e-01
3.541000000000000258e-01
-2.821000000000000174e-01
-4.429000000000000159e-01
-6.209999999999999964e-01
-2.809999999999999998e-02
2.182000000000000051e-01
-1.199000000000000066e-01
1.970999999999999974e-01
-2.333999999999999964e-01
2.167000000000000037e-01
6.451000000000000068e-01
4.179999999999999688e-02
8.615000000000000435e-01
8.758000000000000229e-01
-6.929999999999999494e-01
9.451000000000000512e-01
-6.760000000000000453e-01
7.234000000000000430e-01
-8.655000000000000471e-01
3.075999999999999845e-01
4.170000000000000095e-02
9.061000000000000165e-01
9.059000000000000385e-01
-7.760000000000000231e-01
5.554000000000000048e-01
-5.207000000000000517e-01
8.725000000000000533e-01
4.571999999999999953e-01
2.000000000000000042e-02
3.421000000000000152e-01
2.614000000000000212e-01
1.652000000000000135e-01
-2.808999999999999830e-01
7.594999999999999529e-01
-6.864999999999999991e-01
3.610999999999999766e-01
3.493999999999999884e-01
-4.333000000000000185e-01
