-6.069999999999999840e-01
-2.288000000000000034e-01
7.128999999999999782e-01
-7.178999999999999826e-01
9.061000000000000165e-01
-2.772999999999999909e-01
8.094999999999999973e-01
7.529000000000000137e-01
-9.339999999999999691e-02
6.236000000000000432e-01
2.665000000000000147e-01
-9.616000000000000103e-01
5.047000000000000375e-01
6.359000000000000208e-01
-8.435000000000000275e-01
-9.022999999999999909e-01
6.762000000000000233e-01
2.864999999999999769e-01
6.042999999999999483e-01
-8.726000000000000423e-01
-1.922999999999999987e-01
-7.762000000000000011e-01
2.706999999999999962e-01
-7.873999999999999888e-01
-9.126999999999999558e-01
-7.133000000000000451e-01
-8.899999999999999578e-02
9.979999999999999982e-02
7.151999999999999469e-01
1.731000000000000039e-01
-2.129000000000000059e-01
-7.761000000000000121e-01
-9.967000000000000304e-01
6.610000000000000320e-01
3.084999999999999964e-01
1.202000000000000013e-01
4.122000000000000108e-01
6.919999999999999762e-02
1.095000000000000001e-01
-8.387999999999999901e-01
1.746000000000000052e-01
5.652000000000000357e-01
-9.426999999999999824e-01
-1.009000000000000036e-01
8.024000000000000021e-01
-9.959000000000000075e-01
3.945000000000000173e-01
5.499000000000000554e-01
-1.852999999999999925e-01
-3.552000000000000157e-01
-3.237999999999999767e-01
8.404000000000000359e-01
9.108000000000000540e-01
-6.780000000000000471e-01
9.461000000000000520e-01
-8.453000000000000513e-01
-1.178000000000000019e-01
-4.930999999999999828e-01
3.150000000000000022e-02
8.890000000000000679e-02
4.401999999999999802e-01
-6.028000000000000025e-01
-3.195999999999999952e-01
-4.519000000000000239e-01
-2.210000000000000020e-01
-3.156999999999999806e-01
-2.929999999999999966e-02
8.145999999999999908e-01
5.272999999999999909e-01
6.602999999999999980e-01
-9.499999999999999556e-01
3.350000000000000200e-02
3.610999999999999766e-01
-1.497999999999999887e-01
-9.313000000000000167e-01
-8.599999999999999312e-02
9.868000000000000105e-01
-8.318999999999999728e-01
-8.026999999999999691e-01
9.866000000000000325e-01
4.341999999999999749e-01
8.970000000000000195e-02
-6.411999999999999922e-01
5.639999999999999458e-01
1.403999999999999970e-01
3.599999999999999867e-01
-3.019999999999999907e-01
8.730999999999999872e-01
-3.119000000000000106e-01
6.737999999999999545e-01
8.881999999999999895e-01
-2.681000000000000050e-01
5.805000000000000160e-01
-4.968000000000000194e-01
8.640000000000000457e-02
3.191999999999999837e-01
-2.040000000000000147e-02
-7.151999999999999469e-01
-2.343999999999999972e-01
5.935000000000000275e-01
9.118000000000000549e-01
-2.660000000000000142e-01
-4.123999999999999888e-01
7.946999999999999620e-01
-1.547999999999999932e-01
