-6.470000000000000195e-01
4.294999999999999929e-01
2.074000000000000010e-01
-6.331999999999999851e-01
7.251999999999999558e-01
7.483999999999999542e-01
1.810000000000000150e-02
6.812000000000000277e-01
2.083000000000000129e-01
-9.634000000000000341e-01
3.387000000000000011e-01
8.629000000000000004e-01
6.250000000000000000e-02
-5.066000000000000503e-01
-7.039999999999999591e-01
6.875999999999999890e-01
-4.130000000000000338e-02
8.177999999999999714e-01
-1.927000000000000102e-01
1.073999999999999955e-01
9.901999999999999691e-01
8.294000000000000261e-01
-6.608000000000000540e-01
8.749999999999999445e-02
3.116999999999999771e-01
-5.074999999999999512e-01
6.600000000000000311e-01
-9.171000000000000263e-01
-7.127000000000000002e-01
-7.853999999999999870e-01
-4.262000000000000233e-01
2.567999999999999727e-01
4.879999999999999893e-01
9.489999999999999825e-02
2.309999999999999901e-02
-1.633999999999999897e-01
8.676000000000000378e-01
6.744999999999999885e-01
8.781999999999999806e-01
9.910999999999999810e-01
2.343000000000000083e-01
-6.572999999999999954e-01
-9.492000000000000437e-01
-4.199999999999999740e-03
-1.072000000000000036e-01
-4.587999999999999856e-01
4.934999999999999942e-01
-7.729000000000000314e-01
2.701999999999999957e-01
-3.784000000000000141e-01
-3.694999999999999951e-01
9.444000000000000172e-01
-4.633999999999999786e-01
8.778000000000000247e-01
-5.770999999999999464e-01
-9.473000000000000309e-01
-6.199999999999999956e-02
4.018999999999999795e-01
-9.838999999999999968e-01
7.478000000000000203e-01
-5.644000000000000128e-01
1.049999999999999961e-01
2.531999999999999806e-01
9.545000000000000151e-01
-6.731000000000000316e-01
3.865000000000000102e-01
8.510999999999999677e-01
4.017999999999999905e-01
-8.307999999999999829e-01
8.154000000000000137e-01
-1.095000000000000001e-01
-3.739000000000000101e-01
1.779999999999999985e-02
8.716000000000000414e-01
5.429000000000000492e-01
2.048999999999999988e-01
7.097999999999999865e-01
9.200000000000000400e-01
-1.874000000000000110e-01
-8.891000000000000014e-01
5.024999999999999467e-01
-1.260000000000000009e-01
-7.514999999999999458e-01
-3.175000000000000044e-01
4.309999999999999942e-01
-2.823999999999999844e-01
-8.629000000000000004e-01
2.112999999999999878e-01
2.456000000000000127e-01
-7.018999999999999684e-01
-9.606000000000000094e-01
-7.440999999999999837e-01
3.443999999999999839e-01
5.133999999999999675e-01
-3.084999999999999964e-01
-2.781000000000000139e-01
6.487000000000000544e-01
5.161000000000000032e-01
-1.831000000000000127e-01
-3.669999999999999929e-01
-4.237000000000000210e-01
-8.844999999999999529e-01
-3.206999999999999851e-01
-7.564999999999999503e-01
-6.571000000000000174e-01
