1.986999999999999877e-01
3.269000000000000239e-01
-7.752000000000000002e-01
-1.187000000000000000e-01
1.000999999999999945e-01
9.918000000000000149e-01
5.921999999999999487e-01
4.187000000000000166e-01
2.973000000000000087e-01
3.250000000000000111e-02
1.600000000000000033e-02
2.137999999999999901e-01
4.850000000000000144e-02
-3.845999999999999974e-01
2.827999999999999958e-01
-4.157000000000000139e-01
2.096999999999999975e-01
-2.849999999999999756e-01
5.737999999999999767e-01
5.480000000000000426e-01
4.622999999999999887e-01
-9.725000000000000311e-01
-3.998999999999999777e-01
-1.486000000000000099e-01
4.190999999999999726e-01
3.109999999999999987e-01
-2.179999999999999993e-01
6.431000000000000050e-01
-4.915999999999999814e-01
6.991000000000000547e-01
3.346000000000000085e-01
-4.415000000000000036e-01
5.207000000000000517e-01
2.250000000000000056e-01
2.025000000000000133e-01
4.884000000000000008e-01
-3.825000000000000067e-01
-4.537999999999999812e-01
-8.297999999999999821e-01
-1.887999999999999956e-01
1.203000000000000042e-01
-3.625999999999999779e-01
6.320000000000000062e-01
-8.365000000000000213e-01
6.548000000000000487e-01
1.449999999999999900e-01
3.544999999999999818e-01
5.352999999999999980e-01
6.203999999999999515e-01
9.948000000000000176e-01
-5.691000000000000503e-01
2.384999999999999898e-01
4.655000000000000249e-01
3.841999999999999860e-01
-7.700000000000000178e-01
-7.137999999999999901e-01
-5.290000000000000258e-02
-8.874999999999999556e-01
3.644999999999999907e-01
-9.173000000000000043e-01
-1.408999999999999975e-01
-2.531999999999999806e-01
-9.414000000000000146e-01
-2.795000000000000262e-01
7.066000000000000059e-01
5.981999999999999540e-01
3.130999999999999894e-01
8.407999999999999918e-01
-6.541000000000000147e-01
-4.568999999999999728e-01
1.231000000000000011e-01
-4.904000000000000026e-01
4.103999999999999870e-01
3.881000000000000005e-01
4.959000000000000075e-01
2.606999999999999873e-01
-9.778999999999999915e-01
7.872999999999999998e-01
-6.158000000000000140e-01
6.555999999999999606e-01
-6.075000000000000400e-01
6.433999999999999719e-01
3.759000000000000119e-01
9.940000000000000224e-02
-3.714000000000000079e-01
4.913000000000000145e-01
8.062000000000000277e-01
-3.292999999999999816e-01
-2.338999999999999968e-01
8.195000000000000062e-01
8.276000000000000023e-01
2.661999999999999922e-01
-2.487999999999999934e-01
8.129999999999999449e-01
-8.116999999999999771e-01
-3.981999999999999984e-01
-7.417000000000000259e-01
6.434999999999999609e-01
1.078999999999999959e-01
1.950999999999999956e-01
-2.508000000000000229e-01
-5.426999999999999602e-01
5.454999999999999849e-01
9.979999999999999982e-01
-6.542000000000000037e-01
