7.319999999999999840e-01
-2.681999999999999940e-01
-7.810000000000000275e-01
8.318999999999999728e-01
5.442000000000000171e-01
9.427999999999999714e-01
-7.340000000000000691e-02
4.455999999999999961e-01
-8.488999999999999879e-01
7.191999999999999504e-01
-3.340000000000000191e-01
-5.788999999999999702e-01
-6.030999999999999694e-01
5.846999999999999975e-01
9.471000000000000529e-01
3.551000000000000267e-01
-2.723999999999999755e-01
4.195999999999999730e-01
-7.485000000000000542e-01
-4.651000000000000134e-01
-8.647000000000000242e-01
-2.699999999999999969e-02
4.186000000000000276e-01
3.165999999999999925e-01
-1.464000000000000024e-01
9.022999999999999909e-01
9.816000000000000281e-01
3.649000000000000021e-01
4.657999999999999918e-01
-8.780000000000000027e-01
-9.243999999999999995e-01
6.669000000000000483e-01
-1.466999999999999971e-01
-5.062999999999999723e-01
-9.400000000000000369e-03
8.810999999999999943e-01
3.144000000000000128e-01
-2.262000000000000122e-01
5.311000000000000165e-01
3.547000000000000153e-01
9.655000000000000249e-01
6.959999999999999520e-02
4.983000000000000207e-01
-8.266999999999999904e-01
-3.595999999999999752e-01
-1.890000000000000013e-02
-1.269999999999999948e-02
-7.781000000000000139e-01
6.088000000000000078e-01
6.692000000000000171e-01
-8.380999999999999561e-01
6.361999999999999877e-01
5.192999999999999838e-01
-8.022000000000000242e-01
1.988999999999999935e-01
8.561999999999999611e-01
-1.010999999999999954e-01
-8.859000000000000208e-01
4.320999999999999841e-01
2.674000000000000266e-01
4.237000000000000210e-01
-7.574999999999999512e-01
-5.270000000000000240e-01
-3.141999999999999793e-01
8.041000000000000369e-01
8.746000000000000441e-01
-8.837000000000000410e-01
-9.306999999999999718e-01
-9.717999999999999972e-01
4.193000000000000060e-01
7.090000000000000469e-02
-6.915999999999999925e-01
4.302000000000000268e-01
-2.116000000000000103e-01
-2.215000000000000024e-01
-7.640000000000000124e-01
-2.805000000000000271e-01
-2.757000000000000006e-01
4.209999999999999853e-02
-4.701000000000000179e-01
8.939999999999999336e-02
-2.220999999999999919e-01
-9.648999999999999799e-01
1.310999999999999943e-01
-3.448999999999999844e-01
9.878000000000000114e-01
-4.561000000000000054e-01
-7.804999999999999716e-01
8.477999999999999980e-01
1.398999999999999966e-01
4.202000000000000179e-01
4.101000000000000201e-01
8.375000000000000222e-01
9.848999999999999977e-01
-6.379999999999999560e-02
-5.265999999999999570e-01
-2.207000000000000073e-01
2.549000000000000155e-01
-1.764999999999999902e-01
-9.810999999999999721e-01
2.205999999999999905e-01
1.129999999999999928e-02
4.819999999999999840e-01
-2.803999999999999826e-01
1.297999999999999987e-01
