6.498000000000000442e-01
3.442999999999999949e-01
8.277999999999999803e-01
-1.000000000000000021e-03
-6.614999999999999769e-01
-1.315000000000000058e-01
7.724999999999999645e-01
6.928999999999999604e-01
-3.221999999999999864e-01
4.783999999999999919e-01
-3.487999999999999989e-01
-9.520999999999999464e-01
9.353000000000000203e-01
-6.211999999999999744e-01
-9.831999999999999629e-01
-3.219999999999999946e-02
-2.406999999999999973e-01
2.220000000000000098e-02
5.927000000000000046e-01
4.235999999999999766e-01
-2.614000000000000212e-01
-4.517999999999999794e-01
-7.378000000000000114e-01
1.220000000000000077e-02
2.612999999999999767e-01
-3.359999999999999792e-02
3.009999999999999828e-02
-8.731999999999999762e-01
2.126000000000000112e-01
-9.010000000000000231e-01
8.923999999999999710e-01
4.568999999999999728e-01
-5.711000000000000520e-01
-9.546000000000000041e-01
-5.920999999999999597e-01
-8.147999999999999687e-01
-7.403999999999999471e-01
-6.411999999999999922e-01
-2.883999999999999897e-01
4.148999999999999910e-01
-8.229999999999999538e-01
-6.992000000000000437e-01
-3.706999999999999740e-01
8.999999999999999667e-02
9.660000000000000531e-02
8.939999999999999336e-02
4.640000000000000235e-01
-6.038000000000000034e-01
-3.380000000000000226e-01
7.879000000000000448e-01
-4.426999999999999824e-01
7.459000000000000075e-01
7.965999999999999748e-01
2.336000000000000021e-01
-9.349999999999999978e-02
-5.594999999999999973e-01
-7.941000000000000281e-01
-8.367999999999999883e-01
5.905000000000000249e-01
-9.729999999999999760e-01
-2.943999999999999950e-01
3.452999999999999958e-01
-1.297000000000000097e-01
-4.621000000000000107e-01
-1.854999999999999982e-01
7.806999999999999496e-01
6.657999999999999474e-01
-8.540999999999999703e-01
1.791999999999999982e-01
1.089999999999999997e-02
9.095999999999999641e-01
6.950000000000000622e-02
-1.962000000000000133e-01
-6.918999999999999595e-01
-5.677999999999999714e-01
4.117999999999999994e-01
-4.966999999999999749e-01
2.965999999999999748e-01
-1.161999999999999977e-01
-3.000000000000000062e-03
-7.268999999999999906e-01
-3.119999999999999996e-01
4.100000000000000172e-02
4.421999999999999820e-01
4.395999999999999908e-01
-8.212000000000000410e-01
-5.092999999999999750e-01
5.316999999999999504e-01
5.929999999999999716e-01
9.015999999999999570e-01
-8.326000000000000068e-01
-8.107999999999999652e-01
-3.467999999999999972e-01
8.988000000000000433e-01
2.212000000000000077e-01
2.561999999999999833e-01
1.228000000000000064e-01
-5.202999999999999847e-01
5.555999999999999828e-01
9.798000000000000043e-01
-4.799999999999999822e-01
-5.161999999999999922e-01
-1.988999999999999935e-01
3.643000000000000127e-01
7.087999999999999856e-01
