8.400000000000000522e-02
-9.350000000000000533e-01
-2.867999999999999994e-01
-3.014999999999999902e-01
-7.651000000000000023e-01
-9.334999999999999964e-01
7.067999999999999838e-01
-7.255000000000000338e-01
6.065000000000000391e-01
-3.467999999999999972e-01
3.224000000000000199e-01
-5.800000000000000294e-02
3.618000000000000105e-01
-9.868000000000000105e-01
2.054999999999999882e-01
5.816999999999999948e-01
1.849999999999999908e-02
-3.629999999999999893e-01
-2.516999999999999793e-01
-7.929000000000000492e-01
2.031000000000000028e-01
4.622999999999999887e-01
6.868999999999999551e-01
-5.453999999999999959e-01
-4.411999999999999811e-01
7.252999999999999448e-01
-2.740000000000000074e-02
9.733000000000000540e-01
9.112999999999999989e-01
-9.294999999999999929e-01
-9.838999999999999968e-01
3.706999999999999740e-01
-7.858000000000000540e-01
-2.069999999999999965e-02
-5.150000000000000133e-01
-4.991999999999999771e-01
-4.126000000000000223e-01
1.381000000000000005e-01
1.663999999999999924e-01
-3.205999999999999961e-01
8.054000000000000048e-01
7.791000000000000147e-01
-6.213999999999999524e-01
6.169999999999999790e-02
6.933000000000000274e-01
-3.338999999999999746e-01
1.093999999999999972e-01
-4.506000000000000005e-01
-4.386999999999999789e-01
2.746000000000000107e-01
1.995999999999999996e-01
-2.243999999999999884e-01
9.552000000000000490e-01
9.216999999999999638e-01
-5.986000000000000210e-01
-6.256000000000000449e-01
6.836999999999999744e-01
-8.705000000000000515e-01
1.082999999999999935e-01
-5.000000000000000104e-03
5.816999999999999948e-01
9.408999999999999586e-01
8.885999999999999455e-01
8.850000000000000089e-01
-9.520999999999999464e-01
-1.855999999999999872e-01
2.132000000000000006e-01
-3.357999999999999874e-01
6.219000000000000083e-01
-6.671000000000000263e-01
-6.049999999999999822e-01
-9.358999999999999542e-01
4.860999999999999766e-01
-5.917000000000000037e-01
-5.700000000000000205e-03
7.911000000000000254e-01
-2.149999999999999967e-01
-2.913999999999999924e-01
-2.626000000000000001e-01
6.453999999999999737e-01
9.195999999999999730e-01
-1.844000000000000083e-01
-1.650000000000000078e-01
-5.369000000000000439e-01
-5.939999999999999725e-01
1.466999999999999971e-01
-9.707000000000000073e-01
2.777000000000000024e-01
7.794999999999999707e-01
3.225999999999999979e-01
-9.897000000000000242e-01
1.535999999999999865e-01
7.028999999999999693e-01
-4.630000000000000088e-02
-2.751000000000000112e-01
6.387000000000000455e-01
-9.908000000000000140e-01
7.349999999999999589e-02
5.939999999999999725e-01
9.727999999999999980e-01
8.287999999999999812e-01
6.841000000000000414e-01
3.845000000000000084e-01
7.635999999999999455e-01
-1.063999999999999946e-01
