-9.882999999999999563e-01
-1.152999999999999997e-01
-4.420999999999999930e-01
-6.057000000000000162e-01
-5.603000000000000203e-01
-2.210000000000000020e-01
-3.244000000000000217e-01
-2.330000000000000127e-01
9.010000000000000231e-01
-2.303999999999999937e-01
9.633000000000000451e-01
9.470000000000000639e-02
7.469999999999999973e-01
3.200000000000000153e-03
8.677000000000000268e-01
4.295999999999999819e-01
-4.655000000000000249e-01
-9.028000000000000469e-01
2.154999999999999971e-01
-3.866999999999999882e-01
4.505000000000000115e-01
-8.152000000000000357e-01
-1.832999999999999907e-01
2.610999999999999988e-01
-3.496000000000000218e-01
-7.206000000000000183e-01
-7.019999999999999851e-02
-7.609000000000000208e-01
3.204000000000000181e-01
-7.105000000000000204e-01
-9.875000000000000444e-01
3.836999999999999855e-01
7.046999999999999931e-01
-3.402999999999999914e-01
-1.592999999999999972e-01
-5.894000000000000350e-01
3.368999999999999773e-01
-5.122999999999999776e-01
-1.406000000000000028e-01
9.564000000000000279e-01
4.627999999999999892e-01
5.119000000000000217e-01
-5.674000000000000155e-01
-1.569000000000000117e-01
6.761000000000000343e-01
9.908000000000000140e-01
7.923999999999999932e-01
2.462000000000000022e-01
3.948999999999999733e-01
-2.565999999999999948e-01
-2.311999999999999889e-01
-9.935000000000000497e-01
-4.889999999999999902e-02
9.933999999999999497e-01
5.442000000000000171e-01
-1.579000000000000126e-01
7.549000000000000155e-01
9.196999999999999620e-01
2.195999999999999897e-01
4.721000000000000196e-01
4.343000000000000194e-01
-7.410999999999999810e-01
5.748999999999999666e-01
6.269000000000000128e-01
-1.393000000000000071e-01
2.121000000000000107e-01
1.971999999999999864e-01
-8.199999999999999512e-01
-5.214999999999999636e-01
9.929999999999999938e-02
-7.880000000000000338e-01
-5.726999999999999869e-01
8.012000000000000233e-01
4.081000000000000183e-01
-5.141999999999999904e-01
-1.019000000000000045e-01
1.000000000000000021e-03
-4.802000000000000157e-01
-6.452999999999999847e-01
-1.723000000000000087e-01
-6.773000000000000131e-01
-5.465999999999999748e-01
-5.799999999999999600e-03
8.585000000000000409e-01
-6.082999999999999519e-01
2.001000000000000001e-01
-6.040999999999999703e-01
-9.337999999999999634e-01
5.060000000000000053e-01
-4.519999999999999712e-02
-3.786999999999999811e-01
-1.600999999999999923e-01
-3.827999999999999736e-01
9.314000000000000057e-01
4.167000000000000148e-01
-5.810999999999999499e-01
-4.732999999999999985e-01
2.001000000000000001e-01
4.297000000000000264e-01
2.711000000000000076e-01
4.445000000000000062e-01
6.818999999999999506e-01
3.437000000000000055e-01
-4.875999999999999779e-01
-8.572999999999999510e-01
