-2.285999999999999976e-01
9.389999999999999736e-02
3.800000000000000044e-01
4.198000000000000065e-01
-5.695000000000000062e-01
5.313999999999999835e-01
-6.843000000000000194e-01
-8.242000000000000437e-01
9.492000000000000437e-01
6.760000000000000453e-01
-7.379999999999999893e-01
-7.641999999999999904e-01
-1.335000000000000075e-01
-4.580000000000000043e-02
4.444000000000000172e-01
5.275999999999999579e-01
4.757000000000000117e-01
-3.834000000000000186e-01
-7.275000000000000355e-01
-4.008999999999999786e-01
-4.692000000000000060e-01
9.919999999999999929e-01
-1.759999999999999898e-01
4.696000000000000174e-01
5.435999999999999721e-01
-7.793999999999999817e-01
9.923999999999999488e-01
1.512000000000000011e-01
2.612999999999999767e-01
-4.552999999999999825e-01
-5.410000000000000364e-01
9.387999999999999678e-01
-1.760000000000000106e-02
-7.909000000000000474e-01
-4.842000000000000193e-01
-5.974000000000000421e-01
7.296000000000000263e-01
-1.173000000000000015e-01
-7.266000000000000236e-01
-9.747999999999999998e-01
-7.960000000000000409e-01
6.694999999999999840e-01
-1.000000000000000048e-04
2.630000000000000115e-01
8.061000000000000387e-01
-7.513999999999999568e-01
-6.199000000000000066e-01
7.997999999999999554e-01
-9.639999999999999680e-01
-6.779999999999999916e-02
5.590000000000000524e-01
-6.629000000000000448e-01
1.489000000000000046e-01
-4.769999999999999796e-01
6.442999999999999838e-01
-2.903000000000000025e-01
5.840000000000000052e-02
-4.526999999999999913e-01
-6.681000000000000272e-01
-5.756999999999999895e-01
-5.776000000000000023e-01
7.685999999999999499e-01
4.959999999999999826e-02
-7.501999999999999780e-01
8.396000000000000130e-01
-1.923999999999999877e-01
7.495000000000000551e-01
-6.108000000000000096e-01
-4.899999999999999842e-03
9.822999999999999510e-01
8.193000000000000282e-01
-4.516000000000000014e-01
9.959000000000000075e-01
5.380000000000000338e-01
-1.998999999999999944e-01
9.133000000000000007e-01
-5.577999999999999625e-01
-7.507000000000000339e-01
-2.691000000000000059e-01
-8.899999999999999925e-03
-8.223000000000000309e-01
-1.052000000000000018e-01
-7.100000000000000408e-03
1.439999999999999891e-01
-2.114000000000000046e-01
7.220000000000000029e-02
-5.019000000000000128e-01
4.839999999999999858e-02
1.277999999999999969e-01
-8.900000000000000133e-01
5.635999999999999899e-01
7.883000000000000007e-01
-5.469000000000000528e-01
-1.698999999999999955e-01
8.757000000000000339e-01
-6.822000000000000286e-01
-4.379999999999999866e-02
5.098000000000000309e-01
3.610000000000000014e-02
-1.472999999999999865e-01
-8.995999999999999552e-01
7.514999999999999458e-01
-4.495000000000000107e-01
3.870999999999999996e-01
-7.199999999999999803e-03
