7.860000000000000320e-02
2.109000000000000041e-01
-8.375000000000000222e-01
-2.828999999999999848e-01
7.072000000000000508e-01
-5.417999999999999483e-01
-1.653999999999999915e-01
-1.665999999999999981e-01
-6.401000000000000023e-01
7.712999999999999856e-01
-1.239999999999999956e-02
-4.611999999999999988e-01
3.489999999999999769e-01
2.172999999999999932e-01
-8.632999999999999563e-01
-1.049999999999999961e-01
3.413999999999999813e-01
2.500999999999999890e-01
-2.050000000000000086e-02
6.159000000000000030e-01
4.870000000000000023e-02
-9.312000000000000277e-01
-8.959000000000000297e-01
-5.464999999999999858e-01
-9.940000000000000224e-02
-3.572000000000000175e-01
-4.440999999999999948e-01
-6.137000000000000233e-01
-8.743999999999999551e-01
-5.668999999999999595e-01
6.481999999999999984e-01
4.557999999999999829e-01
4.239999999999999880e-01
-8.185000000000000053e-01
3.750999999999999890e-01
-3.436000000000000165e-01
-7.793999999999999817e-01
1.625000000000000056e-01
3.169999999999999901e-02
-8.028999999999999471e-01
3.674999999999999933e-01
-8.796000000000000485e-01
3.155999999999999917e-01
-3.514999999999999791e-01
9.298999999999999488e-01
-3.698000000000000176e-01
7.067999999999999838e-01
-6.411000000000000032e-01
9.199999999999999845e-03
6.722000000000000197e-01
-6.451999999999999957e-01
-6.612999999999999989e-01
5.733000000000000318e-01
5.541000000000000369e-01
-1.151999999999999968e-01
-7.008999999999999675e-01
-5.000000000000000000e-01
4.042999999999999927e-01
4.220999999999999752e-01
-4.768999999999999906e-01
9.193999999999999950e-01
8.234000000000000208e-01
9.651999999999999469e-01
3.800000000000000044e-01
-7.249999999999999778e-01
7.599000000000000199e-01
4.635000000000000231e-01
-9.183000000000000052e-01
3.407999999999999918e-01
1.317000000000000115e-01
1.695000000000000118e-01
-5.079999999999999793e-02
-3.271000000000000019e-01
3.700999999999999845e-01
-4.638999999999999790e-01
-7.749000000000000332e-01
6.096000000000000307e-01
-3.790000000000000036e-01
-2.851000000000000201e-01
-7.279999999999999805e-01
8.225999999999999979e-01
9.570999999999999508e-01
7.322999999999999510e-01
-8.933999999999999719e-01
-6.119999999999999885e-01
4.151000000000000245e-01
3.573000000000000065e-01
2.574000000000000177e-01
-6.722000000000000197e-01
-8.387000000000000011e-01
7.268000000000000016e-01
-8.808000000000000274e-01
-9.949000000000000066e-01
8.913999999999999702e-01
2.795000000000000262e-01
-6.471000000000000085e-01
9.093999999999999861e-01
3.956999999999999962e-01
7.950000000000000400e-01
4.567999999999999838e-01
-3.389999999999999958e-02
-6.941000000000000503e-01
3.101999999999999758e-01
-3.499999999999999778e-01
-6.796999999999999709e-01
