9.381000000000000449e-01
-7.645999999999999464e-01
-7.365000000000000435e-01
2.179000000000000103e-01
2.674000000000000266e-01
3.578000000000000069e-01
-9.641999999999999460e-01
1.193000000000000033e-01
-9.056999999999999496e-01
4.369999999999999996e-01
-9.389999999999999736e-02
-8.965999999999999526e-01
-7.772000000000000020e-01
-2.215000000000000024e-01
7.260999999999999677e-01
8.588999999999999968e-01
-5.201999999999999957e-01
-2.535999999999999921e-01
3.808000000000000274e-01
3.284000000000000252e-01
9.937000000000000277e-01
6.851000000000000423e-01
2.706000000000000072e-01
1.169000000000000039e-01
-9.679999999999999716e-02
-1.375000000000000111e-01
-8.260999999999999455e-01
3.743000000000000216e-01
3.447999999999999954e-01
5.770000000000000129e-02
5.807999999999999829e-01
-1.088999999999999968e-01
5.594999999999999973e-01
5.550000000000000072e-02
-2.424000000000000044e-01
8.780000000000000027e-01
-9.579999999999999627e-01
7.969000000000000528e-01
-7.758000000000000451e-01
9.427999999999999714e-01
5.520000000000000462e-01
-8.737000000000000322e-01
-9.410000000000000309e-02
-1.710000000000000062e-02
7.379999999999999893e-01
9.574000000000000288e-01
-5.872000000000000552e-01
-1.509000000000000064e-01
-3.580999999999999739e-01
-4.295999999999999819e-01
-4.702999999999999958e-01
-2.520000000000000018e-01
-7.229999999999999760e-01
7.496000000000000441e-01
-2.810000000000000275e-01
8.359999999999999376e-02
4.778000000000000025e-01
9.731999999999999540e-01
5.450000000000000400e-01
-3.150000000000000022e-02
-8.738000000000000211e-01
6.991000000000000547e-01
-3.710000000000000103e-02
-4.435000000000000053e-01
7.252999999999999448e-01
-4.940999999999999837e-01
2.053000000000000103e-01
3.002000000000000224e-01
7.939000000000000501e-01
-3.131999999999999784e-01
-1.729999999999999871e-01
-9.465999999999999970e-01
7.291999999999999593e-01
-3.851999999999999869e-01
-5.443000000000000060e-01
8.911000000000000032e-01
-7.753999999999999782e-01
-5.142999999999999794e-01
-9.473000000000000309e-01
4.064999999999999725e-01
1.756999999999999951e-01
5.003999999999999559e-01
-5.523000000000000131e-01
-8.843999999999999639e-01
-3.769000000000000128e-01
-9.036999999999999478e-01
6.663000000000000034e-01
9.637000000000000011e-01
1.516000000000000125e-01
5.521000000000000352e-01
-4.537999999999999812e-01
-1.199000000000000066e-01
-7.811000000000000165e-01
-3.538000000000000034e-01
-8.269999999999999574e-01
-8.275000000000000133e-01
-8.296000000000000041e-01
3.670000000000000345e-02
6.349000000000000199e-01
5.030000000000000027e-01
9.455000000000000071e-01
-1.117999999999999966e-01
-3.710000000000000103e-02
-2.942000000000000171e-01
-3.981999999999999984e-01
