3.899999999999999994e-02
9.189000000000000501e-01
4.974000000000000088e-01
-4.063999999999999835e-01
-3.786999999999999811e-01
9.066999999999999504e-01
-5.442000000000000171e-01
-7.530000000000000582e-02
-7.509000000000000119e-01
-8.337999999999999856e-01
9.146999999999999575e-01
8.263000000000000345e-01
-5.004999999999999449e-01
-6.405999999999999472e-01
8.779000000000000137e-01
7.376000000000000334e-01
-4.068999999999999839e-01
4.944999999999999951e-01
-7.204000000000000403e-01
1.968999999999999917e-01
-8.502999999999999448e-01
2.795000000000000262e-01
8.277999999999999803e-01
-2.097999999999999865e-01
-5.583000000000000185e-01
9.143000000000000016e-01
2.861000000000000210e-01
-6.408000000000000362e-01
-9.819999999999999563e-02
2.091999999999999971e-01
-8.730999999999999872e-01
9.614000000000000323e-01
9.733000000000000540e-01
-7.979000000000000536e-01
-4.572999999999999843e-01
-7.422999999999999599e-01
-8.131000000000000449e-01
9.384000000000000119e-01
-2.109000000000000041e-01
1.899999999999999953e-02
9.639999999999999680e-01
3.255000000000000115e-01
7.052000000000000490e-01
1.190000000000000085e-02
-1.459000000000000019e-01
5.700000000000000205e-02
4.681000000000000161e-01
5.715999999999999970e-01
-3.133000000000000229e-01
-8.591999999999999638e-01
-1.622000000000000108e-01
7.190000000000000557e-02
2.187999999999999945e-01
4.825999999999999734e-01
-8.818000000000000282e-01
-1.971999999999999864e-01
-5.138000000000000345e-01
-2.058999999999999997e-01
7.043000000000000371e-01
-5.537999999999999590e-01
-8.618999999999999995e-01
3.700999999999999845e-01
5.728999999999999648e-01
7.069999999999999618e-01
-7.531999999999999806e-01
3.834000000000000186e-01
-5.293999999999999817e-01
6.550000000000000266e-01
-2.404000000000000026e-01
5.547999999999999599e-01
2.187000000000000055e-01
-8.539999999999999813e-01
6.610000000000000320e-01
3.242999999999999772e-01
5.735000000000000098e-01
-9.072000000000000064e-01
5.034999999999999476e-01
-2.723999999999999755e-01
8.522999999999999465e-01
-9.229000000000000536e-01
7.842999999999999972e-01
2.954999999999999849e-01
-8.546000000000000263e-01
-2.235000000000000042e-01
-5.169000000000000261e-01
7.860000000000000320e-01
-1.612999999999999989e-01
2.182999999999999940e-01
-2.531999999999999806e-01
3.209000000000000186e-01
-9.544000000000000261e-01
3.785999999999999921e-01
2.426999999999999991e-01
4.718999999999999861e-01
-3.968999999999999750e-01
9.040000000000000258e-01
3.467999999999999972e-01
1.763000000000000123e-01
-6.444999999999999618e-01
-2.414000000000000035e-01
-5.442000000000000171e-01
-2.431999999999999995e-01
3.020000000000000115e-02
6.843000000000000194e-01
-4.106000000000000205e-01
