6.243999999999999551e-01
-9.463000000000000300e-01
-8.740000000000000546e-02
-7.601999999999999869e-01
2.104999999999999927e-01
-8.898000000000000353e-01
-2.698999999999999733e-01
6.544999999999999707e-01
6.814000000000000057e-01
-1.832999999999999907e-01
5.160000000000000003e-02
-2.929999999999999966e-02
-4.665000000000000258e-01
5.970000000000000306e-02
-2.529000000000000137e-01
9.004999999999999671e-01
5.016000000000000458e-01
5.686999999999999833e-01
9.311000000000000387e-01
3.168000000000000260e-01
1.439000000000000001e-01
4.655000000000000249e-01
1.446999999999999953e-01
5.422000000000000153e-01
-6.253999999999999559e-01
-7.744999999999999662e-01
-4.618999999999999773e-01
-8.766000000000000458e-01
-5.793000000000000371e-01
2.580000000000000071e-01
8.534000000000000474e-01
2.581999999999999851e-01
-8.719999999999999973e-01
1.042000000000000010e-01
-6.859999999999999432e-02
2.772999999999999909e-01
4.530000000000000138e-01
3.282999999999999807e-01
9.683000000000000496e-01
1.180999999999999966e-01
-7.378000000000000114e-01
7.852000000000000091e-01
5.453000000000000069e-01
7.514999999999999458e-01
-3.180000000000000049e-01
9.955000000000000515e-01
-2.346000000000000030e-01
4.366999999999999771e-01
-1.269000000000000128e-01
5.494999999999999885e-01
-8.459999999999999465e-02
7.733999999999999764e-01
-5.375999999999999668e-01
-6.540000000000000258e-01
3.381000000000000116e-01
-2.752000000000000002e-01
-2.731000000000000094e-01
-2.285999999999999976e-01
-6.350999999999999979e-01
-7.338000000000000078e-01
-9.421000000000000485e-01
-6.328000000000000291e-01
5.951999999999999513e-01
-6.624999999999999778e-01
1.640000000000000069e-01
7.541999999999999815e-01
-2.308999999999999941e-01
-1.287000000000000088e-01
7.631000000000000005e-01
2.132999999999999896e-01
4.961999999999999744e-01
-6.196000000000000396e-01
-4.257000000000000228e-01
-7.486000000000000432e-01
-7.428000000000000158e-01
-5.298000000000000487e-01
8.671999999999999709e-01
-6.025000000000000355e-01
-9.516000000000000014e-01
-2.005000000000000115e-01
5.935000000000000275e-01
3.030000000000000054e-02
-3.239000000000000212e-01
-1.852999999999999925e-01
7.790000000000000258e-01
-5.366999999999999549e-01
9.778000000000000025e-01
-2.218999999999999861e-01
-9.240000000000000435e-01
-4.531000000000000028e-01
-9.320000000000000506e-02
-3.239999999999999825e-02
-1.436000000000000054e-01
-1.557999999999999940e-01
9.697999999999999954e-01
-5.575999999999999845e-01
9.844000000000000528e-01
-8.518000000000000016e-01
9.576999999999999957e-01
-8.438999999999999835e-01
6.249000000000000110e-01
7.614999999999999547e-01
-2.585000000000000075e-01
-3.099999999999999978e-01
-3.356000000000000094e-01
