-3.250000000000000111e-02
3.634000000000000008e-01
-2.149000000000000077e-01
-2.036999999999999922e-01
8.115999999999999881e-01
8.423000000000000487e-01
6.950000000000000622e-02
8.307999999999999829e-01
3.584999999999999853e-01
-2.871000000000000218e-01
-7.371999999999999664e-01
-9.710999999999999632e-01
5.520000000000000462e-01
-1.930999999999999939e-01
5.910999999999999588e-01
4.269999999999999907e-01
7.479999999999999982e-01
6.715999999999999748e-01
-9.321000000000000396e-01
5.701000000000000512e-01
3.091999999999999749e-01
9.082000000000000073e-01
-2.595000000000000084e-01
-7.070999999999999508e-01
-1.511000000000000121e-01
9.583000000000000407e-01
-5.449000000000000510e-01
-4.505000000000000115e-01
-6.535999999999999588e-01
-1.149000000000000021e-01
-1.514999999999999958e-01
-5.091999999999999860e-01
-5.141000000000000014e-01
2.023000000000000076e-01
1.126000000000000056e-01
-2.721999999999999975e-01
-5.231000000000000094e-01
-4.408000000000000251e-01
-9.627999999999999892e-01
9.516999999999999904e-01
5.582000000000000295e-01
-7.970000000000000417e-01
-2.657999999999999807e-01
8.908000000000000362e-01
-5.725000000000000089e-01
-4.464000000000000190e-01
2.800000000000000058e-02
7.872999999999999998e-01
8.525000000000000355e-01
-5.364999999999999769e-01
8.203000000000000291e-01
2.185999999999999888e-01
-6.473999999999999755e-01
2.669000000000000261e-01
-5.654000000000000137e-01
-1.160000000000000059e-01
4.408000000000000251e-01
-9.002000000000000002e-01
-4.541999999999999926e-01
-1.852000000000000035e-01
4.515000000000000124e-01
-9.660999999999999588e-01
-2.328000000000000069e-01
-4.643999999999999795e-01
5.711000000000000520e-01
6.068999999999999950e-01
-4.162000000000000144e-01
-9.807000000000000162e-01
-2.674000000000000266e-01
4.551000000000000045e-01
-1.469999999999999918e-01
4.365999999999999881e-01
2.988999999999999990e-01
5.391000000000000236e-01
8.425000000000000266e-01
-7.280000000000000360e-02
-1.766000000000000070e-01
6.576999999999999513e-01
7.935999999999999721e-01
-3.900000000000000133e-01
5.429000000000000492e-01
-3.932999999999999829e-01
1.106000000000000039e-01
3.286999999999999922e-01
-9.816000000000000281e-01
-6.372999999999999776e-01
-2.164999999999999980e-01
-7.311999999999999611e-01
-2.879999999999999782e-01
-7.337000000000000188e-01
-7.877999999999999448e-01
-9.655000000000000249e-01
-8.505000000000000338e-01
3.402000000000000024e-01
6.360000000000000098e-01
3.252999999999999781e-01
-9.599999999999999645e-01
6.117000000000000215e-01
4.928000000000000158e-01
6.290999999999999925e-01
3.250000000000000111e-01
-9.754000000000000448e-01
-2.019999999999999921e-02
5.189000000000000279e-01
7.620000000000000384e-02
