9.797000000000000153e-01
7.531999999999999806e-01
4.529999999999999999e-02
-9.364000000000000101e-01
-2.970000000000000070e-02
-2.814999999999999725e-01
9.374000000000000110e-01
-8.810000000000000053e-01
-1.089999999999999997e-01
-8.931000000000000050e-01
-3.968999999999999750e-01
-8.538999999999999924e-01
2.119999999999999940e-01
-3.029999999999999916e-01
-4.339999999999999969e-01
-2.586999999999999855e-01
-3.360000000000000209e-01
2.595000000000000084e-01
-8.770000000000000018e-02
-6.444999999999999618e-01
-2.574000000000000177e-01
-9.386999999999999789e-01
1.695000000000000118e-01
-5.326999999999999513e-01
3.139000000000000123e-01
1.055999999999999994e-01
-8.584000000000000519e-01
2.451000000000000123e-01
2.164000000000000090e-01
3.940000000000000169e-01
7.929000000000000492e-01
-5.855000000000000204e-01
-3.387000000000000011e-01
4.632000000000000006e-01
-5.639999999999999458e-01
-8.557000000000000162e-01
-7.931000000000000272e-01
-7.654999999999999583e-01
-7.870000000000000329e-01
4.857000000000000206e-01
-2.235999999999999932e-01
-9.841999999999999638e-01
6.065000000000000391e-01
4.297000000000000264e-01
4.484000000000000208e-01
-9.958000000000000185e-01
-9.340000000000000524e-01
-5.396999999999999575e-01
-7.989999999999999880e-02
-3.371000000000000107e-01
-3.084000000000000075e-01
3.130000000000000004e-01
3.629000000000000004e-01
-6.454999999999999627e-01
-6.339999999999999802e-02
2.872000000000000108e-01
1.927999999999999992e-01
1.132999999999999979e-01
-1.472999999999999865e-01
6.447000000000000508e-01
2.535999999999999921e-01
6.982000000000000428e-01
6.280999999999999917e-01
2.157000000000000028e-01
-9.741999999999999549e-01
-3.135999999999999899e-01
9.482000000000000428e-01
1.519999999999999997e-02
-6.206000000000000405e-01
-7.975999999999999757e-01
8.540000000000000369e-02
-5.221000000000000085e-01
9.134999999999999787e-01
7.400999999999999801e-01
7.179999999999999716e-01
8.849000000000000199e-01
-3.079999999999999960e-01
-4.516000000000000014e-01
3.461000000000000187e-01
-9.769999999999999796e-01
5.977999999999999980e-01
-4.808999999999999941e-01
-2.060000000000000026e-02
9.900000000000000466e-02
1.529000000000000081e-01
-2.978000000000000091e-01
1.565000000000000002e-01
-3.689999999999999947e-01
9.592000000000000526e-01
8.044999999999999929e-01
-1.587000000000000077e-01
-9.520999999999999464e-01
-7.856999999999999540e-01
1.738999999999999990e-01
-8.568999999999999950e-01
-8.822999999999999732e-01
1.466000000000000081e-01
-3.519999999999999796e-01
-6.070999999999999730e-01
-6.105000000000000426e-01
1.781999999999999973e-01
3.612000000000000210e-01
6.009999999999999787e-01
8.155000000000000027e-01
6.569000000000000394e-01
