7.822999999999999954e-01
-2.781000000000000139e-01
4.112000000000000099e-01
-1.748000000000000109e-01
1.589000000000000135e-01
-1.340000000000000080e-01
4.613999999999999768e-01
-7.985999999999999766e-01
2.722999999999999865e-01
9.809999999999999831e-01
9.284999999999999920e-01
-5.917999999999999927e-01
7.331999999999999629e-01
5.627999999999999670e-01
-2.555999999999999939e-01
8.659999999999999920e-01
-5.532000000000000250e-01
8.968000000000000416e-01
-7.824999999999999734e-01
-4.783000000000000029e-01
5.233999999999999764e-01
-2.026999999999999913e-01
-2.660000000000000142e-01
-8.540999999999999703e-01
-8.590000000000000413e-02
-5.466999999999999638e-01
5.774000000000000243e-01
-5.400000000000000355e-01
-4.552999999999999825e-01
1.629999999999999852e-02
-7.520000000000000295e-02
-4.396999999999999797e-01
-9.173000000000000043e-01
2.288000000000000034e-01
-3.503999999999999893e-01
-6.183999999999999497e-01
-4.696000000000000174e-01
2.265000000000000069e-01
4.524000000000000243e-01
-2.545000000000000040e-01
-9.847000000000000197e-01
2.664000000000000257e-01
6.429999999999999605e-02
-3.316000000000000059e-01
-2.078000000000000125e-01
-5.514000000000000012e-01
-2.495999999999999885e-01
6.403999999999999693e-01
5.555999999999999828e-01
8.328999999999999737e-01
-8.614000000000000545e-01
3.634000000000000008e-01
7.858000000000000540e-01
-7.791000000000000147e-01
-4.672000000000000042e-01
3.939999999999999752e-02
5.250000000000000222e-01
5.109999999999999959e-02
3.627000000000000224e-01
-2.316999999999999893e-01
-5.403999999999999915e-01
8.488999999999999879e-01
-1.882000000000000062e-01
-6.852000000000000313e-01
-9.495000000000000107e-01
-3.635999999999999788e-01
-1.319999999999999993e-02
5.088000000000000300e-01
6.650000000000000355e-01
-9.739999999999999769e-01
3.623000000000000109e-01
-2.384999999999999898e-01
-6.075000000000000400e-01
-7.328999999999999959e-01
7.551999999999999824e-01
8.453000000000000513e-01
-5.399000000000000465e-01
9.212000000000000188e-01
-6.263999999999999568e-01
-4.773999999999999910e-01
-5.954000000000000403e-01
6.352999999999999758e-01
-1.559999999999999998e-01
1.958000000000000018e-01
-7.420999999999999819e-01
1.343999999999999917e-01
8.938000000000000389e-01
3.699999999999999817e-02
5.099000000000000199e-01
1.827000000000000013e-01
-3.739000000000000101e-01
2.606999999999999873e-01
6.535999999999999588e-01
-9.721999999999999531e-01
1.230000000000000017e-02
-3.068000000000000171e-01
4.237000000000000210e-01
-2.343000000000000083e-01
-1.839999999999999969e-01
-8.003000000000000114e-01
4.359999999999999987e-01
-1.985999999999999988e-01
-9.891999999999999682e-01
-5.523000000000000131e-01
-8.044000000000000039e-01
