6.765999999999999792e-01
2.700000000000000143e-03
-6.340999999999999970e-01
2.273000000000000020e-01
-7.265000000000000346e-01
1.214999999999999969e-01
-1.030000000000000013e-02
-3.440000000000000002e-02
-5.949999999999999734e-01
1.917999999999999983e-01
-7.528000000000000247e-01
-7.881000000000000227e-01
3.986000000000000099e-01
9.760000000000000620e-02
1.416999999999999926e-01
-9.419999999999999485e-01
-7.573999999999999622e-01
5.519999999999999907e-02
-2.620999999999999996e-01
-3.356999999999999984e-01
4.329999999999999960e-01
-6.031999999999999584e-01
7.169999999999999984e-02
9.714000000000000412e-01
-9.126999999999999558e-01
7.451999999999999735e-01
6.721000000000000307e-01
-6.403999999999999693e-01
-7.669000000000000261e-01
-1.535999999999999865e-01
-8.185000000000000053e-01
-3.718000000000000194e-01
5.772000000000000464e-01
1.761000000000000065e-01
5.304999999999999716e-01
6.902000000000000357e-01
-4.304999999999999938e-01
6.941000000000000503e-01
6.007000000000000117e-01
-6.078000000000000069e-01
-1.156999999999999973e-01
8.087999999999999634e-01
3.915000000000000147e-01
5.522000000000000242e-01
8.844999999999999529e-01
-4.527999999999999803e-01
-6.040000000000000230e-02
9.174999999999999822e-01
8.308999999999999719e-01
-6.745999999999999774e-01
-2.154999999999999971e-01
-8.491999999999999549e-01
-3.588000000000000078e-01
-9.727000000000000091e-01
-5.040999999999999925e-01
-3.356000000000000094e-01
-4.959999999999999964e-01
5.431000000000000272e-01
3.239000000000000212e-01
-1.247999999999999943e-01
2.839999999999999747e-01
-5.433999999999999941e-01
3.085999999999999854e-01
4.655000000000000249e-01
-6.228000000000000203e-01
7.840000000000000302e-01
5.056000000000000494e-01
-7.500000000000000000e-01
5.524999999999999911e-01
-4.724999999999999756e-01
-5.656999999999999806e-01
-8.663999999999999480e-01
-3.763000000000000234e-01
-4.758000000000000007e-01
-9.343000000000000194e-01
-1.865999999999999881e-01
9.781999999999999584e-01
1.918999999999999873e-01
-9.606000000000000094e-01
3.401000000000000134e-01
4.025000000000000244e-01
-6.753000000000000114e-01
6.656999999999999584e-01
6.563999999999999835e-01
6.686999999999999611e-01
3.699999999999999817e-02
3.890000000000000124e-01
9.513000000000000345e-01
2.409999999999999920e-01
-3.588999999999999968e-01
-2.530000000000000027e-01
-2.091999999999999971e-01
-5.739999999999999547e-01
-5.815000000000000169e-01
8.377999999999999892e-01
-5.836000000000000076e-01
5.153999999999999693e-01
-2.459000000000000075e-01
1.237999999999999934e-01
-3.176999999999999824e-01
-9.845000000000000417e-01
5.926000000000000156e-01
-3.439999999999999725e-01
-2.063000000000000111e-01
3.815000000000000058e-01
