1.733999999999999986e-01
2.046999999999999931e-01
8.538999999999999924e-01
-6.945999999999999952e-01
-1.083999999999999964e-01
3.004999999999999893e-01
3.467999999999999972e-01
-6.539999999999999980e-02
6.352999999999999758e-01
4.974000000000000088e-01
2.114000000000000046e-01
6.744999999999999885e-01
5.241000000000000103e-01
-2.419999999999999929e-02
6.830000000000000515e-01
9.962999999999999634e-01
8.509999999999999509e-02
-6.000999999999999668e-01
-2.243999999999999884e-01
1.673000000000000043e-01
2.380000000000000171e-02
-5.715999999999999970e-01
5.698999999999999622e-01
9.814000000000000501e-01
4.554000000000000270e-01
6.151999999999999691e-01
8.596000000000000307e-01
-7.663999999999999702e-01
4.379999999999999866e-02
3.211999999999999855e-01
-2.076999999999999957e-01
-2.777000000000000024e-01
5.562000000000000277e-01
-8.054000000000000048e-01
-5.292000000000000037e-01
6.740000000000000435e-01
1.491000000000000103e-01
7.417000000000000259e-01
3.114000000000000101e-01
3.059000000000000052e-01
-3.332999999999999852e-01
-9.241000000000000325e-01
2.531999999999999806e-01
5.711000000000000520e-01
-6.795999999999999819e-01
7.169999999999999984e-02
-3.104000000000000092e-01
-7.227000000000000091e-01
-7.319999999999999840e-01
4.631000000000000116e-01
1.870000000000000134e-02
-4.556000000000000050e-01
9.304000000000000048e-01
5.987999999999999989e-01
-4.354000000000000092e-01
3.276999999999999913e-01
5.243999999999999773e-01
-9.614000000000000323e-01
-1.260000000000000009e-01
4.515000000000000124e-01
3.452000000000000068e-01
-2.011999999999999900e-01
-4.766000000000000236e-01
-3.033000000000000140e-01
6.961000000000000520e-01
-3.160000000000000031e-01
-7.127000000000000002e-01
-5.302999999999999936e-01
9.962999999999999634e-01
8.696000000000000396e-01
-8.246999999999999886e-01
-1.932999999999999996e-01
-8.455000000000000293e-01
3.309000000000000274e-01
-5.129999999999999838e-02
-6.965999999999999970e-01
-5.451000000000000290e-01
-7.386000000000000343e-01
6.867999999999999661e-01
-9.313000000000000167e-01
3.104999999999999982e-01
5.188000000000000389e-01
4.209999999999999853e-02
-2.701000000000000068e-01
5.554999999999999938e-01
-9.704000000000000403e-01
-4.903000000000000136e-01
-1.836000000000000132e-01
4.471999999999999864e-01
-2.862000000000000099e-01
7.277000000000000135e-01
-8.608000000000000096e-01
-4.632999999999999896e-01
4.390999999999999903e-01
-3.760000000000000009e-01
-8.228999999999999648e-01
-8.466000000000000192e-01
6.057000000000000162e-01
-7.395000000000000462e-01
-4.012999999999999901e-01
4.070000000000000007e-02
8.028999999999999471e-01
2.992000000000000215e-01
7.332999999999999519e-01
-1.650999999999999968e-01
