-8.224000000000000199e-01
2.056000000000000050e-01
9.750000000000000333e-02
-2.490999999999999881e-01
-2.554000000000000159e-01
-1.313999999999999890e-01
-8.249999999999999556e-01
8.061000000000000387e-01
3.629999999999999893e-02
6.262999999999999678e-01
9.030000000000000249e-01
-5.864000000000000323e-01
-4.249999999999999889e-01
-5.116000000000000547e-01
2.510999999999999899e-01
-3.529999999999999805e-01
-8.141000000000000458e-01
-1.791999999999999982e-01
2.958999999999999964e-01
-9.695000000000000284e-01
7.125000000000000222e-01
6.131999999999999673e-01
3.921999999999999931e-01
4.269999999999999907e-01
-3.220999999999999974e-01
9.098000000000000531e-01
7.100999999999999535e-01
4.502999999999999781e-01
-4.319999999999999951e-01
-7.921000000000000263e-01
5.076000000000000512e-01
-8.852999999999999758e-01
5.909999999999999698e-01
-3.523999999999999910e-01
-2.146000000000000130e-01
8.309999999999999332e-02
-4.898000000000000131e-01
2.093000000000000138e-01
-6.116000000000000325e-01
3.195999999999999952e-01
9.768999999999999906e-01
-3.966000000000000081e-01
5.404999999999999805e-01
9.401000000000000467e-01
-8.419999999999999707e-01
-4.700000000000000011e-02
-9.054999999999999716e-01
1.796999999999999986e-01
-5.990999999999999659e-01
3.509999999999999787e-01
9.470000000000000639e-02
4.112999999999999989e-01
-5.894000000000000350e-01
-3.482999999999999985e-01
-9.824000000000000510e-01
-7.090000000000000469e-02
-1.136999999999999955e-01
-4.177000000000000157e-01
7.875999999999999668e-01
-4.277000000000000246e-01
-8.818000000000000282e-01
-7.905999999999999694e-01
1.779999999999999916e-01
2.920000000000000026e-02
-9.320000000000000506e-01
-7.997999999999999554e-01
-2.916000000000000258e-01
1.915999999999999925e-01
-7.118999999999999773e-01
-6.000999999999999668e-01
7.512999999999999678e-01
-3.791999999999999815e-01
-2.235999999999999932e-01
-9.691999999999999504e-01
-9.962999999999999634e-01
-6.055000000000000382e-01
-9.700000000000000289e-02
-1.060000000000000005e-02
6.999999999999999929e-04
2.500000000000000000e-01
4.289000000000000035e-01
-6.666999999999999593e-01
5.909999999999999976e-02
9.028000000000000469e-01
-1.617000000000000104e-01
9.103999999999999870e-01
4.504000000000000226e-01
4.304000000000000048e-01
-7.076000000000000068e-01
8.279999999999999860e-02
-2.928000000000000047e-01
-5.373999999999999888e-01
4.536999999999999922e-01
9.921999999999999709e-01
-7.220999999999999641e-01
2.440000000000000155e-02
-2.006999999999999895e-01
6.160999999999999810e-01
1.532000000000000028e-01
5.000000000000000104e-04
5.419999999999999818e-02
-8.147999999999999687e-01
3.089000000000000079e-01
-9.961999999999999744e-01
-2.026000000000000023e-01
