-9.361000000000000432e-01
7.130999999999999561e-01
-6.568000000000000504e-01
1.801999999999999991e-01
7.359999999999999876e-02
4.519999999999999712e-02
-8.618000000000000105e-01
-9.339999999999999691e-02
-5.805000000000000160e-01
4.189999999999999974e-02
-8.289999999999999591e-01
9.432000000000000384e-01
-7.989999999999999880e-02
-9.549999999999999600e-01
-7.537000000000000366e-01
-5.703000000000000291e-01
8.469999999999999751e-02
-8.327999999999999847e-01
-8.853999999999999648e-01
5.860999999999999543e-01
3.584999999999999853e-01
4.686000000000000165e-01
-8.968000000000000416e-01
7.934999999999999831e-01
-5.920000000000000262e-02
1.360000000000000098e-01
3.529999999999999805e-01
-3.108000000000000207e-01
-8.934999999999999609e-01
1.048999999999999932e-01
-1.221000000000000002e-01
7.580000000000000071e-01
7.483999999999999542e-01
6.283999999999999586e-01
4.335999999999999854e-01
-4.480999999999999983e-01
3.351999999999999980e-01
3.978999999999999759e-01
3.915000000000000147e-01
5.147000000000000464e-01
-8.555000000000000382e-01
5.792000000000000481e-01
-8.692999999999999616e-01
3.744999999999999996e-01
7.069999999999999896e-02
-4.611000000000000099e-01
3.387999999999999901e-01
-6.029999999999999805e-01
7.951000000000000290e-01
-4.954000000000000070e-01
3.694000000000000061e-01
7.934999999999999831e-01
1.779999999999999985e-02
-6.759999999999999343e-02
-1.661999999999999866e-01
-4.499999999999999660e-03
-6.695999999999999730e-01
-3.654999999999999916e-01
-9.667999999999999927e-01
2.245000000000000051e-01
4.616000000000000103e-01
-7.549999999999999767e-02
4.207000000000000184e-01
3.155999999999999917e-01
5.493000000000000105e-01
-2.809999999999999998e-02
-1.238999999999999962e-01
7.352999999999999536e-01
8.524000000000000465e-01
-2.718999999999999750e-01
-1.115000000000000019e-01
2.896000000000000241e-01
7.627000000000000446e-01
-4.768999999999999906e-01
-6.740000000000000158e-02
2.687999999999999834e-01
2.250999999999999945e-01
-8.940000000000000169e-01
-7.230000000000000315e-02
9.186999999999999611e-01
8.615000000000000435e-01
-3.301000000000000045e-01
-3.876999999999999891e-01
8.468999999999999861e-01
-5.410000000000000225e-02
-3.891999999999999904e-01
-1.549999999999999989e-02
8.746000000000000441e-01
2.967000000000000193e-01
9.778999999999999915e-01
4.007999999999999896e-01
9.108000000000000540e-01
5.792000000000000481e-01
-7.225000000000000311e-01
9.562000000000000499e-01
-5.991999999999999549e-01
9.876000000000000334e-01
-3.199000000000000177e-01
-2.359999999999999876e-01
-1.779999999999999985e-02
7.989999999999999880e-02
-3.104999999999999982e-01
5.585999999999999854e-01
4.595000000000000195e-01
-7.753999999999999782e-01
