1.023000000000000020e-01
-7.953999999999999959e-01
-6.451999999999999957e-01
-9.718999999999999861e-01
9.016999999999999460e-01
-5.622000000000000330e-01
-6.742000000000000215e-01
-5.688999999999999613e-01
-6.199999999999999956e-02
-6.425999999999999490e-01
-2.740000000000000213e-01
4.941999999999999726e-01
-1.509999999999999953e-01
2.757999999999999896e-01
-6.568000000000000504e-01
2.843999999999999861e-01
8.676000000000000378e-01
9.133000000000000007e-01
8.803999999999999604e-01
-9.400000000000000022e-02
7.267000000000000126e-01
3.454999999999999738e-01
8.026999999999999691e-01
7.146000000000000130e-01
4.179999999999999688e-02
7.171999999999999487e-01
6.878999999999999559e-01
5.765000000000000124e-01
-4.869999999999999885e-01
2.783999999999999808e-01
4.576000000000000068e-01
2.331000000000000016e-01
6.968999999999999639e-01
-8.581999999999999629e-01
-6.925000000000000044e-01
4.204999999999999849e-01
5.393999999999999906e-01
5.199999999999999761e-03
-9.414000000000000146e-01
8.368999999999999773e-01
-3.870000000000000107e-01
-5.017000000000000348e-01
-7.096999999999999975e-01
8.826000000000000512e-01
-7.385000000000000453e-01
-1.082000000000000045e-01
-1.171999999999999986e-01
-6.186000000000000387e-01
-3.073000000000000176e-01
-7.758000000000000451e-01
2.096999999999999975e-01
-9.383000000000000229e-01
-1.948999999999999899e-01
-4.910999999999999810e-01
8.991000000000000103e-01
9.897000000000000242e-01
3.074999999999999956e-01
8.280999999999999472e-01
4.390000000000000152e-02
2.525000000000000022e-01
7.443999999999999506e-01
-2.209000000000000130e-01
-6.846999999999999753e-01
-8.270999999999999464e-01
4.825999999999999734e-01
3.382000000000000006e-01
2.038000000000000089e-01
3.178000000000000269e-01
-2.889999999999999861e-02
6.089999999999999858e-01
-9.677999999999999936e-01
6.766999999999999682e-01
-2.484999999999999987e-01
-3.890000000000000124e-01
-5.000000000000000000e-01
-5.938999999999999835e-01
6.400000000000000133e-02
-6.888999999999999568e-01
-4.868999999999999995e-01
-9.956000000000000405e-01
-7.855999999999999650e-01
-5.349999999999999895e-02
-9.681999999999999496e-01
-2.514000000000000123e-01
7.194000000000000394e-01
-3.409999999999999837e-02
-9.151000000000000245e-01
6.074000000000000510e-01
-8.307999999999999829e-01
6.813000000000000167e-01
-1.968999999999999917e-01
3.083000000000000185e-01
6.105000000000000426e-01
1.968000000000000027e-01
-1.318999999999999895e-01
-8.681999999999999718e-01
-2.834999999999999742e-01
-7.572999999999999732e-01
-8.544000000000000483e-01
-5.093999999999999639e-01
4.630000000000000088e-02
7.241999999999999549e-01
3.942999999999999838e-01
-9.886000000000000343e-01
-8.445000000000000284e-01
