5.828999999999999737e-01
-7.521999999999999797e-01
-1.170999999999999958e-01
-7.538000000000000256e-01
-1.444999999999999896e-01
-1.496000000000000107e-01
1.009999999999999960e-02
3.779000000000000137e-01
-7.733999999999999764e-01
1.466999999999999971e-01
1.380000000000000115e-01
-4.006000000000000116e-01
-2.036000000000000032e-01
9.448999999999999622e-01
-2.239999999999999977e-02
-7.690000000000000169e-01
-7.735999999999999543e-01
-3.854000000000000203e-01
7.893999999999999906e-01
4.828000000000000069e-01
-9.475000000000000089e-01
5.406999999999999584e-01
3.801999999999999824e-01
7.748000000000000442e-01
2.788999999999999813e-01
5.590000000000000524e-01
-7.849000000000000421e-01
-8.909999999999999865e-02
-5.600000000000000117e-02
1.839999999999999969e-02
3.315000000000000169e-01
-1.880999999999999894e-01
3.544999999999999818e-01
-8.225000000000000089e-01
7.157999999999999918e-01
-9.886000000000000343e-01
-6.463999999999999746e-01
-1.451999999999999957e-01
5.837999999999999856e-01
-3.649999999999999911e-01
3.726999999999999758e-01
-2.129999999999999949e-02
-8.650999999999999801e-01
-2.020000000000000129e-01
1.826000000000000123e-01
9.899999999999999911e-01
-2.127999999999999892e-01
-6.054000000000000492e-01
2.731999999999999984e-01
-9.628999999999999782e-01
-9.808000000000000052e-01
-8.578000000000000069e-01
6.499000000000000332e-01
1.822999999999999898e-01
-4.894000000000000017e-01
-2.903000000000000025e-01
7.731000000000000094e-01
9.560999999999999499e-01
8.752999999999999670e-01
2.111999999999999988e-01
5.755000000000000115e-01
5.079999999999999793e-02
-5.583000000000000185e-01
-6.572000000000000064e-01
-6.847999999999999643e-01
-5.839999999999999636e-01
6.699000000000000510e-01
-3.174000000000000155e-01
-5.886000000000000121e-01
-6.119999999999999885e-01
7.699999999999999900e-02
7.531999999999999806e-01
-9.065999999999999615e-01
4.924999999999999933e-01
7.378000000000000114e-01
-4.343000000000000194e-01
8.135999999999999899e-01
-6.661000000000000254e-01
1.287999999999999978e-01
-4.234999999999999876e-01
-7.972000000000000197e-01
1.620000000000000051e-01
6.991000000000000547e-01
-7.862999999999999989e-01
3.805999999999999939e-01
-4.667999999999999927e-01
-7.027999999999999803e-01
9.329999999999999405e-02
-7.324000000000000510e-01
2.300999999999999990e-01
-5.652000000000000357e-01
2.305999999999999994e-01
8.911000000000000032e-01
1.343000000000000027e-01
-9.403000000000000247e-01
5.571000000000000396e-01
-9.407999999999999696e-01
-9.298999999999999488e-01
-8.178999999999999604e-01
-2.832999999999999963e-01
9.344000000000000083e-01
4.697999999999999954e-01
8.840000000000000080e-01
-3.729000000000000092e-01
8.650999999999999801e-01
