9.252000000000000224e-01
-7.799999999999999989e-02
4.224999999999999867e-01
4.363000000000000211e-01
8.772999999999999687e-01
-5.124999999999999556e-01
1.567999999999999949e-01
1.671999999999999875e-01
6.211999999999999744e-01
-9.553000000000000380e-01
-6.238000000000000211e-01
4.456999999999999851e-01
-7.570999999999999952e-01
7.810000000000000275e-02
9.589999999999999913e-02
-5.125999999999999446e-01
6.909999999999999476e-01
2.373999999999999999e-01
3.512000000000000122e-01
9.978000000000000203e-01
7.901000000000000245e-01
-2.374999999999999889e-01
-5.009999999999999870e-02
6.992000000000000437e-01
5.624000000000000110e-01
5.843000000000000416e-01
-1.711999999999999911e-01
-2.873999999999999888e-01
-2.399000000000000021e-01
4.139999999999999930e-02
9.577999999999999847e-01
-2.494000000000000106e-01
-8.860000000000000098e-01
6.009999999999999787e-01
9.516999999999999904e-01
-8.677000000000000268e-01
-7.143000000000000460e-01
-1.507000000000000006e-01
2.341000000000000025e-01
7.557000000000000384e-01
9.736000000000000210e-01
6.178000000000000158e-01
2.449000000000000066e-01
1.849999999999999978e-01
-5.750999999999999446e-01
1.102000000000000063e-01
1.019999999999999934e-01
6.716999999999999638e-01
1.807999999999999885e-01
-9.701999999999999513e-01
7.567000000000000393e-01
-3.425000000000000266e-01
-6.798999999999999488e-01
-6.342999999999999750e-01
-2.786000000000000143e-01
7.781000000000000139e-01
6.685999999999999721e-01
-4.098999999999999866e-01
3.442000000000000060e-01
9.258999999999999453e-01
-9.110000000000000320e-01
-7.520000000000000295e-02
2.553000000000000269e-01
-8.169999999999999485e-02
2.590000000000000080e-01
-4.998000000000000220e-01
4.278000000000000136e-01
6.469999999999999363e-02
-8.037999999999999590e-01
2.119000000000000050e-01
-6.807999999999999607e-01
1.678000000000000047e-01
6.366000000000000547e-01
9.868000000000000105e-01
-2.621999999999999886e-01
-4.077999999999999958e-01
8.864999999999999547e-01
-9.606999999999999984e-01
-2.782999999999999918e-01
-8.538999999999999924e-01
-9.171000000000000263e-01
5.456999999999999629e-01
-6.370999999999999996e-01
-3.317999999999999838e-01
3.564999999999999836e-01
-4.142000000000000126e-01
-7.506000000000000449e-01
9.998000000000000220e-01
-3.042000000000000259e-01
-7.004000000000000226e-01
-1.222000000000000031e-01
8.772999999999999687e-01
6.756999999999999673e-01
-5.686999999999999833e-01
9.928000000000000158e-01
7.238999999999999879e-01
6.455999999999999517e-01
6.268000000000000238e-01
-8.859999999999999820e-02
-7.610000000000000098e-02
-1.343000000000000027e-01
2.877000000000000113e-01
2.262000000000000122e-01
9.891999999999999682e-01
6.019999999999999657e-02
