-3.239999999999999825e-02
-8.480999999999999650e-01
9.733000000000000540e-01
6.118999999999999995e-01
3.099999999999999891e-03
-7.280000000000000360e-02
2.619000000000000217e-01
-1.804000000000000048e-01
6.055000000000000382e-01
1.751000000000000056e-01
1.290000000000000001e-02
9.291000000000000369e-01
7.954999999999999849e-01
-3.703000000000000180e-01
-1.360000000000000098e-01
-3.753000000000000225e-01
-8.265000000000000124e-01
-5.559999999999999665e-02
-5.197000000000000508e-01
5.552000000000000268e-01
3.426000000000000156e-01
-9.842999999999999527e-01
5.959999999999999742e-01
-6.092999999999999527e-01
9.506999999999999895e-01
1.096000000000000030e-01
-4.578999999999999737e-01
2.965999999999999748e-01
6.532999999999999918e-01
-1.502000000000000002e-01
4.400000000000000022e-01
5.587999999999999634e-01
2.313000000000000056e-01
8.060000000000000497e-01
9.491000000000000547e-01
1.981999999999999873e-01
-6.239000000000000101e-01
2.340000000000000135e-01
-2.772999999999999909e-01
4.470000000000000084e-01
-4.028999999999999804e-01
-2.011999999999999900e-01
-6.139999999999999902e-01
2.044999999999999873e-01
-9.285999999999999810e-01
3.764000000000000123e-01
-6.211999999999999744e-01
-9.105999999999999650e-01
8.169999999999999485e-02
-7.178999999999999826e-01
-2.847999999999999976e-01
8.500999999999999668e-01
2.280000000000000082e-02
-9.029000000000000359e-01
-6.464999999999999636e-01
-9.434000000000000163e-01
8.417000000000000037e-01
8.256999999999999895e-01
-1.092999999999999944e-01
7.681000000000000050e-01
-1.590000000000000094e-02
5.079999999999999793e-02
7.143000000000000460e-01
3.830000000000000071e-01
6.389999999999999847e-02
-5.517999999999999572e-01
-9.515000000000000124e-01
-9.357999999999999652e-01
-6.704999999999999849e-01
-6.736999999999999655e-01
-7.966999999999999638e-01
2.437999999999999889e-01
2.104999999999999927e-01
-9.923999999999999488e-01
-9.189999999999999558e-02
-2.120000000000000009e-02
4.621999999999999997e-01
8.034000000000000030e-01
2.197000000000000064e-01
5.420000000000000373e-01
2.490999999999999881e-01
1.537999999999999923e-01
-6.221999999999999753e-01
2.779999999999999832e-02
-5.401000000000000245e-01
-5.066000000000000503e-01
6.971000000000000529e-01
1.327000000000000124e-01
-6.479000000000000314e-01
6.307000000000000384e-01
-3.058000000000000163e-01
4.986999999999999766e-01
-5.967000000000000082e-01
1.280000000000000061e-02
-4.908000000000000140e-01
-5.239000000000000323e-01
-9.032999999999999918e-01
-9.124999999999999778e-01
7.389000000000000012e-01
5.022999999999999687e-01
-5.453000000000000069e-01
7.704999999999999627e-01
5.625000000000000000e-01
5.513000000000000123e-01
-3.741999999999999771e-01
