6.447000000000000508e-01
-4.918000000000000149e-01
-9.210000000000000131e-02
-5.466999999999999638e-01
-4.319000000000000061e-01
-6.864999999999999991e-01
-1.787999999999999867e-01
1.937000000000000111e-01
2.601999999999999869e-01
-8.293000000000000371e-01
3.323999999999999733e-01
-1.995999999999999996e-01
-9.186999999999999611e-01
-2.807999999999999940e-01
4.193999999999999950e-01
1.619999999999999912e-02
-5.820999999999999508e-01
-7.870000000000000329e-01
-6.535999999999999588e-01
-6.864000000000000101e-01
-3.366000000000000103e-01
-2.611999999999999877e-01
1.619999999999999912e-02
7.677000000000000490e-01
4.036000000000000143e-01
-4.309999999999999942e-01
5.628999999999999559e-01
-3.932999999999999829e-01
7.832000000000000073e-01
-8.221000000000000529e-01
6.700000000000000400e-02
9.713000000000000522e-01
-7.262999999999999456e-01
7.843999999999999861e-01
-3.454999999999999738e-01
1.466000000000000081e-01
3.729000000000000092e-01
-1.388000000000000067e-01
-4.158000000000000029e-01
-6.429000000000000270e-01
-1.519999999999999997e-02
-4.917000000000000259e-01
9.713000000000000522e-01
2.199000000000000121e-01
-2.943000000000000060e-01
9.275999999999999801e-01
-5.692000000000000393e-01
-2.390000000000000110e-02
-9.064999999999999725e-01
1.315000000000000058e-01
-1.549999999999999989e-02
-7.501999999999999780e-01
9.513000000000000345e-01
-3.919000000000000261e-01
-3.740000000000000269e-02
-7.368999999999999995e-01
-8.997000000000000552e-01
6.504999999999999671e-01
3.090999999999999859e-01
-1.222000000000000031e-01
-8.411999999999999478e-01
-1.208000000000000046e-01
6.428000000000000380e-01
-9.129000000000000448e-01
-4.591999999999999971e-01
-1.643999999999999906e-01
9.906000000000000361e-01
-8.572999999999999510e-01
6.877999999999999670e-01
-8.296999999999999931e-01
-5.485999999999999766e-01
-8.558000000000000052e-01
7.183000000000000496e-01
9.318999999999999506e-01
-6.478000000000000425e-01
-6.697999999999999510e-01
-4.730000000000000177e-02
6.481999999999999984e-01
-8.150000000000000300e-02
4.951999999999999735e-01
1.393999999999999961e-01
6.784999999999999920e-01
3.884000000000000230e-01
2.979999999999999871e-01
-7.321999999999999620e-01
-9.976000000000000423e-01
5.328000000000000513e-01
-3.265000000000000124e-01
-6.889999999999999458e-01
-6.684999999999999831e-01
1.089999999999999997e-02
-6.555999999999999606e-01
-7.445000000000000506e-01
-9.683000000000000496e-01
-7.560000000000000053e-02
-8.450999999999999623e-01
-2.599999999999999881e-02
2.212999999999999967e-01
-6.149999999999999911e-01
9.838000000000000078e-01
-8.419999999999999707e-02
4.270000000000000184e-02
-4.974000000000000088e-01
-2.083000000000000129e-01
-4.606999999999999984e-01
-5.996000000000000218e-01
-5.595999999999999863e-01
4.072000000000000064e-01
-4.950999999999999845e-01
-4.946999999999999731e-01
8.531999999999999584e-01
7.175000000000000266e-01
4.844999999999999862e-01
2.023000000000000076e-01
8.812999999999999723e-01
-2.088000000000000134e-01
1.000000000000000048e-04
-5.473999999999999977e-01
1.222000000000000031e-01
-4.996999999999999775e-01
-9.556999999999999940e-01
-6.725999999999999757e-01
9.009999999999999953e-02
-6.002999999999999448e-01
-1.119999999999999989e-02
-3.446000000000000174e-01
-2.932000000000000162e-01
1.776999999999999968e-01
5.470000000000000417e-01
-8.325000000000000178e-01
-5.131000000000000005e-01
4.647999999999999909e-01
4.611000000000000099e-01
-4.066000000000000170e-01
-2.505999999999999894e-01
6.661000000000000254e-01
-6.330999999999999961e-01
1.107000000000000067e-01
4.682999999999999940e-01
-9.125999999999999668e-01
-7.957999999999999519e-01
-9.928000000000000158e-01
-6.168000000000000149e-01
5.441000000000000281e-01
6.462999999999999856e-01
-9.505000000000000115e-01
-7.070999999999999508e-01
-6.129999999999999893e-01
7.259999999999999787e-02
5.405999999999999694e-01
1.943000000000000005e-01
2.808999999999999830e-01
-4.600000000000000200e-01
-7.675999999999999490e-01
-6.747999999999999554e-01
3.472000000000000086e-01
7.259999999999999787e-02
1.213999999999999940e-01
5.870000000000000218e-02
6.027000000000000135e-01
-4.278000000000000136e-01
4.117000000000000104e-01
-8.416000000000000147e-01
1.395000000000000129e-01
-8.207999999999999741e-01
-7.975999999999999757e-01
-1.139000000000000012e-01
8.319999999999999618e-01
9.575000000000000178e-01
-6.199999999999999956e-02
-9.987000000000000322e-01
1.771999999999999964e-01
4.599999999999999922e-03
-3.158000000000000251e-01
6.686999999999999611e-01
-5.915000000000000258e-01
7.379999999999999893e-01
2.886000000000000232e-01
6.772000000000000242e-01
-1.026999999999999996e-01
-2.649999999999999925e-02
9.666000000000000147e-01
-7.858000000000000540e-01
4.904999999999999916e-01
-4.023999999999999799e-01
-2.343000000000000083e-01
8.207999999999999741e-01
-5.631000000000000449e-01
1.597000000000000086e-01
-6.837999999999999634e-01
-9.326999999999999735e-01
-8.263000000000000345e-01
-2.778999999999999804e-01
2.575000000000000067e-01
2.848999999999999866e-01
3.649999999999999911e-01
2.429000000000000048e-01
9.542000000000000481e-01
-8.471999999999999531e-01
2.772000000000000020e-01
8.076999999999999735e-01
8.716000000000000414e-01
-1.884000000000000119e-01
7.449999999999999956e-01
-9.747999999999999998e-01
-4.946999999999999731e-01
4.283000000000000140e-01
-3.824000000000000177e-01
9.903999999999999471e-01
-7.369999999999999885e-01
2.373000000000000109e-01
1.695000000000000118e-01
5.490000000000000435e-01
-2.807999999999999940e-01
6.659000000000000474e-01
-1.892999999999999960e-01
7.000999999999999446e-01
-6.112999999999999545e-01
5.224999999999999645e-01
6.971000000000000529e-01
-1.746000000000000052e-01
4.008999999999999786e-01
-2.828999999999999848e-01
7.770000000000000517e-02
8.515000000000000346e-01
4.190999999999999726e-01
-9.334000000000000075e-01
6.500000000000000222e-01
4.188000000000000056e-01
-4.391999999999999793e-01
8.605000000000000426e-01
-4.989999999999999991e-02
8.689000000000000057e-01
-7.718000000000000416e-01
-1.550999999999999879e-01
-2.081999999999999962e-01
5.110000000000000098e-01
4.839999999999999858e-01
-2.944999999999999840e-01
-9.331000000000000405e-01
6.450000000000000178e-01
4.637999999999999901e-01
4.321999999999999731e-01
9.457999999999999741e-01
-1.602000000000000091e-01
5.990999999999999659e-01
8.008999999999999453e-01
-2.611999999999999877e-01
-1.696999999999999897e-01
-2.446000000000000119e-01
8.224000000000000199e-01
2.301999999999999880e-01
8.288999999999999702e-01
