5.744000000000000217e-01
2.440000000000000155e-02
-9.127999999999999448e-01
-5.060000000000000053e-01
-9.965000000000000524e-01
8.490999999999999659e-01
1.472999999999999865e-01
-8.830000000000000071e-01
2.192000000000000060e-01
4.828999999999999959e-01
-9.859999999999999321e-02
7.486000000000000432e-01
-7.479000000000000092e-01
-1.121999999999999942e-01
-1.927999999999999992e-01
-9.406999999999999806e-01
2.386999999999999955e-01
7.756999999999999451e-01
6.477000000000000535e-01
-8.322000000000000508e-01
8.656000000000000361e-01
-9.487999999999999767e-01
7.780000000000000249e-01
6.608000000000000540e-01
-6.775999999999999801e-01
-7.809000000000000385e-01
4.264000000000000012e-01
4.504000000000000226e-01
-8.781999999999999806e-01
5.585999999999999854e-01
-6.099999999999999867e-01
2.762000000000000011e-01
-8.300999999999999490e-01
5.735000000000000098e-01
-5.584999999999999964e-01
-3.012000000000000233e-01
1.134000000000000008e-01
-8.713999999999999524e-01
5.694000000000000172e-01
2.589999999999999941e-02
-9.548999999999999710e-01
4.838999999999999968e-01
-7.987999999999999545e-01
6.409000000000000252e-01
6.630000000000000338e-01
-3.612000000000000210e-01
2.374999999999999889e-01
-3.184000000000000163e-01
6.700000000000000226e-03
1.102000000000000063e-01
-5.177000000000000490e-01
4.748999999999999888e-01
-1.355999999999999983e-01
7.080999999999999517e-01
-5.381000000000000227e-01
-4.353000000000000203e-01
6.896999999999999797e-01
-9.548999999999999710e-01
4.758999999999999897e-01
5.018000000000000238e-01
-5.070999999999999952e-01
8.120000000000000551e-01
3.484999999999999765e-01
9.049000000000000377e-01
-8.296000000000000041e-01
6.333999999999999631e-01
-9.139000000000000457e-01
8.773999999999999577e-01
-6.288000000000000256e-01
-8.842999999999999750e-01
5.662000000000000366e-01
3.906999999999999917e-01
1.619999999999999912e-02
-9.464000000000000190e-01
-5.523000000000000131e-01
8.921000000000000041e-01
-2.427999999999999881e-01
-9.847000000000000197e-01
-7.810000000000000275e-02
4.516000000000000014e-01
8.297999999999999821e-01
7.635999999999999455e-01
2.288999999999999924e-01
-8.135000000000000009e-01
5.713000000000000300e-01
7.449000000000000066e-01
-1.351999999999999869e-01
-7.881000000000000227e-01
3.714999999999999969e-01
-8.084000000000000075e-01
6.428000000000000380e-01
8.860000000000000098e-01
9.099999999999999756e-02
5.062999999999999723e-01
3.327999999999999847e-01
1.895000000000000018e-01
4.124999999999999778e-01
-2.862999999999999989e-01
6.848999999999999533e-01
9.136999999999999567e-01
9.548999999999999710e-01
-6.957999999999999741e-01
-8.504000000000000448e-01
5.429000000000000492e-01
7.640000000000000124e-01
-4.889000000000000012e-01
-8.092000000000000304e-01
-1.617000000000000104e-01
8.219999999999999529e-01
4.724999999999999756e-01
1.386000000000000010e-01
-8.093000000000000194e-01
-5.670000000000000040e-02
4.702999999999999958e-01
1.095000000000000001e-01
-8.048999999999999488e-01
-5.051999999999999824e-01
7.707000000000000517e-01
-8.799000000000000155e-01
6.388000000000000345e-01
9.330000000000000515e-01
-8.356999999999999984e-01
7.616000000000000547e-01
1.789000000000000035e-01
-6.961000000000000520e-01
-1.426000000000000045e-01
6.744999999999999885e-01
2.706000000000000072e-01
-3.417000000000000037e-01
-3.467999999999999972e-01
-8.840000000000000635e-02
2.283999999999999919e-01
-7.627000000000000446e-01
8.821999999999999842e-01
-2.152000000000000024e-01
-6.681000000000000272e-01
-3.884000000000000230e-01
-7.275000000000000355e-01
-9.838999999999999968e-01
-7.252999999999999448e-01
1.023000000000000020e-01
5.624000000000000110e-01
3.481000000000000205e-01
-8.148999999999999577e-01
2.179000000000000103e-01
-1.399999999999999986e-03
-3.284000000000000252e-01
-7.440999999999999837e-01
-6.343999999999999639e-01
4.007000000000000006e-01
2.838999999999999857e-01
1.233000000000000068e-01
-1.963000000000000023e-01
4.284000000000000030e-01
5.141000000000000014e-01
-7.419000000000000039e-01
1.519000000000000072e-01
8.991999999999999993e-01
2.711000000000000076e-01
7.445000000000000506e-01
-5.879999999999999810e-02
-5.534999999999999920e-01
1.648999999999999910e-01
9.357999999999999652e-01
4.667000000000000037e-01
9.034999999999999698e-01
2.217000000000000082e-01
-5.455999999999999739e-01
6.995000000000000107e-01
-5.237000000000000544e-01
-1.481000000000000094e-01
-6.864000000000000101e-01
-7.899000000000000465e-01
3.830000000000000071e-01
-3.170000000000000040e-01
-4.002000000000000002e-01
-4.159999999999999809e-02
7.456000000000000405e-01
2.008999999999999952e-01
-7.548000000000000265e-01
2.832000000000000073e-01
-4.278000000000000136e-01
6.562000000000000055e-01
-4.086000000000000187e-01
9.232000000000000206e-01
7.035000000000000142e-01
-6.014000000000000457e-01
-4.238999999999999990e-01
-7.075000000000000178e-01
-6.893000000000000238e-01
-2.516999999999999793e-01
6.864999999999999991e-01
-5.134999999999999565e-01
-1.663999999999999924e-01
7.425000000000000488e-01
-8.145999999999999908e-01
-8.430999999999999606e-01
-9.792999999999999483e-01
-7.717000000000000526e-01
-4.469000000000000195e-01
-9.799999999999999684e-03
5.876000000000000112e-01
2.700000000000000178e-01
4.446999999999999842e-01
2.923999999999999932e-01
-8.043000000000000149e-01
7.201999999999999513e-01
-2.061000000000000054e-01
-5.221999999999999975e-01
-7.779000000000000359e-01
9.600000000000000200e-02
2.359999999999999876e-01
6.068999999999999950e-01
7.542999999999999705e-01
3.261999999999999900e-01
-7.267000000000000126e-01
-2.927000000000000157e-01
-2.679000000000000270e-01
1.454999999999999905e-01
-2.074999999999999900e-01
-9.701999999999999513e-01
-2.736000000000000099e-01
4.001000000000000112e-01
-3.943999999999999728e-01
4.399000000000000132e-01
8.477000000000000091e-01
6.902000000000000357e-01
4.420999999999999930e-01
3.987999999999999878e-01
-7.855999999999999650e-01
-8.850000000000000089e-01
1.623999999999999888e-01
-1.087000000000000050e-01
-6.425999999999999490e-01
4.399000000000000132e-01
4.703999999999999848e-01
-5.671000000000000485e-01
3.140000000000000013e-01
-5.433999999999999941e-01
-6.663000000000000034e-01
1.814999999999999947e-01
-3.136999999999999789e-01
-9.737999999999999989e-01
5.747999999999999776e-01
2.662999999999999812e-01
3.239999999999999825e-02
6.203999999999999515e-01
6.468000000000000416e-01
-4.287000000000000255e-01
4.396999999999999797e-01
6.281999999999999806e-01
-3.502000000000000113e-01
-9.939999999999999947e-01
