-5.198000000000000398e-01
9.139999999999999514e-02
3.940000000000000169e-01
-9.562000000000000499e-01
-2.212999999999999967e-01
-4.334000000000000075e-01
-5.883000000000000451e-01
7.106999999999999984e-01
3.251999999999999891e-01
-3.810000000000000192e-02
-2.277000000000000135e-01
-5.374999999999999778e-01
2.862999999999999989e-01
8.276000000000000023e-01
4.950000000000000233e-02
2.768999999999999795e-01
-1.150999999999999940e-01
3.409999999999999837e-02
-9.959999999999999964e-01
6.106000000000000316e-01
-5.461000000000000298e-01
8.899000000000000243e-01
7.942000000000000171e-01
6.040999999999999703e-01
-4.310999999999999832e-01
-8.635000000000000453e-01
-6.412999999999999812e-01
-5.039000000000000146e-01
9.342000000000000304e-01
4.698999999999999844e-01
7.341999999999999638e-01
-7.262999999999999456e-01
-5.358000000000000540e-01
-1.159999999999999920e-02
3.509999999999999787e-01
6.913000000000000256e-01
4.985999999999999877e-01
-9.092999999999999972e-01
-4.305999999999999828e-01
-3.347999999999999865e-01
-8.322000000000000508e-01
1.355000000000000093e-01
-5.463000000000000078e-01
2.634000000000000230e-01
-7.540999999999999925e-01
-7.931000000000000272e-01
-2.116999999999999993e-01
-7.322999999999999510e-01
-5.926000000000000156e-01
-3.249000000000000221e-01
-6.328000000000000291e-01
-6.832000000000000295e-01
7.649000000000000243e-01
-2.409999999999999920e-01
1.776999999999999968e-01
-5.474999999999999867e-01
2.733999999999999764e-01
7.591999999999999860e-01
-6.347000000000000419e-01
8.721999999999999753e-01
5.063999999999999613e-01
2.812000000000000055e-01
-3.402999999999999914e-01
1.552000000000000046e-01
6.722000000000000197e-01
-2.837999999999999967e-01
7.436000000000000387e-01
1.290000000000000001e-02
-8.044000000000000039e-01
7.870000000000000606e-02
9.979000000000000092e-01
-8.898000000000000353e-01
-2.278000000000000025e-01
6.513999999999999790e-01
-5.054999999999999494e-01
-6.333999999999999631e-01
7.079999999999999627e-01
1.925999999999999934e-01
8.133000000000000229e-01
6.796999999999999709e-01
-5.299000000000000377e-01
5.325999999999999623e-01
-5.693000000000000282e-01
-2.230999999999999928e-01
1.030999999999999972e-01
3.648000000000000131e-01
-2.721999999999999975e-01
9.870999999999999774e-01
-8.011000000000000343e-01
-5.786999999999999922e-01
8.417999999999999927e-01
5.077000000000000401e-01
7.881000000000000227e-01
1.391999999999999904e-01
-6.928999999999999604e-01
-4.660000000000000253e-02
5.937000000000000055e-01
-7.058999999999999719e-01
-5.562000000000000277e-01
-9.469999999999999529e-01
2.748999999999999777e-01
3.942999999999999838e-01
2.426999999999999991e-01
3.146999999999999797e-01
-2.957000000000000184e-01
5.850000000000000339e-02
-2.730000000000000204e-01
-3.164000000000000146e-01
8.222000000000000419e-01
-2.319999999999999840e-02
1.185999999999999971e-01
2.878999999999999893e-01
-6.354999999999999538e-01
-6.421000000000000041e-01
6.959999999999999520e-02
6.987999999999999767e-01
3.363999999999999768e-01
-9.959999999999999409e-02
3.988999999999999768e-01
-7.810000000000000275e-01
3.370000000000000079e-02
1.398000000000000076e-01
-9.750999999999999668e-01
6.572000000000000064e-01
7.422999999999999599e-01
3.730999999999999872e-01
8.957000000000000517e-01
-1.955000000000000071e-01
2.959999999999999853e-01
-9.791999999999999593e-01
-3.160000000000000031e-01
3.135999999999999899e-01
-6.690000000000000113e-02
2.040000000000000147e-02
3.963999999999999746e-01
-7.026999999999999913e-01
8.215000000000000080e-01
-5.714000000000000190e-01
-3.150000000000000022e-01
-7.723999999999999755e-01
2.280000000000000082e-02
-9.935000000000000497e-01
-9.092999999999999972e-01
4.264999999999999902e-01
4.819999999999999840e-01
-7.943999999999999950e-01
4.612999999999999878e-01
3.645999999999999797e-01
8.849000000000000199e-01
8.636000000000000343e-01
3.420000000000000262e-01
-4.307000000000000273e-01
5.360000000000000320e-01
-4.632999999999999896e-01
6.129000000000000004e-01
-9.112000000000000099e-01
-6.859999999999999432e-02
8.541999999999999593e-01
-1.872000000000000053e-01
-5.274999999999999689e-01
7.943000000000000060e-01
-7.560000000000000053e-02
6.119999999999999885e-01
-4.181000000000000272e-01
5.346999999999999531e-01
-8.344000000000000306e-01
7.214000000000000412e-01
-8.413000000000000478e-01
1.510000000000000057e-02
-3.570000000000000256e-02
-6.330000000000000071e-01
-2.220999999999999919e-01
-9.942999999999999616e-01
6.112999999999999545e-01
6.891000000000000458e-01
7.157000000000000028e-01
-2.626000000000000001e-01
9.988000000000000211e-01
5.100000000000000089e-01
7.311999999999999611e-01
-7.493999999999999551e-01
-6.463999999999999746e-01
-7.391999999999999682e-01
-7.880000000000000338e-01
-4.088999999999999857e-01
6.814999999999999947e-01
-3.810000000000000053e-01
-6.669000000000000483e-01
6.156000000000000361e-01
-1.292999999999999983e-01
9.649999999999999689e-01
4.213000000000000078e-01
5.577999999999999625e-01
1.540000000000000049e-02
-3.282999999999999807e-01
5.283999999999999808e-01
-1.849000000000000088e-01
9.414000000000000146e-01
-2.965999999999999748e-01
-8.515000000000000346e-01
-6.319000000000000172e-01
4.309999999999999942e-01
-7.319999999999999840e-01
5.883000000000000451e-01
2.199000000000000121e-01
2.323000000000000065e-01
-8.877000000000000446e-01
-7.540000000000000036e-01
2.574000000000000177e-01
4.092999999999999972e-01
-7.448000000000000176e-01
-2.485999999999999877e-01
1.557999999999999940e-01
-3.370000000000000079e-02
6.721000000000000307e-01
3.966000000000000081e-01
1.451000000000000068e-01
-7.127000000000000002e-01
5.580000000000000238e-02
-5.372999999999999998e-01
-1.988000000000000045e-01
8.147999999999999687e-01
-6.099999999999999867e-02
-9.343000000000000194e-01
9.637000000000000011e-01
-4.863000000000000100e-01
-7.879000000000000448e-01
-9.499999999999999764e-03
7.277000000000000135e-01
-4.009999999999999676e-02
-4.767000000000000126e-01
-8.139999999999999458e-01
3.498999999999999888e-01
-6.965999999999999970e-01
6.127000000000000224e-01
-1.391999999999999904e-01
4.060000000000000275e-01
3.831999999999999851e-01
-7.199999999999999456e-02
-6.884000000000000119e-01
-3.477999999999999980e-01
-2.574000000000000177e-01
6.133999999999999453e-01
-3.260000000000000120e-01
-7.301999999999999602e-01
9.506999999999999895e-01
-6.941000000000000503e-01
2.399999999999999790e-03
6.861000000000000432e-01
6.604999999999999760e-01
-4.299999999999999656e-02
1.519999999999999997e-02
-3.700000000000000164e-03
