-3.453999999999999848e-01
2.746999999999999997e-01
-1.816000000000000114e-01
6.297000000000000375e-01
3.400000000000000244e-02
4.086000000000000187e-01
-8.782999999999999696e-01
5.160000000000000003e-02
-4.969000000000000083e-01
3.467000000000000082e-01
-9.721999999999999531e-01
-1.239999999999999991e-01
-7.325000000000000400e-01
-2.000000000000000111e-01
-3.130999999999999894e-01
9.221000000000000307e-01
-5.059000000000000163e-01
-9.436999999999999833e-01
4.107000000000000095e-01
-9.814000000000000501e-01
1.403000000000000080e-01
5.794000000000000261e-01
4.001000000000000112e-01
9.623000000000000442e-01
6.375999999999999446e-01
4.591999999999999971e-01
3.729999999999999982e-01
-7.046999999999999931e-01
-7.359999999999999876e-02
-2.081999999999999962e-01
-6.477000000000000535e-01
-8.941000000000000059e-01
-9.237999999999999545e-01
-1.864000000000000101e-01
-3.189000000000000168e-01
-8.070000000000000506e-01
-4.354000000000000092e-01
4.830999999999999739e-01
-4.647000000000000020e-01
1.149000000000000021e-01
9.203000000000000069e-01
-9.698999999999999844e-01
4.053999999999999826e-01
1.351999999999999869e-01
-6.210000000000000242e-02
-1.669999999999999957e-02
3.120999999999999885e-01
-5.484999999999999876e-01
-4.400000000000000265e-03
8.336000000000000076e-01
-6.762000000000000233e-01
-6.612999999999999989e-01
-3.840000000000000080e-01
-6.724999999999999867e-01
-9.900999999999999801e-01
-5.489999999999999741e-02
-3.529999999999999805e-02
-5.773000000000000353e-01
-4.203999999999999959e-01
-6.233999999999999542e-01
-9.300000000000000488e-01
-3.202999999999999736e-01
6.837999999999999634e-01
-3.689000000000000057e-01
5.471000000000000307e-01
-4.636000000000000121e-01
-9.152000000000000135e-01
5.561000000000000387e-01
4.237000000000000210e-01
-6.994000000000000217e-01
6.581000000000000183e-01
-4.732000000000000095e-01
8.987000000000000544e-01
-1.048000000000000043e-01
2.114999999999999936e-01
2.419999999999999929e-01
2.617999999999999772e-01
2.328999999999999959e-01
8.770999999999999908e-01
8.437000000000000055e-01
-5.301000000000000156e-01
2.225000000000000033e-01
4.748999999999999888e-01
-3.069999999999999951e-01
-2.291999999999999871e-01
-8.840000000000000635e-02
-8.878000000000000336e-01
4.799999999999999822e-01
-2.338000000000000078e-01
-1.024999999999999939e-01
-9.625000000000000222e-01
-4.556999999999999940e-01
6.021999999999999575e-01
-5.000000000000000104e-04
5.643000000000000238e-01
5.530000000000000471e-01
6.232999999999999652e-01
-6.686999999999999611e-01
9.303000000000000158e-01
-5.661000000000000476e-01
8.025999999999999801e-01
1.849999999999999908e-02
-5.501000000000000334e-01
-8.413000000000000478e-01
-8.269999999999999574e-02
7.862000000000000099e-01
-6.957999999999999741e-01
-4.268000000000000127e-01
-7.112000000000000544e-01
-5.648999999999999577e-01
-6.622000000000000108e-01
-3.191999999999999837e-01
-6.361999999999999877e-01
5.720000000000000084e-02
1.932000000000000106e-01
-2.555999999999999939e-01
-5.990999999999999659e-01
5.326999999999999513e-01
-3.015999999999999792e-01
-3.473999999999999866e-01
4.796000000000000263e-01
-4.134999999999999787e-01
-6.166000000000000369e-01
5.376999999999999558e-01
7.049999999999999323e-02
-3.603000000000000091e-01
2.469999999999999973e-01
-8.689999999999999947e-01
-7.834999999999999742e-01
-8.682999999999999607e-01
9.705000000000000293e-01
3.845999999999999974e-01
-4.156000000000000250e-01
-8.552999999999999492e-01
7.294000000000000483e-01
6.510000000000000508e-02
-7.987999999999999545e-01
-5.361000000000000210e-01
7.639000000000000234e-01
8.286000000000000032e-01
2.963999999999999968e-01
-7.815999999999999615e-01
-4.535000000000000142e-01
9.193999999999999950e-01
3.528000000000000025e-01
8.240000000000000102e-02
-5.109000000000000208e-01
-4.753000000000000003e-01
-9.416999999999999815e-01
-7.292999999999999483e-01
-7.269999999999999796e-01
7.846999999999999531e-01
4.449000000000000177e-01
-9.398999999999999577e-01
-3.589999999999999858e-01
-3.171999999999999820e-01
-1.360999999999999988e-01
6.040000000000000230e-02
-7.783999999999999808e-01
2.569000000000000172e-01
-8.685000000000000497e-01
-5.239000000000000323e-01
7.251999999999999558e-01
9.673000000000000487e-01
-2.454000000000000070e-01
3.719999999999999973e-01
-2.706000000000000072e-01
5.329000000000000403e-01
3.552000000000000157e-01
-1.859999999999999848e-02
-7.235000000000000320e-01
8.326000000000000068e-01
4.794999999999999818e-01
9.086999999999999522e-01
7.259999999999999787e-02
-3.395000000000000240e-01
8.566000000000000281e-01
-7.739999999999999658e-02
8.305000000000000160e-01
1.297999999999999987e-01
-8.245999999999999996e-01
8.159999999999999476e-01
9.230000000000000426e-01
1.147999999999999993e-01
-2.619000000000000217e-01
2.740000000000000074e-02
1.368999999999999939e-01
7.762000000000000011e-01
4.521000000000000019e-01
1.155999999999999944e-01
-1.008000000000000007e-01
5.533000000000000140e-01
1.044000000000000067e-01
-7.530999999999999917e-01
5.696999999999999842e-01
4.904000000000000026e-01
-4.077999999999999958e-01
8.781999999999999806e-01
-6.685999999999999721e-01
-1.170000000000000068e-01
-2.752000000000000002e-01
-2.026000000000000023e-01
3.074999999999999956e-01
-4.247000000000000219e-01
7.370999999999999774e-01
-6.602999999999999980e-01
-3.373999999999999777e-01
1.880999999999999894e-01
2.020000000000000129e-01
5.744000000000000217e-01
-5.954000000000000403e-01
-3.053000000000000158e-01
5.181000000000000050e-01
-8.489999999999999769e-01
-4.207000000000000184e-01
4.244999999999999885e-01
7.399000000000000021e-01
4.657999999999999918e-01
6.216000000000000414e-01
9.435999999999999943e-01
6.840000000000000524e-01
-4.662999999999999923e-01
-1.386000000000000010e-01
-1.842000000000000026e-01
9.425999999999999934e-01
3.956000000000000072e-01
7.947999999999999510e-01
3.059000000000000052e-01
-9.535000000000000142e-01
5.738999999999999657e-01
5.644000000000000128e-01
-6.461999999999999966e-01
-6.600000000000000311e-01
-4.202000000000000179e-01
6.001999999999999558e-01
3.599999999999999901e-03
4.539000000000000257e-01
-3.466000000000000192e-01
-3.382999999999999896e-01
7.016000000000000014e-01
7.527000000000000357e-01
2.698999999999999733e-01
-1.792999999999999872e-01
8.669000000000000039e-01
3.639000000000000012e-01
2.892000000000000126e-01
-4.172000000000000153e-01
7.920000000000000373e-01
-7.513999999999999568e-01
7.075000000000000178e-01
4.914999999999999925e-01
-1.607000000000000095e-01
6.260000000000000009e-01
