7.014000000000000234e-01
5.794000000000000261e-01
2.141000000000000125e-01
-1.018000000000000016e-01
7.850000000000000311e-01
1.502000000000000002e-01
2.726999999999999980e-01
9.366999999999999771e-01
3.583999999999999964e-01
8.356999999999999984e-01
-9.122999999999999998e-01
-6.079999999999999849e-01
-8.989000000000000323e-01
-1.562000000000000055e-01
-3.623999999999999999e-01
-5.044999999999999485e-01
-1.827000000000000013e-01
5.658999999999999586e-01
-7.829000000000000403e-01
9.012999999999999901e-01
9.801999999999999602e-01
6.307000000000000384e-01
-7.641000000000000014e-01
4.859999999999999737e-02
-3.633000000000000118e-01
-7.412999999999999590e-01
-3.443999999999999839e-01
9.191000000000000281e-01
7.198999999999999844e-01
4.000000000000000083e-03
8.557000000000000162e-01
-6.421000000000000041e-01
-4.994999999999999996e-01
7.500999999999999890e-01
-2.526999999999999802e-01
-5.919999999999999707e-01
5.190000000000000169e-02
7.256000000000000227e-01
1.015999999999999959e-01
-5.705000000000000071e-01
-2.857000000000000095e-01
-1.013000000000000012e-01
6.151999999999999691e-01
-2.305000000000000104e-01
-3.405000000000000249e-01
8.046999999999999709e-01
-3.145999999999999908e-01
-5.489000000000000545e-01
-5.420000000000000373e-01
-7.620000000000000107e-01
-2.101000000000000090e-01
-4.840999999999999748e-01
-9.519999999999999574e-01
-4.431999999999999829e-01
5.380000000000000338e-01
-3.780999999999999917e-01
-2.504000000000000115e-01
-8.289999999999999591e-01
-5.260000000000000231e-01
-6.178000000000000158e-01
4.843000000000000083e-01
8.242000000000000437e-01
-4.828999999999999959e-01
4.842000000000000193e-01
-9.596000000000000085e-01
-2.295999999999999985e-01
-3.219000000000000195e-01
-1.484999999999999931e-01
-2.051000000000000045e-01
5.899999999999999689e-01
7.697000000000000508e-01
-6.199000000000000066e-01
2.440000000000000155e-02
6.462999999999999856e-01
1.050000000000000065e-02
-5.625999999999999890e-01
7.449999999999999956e-01
9.943999999999999506e-01
2.291999999999999871e-01
9.374000000000000110e-01
9.104999999999999760e-01
-7.340000000000000691e-02
-5.330000000000000016e-02
-7.174000000000000377e-01
6.475999999999999535e-01
9.589999999999999913e-02
-3.942999999999999838e-01
-6.202999999999999625e-01
7.156000000000000139e-01
-9.938000000000000167e-01
-2.291999999999999871e-01
3.174000000000000155e-01
9.942999999999999616e-01
1.170000000000000068e-01
9.352000000000000313e-01
-2.861000000000000210e-01
-3.889999999999999708e-02
-8.520999999999999686e-01
1.078000000000000069e-01
-4.299999999999999933e-01
-1.121999999999999942e-01
9.071000000000000174e-01
6.837999999999999634e-01
-6.417000000000000481e-01
7.322999999999999510e-01
-5.090000000000000080e-01
7.557000000000000384e-01
-2.520000000000000018e-01
-6.239999999999999991e-01
-9.707999999999999963e-01
8.356999999999999984e-01
7.026000000000000023e-01
2.214000000000000135e-01
8.229999999999999538e-01
-6.399000000000000243e-01
-2.323000000000000065e-01
-4.429999999999999910e-02
-6.888999999999999568e-01
-6.313999999999999613e-01
2.149000000000000077e-01
6.899999999999999883e-03
-9.412000000000000366e-01
1.089999999999999997e-02
2.218999999999999861e-01
1.968000000000000027e-01
-1.804999999999999938e-01
-5.879999999999999671e-01
1.482999999999999874e-01
-3.891000000000000014e-01
4.152000000000000135e-01
-5.294999999999999707e-01
-4.635000000000000231e-01
-2.164999999999999980e-01
-8.600000000000000006e-03
3.476000000000000201e-01
5.161999999999999922e-01
-5.863000000000000433e-01
-4.021000000000000130e-01
8.869000000000000217e-01
-2.189999999999999933e-02
-5.859999999999999931e-02
3.740999999999999881e-01
5.100999999999999979e-01
1.438000000000000111e-01
1.479999999999999927e-01
5.170000000000000290e-02
-9.180000000000000382e-01
8.791999999999999815e-01
-8.384000000000000341e-01
6.125000000000000444e-01
-9.905000000000000471e-01
8.133000000000000229e-01
-1.376999999999999891e-01
-4.119999999999999774e-01
9.572000000000000508e-01
-5.654000000000000137e-01
-1.754999999999999893e-01
7.077999999999999847e-01
5.014999999999999458e-01
7.259999999999999787e-01
5.124999999999999556e-01
6.061999999999999611e-01
-1.363000000000000045e-01
-4.869999999999999885e-01
6.370999999999999996e-01
-9.871999999999999664e-01
-7.725999999999999535e-01
-1.158000000000000002e-01
-8.369999999999999662e-01
1.970999999999999974e-01
-9.498999999999999666e-01
4.364000000000000101e-01
3.583000000000000074e-01
-2.479000000000000092e-01
-5.424999999999999822e-01
-3.284000000000000252e-01
-2.897000000000000131e-01
-8.594000000000000528e-01
2.310000000000000109e-01
8.746000000000000441e-01
-8.053000000000000158e-01
5.662000000000000366e-01
-9.997000000000000330e-01
1.512000000000000011e-01
2.559000000000000163e-01
6.858999999999999542e-01
-4.541000000000000036e-01
-3.966999999999999971e-01
5.701000000000000512e-01
-3.739000000000000101e-01
-9.165999999999999703e-01
4.753000000000000003e-01
-4.027000000000000024e-01
2.832999999999999963e-01
-1.907000000000000084e-01
-8.948000000000000398e-01
-4.167000000000000148e-01
3.962999999999999856e-01
9.411000000000000476e-01
-6.867999999999999661e-01
-1.733000000000000096e-01
-2.627999999999999781e-01
7.684999999999999609e-01
-4.535000000000000142e-01
-1.584000000000000130e-01
6.332999999999999741e-01
1.015000000000000069e-01
-1.155999999999999944e-01
6.008999999999999897e-01
-9.299999999999999239e-03
-2.772999999999999909e-01
-9.678999999999999826e-01
7.932000000000000162e-01
9.042999999999999927e-01
5.225999999999999535e-01
5.228000000000000425e-01
-8.679999999999999938e-01
7.730000000000000204e-01
-7.264000000000000457e-01
-6.141999999999999682e-01
1.343999999999999917e-01
-6.554999999999999716e-01
7.540000000000000036e-01
2.459999999999999964e-01
-5.654000000000000137e-01
-6.946999999999999842e-01
4.839999999999999858e-01
4.858999999999999986e-01
7.739000000000000323e-01
-8.148999999999999577e-01
7.128999999999999782e-01
9.679999999999999716e-02
-8.522999999999999465e-01
9.625000000000000222e-01
-9.094999999999999751e-01
-4.763999999999999901e-01
8.748000000000000220e-01
-4.354000000000000092e-01
1.280000000000000061e-02
6.529999999999999694e-02
5.899999999999999689e-02
2.189000000000000112e-01
6.935000000000000053e-01
-4.904999999999999916e-01
-9.629999999999999671e-01
1.819999999999999951e-01
6.115000000000000435e-01
-3.439999999999999725e-01
-2.641000000000000014e-01
3.054999999999999938e-01
5.624000000000000110e-01
1.009000000000000036e-01
6.696999999999999620e-01
