-7.752999999999999892e-01
-1.421999999999999931e-01
-6.197000000000000286e-01
-5.321000000000000174e-01
-8.199999999999999512e-01
-3.130000000000000143e-02
-5.122999999999999776e-01
6.450000000000000178e-02
-4.421999999999999820e-01
5.769999999999999574e-01
-5.996000000000000218e-01
6.006000000000000227e-01
3.153000000000000247e-01
9.485999999999999988e-01
-5.671000000000000485e-01
3.528999999999999915e-01
-2.434000000000000052e-01
9.352000000000000313e-01
-6.802000000000000268e-01
5.526999999999999691e-01
6.287000000000000366e-01
-9.626000000000000112e-01
-4.681000000000000161e-01
-7.850000000000000311e-01
2.341999999999999915e-01
-4.970000000000000112e-02
7.883000000000000007e-01
6.685999999999999721e-01
5.945000000000000284e-01
3.531000000000000250e-01
-6.079999999999999988e-02
4.233999999999999986e-01
2.220000000000000029e-01
-2.214000000000000135e-01
-8.137999999999999678e-01
-1.428999999999999992e-01
3.789000000000000146e-01
6.040999999999999703e-01
-2.998000000000000109e-01
-3.716999999999999749e-01
1.960000000000000075e-01
6.624999999999999778e-01
9.436999999999999833e-01
-3.301999999999999935e-01
-5.528999999999999471e-01
-3.029999999999999916e-01
-1.743999999999999995e-01
3.154000000000000137e-01
-4.042999999999999927e-01
-5.340000000000000302e-01
4.102000000000000091e-01
2.184000000000000108e-01
6.968999999999999639e-01
1.203999999999999931e-01
-1.660999999999999976e-01
-7.500999999999999890e-01
-5.444999999999999840e-01
2.348999999999999977e-01
6.989999999999999547e-01
9.730999999999999650e-01
1.386000000000000010e-01
-2.079000000000000015e-01
-7.695999999999999508e-01
8.245000000000000107e-01
-5.457999999999999519e-01
7.580000000000000071e-01
2.401999999999999968e-01
-7.080000000000000182e-02
6.953000000000000291e-01
-6.893000000000000238e-01
1.971999999999999864e-01
-3.814000000000000168e-01
3.728000000000000203e-01
-5.050000000000000044e-01
1.406000000000000028e-01
-8.868000000000000327e-01
-9.801999999999999602e-01
6.935999999999999943e-01
-8.538999999999999924e-01
7.275000000000000355e-01
9.520999999999999464e-01
8.999999999999999320e-03
2.330000000000000127e-01
1.557000000000000051e-01
5.494999999999999885e-01
-3.458999999999999853e-01
-7.953999999999999959e-01
2.561999999999999833e-01
-3.886000000000000010e-01
-7.943999999999999950e-01
6.497000000000000552e-01
9.164999999999999813e-01
-5.177000000000000490e-01
-1.073999999999999955e-01
1.885000000000000009e-01
3.998999999999999777e-01
-4.747999999999999998e-01
-1.666999999999999871e-01
-7.619000000000000217e-01
-6.460000000000000464e-02
3.662000000000000255e-01
-2.686999999999999944e-01
-7.288000000000000034e-01
4.717000000000000082e-01
-1.909999999999999892e-02
-3.154000000000000137e-01
-6.180999999999999828e-01
-4.611999999999999988e-01
6.159000000000000030e-01
-8.234000000000000208e-01
-8.660999999999999810e-01
-6.266000000000000458e-01
-3.769999999999999740e-02
7.299999999999999545e-02
5.770000000000000129e-02
2.692999999999999838e-01
-2.690000000000000030e-02
9.382000000000000339e-01
-2.340000000000000066e-02
-7.542999999999999705e-01
8.073000000000000176e-01
2.717999999999999861e-01
-5.392000000000000126e-01
-4.050000000000000266e-01
4.580000000000000182e-01
-3.529999999999999805e-02
2.131000000000000116e-01
3.372999999999999887e-01
-6.611000000000000210e-01
-2.417999999999999872e-01
2.831000000000000183e-01
-9.817000000000000171e-01
8.407999999999999918e-01
-7.630000000000000115e-01
-9.745000000000000329e-01
-4.985999999999999877e-01
-2.074999999999999900e-01
-8.494000000000000439e-01
-3.769999999999999740e-02
1.504999999999999949e-01
1.643999999999999906e-01
-2.864999999999999769e-01
3.466000000000000192e-01
2.553000000000000269e-01
-7.473999999999999533e-01
6.068000000000000060e-01
-1.569000000000000117e-01
-7.695999999999999508e-01
4.601000000000000090e-01
-6.909999999999999476e-01
-2.620999999999999996e-01
8.721999999999999753e-01
-7.137000000000000011e-01
9.191000000000000281e-01
-4.877000000000000224e-01
2.782999999999999918e-01
4.768999999999999906e-01
-7.820000000000000562e-02
-6.491999999999999993e-01
5.839999999999999636e-01
6.941000000000000503e-01
-3.924000000000000266e-01
1.472999999999999865e-01
-7.966999999999999638e-01
2.626999999999999891e-01
-2.414999999999999925e-01
-3.245999999999999996e-01
6.582000000000000073e-01
2.782999999999999918e-01
7.796999999999999487e-01
5.680000000000000326e-02
1.381999999999999895e-01
-3.219000000000000195e-01
-8.697000000000000286e-01
2.736000000000000099e-01
-1.451999999999999957e-01
-4.873999999999999999e-01
7.514999999999999458e-01
3.054000000000000048e-01
-4.375999999999999890e-01
6.729999999999999871e-02
7.070999999999999508e-01
5.097000000000000419e-01
6.610000000000000320e-01
8.000000000000000167e-03
3.907999999999999807e-01
2.323999999999999955e-01
-8.364000000000000323e-01
5.341000000000000192e-01
-1.048000000000000043e-01
9.334999999999999964e-01
-5.402000000000000135e-01
2.452000000000000013e-01
-2.129999999999999949e-01
2.887000000000000122e-01
-7.599999999999999985e-03
9.481000000000000538e-01
6.019999999999999796e-01
1.679999999999999896e-02
9.217999999999999527e-01
-5.935000000000000275e-01
3.941000000000000059e-01
6.613999999999999879e-01
-1.899999999999999953e-02
9.776000000000000245e-01
7.661000000000000032e-01
-8.544000000000000483e-01
-9.350000000000000533e-01
-5.788999999999999702e-01
2.867999999999999994e-01
-6.471999999999999975e-01
-2.146000000000000130e-01
-4.123999999999999888e-01
-3.351999999999999980e-01
-4.460000000000000075e-02
-5.746999999999999886e-01
4.264999999999999902e-01
-7.076999999999999957e-01
-7.259999999999999787e-02
1.149000000000000021e-01
-1.200000000000000025e-02
3.355000000000000204e-01
-7.044000000000000261e-01
-2.426000000000000101e-01
-1.125000000000000028e-01
-7.380999999999999783e-01
-9.090000000000000302e-01
-3.558999999999999941e-01
-9.915000000000000480e-01
-8.310999999999999499e-01
-1.428999999999999992e-01
1.179000000000000048e-01
-1.638000000000000012e-01
-3.295000000000000151e-01
-7.620999999999999996e-01
2.403000000000000136e-01
-4.000000000000000083e-02
7.835999999999999632e-01
7.593999999999999639e-01
-7.711999999999999966e-01
4.979999999999999705e-02
-2.374999999999999889e-01
8.756000000000000449e-01
5.813000000000000389e-01
-5.170000000000000290e-02
-6.330000000000000071e-01
-1.183000000000000024e-01
3.633000000000000118e-01
-6.925000000000000044e-01
6.166000000000000369e-01
3.104999999999999982e-01
5.160000000000000003e-02
5.400000000000000355e-01
