-1.363999999999999935e-01
-8.484000000000000430e-01
-3.669000000000000039e-01
-8.504000000000000448e-01
-3.284000000000000252e-01
1.016999999999999987e-01
-3.790000000000000313e-02
-5.475999999999999757e-01
-3.023000000000000131e-01
-3.578999999999999959e-01
-3.605999999999999761e-01
5.345999999999999641e-01
-1.595999999999999919e-01
-3.830999999999999961e-01
2.275000000000000078e-01
2.585000000000000075e-01
-6.183999999999999497e-01
2.306999999999999884e-01
-2.833999999999999853e-01
2.899999999999999800e-01
6.429000000000000270e-01
-1.149999999999999981e-02
-9.207999999999999519e-01
-8.598999999999999977e-01
-3.119999999999999857e-02
-1.197000000000000008e-01
5.507999999999999563e-01
-6.296000000000000485e-01
4.170000000000000095e-02
9.091000000000000192e-01
4.807000000000000162e-01
9.353000000000000203e-01
2.335000000000000131e-01
1.590000000000000024e-01
4.520000000000000129e-01
-3.399999999999999811e-03
7.325000000000000400e-01
4.964000000000000079e-01
7.829000000000000403e-01
-8.031000000000000361e-01
3.180000000000000049e-01
7.443999999999999506e-01
2.343000000000000083e-01
-2.480999999999999872e-01
3.570000000000000256e-02
-4.611000000000000099e-01
-3.526000000000000245e-01
-9.266999999999999682e-01
-7.688000000000000389e-01
4.000000000000000222e-01
9.518999999999999684e-01
-7.099999999999999645e-01
9.318999999999999506e-01
-1.409999999999999865e-01
-1.396000000000000019e-01
2.600000000000000089e-01
3.882999999999999785e-01
4.151000000000000245e-01
3.564999999999999836e-01
6.804999999999999938e-01
-4.234999999999999876e-01
5.552000000000000268e-01
2.277000000000000135e-01
2.610999999999999988e-01
-5.712000000000000410e-01
7.350999999999999757e-01
-7.427000000000000268e-01
-1.958999999999999908e-01
-9.352000000000000313e-01
3.966999999999999971e-01
-9.508999999999999675e-01
-3.185000000000000053e-01
7.852000000000000091e-01
-6.004000000000000448e-01
7.069999999999999618e-01
-2.291999999999999871e-01
9.750000000000000333e-02
-3.750999999999999890e-01
3.065999999999999837e-01
-1.968999999999999917e-01
-9.530999999999999472e-01
5.839999999999999636e-01
-7.154000000000000359e-01
-3.765999999999999903e-01
-4.113999999999999879e-01
-1.837000000000000022e-01
4.136000000000000232e-01
-5.940000000000000141e-02
-7.277000000000000135e-01
5.423000000000000043e-01
-8.697000000000000286e-01
7.205000000000000293e-01
-8.941000000000000059e-01
3.017000000000000237e-01
2.898999999999999910e-01
-5.935000000000000275e-01
7.191999999999999504e-01
-6.427000000000000490e-01
7.318999999999999950e-01
5.692000000000000393e-01
9.394000000000000128e-01
-9.447999999999999732e-01
5.828999999999999737e-01
-9.137999999999999456e-01
-1.665999999999999981e-01
9.554000000000000270e-01
-6.029999999999999805e-01
-4.002999999999999892e-01
-5.906000000000000139e-01
-4.329999999999999960e-01
8.259999999999999565e-01
-5.149999999999999717e-02
-3.124000000000000110e-01
-9.374000000000000110e-01
2.172999999999999932e-01
-3.744999999999999996e-01
8.902999999999999803e-01
-1.277999999999999969e-01
-9.006999999999999451e-01
4.062000000000000055e-01
-7.467000000000000304e-01
5.756000000000000005e-01
-4.126000000000000223e-01
-1.839999999999999969e-01
5.685999999999999943e-01
1.230000000000000017e-02
3.049000000000000044e-01
1.181999999999999995e-01
8.888000000000000345e-01
7.880000000000000338e-01
-7.137999999999999901e-01
-7.524999999999999467e-01
-4.889000000000000012e-01
2.520000000000000018e-01
-6.853000000000000203e-01
6.434999999999999609e-01
-3.009000000000000008e-01
-7.725999999999999535e-01
-3.155000000000000027e-01
9.181000000000000272e-01
-1.980000000000000163e-02
9.979999999999999982e-02
3.539999999999999813e-01
8.544000000000000483e-01
-6.428000000000000380e-01
9.399999999999999467e-01
-6.222999999999999643e-01
-2.247000000000000108e-01
6.916999999999999815e-01
1.170000000000000033e-02
-4.460000000000000075e-02
-3.358999999999999764e-01
-1.849000000000000088e-01
-2.599999999999999881e-02
-7.150999999999999579e-01
7.943000000000000060e-01
5.862000000000000544e-01
-9.466999999999999860e-01
3.089000000000000079e-01
2.934999999999999831e-01
-4.809999999999999831e-01
-2.472000000000000031e-01
-5.179999999999999882e-02
8.117999999999999661e-01
6.417000000000000481e-01
-6.669999999999999540e-02
-9.317999999999999616e-01
7.318999999999999950e-01
-2.817000000000000060e-01
5.768999999999999684e-01
2.120000000000000009e-02
-7.802000000000000046e-01
-9.286999999999999700e-01
6.400000000000000133e-02
6.629000000000000448e-01
1.978999999999999926e-01
-1.612000000000000099e-01
-4.993000000000000216e-01
-9.605000000000000204e-01
-1.257999999999999952e-01
-1.071000000000000008e-01
7.853999999999999870e-01
-7.457000000000000295e-01
2.867000000000000104e-01
-4.430999999999999939e-01
-7.669000000000000261e-01
5.497999999999999554e-01
-6.274999999999999467e-01
-9.405999999999999917e-01
-9.525000000000000133e-01
2.031999999999999917e-01
6.522999999999999909e-01
3.186999999999999833e-01
-3.064999999999999947e-01
-8.459999999999999742e-01
4.418000000000000260e-01
-3.738000000000000211e-01
-5.768999999999999684e-01
-8.081000000000000405e-01
3.216999999999999860e-01
1.449000000000000010e-01
-3.136999999999999789e-01
-4.946999999999999731e-01
8.366000000000000103e-01
4.723999999999999866e-01
1.613999999999999879e-01
6.155000000000000471e-01
-6.408000000000000362e-01
5.705999999999999961e-01
5.628999999999999559e-01
6.360000000000000098e-01
3.210999999999999965e-01
4.032000000000000028e-01
-9.472000000000000419e-01
6.915999999999999925e-01
2.136000000000000121e-01
-9.257999999999999563e-01
-5.606999999999999762e-01
5.434999999999999831e-01
2.436000000000000110e-01
5.162999999999999812e-01
-4.228000000000000091e-01
8.088999999999999524e-01
3.306999999999999940e-01
-7.000999999999999446e-01
-9.693000000000000504e-01
2.132000000000000006e-01
7.529000000000000137e-01
9.687999999999999945e-01
7.689000000000000279e-01
-5.265999999999999570e-01
1.685999999999999999e-01
-9.131000000000000227e-01
5.421000000000000263e-01
-5.508999999999999453e-01
-8.529999999999999805e-01
-5.064999999999999503e-01
-9.256999999999999673e-01
-1.262999999999999956e-01
-3.500000000000000333e-02
-3.323999999999999733e-01
4.449999999999999789e-02
1.760000000000000106e-02
1.423000000000000098e-01
2.604000000000000203e-01
2.817999999999999949e-01
3.271999999999999909e-01
7.224000000000000421e-01
-1.233000000000000068e-01
5.000000000000000278e-02
3.284000000000000252e-01
2.079999999999999905e-01
-1.444000000000000006e-01
