-4.778000000000000025e-01
-5.180000000000000160e-01
2.053999999999999992e-01
-8.721999999999999753e-01
-9.285999999999999810e-01
-1.385000000000000120e-01
-8.945999999999999508e-01
-6.066000000000000281e-01
-4.340000000000000108e-02
-8.546000000000000263e-01
-2.923000000000000043e-01
-3.242999999999999772e-01
-3.493999999999999884e-01
-4.259999999999999898e-01
8.558999999999999941e-01
-8.187999999999999723e-01
9.727000000000000091e-01
4.237000000000000210e-01
-9.690000000000000002e-02
4.062000000000000055e-01
-4.156000000000000250e-01
-8.669999999999999929e-02
3.043000000000000149e-01
-1.933999999999999886e-01
9.121000000000000218e-01
-5.999999999999999778e-02
-3.034999999999999920e-01
8.979000000000000314e-01
-4.714999999999999747e-01
3.744000000000000106e-01
9.353000000000000203e-01
1.620000000000000051e-01
7.969999999999999307e-02
6.837999999999999634e-01
7.197999999999999954e-01
8.912999999999999812e-01
3.175000000000000044e-01
3.800999999999999934e-01
6.094000000000000528e-01
7.432999999999999607e-01
7.066000000000000059e-01
-3.397999999999999909e-01
-1.534999999999999976e-01
1.764999999999999902e-01
3.690999999999999837e-01
-2.790000000000000258e-01
9.137999999999999456e-01
9.479999999999999538e-01
7.351999999999999647e-01
-8.340999999999999526e-01
-1.444000000000000006e-01
-7.239999999999999769e-01
-8.284000000000000252e-01
-8.873999999999999666e-01
1.635000000000000064e-01
-1.579000000000000126e-01
-5.329000000000000403e-01
-2.936000000000000276e-01
-4.983000000000000207e-01
7.650000000000000133e-01
-9.951999999999999735e-01
-1.178000000000000019e-01
-4.354999999999999982e-01
-2.813999999999999835e-01
-2.510000000000000009e-01
4.053999999999999826e-01
4.309999999999999942e-01
-9.258999999999999453e-01
-7.302999999999999492e-01
4.510000000000000120e-01
-3.917999999999999816e-01
-2.888000000000000012e-01
1.210999999999999993e-01
-6.278000000000000247e-01
6.825999999999999845e-01
-8.938000000000000389e-01
2.212000000000000077e-01
3.640000000000000180e-02
-9.900000000000000466e-02
-2.809999999999999998e-02
4.019999999999999962e-02
-1.480000000000000066e-02
6.137000000000000233e-01
7.848000000000000531e-01
9.643000000000000460e-01
4.692000000000000060e-01
-5.328000000000000513e-01
8.043000000000000149e-01
6.697999999999999510e-01
7.561999999999999833e-01
-6.179999999999999938e-01
6.852000000000000313e-01
-5.729999999999999538e-01
9.425000000000000044e-01
5.091999999999999860e-01
-2.852000000000000091e-01
-8.992999999999999883e-01
-8.968000000000000416e-01
-7.380999999999999783e-01
-1.965999999999999970e-01
-6.850000000000000533e-02
-4.030000000000000249e-01
1.345999999999999974e-01
-1.995999999999999996e-01
1.244999999999999996e-01
-4.321999999999999731e-01
6.915999999999999925e-01
1.957000000000000128e-01
-4.890999999999999792e-01
-8.447000000000000064e-01
-9.608999999999999764e-01
-6.336000000000000520e-01
-4.136000000000000232e-01
-4.418000000000000260e-01
-4.521000000000000019e-01
-7.374000000000000554e-01
2.746000000000000107e-01
4.803000000000000047e-01
-7.306000000000000272e-01
2.707999999999999852e-01
-1.370000000000000107e-01
2.376000000000000056e-01
-5.127000000000000446e-01
1.821000000000000119e-01
-5.439000000000000501e-01
6.819999999999999674e-02
3.457999999999999963e-01
-9.214999999999999858e-01
-7.939999999999999836e-02
-3.810000000000000053e-01
-3.286000000000000032e-01
5.029000000000000137e-01
-5.285999999999999588e-01
5.510000000000000453e-01
-6.499999999999999702e-03
2.054999999999999882e-01
6.734999999999999876e-01
9.918000000000000149e-01
6.158000000000000140e-01
6.543999999999999817e-01
9.663000000000000478e-01
1.111999999999999933e-01
7.588000000000000300e-01
6.824000000000000066e-01
-7.346000000000000307e-01
-5.735000000000000098e-01
2.180999999999999883e-01
5.685999999999999943e-01
4.516999999999999904e-01
-1.328999999999999904e-01
7.609000000000000208e-01
-9.558999999999999719e-01
-9.663000000000000478e-01
5.097000000000000419e-01
-9.935000000000000497e-01
5.705000000000000071e-01
4.420999999999999930e-01
-6.429999999999999605e-02
3.758000000000000229e-01
-5.583000000000000185e-01
-3.881999999999999895e-01
4.279999999999999777e-02
3.910000000000000142e-01
-6.636999999999999567e-01
2.560000000000000053e-01
-4.819999999999999979e-02
-5.949999999999999734e-02
-3.700000000000000164e-03
2.906000000000000250e-01
2.833999999999999853e-01
5.486999999999999655e-01
3.430000000000000271e-01
-2.499000000000000110e-01
5.000000000000000278e-02
6.283999999999999586e-01
4.919000000000000039e-01
7.463999999999999524e-01
-1.693999999999999950e-01
-4.788000000000000034e-01
1.584000000000000130e-01
-5.312000000000000055e-01
-9.183999999999999941e-01
-9.586000000000000076e-01
5.291000000000000147e-01
7.035000000000000142e-01
-4.300999999999999823e-01
7.435000000000000497e-01
-3.300000000000000155e-01
9.278999999999999471e-01
-3.420000000000000123e-02
5.786999999999999922e-01
-4.319000000000000061e-01
-6.892000000000000348e-01
1.456000000000000072e-01
-2.937000000000000166e-01
-9.751999999999999558e-01
4.217000000000000193e-01
7.543999999999999595e-01
-5.829999999999999627e-01
9.464000000000000190e-01
2.492000000000000048e-01
-8.456000000000000183e-01
2.610000000000000167e-02
3.982999999999999874e-01
2.149999999999999828e-02
-3.098000000000000198e-01
-3.617000000000000215e-01
5.298000000000000487e-01
-6.289999999999999758e-02
4.230999999999999761e-01
-3.830000000000000071e-02
-7.240999999999999659e-01
1.620999999999999941e-01
-2.886000000000000232e-01
5.009000000000000119e-01
5.637999999999999678e-01
6.586999999999999522e-01
-6.461000000000000076e-01
-3.703000000000000180e-01
1.897999999999999965e-01
-9.251000000000000334e-01
6.950000000000000622e-02
2.459000000000000075e-01
-5.713000000000000300e-01
5.566999999999999726e-01
6.737999999999999545e-01
4.289999999999999925e-01
-4.642000000000000015e-01
-1.699999999999999905e-03
9.695000000000000284e-01
-4.939999999999999947e-01
-7.539000000000000146e-01
-2.147999999999999909e-01
-6.459000000000000297e-01
-2.451000000000000123e-01
-6.222999999999999643e-01
-7.963999999999999968e-01
4.662000000000000033e-01
-3.914000000000000257e-01
-3.000000000000000062e-03
3.640000000000000180e-02
4.888000000000000123e-01
2.592999999999999750e-01
9.285999999999999810e-01
8.781999999999999806e-01
7.773999999999999799e-01
-6.529000000000000359e-01
-1.400000000000000133e-01
8.530999999999999694e-01
9.415999999999999925e-01
-8.283000000000000362e-01
-1.221000000000000002e-01
2.642999999999999794e-01
