7.349999999999999867e-01
3.075999999999999845e-01
-8.902999999999999803e-01
3.286999999999999922e-01
-9.529999999999999583e-02
-9.291000000000000369e-01
-5.396999999999999575e-01
-5.840999999999999526e-01
7.942000000000000171e-01
-7.625999999999999446e-01
-5.249000000000000332e-01
-5.844000000000000306e-01
4.376999999999999780e-01
-2.144999999999999962e-01
6.435999999999999499e-01
-8.883999999999999675e-01
8.716000000000000414e-01
-8.190000000000000058e-02
7.660000000000000142e-02
-2.323999999999999955e-01
4.951999999999999735e-01
2.881000000000000227e-01
-5.002999999999999670e-01
7.711999999999999966e-01
-5.601000000000000423e-01
-8.461999999999999522e-01
1.000000000000000048e-04
-4.056000000000000161e-01
2.939999999999999836e-01
-2.376999999999999946e-01
-5.737999999999999767e-01
-9.100000000000000450e-03
-8.760000000000000009e-01
4.030000000000000249e-01
-3.226999999999999869e-01
-3.366999999999999993e-01
-7.778000000000000469e-01
-3.236999999999999877e-01
-5.716999999999999860e-01
2.549000000000000155e-01
8.266000000000000014e-01
8.769000000000000128e-01
-3.461000000000000187e-01
-9.091000000000000192e-01
-8.475000000000000311e-01
-5.009000000000000119e-01
-5.469999999999999862e-02
-5.654000000000000137e-01
-6.758999999999999453e-01
2.003000000000000058e-01
8.469999999999999751e-02
3.221999999999999864e-01
4.112000000000000099e-01
9.841999999999999638e-01
-7.906999999999999584e-01
1.270999999999999908e-01
-4.280999999999999805e-01
1.792999999999999872e-01
-7.701999999999999957e-01
-4.148000000000000020e-01
9.012000000000000011e-01
-4.440000000000000197e-02
6.766999999999999682e-01
-1.990000000000000102e-02
6.713000000000000078e-01
1.116000000000000048e-01
-6.569999999999999452e-02
-8.104999999999999982e-01
4.008999999999999786e-01
7.306000000000000272e-01
-2.630000000000000115e-01
3.871999999999999886e-01
-6.118000000000000105e-01
4.450999999999999956e-01
-5.476999999999999647e-01
3.417000000000000037e-01
-3.938999999999999724e-01
-2.217000000000000082e-01
5.955000000000000293e-01
-3.648000000000000131e-01
2.348000000000000087e-01
1.969999999999999876e-02
-1.673999999999999932e-01
-2.001000000000000001e-01
-7.024000000000000243e-01
-3.839000000000000190e-01
9.879999999999999893e-01
8.527000000000000135e-01
-5.779999999999999721e-02
6.760000000000000453e-01
-4.980999999999999872e-01
-2.640000000000000124e-01
5.144999999999999574e-01
5.891999999999999460e-01
-1.092000000000000054e-01
-4.282000000000000250e-01
-1.534000000000000086e-01
-7.795999999999999597e-01
-7.289999999999999813e-01
-5.480000000000000149e-02
-2.260999999999999954e-01
1.729999999999999871e-01
-1.078000000000000069e-01
4.954999999999999960e-01
-3.935000000000000164e-01
5.331000000000000183e-01
7.459999999999999964e-02
1.577999999999999958e-01
5.177000000000000490e-01
-8.895999999999999464e-01
1.446999999999999953e-01
-2.861000000000000210e-01
-3.037000000000000255e-01
8.359999999999999376e-02
-7.547000000000000375e-01
-8.111000000000000432e-01
-3.950000000000000039e-02
3.212999999999999745e-01
-5.689999999999999503e-01
5.473999999999999977e-01
-7.540999999999999925e-01
4.853999999999999981e-01
3.518999999999999906e-01
4.771000000000000241e-01
-1.237000000000000044e-01
-5.459000000000000519e-01
8.752999999999999670e-01
-1.350000000000000089e-01
1.241000000000000020e-01
-8.029999999999999638e-02
-4.340999999999999859e-01
-3.679999999999999938e-02
2.756000000000000116e-01
7.790000000000000258e-01
-4.053999999999999826e-01
-1.958000000000000018e-01
7.628000000000000336e-01
4.724999999999999756e-01
5.797999999999999821e-01
-8.175000000000000044e-01
4.331999999999999740e-01
-1.786999999999999977e-01
4.086000000000000187e-01
3.190000000000000058e-01
-5.741000000000000547e-01
-8.310999999999999499e-01
5.172999999999999821e-01
-5.636999999999999789e-01
6.155000000000000471e-01
2.214000000000000135e-01
6.100000000000000387e-03
5.380000000000000338e-01
-1.365999999999999992e-01
-5.195999999999999508e-01
3.136999999999999789e-01
-7.731999999999999984e-01
-3.063000000000000167e-01
-7.770000000000000240e-01
6.302999999999999714e-01
2.910000000000000087e-02
6.939999999999999503e-01
2.519000000000000128e-01
-7.489999999999999436e-02
5.554999999999999938e-01
-4.369000000000000106e-01
-4.015000000000000235e-01
-5.172999999999999821e-01
-5.170000000000000151e-01
-9.517999999999999794e-01
1.791000000000000092e-01
6.944000000000000172e-01
-8.999000000000000332e-01
-2.923999999999999932e-01
-9.445000000000000062e-01
-2.030000000000000138e-01
-2.871000000000000218e-01
6.918999999999999595e-01
5.564999999999999947e-01
9.205999999999999739e-01
2.651999999999999913e-01
-3.262999999999999790e-01
-2.356000000000000039e-01
2.841000000000000192e-01
-9.141000000000000236e-01
5.760999999999999455e-01
-4.330999999999999850e-01
9.042000000000000037e-01
4.465000000000000080e-01
1.330000000000000071e-01
-9.969000000000000083e-01
2.591999999999999860e-01
3.235000000000000098e-01
1.770000000000000046e-02
9.660000000000000531e-02
-6.731000000000000316e-01
-9.724000000000000421e-01
5.358000000000000540e-01
-3.115999999999999881e-01
-8.588000000000000078e-01
-2.753999999999999782e-01
-5.268000000000000460e-01
-2.591999999999999860e-01
7.974999999999999867e-01
-3.748000000000000220e-01
6.575999999999999623e-01
-3.922999999999999821e-01
-4.257000000000000228e-01
-3.463999999999999857e-01
3.330000000000000182e-01
-4.824999999999999845e-01
-6.226000000000000423e-01
5.429000000000000492e-01
-2.766000000000000125e-01
-9.762999999999999456e-01
-1.942000000000000115e-01
3.425000000000000266e-01
-7.949000000000000510e-01
9.350000000000000533e-01
2.842000000000000082e-01
3.713000000000000189e-01
6.401000000000000023e-01
-4.193000000000000060e-01
7.399999999999999634e-02
-1.474999999999999922e-01
-2.893000000000000016e-01
-2.437000000000000000e-01
-5.674000000000000155e-01
6.830000000000000515e-01
3.346000000000000085e-01
6.652000000000000135e-01
7.235000000000000320e-01
7.449000000000000066e-01
-9.533000000000000362e-01
1.771000000000000074e-01
1.723999999999999977e-01
3.373999999999999777e-01
6.360000000000000098e-01
-3.155000000000000027e-01
-2.038000000000000089e-01
-6.830000000000000515e-01
4.262000000000000233e-01
5.272999999999999909e-01
6.570000000000000284e-01
1.315999999999999948e-01
1.446000000000000063e-01
9.667999999999999927e-01
-3.980000000000000204e-01
7.761000000000000121e-01
1.670000000000000095e-01
7.830000000000000293e-01
-3.045999999999999819e-01
5.464999999999999858e-01
7.536000000000000476e-01
