-7.100000000000000408e-03
1.398000000000000076e-01
3.257999999999999785e-01
-7.330999999999999739e-01
-1.345999999999999974e-01
3.856999999999999873e-01
-2.233999999999999875e-01
-6.052999999999999492e-01
-5.366999999999999549e-01
1.113999999999999990e-01
6.493999999999999773e-01
9.556999999999999940e-01
7.933999999999999941e-01
8.064000000000000057e-01
-2.056999999999999940e-01
-9.223999999999999977e-01
8.481999999999999540e-01
7.370000000000000162e-02
4.899999999999999911e-01
-4.753000000000000003e-01
2.335000000000000131e-01
1.389999999999999916e-02
9.167999999999999483e-01
-2.727999999999999869e-01
5.031999999999999806e-01
-9.900000000000000466e-02
-4.486999999999999877e-01
4.988000000000000211e-01
8.343000000000000416e-01
-2.326999999999999902e-01
-4.122999999999999998e-01
-5.079999999999999793e-02
7.252999999999999448e-01
7.378000000000000114e-01
-1.363000000000000045e-01
9.899999999999999911e-01
3.542000000000000148e-01
8.586000000000000298e-01
8.994999999999999662e-01
-9.374000000000000110e-01
5.727999999999999758e-01
9.473000000000000309e-01
-7.993000000000000105e-01
6.176000000000000378e-01
-1.779999999999999916e-01
2.313000000000000056e-01
-4.953000000000000180e-01
5.691000000000000503e-01
-4.161000000000000254e-01
6.565999999999999615e-01
8.485000000000000320e-01
8.274000000000000243e-01
6.146000000000000352e-01
-8.326999999999999957e-01
-7.600999999999999979e-01
-7.651000000000000023e-01
-4.073999999999999844e-01
3.219999999999999946e-02
6.443999999999999728e-01
-6.006000000000000227e-01
1.213999999999999940e-01
-1.696999999999999897e-01
-5.701000000000000512e-01
4.426999999999999824e-01
1.190000000000000085e-02
-1.784999999999999920e-01
4.842000000000000193e-01
2.834999999999999742e-01
-4.979999999999999705e-02
5.706999999999999851e-01
-1.781999999999999973e-01
5.008000000000000229e-01
-6.554999999999999716e-01
-2.139999999999999888e-02
-7.205000000000000293e-01
-3.383999999999999786e-01
-4.667999999999999927e-01
-6.079999999999999988e-02
-7.399000000000000021e-01
-4.228999999999999981e-01
-3.271999999999999909e-01
7.369999999999999885e-01
7.582999999999999741e-01
-1.363000000000000045e-01
7.383999999999999453e-01
-2.904999999999999805e-01
7.375000000000000444e-01
-2.560000000000000053e-01
-2.709999999999999909e-02
-8.920000000000000151e-01
-6.807999999999999607e-01
-9.489999999999999825e-02
5.090000000000000080e-01
-1.338000000000000023e-01
-4.218999999999999972e-01
6.060999999999999721e-01
-5.768999999999999684e-01
5.064999999999999503e-01
2.725000000000000200e-01
1.087000000000000050e-01
-2.861000000000000210e-01
8.555000000000000382e-01
1.537999999999999923e-01
-6.400000000000000133e-02
9.910999999999999810e-01
4.270000000000000184e-02
-8.423000000000000487e-01
3.860999999999999988e-01
-5.778999999999999693e-01
5.163999999999999702e-01
-9.056999999999999496e-01
-4.354999999999999982e-01
-6.817999999999999616e-01
9.244999999999999885e-01
1.441000000000000059e-01
-1.254000000000000115e-01
-5.548999999999999488e-01
-7.255000000000000338e-01
2.657999999999999807e-01
2.283000000000000029e-01
-9.351000000000000423e-01
-4.156000000000000250e-01
6.876999999999999780e-01
7.401999999999999691e-01
8.709999999999999964e-01
-5.696999999999999842e-01
-7.796999999999999487e-01
-1.469999999999999918e-01
-1.073999999999999955e-01
1.282000000000000084e-01
8.419999999999999707e-01
-9.459999999999999520e-01
-6.596999999999999531e-01
1.801999999999999991e-01
9.075999999999999623e-01
3.289999999999999869e-02
-4.835999999999999743e-01
-6.802000000000000268e-01
8.411999999999999478e-01
1.469999999999999918e-01
-6.725999999999999757e-01
4.746000000000000218e-01
-3.763000000000000234e-01
1.743999999999999995e-01
1.585999999999999910e-01
-8.556000000000000272e-01
-4.656000000000000139e-01
8.917000000000000481e-01
6.250999999999999890e-01
-7.345000000000000417e-01
-6.947999999999999732e-01
-9.012000000000000011e-01
2.124000000000000055e-01
-7.396000000000000352e-01
-3.173000000000000265e-01
1.446000000000000063e-01
-6.169999999999999790e-02
-4.208999999999999964e-01
-3.430000000000000271e-01
-2.916000000000000258e-01
6.040999999999999703e-01
-7.580000000000000071e-01
4.617999999999999883e-01
-5.699999999999999512e-01
1.139000000000000012e-01
4.239999999999999880e-01
-3.486000000000000210e-01
9.676000000000000156e-01
2.630000000000000115e-01
9.425999999999999934e-01
7.076000000000000068e-01
9.411000000000000476e-01
-8.597000000000000197e-01
-4.106000000000000205e-01
2.867999999999999994e-01
-2.566999999999999837e-01
6.603999999999999870e-01
9.849999999999999867e-01
-5.725999999999999979e-01
9.257999999999999563e-01
1.635000000000000064e-01
-8.102000000000000313e-01
-9.929999999999999938e-01
-8.970000000000000195e-02
-3.624999999999999889e-01
9.735000000000000320e-01
-5.260000000000000092e-02
-9.049000000000000377e-01
9.910999999999999810e-01
6.578000000000000513e-01
4.804999999999999827e-01
2.340000000000000135e-01
-3.003000000000000114e-01
-7.661999999999999922e-01
1.882000000000000062e-01
-1.943000000000000005e-01
-9.566999999999999948e-01
-3.684000000000000052e-01
-4.340999999999999859e-01
6.902000000000000357e-01
6.526999999999999469e-01
1.585999999999999910e-01
5.071999999999999842e-01
1.222000000000000031e-01
6.824999999999999956e-01
9.455999999999999961e-01
-4.587999999999999856e-01
3.751999999999999780e-01
7.731999999999999984e-01
-5.365999999999999659e-01
7.935999999999999721e-01
-8.477000000000000091e-01
-5.481000000000000316e-01
1.708999999999999964e-01
-6.995000000000000107e-01
-8.952999999999999847e-01
-6.021999999999999575e-01
-1.315000000000000058e-01
6.022999999999999465e-01
-5.950999999999999623e-01
4.334000000000000075e-01
-3.190000000000000058e-01
4.647999999999999909e-01
-5.890999999999999570e-01
-9.982999999999999652e-01
4.331999999999999740e-01
-1.640000000000000069e-01
-1.782999999999999863e-01
9.603000000000000425e-01
-4.638999999999999790e-01
6.774999999999999911e-01
5.995000000000000329e-01
-5.238000000000000433e-01
-1.731000000000000039e-01
-4.979999999999999982e-01
9.397999999999999687e-01
9.099999999999999756e-02
-9.419999999999999485e-01
-6.302999999999999714e-01
8.520999999999999686e-01
-8.753999999999999559e-01
-7.854999999999999760e-01
-8.695000000000000506e-01
1.292000000000000093e-01
8.456000000000000183e-01
4.979999999999999705e-02
-5.252000000000000002e-01
-2.170999999999999874e-01
6.521000000000000130e-01
9.879999999999999893e-02
-3.968999999999999750e-01
-1.822999999999999898e-01
9.629999999999999671e-01
