-7.223000000000000531e-01
-2.762000000000000011e-01
7.006999999999999895e-01
-9.761999999999999567e-01
-2.068000000000000116e-01
-9.858000000000000096e-01
-1.165000000000000063e-01
-1.262999999999999956e-01
9.320000000000000506e-02
-5.445999999999999730e-01
9.424000000000000155e-01
2.076000000000000068e-01
-5.844000000000000306e-01
-9.164999999999999813e-01
3.910000000000000142e-01
-8.766000000000000458e-01
-6.497000000000000552e-01
1.729999999999999871e-01
1.101000000000000034e-01
-2.275000000000000078e-01
-5.466999999999999638e-01
-5.359000000000000430e-01
-6.883000000000000229e-01
9.105999999999999650e-01
-5.833000000000000407e-01
6.954000000000000181e-01
-9.990000000000000269e-02
8.468999999999999861e-01
-5.745999999999999996e-01
-9.616000000000000103e-01
4.429999999999999910e-02
-1.267999999999999960e-01
-8.860999999999999988e-01
-3.366000000000000103e-01
1.439000000000000001e-01
2.043000000000000094e-01
-9.596000000000000085e-01
8.454000000000000403e-01
-9.978000000000000203e-01
4.195999999999999730e-01
-9.998000000000000220e-01
-7.708000000000000407e-01
-1.796999999999999986e-01
-7.214000000000000412e-01
3.899000000000000243e-01
-1.549999999999999989e-01
7.770000000000000240e-01
5.117000000000000437e-01
-4.404000000000000137e-01
-1.401999999999999913e-01
-8.434000000000000385e-01
-7.664999999999999591e-01
3.654000000000000026e-01
-2.822999999999999954e-01
3.529999999999999805e-02
3.144000000000000128e-01
-2.823999999999999844e-01
-8.999999999999999320e-03
-1.739999999999999880e-02
9.402000000000000357e-01
5.513000000000000123e-01
3.942999999999999838e-01
7.140999999999999570e-01
-5.955000000000000293e-01
-5.262999999999999901e-01
9.226999999999999647e-01
8.356000000000000094e-01
6.923000000000000265e-01
4.626000000000000112e-01
-5.031999999999999806e-01
8.270999999999999464e-01
5.812000000000000499e-01
-3.039000000000000035e-01
9.339999999999999691e-02
6.756999999999999673e-01
-1.312000000000000111e-01
-7.754999999999999671e-01
-8.786000000000000476e-01
-4.490000000000000102e-01
-1.282000000000000084e-01
5.746999999999999886e-01
-7.839999999999999747e-02
-4.060000000000000275e-01
4.801000000000000267e-01
3.059999999999999873e-02
6.717999999999999527e-01
9.185999999999999721e-01
-6.893000000000000238e-01
-3.170000000000000040e-01
-8.098999999999999533e-01
5.380000000000000060e-02
-9.829999999999999849e-01
-6.877999999999999670e-01
-2.684000000000000274e-01
3.458999999999999853e-01
6.934000000000000163e-01
-9.754000000000000448e-01
3.633000000000000118e-01
7.549000000000000155e-01
-9.239000000000000545e-01
8.539999999999999813e-01
7.661999999999999922e-01
2.160999999999999865e-01
6.903000000000000247e-01
-2.170999999999999874e-01
-3.161999999999999811e-01
-8.457000000000000073e-01
-8.690000000000000502e-02
7.281999999999999584e-01
-4.099999999999999756e-01
5.240000000000000213e-02
4.999000000000000110e-01
3.689000000000000057e-01
-8.903999999999999693e-01
7.983000000000000096e-01
4.689999999999999725e-01
-9.211000000000000298e-01
-8.696000000000000396e-01
-8.964999999999999636e-01
-1.193000000000000033e-01
-5.910999999999999588e-01
-1.169000000000000039e-01
-7.112000000000000544e-01
-6.381999999999999895e-01
7.229999999999999760e-01
1.220000000000000077e-02
1.754999999999999893e-01
-4.035000000000000253e-01
7.480999999999999872e-01
-3.978999999999999759e-01
-8.719000000000000083e-01
3.076999999999999735e-01
-5.306999999999999496e-01
-9.435000000000000053e-01
-2.061999999999999944e-01
6.864999999999999991e-01
3.753000000000000225e-01
-9.284999999999999920e-01
4.074999999999999734e-01
8.508000000000000007e-01
4.078999999999999848e-01
6.956999999999999851e-01
-4.642000000000000015e-01
-4.930999999999999828e-01
-2.351999999999999924e-01
3.106999999999999762e-01
4.284000000000000030e-01
6.805999999999999828e-01
5.359000000000000430e-01
6.700000000000000400e-02
8.746000000000000441e-01
9.327999999999999625e-01
-6.669000000000000483e-01
6.882000000000000339e-01
-6.260000000000000009e-01
8.548000000000000043e-01
8.243000000000000327e-01
2.720000000000000195e-01
-6.156000000000000361e-01
-1.313999999999999890e-01
-6.492999999999999883e-01
-6.565999999999999615e-01
5.304999999999999716e-01
1.948999999999999899e-01
2.000000000000000096e-04
-7.220999999999999641e-01
-1.882999999999999952e-01
-2.978000000000000091e-01
-2.737999999999999878e-01
9.585000000000000187e-01
-6.096000000000000307e-01
-2.939999999999999836e-01
8.900000000000000133e-01
-9.993999999999999551e-01
-1.789999999999999925e-01
9.535000000000000142e-01
3.170000000000000040e-01
2.031999999999999917e-01
-7.721999999999999975e-01
-3.749000000000000110e-01
4.882000000000000228e-01
2.932000000000000162e-01
8.893999999999999684e-01
9.137999999999999456e-01
9.888000000000000123e-01
3.301000000000000045e-01
-5.610000000000000542e-01
-9.897000000000000242e-01
-7.164000000000000368e-01
-9.116999999999999549e-01
-6.239999999999999714e-02
-8.853999999999999648e-01
4.188000000000000056e-01
6.433999999999999719e-01
2.280000000000000082e-01
7.368999999999999995e-01
-2.008999999999999952e-01
6.448000000000000398e-01
4.169999999999999818e-01
8.024999999999999911e-01
-2.785000000000000253e-01
-2.680000000000000090e-02
-4.220000000000000140e-02
-6.261999999999999789e-01
-5.109999999999999959e-02
-6.794999999999999929e-01
5.539999999999999786e-02
-6.864999999999999991e-01
5.382000000000000117e-01
-4.526000000000000023e-01
1.847999999999999921e-01
9.356999999999999762e-01
1.393000000000000071e-01
5.086000000000000520e-01
-7.894999999999999796e-01
-1.925000000000000044e-01
-8.268999999999999684e-01
-1.343999999999999917e-01
-7.580000000000000626e-02
6.470000000000000195e-01
4.012999999999999901e-01
3.099999999999999978e-02
-4.157000000000000139e-01
-3.317999999999999838e-01
1.076000000000000012e-01
-7.224000000000000421e-01
1.688999999999999946e-01
-1.527000000000000024e-01
-8.590000000000000413e-02
8.942999999999999838e-01
-2.985999999999999766e-01
3.688000000000000167e-01
2.929999999999999966e-02
-2.748999999999999777e-01
-1.796000000000000096e-01
-8.101000000000000423e-01
-7.899000000000000465e-01
-1.454000000000000015e-01
3.860000000000000236e-02
8.641999999999999682e-01
-3.950000000000000039e-02
9.566999999999999948e-01
-6.189999999999999669e-02
-1.255000000000000004e-01
-2.257000000000000117e-01
8.891000000000000014e-01
-2.564000000000000168e-01
-5.181000000000000050e-01
5.719999999999999529e-01
7.893000000000000016e-01
1.126999999999999946e-01
9.373000000000000220e-01
-2.298000000000000043e-01
