9.594000000000000306e-01
-6.545999999999999597e-01
-2.995999999999999774e-01
5.435999999999999721e-01
-5.119000000000000217e-01
6.832000000000000295e-01
-2.341999999999999915e-01
9.835000000000000409e-01
-3.785999999999999921e-01
-5.570000000000000506e-01
-7.911000000000000254e-01
-7.981000000000000316e-01
5.019000000000000128e-01
4.122999999999999998e-01
5.572000000000000286e-01
-7.812999999999999945e-01
-6.487000000000000544e-01
-9.523000000000000353e-01
4.753999999999999893e-01
-1.882999999999999952e-01
-1.389999999999999916e-02
-1.801999999999999991e-01
-6.990000000000000380e-02
4.460000000000000075e-02
-6.876999999999999780e-01
-7.009999999999999565e-02
7.865999999999999659e-01
9.470000000000000639e-02
8.418999999999999817e-01
6.580000000000000293e-01
-6.933000000000000274e-01
-9.700000000000000289e-03
3.926000000000000045e-01
-8.715000000000000524e-01
9.203999999999999959e-01
-6.711000000000000298e-01
-7.900000000000000355e-01
4.506000000000000005e-01
8.062000000000000277e-01
-5.653000000000000247e-01
-8.909000000000000252e-01
8.429999999999999716e-01
2.404000000000000026e-01
-3.173000000000000265e-01
5.320000000000000284e-01
-1.454000000000000015e-01
9.193999999999999950e-01
-5.775000000000000133e-01
1.068000000000000060e-01
3.977999999999999869e-01
-9.110000000000000042e-02
8.066999999999999726e-01
-1.111999999999999933e-01
-8.925999999999999490e-01
-2.071000000000000063e-01
1.107999999999999957e-01
-7.610999999999999988e-01
-8.008999999999999453e-01
-3.620000000000000301e-02
-4.532999999999999807e-01
-7.741999999999999993e-01
-6.300000000000000044e-01
6.592999999999999972e-01
-5.907000000000000028e-01
2.001999999999999891e-01
-4.492999999999999772e-01
7.106000000000000094e-01
5.705000000000000071e-01
-9.327999999999999625e-01
3.850000000000000089e-01
6.660000000000000364e-01
-7.389999999999999347e-02
5.742000000000000437e-01
-2.672999999999999821e-01
3.518999999999999906e-01
9.173999999999999932e-01
6.942000000000000393e-01
1.227000000000000035e-01
8.733999999999999542e-01
-4.324000000000000066e-01
7.759000000000000341e-01
-6.614999999999999769e-01
9.189999999999999558e-02
-4.335999999999999854e-01
-1.794999999999999929e-01
2.722999999999999865e-01
-2.200000000000000011e-01
-1.482999999999999874e-01
-2.828999999999999848e-01
-8.018999999999999462e-01
-5.059000000000000163e-01
6.526999999999999469e-01
9.384000000000000119e-01
7.213000000000000522e-01
-2.283000000000000029e-01
-8.298999999999999710e-01
-2.083000000000000129e-01
-3.690999999999999837e-01
4.343000000000000194e-01
3.774000000000000132e-01
-2.487999999999999934e-01
3.339999999999999913e-02
-4.920999999999999819e-01
-4.013999999999999790e-01
-1.376999999999999891e-01
-5.295999999999999597e-01
-1.547000000000000042e-01
-8.941000000000000059e-01
7.586000000000000520e-01
-3.121999999999999775e-01
-9.233000000000000096e-01
-8.605000000000000426e-01
-9.506999999999999895e-01
8.075999999999999845e-01
2.091000000000000081e-01
4.299000000000000044e-01
3.348999999999999755e-01
2.921000000000000263e-01
-9.989999999999999991e-01
4.719999999999999890e-02
6.650000000000000355e-02
4.440000000000000058e-01
1.135000000000000037e-01
-6.469000000000000306e-01
4.333000000000000185e-01
4.133999999999999897e-01
-6.653999999999999915e-01
3.101999999999999758e-01
-5.413999999999999924e-01
8.256999999999999895e-01
-7.627000000000000446e-01
5.222999999999999865e-01
-5.060999999999999943e-01
8.578999999999999959e-01
1.330000000000000071e-01
-9.130000000000000338e-01
4.369000000000000106e-01
6.371999999999999886e-01
6.347000000000000419e-01
2.711000000000000076e-01
-4.420999999999999930e-01
-7.889000000000000457e-01
3.533000000000000029e-01
-1.160000000000000059e-01
5.578999999999999515e-01
-6.724999999999999867e-01
5.974000000000000421e-01
-3.635999999999999788e-01
8.496000000000000218e-01
2.338000000000000078e-01
4.012000000000000011e-01
6.133999999999999453e-01
-9.684000000000000385e-01
1.010999999999999954e-01
-1.857999999999999929e-01
-9.898000000000000131e-01
-5.742000000000000437e-01
-2.888999999999999901e-01
-9.502000000000000446e-01
-9.116999999999999549e-01
3.143000000000000238e-01
-6.636999999999999567e-01
-8.493000000000000549e-01
9.697000000000000064e-01
9.064999999999999725e-01
-2.172000000000000042e-01
-5.360000000000000320e-01
-9.724000000000000421e-01
2.278999999999999915e-01
-7.601999999999999869e-01
-3.462999999999999967e-01
-7.829000000000000403e-01
9.034999999999999698e-01
2.040000000000000147e-02
-8.836000000000000520e-01
-3.487999999999999989e-01
9.802999999999999492e-01
-1.971999999999999864e-01
-6.834999999999999964e-01
2.096000000000000085e-01
5.211000000000000076e-01
2.918999999999999928e-01
7.412999999999999590e-01
-2.303000000000000047e-01
7.183000000000000496e-01
6.799999999999999621e-03
-9.520000000000000684e-02
6.350999999999999979e-01
-3.328999999999999737e-01
-4.555000000000000160e-01
1.923999999999999877e-01
-7.126000000000000112e-01
2.459000000000000075e-01
-8.790000000000000036e-01
-6.552000000000000046e-01
-9.686000000000000165e-01
3.020999999999999797e-01
-5.937999999999999945e-01
-6.301999999999999824e-01
2.482999999999999929e-01
-3.124000000000000110e-01
1.555999999999999883e-01
-2.812999999999999945e-01
2.268000000000000016e-01
-2.328999999999999959e-01
5.870999999999999552e-01
6.631000000000000227e-01
5.789999999999999591e-01
2.582999999999999741e-01
7.852000000000000091e-01
-3.367999999999999883e-01
-1.194000000000000061e-01
-1.529999999999999971e-01
-1.686999999999999889e-01
3.936999999999999944e-01
-3.703000000000000180e-01
-6.723999999999999977e-01
3.805000000000000049e-01
-2.214000000000000135e-01
-6.183999999999999497e-01
1.035999999999999976e-01
-7.822999999999999954e-01
-2.029999999999999860e-02
-5.649999999999999467e-01
5.671000000000000485e-01
-4.280999999999999805e-01
-7.912000000000000144e-01
-9.840000000000000135e-02
8.560999999999999721e-01
1.054999999999999966e-01
-6.098000000000000087e-01
9.101000000000000201e-01
-6.038999999999999924e-01
-5.806999999999999940e-01
7.449000000000000066e-01
-6.222999999999999643e-01
2.595000000000000084e-01
9.303000000000000158e-01
-2.154999999999999971e-01
3.130999999999999894e-01
5.658999999999999586e-01
5.657999999999999696e-01
-4.761000000000000232e-01
6.143999999999999462e-01
6.068000000000000060e-01
-8.274000000000000243e-01
-1.319999999999999993e-02
7.456000000000000405e-01
2.876000000000000223e-01
-4.212000000000000188e-01
-7.241999999999999549e-01
5.235999999999999543e-01
-7.190999999999999615e-01
