-8.658000000000000140e-01
7.239999999999999769e-01
-9.003999999999999782e-01
-6.222999999999999643e-01
-2.343999999999999972e-01
2.817999999999999949e-01
3.701999999999999735e-01
5.683000000000000274e-01
7.037999999999999812e-01
-7.190000000000000557e-02
-6.500000000000000222e-02
-7.196000000000000174e-01
-2.874999999999999778e-01
3.134000000000000119e-01
2.018000000000000071e-01
-1.913999999999999868e-01
-9.987000000000000322e-01
1.527999999999999914e-01
-8.327999999999999847e-01
5.493000000000000105e-01
-5.191000000000000059e-01
5.486999999999999655e-01
-8.306999999999999940e-01
-9.989000000000000101e-01
-3.775999999999999912e-01
8.040000000000000480e-01
9.892999999999999572e-01
-5.191999999999999948e-01
3.940000000000000169e-01
1.766999999999999960e-01
-3.141999999999999793e-01
3.379999999999999671e-02
-1.219999999999999973e-01
-2.649000000000000243e-01
-7.799999999999999989e-02
2.842999999999999972e-01
-5.029999999999999749e-02
-9.986000000000000432e-01
1.736999999999999933e-01
6.613999999999999879e-01
9.301000000000000378e-01
9.444000000000000172e-01
-1.721999999999999920e-01
-5.285999999999999588e-01
-4.290999999999999814e-01
-6.624999999999999778e-01
-6.097000000000000197e-01
2.369999999999999885e-02
-6.980000000000000093e-02
7.758000000000000451e-01
6.594999999999999751e-01
3.494999999999999774e-01
-9.921999999999999709e-01
-2.680000000000000160e-01
-1.499000000000000055e-01
-2.288999999999999924e-01
7.294000000000000483e-01
9.044999999999999707e-01
-1.125000000000000028e-01
7.943999999999999950e-01
-1.015000000000000069e-01
-1.960000000000000075e-01
-9.548999999999999710e-01
7.775999999999999579e-01
9.865000000000000435e-01
5.802000000000000490e-01
-4.847000000000000197e-01
-7.567000000000000393e-01
-2.444999999999999951e-01
3.225999999999999979e-01
-7.862000000000000099e-01
9.552000000000000490e-01
2.190999999999999892e-01
9.162000000000000144e-01
-5.907999999999999918e-01
-3.781999999999999806e-01
-1.150000000000000050e-01
-7.410999999999999810e-01
4.507999999999999785e-01
8.113000000000000211e-01
-2.416999999999999982e-01
-3.936000000000000054e-01
-9.901999999999999691e-01
-2.801000000000000156e-01
4.152000000000000135e-01
9.225999999999999757e-01
2.553000000000000269e-01
6.150999999999999801e-01
1.053999999999999937e-01
6.229000000000000092e-01
1.821000000000000119e-01
-9.436999999999999833e-01
9.110000000000000042e-02
-2.933999999999999941e-01
9.739999999999999769e-01
9.277999999999999581e-01
-2.040000000000000147e-02
-3.184000000000000163e-01
7.873999999999999888e-01
4.264000000000000012e-01
-4.328000000000000180e-01
5.437999999999999501e-01
-6.803000000000000158e-01
-1.383000000000000063e-01
3.090000000000000038e-02
-4.340999999999999859e-01
-2.722999999999999865e-01
-3.175000000000000044e-01
5.985000000000000320e-01
-6.310000000000000053e-01
1.809999999999999942e-01
-7.042000000000000481e-01
-3.735999999999999877e-01
2.983000000000000096e-01
6.104000000000000536e-01
1.446999999999999953e-01
7.550000000000000044e-01
9.887000000000000233e-01
2.280000000000000082e-02
-9.458999999999999631e-01
4.717999999999999972e-01
-1.909999999999999892e-02
-5.735999999999999988e-01
-9.576000000000000068e-01
-9.690999999999999615e-01
2.533000000000000251e-01
2.889999999999999791e-01
4.616999999999999993e-01
7.109999999999999654e-02
7.127000000000000002e-01
-6.885000000000000009e-01
1.945999999999999952e-01
-2.691999999999999948e-01
4.859999999999999737e-02
8.516000000000000236e-01
-7.358000000000000096e-01
-9.327999999999999625e-01
2.076999999999999957e-01
5.802000000000000490e-01
8.400999999999999579e-01
9.776000000000000245e-01
8.899999999999999925e-03
1.665000000000000091e-01
1.227000000000000035e-01
-1.602999999999999980e-01
-6.521000000000000130e-01
4.865999999999999770e-01
3.852999999999999758e-01
-3.569999999999999840e-01
2.106000000000000094e-01
7.385000000000000453e-01
-9.294000000000000039e-01
9.869999999999999885e-01
1.524000000000000077e-01
-8.849000000000000199e-01
7.466000000000000414e-01
-3.839999999999999664e-02
3.301000000000000045e-01
4.305999999999999828e-01
-1.960999999999999965e-01
6.877999999999999670e-01
8.509999999999999787e-01
-9.185999999999999721e-01
-1.142999999999999988e-01
2.248999999999999888e-01
5.545999999999999819e-01
-5.956000000000000183e-01
5.358000000000000540e-01
-4.700000000000000011e-02
-1.121000000000000052e-01
8.238999999999999657e-01
-1.590999999999999914e-01
3.062000000000000277e-01
-7.206000000000000183e-01
9.831999999999999629e-01
-4.783000000000000029e-01
5.335999999999999632e-01
-1.093999999999999972e-01
1.497999999999999887e-01
9.734000000000000430e-01
-2.622999999999999776e-01
-8.802999999999999714e-01
1.517000000000000015e-01
2.139000000000000068e-01
4.554000000000000270e-01
5.924000000000000377e-01
-1.089999999999999997e-02
7.562999999999999723e-01
-5.852000000000000535e-01
7.135000000000000231e-01
4.814999999999999836e-01
-9.764000000000000457e-01
-3.690999999999999837e-01
-9.799999999999999822e-01
1.131999999999999951e-01
-5.262000000000000011e-01
7.864999999999999769e-01
1.899999999999999996e-03
-6.322999999999999732e-01
-7.617000000000000437e-01
1.174000000000000044e-01
-7.380000000000000449e-02
4.304000000000000048e-01
-6.202999999999999625e-01
4.158000000000000029e-01
-8.129999999999999727e-02
-6.289999999999999758e-02
-9.133000000000000007e-01
-3.332999999999999852e-01
-3.114999999999999991e-01
-2.656999999999999917e-01
3.219999999999999946e-02
-2.117999999999999883e-01
7.739999999999999658e-02
-4.459000000000000186e-01
-6.076000000000000290e-01
5.325999999999999623e-01
-6.008000000000000007e-01
-4.685000000000000275e-01
-5.225999999999999535e-01
4.474000000000000199e-01
-5.696999999999999842e-01
-1.434999999999999887e-01
6.700000000000000400e-01
-1.190000000000000085e-02
3.081999999999999740e-01
-8.626000000000000334e-01
-4.361999999999999766e-01
-5.039000000000000146e-01
1.935999999999999943e-01
4.863999999999999990e-01
6.471999999999999975e-01
-7.966999999999999638e-01
5.863000000000000433e-01
-2.617999999999999772e-01
-4.681000000000000161e-01
-9.092000000000000082e-01
5.622000000000000330e-01
7.524999999999999467e-01
-2.363000000000000100e-01
-1.517999999999999905e-01
4.700000000000000011e-02
-3.039000000000000035e-01
-9.817000000000000171e-01
7.365000000000000435e-01
9.284999999999999920e-01
-9.271000000000000352e-01
-3.952999999999999847e-01
9.189999999999999558e-02
6.360000000000000098e-01
5.577999999999999625e-01
-4.379000000000000115e-01
4.842000000000000193e-01
