-7.287000000000000144e-01
7.272999999999999465e-01
2.202000000000000068e-01
3.123000000000000220e-01
5.304999999999999716e-01
-1.724999999999999867e-01
7.669000000000000261e-01
-4.052000000000000046e-01
-9.203000000000000069e-01
-2.086999999999999966e-01
-1.035999999999999976e-01
-7.105000000000000204e-01
-5.904000000000000359e-01
5.072999999999999732e-01
-7.893999999999999906e-01
-2.160000000000000114e-02
7.567000000000000393e-01
5.745000000000000107e-01
8.404000000000000359e-01
6.574999999999999734e-01
-9.156999999999999584e-01
1.920999999999999930e-01
-2.111000000000000099e-01
8.968000000000000416e-01
4.237000000000000210e-01
-8.473000000000000531e-01
-6.949999999999999512e-01
3.831999999999999851e-01
-3.370000000000000079e-02
9.209000000000000519e-01
-1.277000000000000079e-01
-9.407999999999999696e-01
4.739999999999999769e-02
2.001999999999999891e-01
-7.437000000000000277e-01
-7.893999999999999906e-01
4.768999999999999906e-01
7.720000000000000473e-02
6.996999999999999886e-01
9.959000000000000075e-01
4.047999999999999932e-01
7.044000000000000261e-01
4.964999999999999969e-01
-8.041000000000000369e-01
2.214000000000000135e-01
1.625000000000000056e-01
-8.423000000000000487e-01
7.280000000000000360e-02
7.173000000000000487e-01
8.911999999999999922e-01
-4.199999999999999740e-03
-3.884000000000000230e-01
4.646000000000000130e-01
-5.905000000000000249e-01
-3.459999999999999742e-01
-9.500999999999999446e-01
-1.340999999999999970e-01
4.622999999999999887e-01
-4.748999999999999888e-01
-1.721000000000000030e-01
9.102999999999999980e-01
2.100000000000000130e-02
4.440000000000000197e-02
-8.366000000000000103e-01
-9.847000000000000197e-01
5.383000000000000007e-01
1.335999999999999965e-01
-7.449999999999999678e-02
-2.480999999999999872e-01
-6.562000000000000055e-01
2.343999999999999972e-01
5.160000000000000003e-02
-1.711000000000000021e-01
5.130000000000000115e-01
-3.778000000000000247e-01
-1.441999999999999948e-01
-9.586000000000000076e-01
-7.763999999999999790e-01
-6.790000000000000480e-01
6.241999999999999771e-01
8.793999999999999595e-01
7.230000000000000315e-02
-8.991000000000000103e-01
-5.131000000000000005e-01
-3.825000000000000067e-01
5.180000000000000160e-01
4.727999999999999980e-01
-5.736999999999999877e-01
-1.033000000000000029e-01
3.410000000000000253e-01
-9.233999999999999986e-01
-8.983999999999999764e-01
-5.258000000000000451e-01
2.500000000000000139e-02
2.546999999999999820e-01
8.540000000000000369e-02
-7.580999999999999961e-01
8.236999999999999877e-01
5.391000000000000236e-01
5.076000000000000512e-01
-4.244999999999999885e-01
4.067000000000000060e-01
-9.415000000000000036e-01
-8.336000000000000076e-01
-5.175999999999999490e-01
8.501999999999999558e-01
4.818000000000000060e-01
9.629999999999999671e-01
2.922000000000000153e-01
-3.803000000000000269e-01
4.008999999999999786e-01
5.820999999999999508e-01
-6.185000000000000497e-01
-2.255999999999999950e-01
5.499999999999999681e-03
-1.000999999999999945e-01
9.792999999999999483e-01
8.948000000000000398e-01
5.645999999999999908e-01
7.074000000000000288e-01
-1.708000000000000074e-01
-3.373999999999999777e-01
8.895999999999999464e-01
-6.250999999999999890e-01
3.794000000000000150e-01
2.550000000000000044e-01
-8.911999999999999922e-01
-7.374000000000000554e-01
-1.986999999999999877e-01
8.596000000000000307e-01
-2.898999999999999910e-01
3.139999999999999736e-02
-4.519000000000000239e-01
-4.959999999999999826e-02
2.469999999999999973e-01
-1.053999999999999937e-01
5.853000000000000425e-01
5.130000000000000115e-01
2.518000000000000238e-01
6.629999999999999782e-02
3.603999999999999981e-01
-2.406999999999999973e-01
8.904999999999999583e-01
-3.214000000000000190e-01
-2.580000000000000071e-01
-2.132000000000000006e-01
-1.506000000000000116e-01
7.529000000000000137e-01
4.530000000000000138e-01
-4.847000000000000197e-01
8.337999999999999856e-01
5.531000000000000361e-01
-3.577000000000000179e-01
-7.915999999999999703e-01
6.864999999999999991e-01
-2.824999999999999734e-01
2.051999999999999935e-01
-5.519999999999999907e-02
-9.597999999999999865e-01
-9.856000000000000316e-01
6.939999999999999503e-01
2.651999999999999913e-01
9.055999999999999606e-01
5.994000000000000439e-01
6.692000000000000171e-01
5.013999999999999568e-01
5.572000000000000286e-01
-3.444999999999999729e-01
1.587999999999999967e-01
9.593000000000000416e-01
2.545000000000000040e-01
-8.991999999999999993e-01
-3.311000000000000054e-01
-9.506999999999999895e-01
3.657000000000000250e-01
8.930000000000000437e-02
3.587000000000000188e-01
-3.729999999999999982e-01
5.883000000000000451e-01
8.169999999999999485e-02
-2.858999999999999875e-01
3.160000000000000031e-01
7.620999999999999996e-01
-8.633999999999999453e-01
6.717999999999999527e-01
7.560000000000000053e-02
-9.814000000000000501e-01
-4.628999999999999782e-01
8.219999999999999529e-02
-5.366999999999999549e-01
-4.471999999999999864e-01
-5.291000000000000147e-01
5.360000000000000181e-02
9.816000000000000281e-01
7.059999999999999609e-01
-9.249000000000000554e-01
-2.530999999999999917e-01
-4.672999999999999932e-01
-8.556000000000000272e-01
-2.460000000000000034e-02
-6.555999999999999606e-01
1.699999999999999905e-03
-1.799999999999999933e-01
-6.571000000000000174e-01
-8.216999999999999860e-01
2.399000000000000021e-01
-3.348999999999999755e-01
5.857999999999999874e-01
4.859999999999999737e-02
4.384000000000000119e-01
-2.605999999999999983e-01
5.862000000000000544e-01
6.290999999999999925e-01
6.521000000000000130e-01
7.782999999999999918e-01
7.193000000000000504e-01
-1.721999999999999920e-01
6.088999999999999968e-01
-5.349000000000000421e-01
9.298999999999999488e-01
4.722000000000000086e-01
2.813999999999999835e-01
-7.604999999999999538e-01
9.617999999999999883e-01
7.926999999999999602e-01
-4.122000000000000108e-01
8.322000000000000508e-01
-6.226000000000000423e-01
4.789999999999999813e-02
-5.644000000000000128e-01
-8.931999999999999940e-01
1.250000000000000000e-01
9.044999999999999707e-01
-1.499000000000000055e-01
7.580000000000000626e-02
-3.378999999999999782e-01
-8.607000000000000206e-01
-8.100000000000000533e-01
9.981999999999999762e-01
-2.121000000000000107e-01
-8.981000000000000094e-01
-9.681999999999999496e-01
4.262000000000000233e-01
-2.988999999999999990e-01
-6.189000000000000057e-01
7.933000000000000052e-01
3.261999999999999900e-01
2.840000000000000163e-02
-5.524000000000000021e-01
2.479999999999999982e-01
6.771000000000000352e-01
-5.129999999999999838e-02
6.387000000000000455e-01
