-1.142999999999999988e-01
-1.089999999999999997e-01
6.690000000000000391e-01
7.539000000000000146e-01
-1.175999999999999962e-01
1.305999999999999939e-01
-3.536000000000000254e-01
-4.401999999999999802e-01
-5.907999999999999918e-01
-6.290000000000000036e-01
-2.530000000000000027e-01
-5.372999999999999998e-01
-6.640000000000000346e-01
5.100999999999999979e-01
2.419999999999999929e-01
-5.728999999999999648e-01
6.536999999999999478e-01
-9.929000000000000048e-01
-2.910000000000000087e-02
7.006000000000000005e-01
-6.040999999999999703e-01
-6.749000000000000554e-01
8.891000000000000014e-01
-8.582999999999999519e-01
-3.196999999999999842e-01
4.511000000000000010e-01
5.401000000000000245e-01
1.015000000000000069e-01
8.360999999999999543e-01
6.945000000000000062e-01
5.545999999999999819e-01
4.100000000000000346e-03
-2.847999999999999976e-01
3.889999999999999708e-02
7.869000000000000439e-01
-5.184999999999999609e-01
6.293999999999999595e-01
-3.745999999999999885e-01
-1.213999999999999940e-01
1.562000000000000055e-01
2.948999999999999955e-01
-1.068999999999999950e-01
2.319999999999999840e-02
-3.835000000000000075e-01
-4.519999999999999712e-02
-9.671999999999999487e-01
2.013999999999999957e-01
-3.921000000000000041e-01
6.089999999999999858e-01
-9.372000000000000330e-01
6.721000000000000307e-01
-3.720999999999999863e-01
-6.292999999999999705e-01
-6.596999999999999531e-01
-6.250000000000000000e-02
7.526000000000000467e-01
3.345000000000000195e-01
-3.708000000000000185e-01
-5.604999999999999982e-01
-2.391999999999999960e-01
-7.631000000000000005e-01
-5.935000000000000275e-01
7.199999999999999803e-03
-7.094000000000000306e-01
7.561999999999999833e-01
2.152000000000000024e-01
5.153999999999999693e-01
1.363999999999999935e-01
5.986000000000000210e-01
1.149999999999999981e-02
-9.969999999999999973e-01
6.276000000000000467e-01
8.050000000000000211e-02
-3.592000000000000193e-01
5.325999999999999623e-01
6.360000000000000375e-02
-3.109999999999999917e-02
-6.834999999999999964e-01
-2.924999999999999822e-01
5.352999999999999980e-01
8.129999999999999727e-02
-4.641000000000000125e-01
-1.799999999999999864e-02
5.856999999999999984e-01
4.828000000000000069e-01
1.368999999999999939e-01
-8.992999999999999883e-01
2.376000000000000056e-01
8.293000000000000371e-01
-2.299999999999999961e-03
-1.829999999999999960e-01
-4.652000000000000024e-01
-9.167999999999999483e-01
5.645999999999999908e-01
-1.819999999999999951e-01
-5.886000000000000121e-01
-7.859000000000000430e-01
-5.180000000000000160e-01
9.193000000000000060e-01
-4.526000000000000023e-01
-5.161999999999999922e-01
8.120000000000000551e-01
-1.804000000000000048e-01
-2.351000000000000034e-01
-4.355999999999999872e-01
-8.948000000000000398e-01
4.561999999999999944e-01
2.994999999999999885e-01
-4.746000000000000218e-01
-4.865999999999999770e-01
-2.197999999999999954e-01
2.560000000000000123e-02
6.383999999999999675e-01
6.126000000000000334e-01
9.224999999999999867e-01
-7.649999999999999856e-02
-9.184999999999999831e-01
-9.572000000000000508e-01
-1.091000000000000025e-01
-2.162999999999999923e-01
-5.829999999999999627e-01
1.913999999999999868e-01
-8.480000000000000038e-02
-9.145999999999999686e-01
4.536000000000000032e-01
2.560000000000000123e-02
-8.068999999999999506e-01
-6.010000000000000064e-02
-1.210999999999999993e-01
6.472999999999999865e-01
3.418999999999999817e-01
1.053999999999999937e-01
4.981999999999999762e-01
-6.502999999999999892e-01
-2.396999999999999964e-01
-7.298999999999999932e-01
-8.051000000000000378e-01
-6.011999999999999567e-01
-9.215999999999999748e-01
-2.515999999999999903e-01
9.217999999999999527e-01
8.576000000000000290e-01
-2.134999999999999953e-01
-7.385000000000000453e-01
-9.318999999999999506e-01
4.189999999999999974e-02
4.103999999999999870e-01
8.542999999999999483e-01
-5.019000000000000128e-01
5.956000000000000183e-01
-1.200999999999999984e-01
1.522999999999999909e-01
2.872000000000000108e-01
5.175999999999999490e-01
6.660000000000000642e-02
5.397999999999999465e-01
2.091999999999999971e-01
-1.539000000000000090e-01
1.471000000000000085e-01
-6.260000000000000009e-01
-4.240000000000000019e-02
-6.097000000000000197e-01
8.800999999999999934e-01
4.048999999999999821e-01
3.124000000000000110e-01
-6.837999999999999634e-01
-4.183999999999999941e-01
-2.383000000000000118e-01
7.816999999999999504e-01
-9.886000000000000343e-01
4.481999999999999873e-01
-4.655000000000000249e-01
-5.612000000000000322e-01
-9.929999999999999938e-02
-5.382000000000000117e-01
3.128000000000000225e-01
1.077000000000000041e-01
-2.058000000000000107e-01
-8.859000000000000208e-01
-3.271999999999999909e-01
-3.066999999999999726e-01
3.840999999999999970e-01
8.349999999999999645e-01
-1.892000000000000071e-01
-9.146999999999999575e-01
5.023999999999999577e-01
9.439999999999999503e-01
9.637000000000000011e-01
-2.071999999999999953e-01
-1.096000000000000030e-01
9.469999999999999529e-01
-8.441999999999999504e-01
-7.778000000000000469e-01
8.798000000000000265e-01
9.487999999999999767e-01
-4.959999999999999964e-01
7.864999999999999769e-01
2.043000000000000094e-01
-8.034000000000000030e-01
8.870000000000000107e-01
-5.997999999999999998e-01
5.839999999999999636e-01
-5.444999999999999840e-01
-8.669999999999999929e-01
7.159999999999999698e-01
8.208999999999999631e-01
7.793999999999999817e-01
3.549999999999999684e-02
2.515999999999999903e-01
4.287000000000000255e-01
8.914999999999999591e-01
-6.894000000000000128e-01
-4.570000000000000173e-01
-5.070000000000000062e-01
-6.510000000000000508e-02
7.480000000000000537e-02
-9.907000000000000250e-01
-4.187000000000000166e-01
-2.912000000000000144e-01
-2.139999999999999888e-02
1.973999999999999921e-01
2.419000000000000039e-01
4.359000000000000097e-01
8.509999999999999787e-01
-3.366000000000000103e-01
-3.090000000000000038e-02
8.721999999999999753e-01
-9.703000000000000513e-01
1.338999999999999913e-01
4.037999999999999923e-01
3.257999999999999785e-01
1.310000000000000053e-02
-9.955000000000000515e-01
7.800000000000000266e-01
-6.487000000000000544e-01
6.521000000000000130e-01
-8.040000000000000480e-01
-5.620000000000000551e-01
5.059999999999999915e-02
6.308000000000000274e-01
9.698999999999999844e-01
2.545000000000000040e-01
-5.459000000000000519e-01
-4.032000000000000028e-01
2.938999999999999946e-01
-1.052000000000000018e-01
-3.852999999999999758e-01
9.207999999999999519e-01
3.605999999999999761e-01
3.865000000000000102e-01
-3.130000000000000004e-01
-4.643999999999999795e-01
9.922999999999999599e-01
