-2.310000000000000109e-01
-1.842999999999999916e-01
-7.127000000000000002e-01
8.012000000000000233e-01
3.730999999999999872e-01
-7.479999999999999982e-01
9.617999999999999883e-01
6.340000000000000080e-01
4.935999999999999832e-01
-2.795000000000000262e-01
4.944999999999999951e-01
-8.712999999999999634e-01
-8.399999999999999481e-03
-2.691999999999999948e-01
1.932000000000000106e-01
5.804000000000000270e-01
-2.492999999999999938e-01
2.840000000000000163e-02
6.212999999999999634e-01
1.507999999999999896e-01
9.777000000000000135e-01
-8.749999999999999445e-02
-1.222000000000000031e-01
6.794999999999999929e-01
-7.277000000000000135e-01
1.668999999999999928e-01
8.306999999999999940e-01
-8.308999999999999719e-01
-9.162000000000000144e-01
-3.437999999999999945e-01
2.887000000000000122e-01
-4.232000000000000206e-01
4.637999999999999901e-01
-2.273000000000000020e-01
-2.184999999999999998e-01
3.568000000000000060e-01
-5.571000000000000396e-01
-2.164999999999999980e-01
4.103999999999999870e-01
2.121000000000000107e-01
-4.289000000000000035e-01
6.191999999999999726e-01
5.997999999999999998e-01
-8.579999999999999849e-01
4.390000000000000152e-02
-1.082999999999999935e-01
1.512000000000000011e-01
9.969000000000000083e-01
4.089999999999999747e-01
9.617999999999999883e-01
-5.759999999999999842e-02
-9.070000000000000284e-02
-1.585000000000000020e-01
3.286999999999999922e-01
-1.760000000000000106e-02
5.949999999999999734e-01
1.000000000000000021e-02
-9.435000000000000053e-01
-7.385000000000000453e-01
-4.415999999999999925e-01
-8.907000000000000473e-01
-6.774999999999999911e-01
3.573999999999999955e-01
-4.309000000000000052e-01
-9.038000000000000478e-01
2.151000000000000134e-01
-4.243000000000000105e-01
6.059999999999999831e-01
6.247000000000000330e-01
2.968000000000000083e-01
7.792999999999999927e-01
-3.588000000000000078e-01
5.806999999999999940e-01
-2.627999999999999781e-01
-7.230999999999999650e-01
6.669999999999999540e-02
6.024000000000000465e-01
-4.333000000000000185e-01
8.235000000000000098e-01
-1.905999999999999917e-01
-2.910000000000000087e-02
1.574000000000000121e-01
6.549000000000000377e-01
3.110999999999999877e-01
9.608999999999999764e-01
1.400000000000000029e-02
9.960999999999999854e-01
-2.212999999999999967e-01
-5.338000000000000522e-01
-5.705000000000000071e-01
6.341999999999999860e-01
-2.947000000000000175e-01
7.419000000000000039e-01
1.673000000000000043e-01
-6.390000000000000124e-01
-3.084000000000000075e-01
-1.014000000000000040e-01
-9.112999999999999989e-01
1.096000000000000030e-01
7.463999999999999524e-01
4.345999999999999863e-01
7.360999999999999766e-01
4.092000000000000082e-01
-1.237000000000000044e-01
9.075999999999999623e-01
7.479999999999999982e-01
6.829999999999999960e-02
4.433000000000000274e-01
1.398000000000000076e-01
-7.701999999999999957e-01
8.347999999999999865e-01
5.037000000000000366e-01
1.049999999999999961e-01
4.837000000000000188e-01
-1.355000000000000093e-01
-5.110000000000000098e-01
9.445999999999999952e-01
8.767000000000000348e-01
-6.546999999999999487e-01
-9.349999999999999978e-02
3.909000000000000252e-01
-4.648999999999999799e-01
8.245000000000000107e-01
1.136999999999999955e-01
-9.435000000000000053e-01
-2.998000000000000109e-01
-1.907999999999999974e-01
-2.210000000000000159e-02
-3.080000000000000099e-02
-6.136000000000000343e-01
-2.121999999999999997e-01
9.153999999999999915e-01
-7.228999999999999870e-01
4.892000000000000237e-01
1.880000000000000004e-01
-9.921999999999999709e-01
-3.650999999999999801e-01
6.522999999999999909e-01
3.965000000000000191e-01
-2.134999999999999953e-01
2.730000000000000204e-01
-5.646999999999999797e-01
1.466999999999999971e-01
-2.721999999999999975e-01
8.828000000000000291e-01
1.396999999999999909e-01
-9.405999999999999917e-01
8.821999999999999842e-01
-8.165000000000000036e-01
4.213999999999999968e-01
5.235999999999999543e-01
-9.886000000000000343e-01
1.011999999999999983e-01
6.602000000000000091e-01
4.686000000000000165e-01
-2.285000000000000087e-01
2.918999999999999928e-01
3.620999999999999774e-01
-1.996999999999999886e-01
-7.770000000000000517e-02
-4.501999999999999891e-01
-2.570999999999999952e-01
-8.269999999999999574e-01
-7.655999999999999472e-01
-1.408000000000000085e-01
-2.495999999999999885e-01
2.058999999999999997e-01
8.001000000000000334e-01
-5.024999999999999467e-01
-7.166000000000000147e-01
2.179999999999999993e-01
1.658000000000000029e-01
-7.865999999999999659e-01
2.265000000000000069e-01
9.815000000000000391e-01
-3.114000000000000101e-01
-6.584999999999999742e-01
6.323999999999999622e-01
-2.369999999999999885e-02
5.762000000000000455e-01
-4.596000000000000085e-01
-9.192000000000000171e-01
-7.133000000000000451e-01
-1.942000000000000115e-01
4.096000000000000196e-01
-2.031999999999999917e-01
-4.268000000000000127e-01
3.993999999999999773e-01
-8.659999999999999920e-01
2.811000000000000165e-01
-3.990000000000000213e-01
-7.312999999999999501e-01
-1.000000000000000021e-03
-1.106000000000000039e-01
-6.875999999999999890e-01
1.087999999999999939e-01
-2.810000000000000275e-01
5.953000000000000513e-01
4.003999999999999782e-01
4.838999999999999968e-01
-1.043000000000000038e-01
-2.533000000000000251e-01
1.332000000000000128e-01
-1.932000000000000106e-01
4.630000000000000088e-02
5.495999999999999774e-01
4.798000000000000043e-01
-4.739999999999999769e-01
1.160999999999999949e-01
-6.988999999999999657e-01
2.827999999999999958e-01
-5.151000000000000023e-01
9.814000000000000501e-01
4.914999999999999925e-01
-3.400000000000000244e-01
3.691999999999999726e-01
6.239000000000000101e-01
-8.114999999999999991e-01
5.890999999999999570e-01
-1.905000000000000027e-01
1.766000000000000070e-01
3.320000000000000173e-01
-9.798000000000000043e-01
-6.585999999999999632e-01
-6.947999999999999732e-01
6.701000000000000290e-01
-3.069999999999999951e-01
-4.559000000000000274e-01
8.256000000000000005e-01
5.072999999999999732e-01
1.928999999999999881e-01
1.854999999999999982e-01
9.048000000000000487e-01
-3.678000000000000158e-01
-4.146000000000000241e-01
-1.673000000000000043e-01
-8.641999999999999682e-01
-3.272999999999999798e-01
-4.413000000000000256e-01
2.449000000000000066e-01
2.500999999999999890e-01
6.719999999999999585e-02
-9.065999999999999615e-01
1.814000000000000057e-01
7.744999999999999662e-01
2.970999999999999752e-01
-6.903000000000000247e-01
5.709999999999999520e-01
-6.461999999999999966e-01
-1.008000000000000007e-01
8.104000000000000092e-01
-7.262999999999999456e-01
2.931000000000000272e-01
