6.168000000000000149e-01
-1.370000000000000037e-02
5.365999999999999659e-01
3.627000000000000224e-01
3.469999999999999751e-01
6.998999999999999666e-01
7.581999999999999851e-01
9.900999999999999801e-01
7.418000000000000149e-01
-9.199999999999999845e-03
5.645000000000000018e-01
4.497999999999999776e-01
-8.028999999999999471e-01
-4.849999999999999867e-01
1.319999999999999993e-02
-6.372999999999999776e-01
-2.920000000000000026e-02
-4.471999999999999864e-01
6.258000000000000229e-01
3.113000000000000211e-01
-9.432000000000000384e-01
2.343000000000000083e-01
-9.412000000000000366e-01
-7.100999999999999535e-01
-3.232999999999999763e-01
-3.849000000000000199e-01
-7.309999999999999831e-02
-6.068999999999999950e-01
-8.572999999999999510e-01
-1.945999999999999952e-01
3.886999999999999900e-01
-4.669999999999999846e-02
5.607999999999999652e-01
8.639999999999999902e-01
-6.471999999999999975e-01
-6.247000000000000330e-01
-3.106999999999999762e-01
2.651999999999999913e-01
-4.012999999999999901e-01
3.114999999999999991e-01
7.943999999999999950e-01
-4.811000000000000276e-01
3.135999999999999899e-01
7.597000000000000419e-01
-4.723999999999999866e-01
-5.050000000000000322e-02
-7.156000000000000139e-01
-2.388000000000000123e-01
-9.958000000000000185e-01
-9.049999999999999711e-02
-2.252000000000000113e-01
6.012999999999999456e-01
8.444000000000000394e-01
2.444000000000000061e-01
4.495000000000000107e-01
5.340000000000000302e-02
-8.720999999999999863e-01
-8.851999999999999869e-01
-4.123999999999999888e-01
1.244999999999999996e-01
5.905000000000000249e-01
7.832000000000000073e-01
-5.717999999999999750e-01
6.270000000000000018e-01
5.958999999999999853e-01
6.374999999999999556e-01
1.441999999999999948e-01
7.290000000000000646e-02
-2.016000000000000014e-01
4.954000000000000070e-01
-2.429000000000000048e-01
9.489999999999999825e-02
2.081999999999999962e-01
-5.250000000000000222e-01
9.651999999999999469e-01
-4.026000000000000134e-01
-4.497999999999999776e-01
-7.913000000000000034e-01
-7.655999999999999472e-01
5.844000000000000306e-01
-7.215000000000000302e-01
-1.389999999999999916e-02
-9.327999999999999625e-01
-5.935000000000000275e-01
-5.671000000000000485e-01
-3.906999999999999917e-01
-6.303999999999999604e-01
-9.352000000000000313e-01
-5.928999999999999826e-01
6.140999999999999792e-01
8.397000000000000020e-01
-6.509000000000000341e-01
6.474999999999999645e-01
-3.517000000000000126e-01
8.809000000000000163e-01
3.969999999999999918e-02
4.561000000000000054e-01
-3.472999999999999976e-01
1.726000000000000034e-01
-5.279999999999999971e-02
5.342999999999999972e-01
-4.461999999999999855e-01
-7.852999999999999980e-01
3.099999999999999978e-02
-5.782000000000000473e-01
-4.084999999999999742e-01
3.698000000000000176e-01
-7.538000000000000256e-01
-8.726000000000000423e-01
-8.660999999999999810e-01
-5.271000000000000130e-01
9.562000000000000499e-01
1.831000000000000127e-01
-2.867000000000000104e-01
3.991999999999999993e-01
-9.193999999999999950e-01
5.745999999999999996e-01
-3.113000000000000211e-01
-5.599999999999999943e-03
-7.016000000000000014e-01
-5.492000000000000215e-01
-5.570000000000000506e-01
-1.698000000000000065e-01
3.610000000000000014e-02
-9.890999999999999792e-01
1.176999999999999991e-01
-9.383000000000000229e-01
-3.592000000000000193e-01
2.162999999999999923e-01
-8.699999999999999400e-02
3.472000000000000086e-01
2.549999999999999836e-02
4.739999999999999769e-01
5.444999999999999840e-01
2.351000000000000034e-01
5.417999999999999483e-01
7.812999999999999945e-01
-5.091999999999999860e-01
8.474000000000000421e-01
9.598999999999999755e-01
5.829999999999999627e-01
-2.119999999999999940e-01
-9.786000000000000254e-01
3.947999999999999843e-01
-2.817000000000000060e-01
8.368999999999999773e-01
-5.669999999999999485e-01
2.487000000000000044e-01
5.845000000000000195e-01
-2.280000000000000082e-02
-9.510999999999999455e-01
3.549999999999999684e-02
-7.985999999999999766e-01
7.403999999999999471e-01
-9.491000000000000547e-01
6.040999999999999703e-01
6.651000000000000245e-01
7.533999999999999586e-01
8.647000000000000242e-01
9.030000000000000249e-01
-5.836999999999999966e-01
1.320999999999999952e-01
1.446999999999999953e-01
-8.099999999999999561e-03
-4.395999999999999908e-01
6.173999999999999488e-01
1.496000000000000107e-01
-9.752999999999999448e-01
-7.447000000000000286e-01
2.970999999999999752e-01
1.083999999999999964e-01
2.620000000000000107e-02
-5.552000000000000268e-01
8.858000000000000318e-01
-9.828000000000000069e-01
-4.373000000000000220e-01
-9.981999999999999762e-01
-5.220000000000000195e-01
2.189999999999999933e-02
2.692999999999999838e-01
-1.602000000000000091e-01
-9.435999999999999943e-01
2.776000000000000134e-01
-2.464000000000000079e-01
-7.584999999999999520e-01
1.509000000000000064e-01
-3.678000000000000158e-01
6.902000000000000357e-01
-7.750000000000000222e-01
7.441999999999999726e-01
-5.659999999999999476e-01
2.765000000000000235e-01
-8.098999999999999533e-01
-3.004999999999999893e-01
1.511000000000000121e-01
3.583000000000000074e-01
3.365000000000000213e-01
5.171000000000000041e-01
-2.136000000000000121e-01
2.912000000000000144e-01
6.932000000000000384e-01
-8.794999999999999485e-01
7.701000000000000068e-01
8.319999999999999618e-02
-3.459999999999999881e-02
6.382999999999999785e-01
-2.933999999999999941e-01
-8.769000000000000128e-01
7.798000000000000487e-01
5.499999999999999681e-03
-1.949999999999999997e-02
2.529000000000000137e-01
-6.243999999999999551e-01
-7.630000000000000115e-01
7.781000000000000139e-01
4.660000000000000253e-01
6.626999999999999558e-01
9.877000000000000224e-01
2.209000000000000130e-01
-2.127999999999999892e-01
2.262000000000000122e-01
-5.092999999999999750e-01
-9.644000000000000350e-01
-1.168000000000000010e-01
-7.712999999999999856e-01
5.907000000000000028e-01
-9.939000000000000057e-01
-2.262000000000000122e-01
-6.320000000000000062e-01
1.203000000000000042e-01
6.566999999999999504e-01
3.961999999999999966e-01
-5.148000000000000353e-01
8.399999999999999689e-01
2.053999999999999992e-01
-7.632999999999999785e-01
-5.232999999999999874e-01
3.524999999999999800e-01
-2.200000000000000133e-03
-4.956999999999999740e-01
1.920000000000000040e-01
-6.600000000000000311e-02
-7.070999999999999508e-01
-2.993000000000000105e-01
8.680999999999999828e-01
-4.625000000000000222e-01
-4.897000000000000242e-01
8.899000000000000243e-01
8.606000000000000316e-01
9.807000000000000162e-01
-7.694999999999999618e-01
-1.922000000000000097e-01
-8.752999999999999670e-01
