8.779000000000000137e-01
6.856999999999999762e-01
9.131000000000000227e-01
-8.396000000000000130e-01
1.242000000000000048e-01
7.199999999999999803e-03
-3.559999999999999970e-02
-8.818000000000000282e-01
1.768000000000000127e-01
3.048000000000000154e-01
-1.335000000000000075e-01
7.368000000000000105e-01
-5.262999999999999901e-01
-7.819000000000000394e-01
7.096999999999999975e-01
8.667000000000000259e-01
-5.694000000000000172e-01
9.095999999999999641e-01
-8.025999999999999801e-01
8.995999999999999552e-01
-2.622999999999999776e-01
9.784000000000000474e-01
-5.370000000000000329e-01
-7.927999999999999492e-01
1.605999999999999928e-01
-8.722999999999999643e-01
-1.385000000000000120e-01
6.766999999999999682e-01
7.328999999999999959e-01
-1.063999999999999946e-01
1.179999999999999973e-02
-2.470999999999999863e-01
9.983999999999999542e-01
-4.250000000000000305e-02
-5.299999999999999850e-02
2.260000000000000064e-01
-4.017999999999999905e-01
1.841000000000000136e-01
4.022000000000000020e-01
9.479999999999999538e-01
-7.297000000000000153e-01
7.990000000000000435e-01
-6.854999999999999982e-01
9.586999999999999966e-01
-5.659999999999999754e-02
-6.635999999999999677e-01
-6.148000000000000131e-01
-3.232999999999999763e-01
8.652999999999999581e-01
-8.522999999999999465e-01
8.309999999999999332e-02
-5.397999999999999465e-01
7.756999999999999451e-01
-2.257000000000000117e-01
6.985999999999999988e-01
8.849999999999999534e-02
7.420999999999999819e-01
7.226000000000000201e-01
-7.629000000000000226e-01
-3.902999999999999803e-01
5.995000000000000329e-01
7.269999999999999796e-01
2.396000000000000074e-01
-5.877999999999999892e-01
-6.250999999999999890e-01
8.639000000000000012e-01
8.347999999999999865e-01
-1.283999999999999864e-01
8.377000000000000002e-01
-3.065999999999999837e-01
5.657999999999999696e-01
4.479999999999999954e-02
-2.712999999999999856e-01
8.383000000000000451e-01
7.994999999999999885e-01
7.105000000000000204e-01
6.683999999999999941e-01
1.602999999999999980e-01
-7.033000000000000362e-01
-9.667000000000000037e-01
5.984000000000000430e-01
7.489999999999999991e-01
-2.572999999999999732e-01
-8.629000000000000004e-01
1.426999999999999935e-01
-1.880000000000000004e-01
7.639999999999999569e-02
-8.506000000000000227e-01
-2.686000000000000054e-01
4.892000000000000237e-01
-4.676000000000000156e-01
-7.691999999999999948e-01
-4.714999999999999747e-01
-9.365999999999999881e-01
-9.398999999999999577e-01
-1.603999999999999870e-01
-6.683999999999999941e-01
6.619000000000000439e-01
-6.563999999999999835e-01
-2.152999999999999914e-01
3.540000000000000091e-02
8.001000000000000334e-01
5.353999999999999870e-01
-1.421000000000000041e-01
4.189999999999999974e-02
9.328999999999999515e-01
1.907000000000000084e-01
3.879000000000000226e-01
7.553999999999999604e-01
-4.536000000000000032e-01
9.647999999999999909e-01
8.729000000000000092e-01
-6.062999999999999501e-01
8.870000000000000107e-01
-6.048999999999999932e-01
-1.804999999999999938e-01
2.889999999999999791e-01
3.427000000000000046e-01
9.580999999999999517e-01
-1.290000000000000036e-01
5.638999999999999568e-01
-5.436999999999999611e-01
-3.496000000000000218e-01
2.513000000000000234e-01
-7.098999999999999755e-01
-1.078000000000000069e-01
-1.510000000000000057e-02
-2.807999999999999940e-01
-2.544000000000000150e-01
2.177999999999999936e-01
1.910999999999999921e-01
2.026999999999999913e-01
7.095000000000000195e-01
-5.680000000000000326e-02
8.000000000000000167e-02
-3.315000000000000169e-01
4.606000000000000094e-01
-3.018000000000000127e-01
1.338999999999999913e-01
-3.916000000000000036e-01
6.535999999999999588e-01
-8.014000000000000012e-01
8.437999999999999945e-01
1.949999999999999997e-02
2.580999999999999961e-01
7.123000000000000442e-01
6.253999999999999559e-01
-1.935000000000000053e-01
-7.985999999999999766e-01
8.786000000000000476e-01
-5.423999999999999932e-01
7.540000000000000036e-01
-2.661999999999999922e-01
9.939000000000000057e-01
-5.059999999999999915e-02
-4.994999999999999996e-01
2.371000000000000052e-01
-8.615000000000000435e-01
7.177999999999999936e-01
-4.225999999999999757e-01
-5.414999999999999813e-01
-6.028000000000000025e-01
-7.507000000000000339e-01
-4.703999999999999848e-01
6.332999999999999741e-01
1.034999999999999948e-01
-8.669000000000000039e-01
-6.690000000000000391e-01
4.011000000000000121e-01
2.659999999999999865e-02
-7.421999999999999709e-01
-8.629000000000000004e-01
2.051000000000000045e-01
-4.575000000000000178e-01
1.136000000000000065e-01
7.027999999999999803e-01
8.074000000000000066e-01
-6.398000000000000353e-01
2.539000000000000146e-01
-1.247999999999999943e-01
-4.581999999999999962e-01
-8.354000000000000314e-01
-5.947000000000000064e-01
-3.315000000000000169e-01
7.715999999999999526e-01
6.710000000000000686e-02
5.351000000000000201e-01
-5.947000000000000064e-01
-7.870000000000000329e-01
-8.614000000000000545e-01
-1.214999999999999969e-01
9.583000000000000407e-01
-2.421000000000000096e-01
3.227999999999999758e-01
-8.283000000000000362e-01
-6.262999999999999678e-01
7.491999999999999771e-01
-3.906000000000000028e-01
-7.999000000000000554e-01
-8.506000000000000227e-01
-1.406000000000000028e-01
4.440999999999999948e-01
7.571999999999999842e-01
7.185000000000000275e-01
-7.983999999999999986e-01
8.449999999999999734e-01
-3.005999999999999783e-01
4.395000000000000018e-01
-2.179000000000000103e-01
-9.435000000000000053e-01
1.948999999999999899e-01
5.309000000000000385e-01
5.954000000000000403e-01
-4.545000000000000151e-01
-8.372000000000000552e-01
-1.862000000000000044e-01
-6.449000000000000288e-01
6.736999999999999655e-01
-3.558000000000000052e-01
-9.536000000000000032e-01
4.716000000000000192e-01
9.693000000000000504e-01
-5.593000000000000194e-01
-5.349000000000000421e-01
6.850000000000000533e-01
-6.028999999999999915e-01
5.718999999999999639e-01
4.723999999999999866e-01
-1.125000000000000028e-01
7.873999999999999888e-01
7.547000000000000375e-01
-7.163000000000000478e-01
-4.811000000000000276e-01
3.184000000000000163e-01
-2.330000000000000127e-02
5.414999999999999813e-01
7.259999999999999787e-02
-5.921999999999999487e-01
4.747999999999999998e-01
-1.650000000000000078e-01
1.016999999999999987e-01
1.713999999999999968e-01
-9.751999999999999558e-01
-6.606999999999999540e-01
-4.621999999999999997e-01
-9.644000000000000350e-01
8.997000000000000552e-01
8.868000000000000327e-01
-9.909000000000000030e-01
9.899000000000000021e-01
-5.916000000000000147e-01
-3.493999999999999884e-01
-6.311999999999999833e-01
