5.285999999999999588e-01
4.084999999999999742e-01
7.327000000000000179e-01
-5.792000000000000481e-01
-4.610000000000000209e-01
8.401999999999999469e-01
6.310000000000000331e-02
1.656999999999999862e-01
-8.569999999999999840e-01
-2.359999999999999876e-01
-6.258000000000000229e-01
-1.091000000000000025e-01
-8.490000000000000324e-02
-8.681999999999999718e-01
6.481999999999999984e-01
7.581999999999999851e-01
-5.657999999999999696e-01
9.990999999999999881e-01
-7.739999999999999658e-02
8.175000000000000044e-01
-2.366000000000000048e-01
-3.357999999999999874e-01
-2.726999999999999980e-01
-1.226000000000000006e-01
3.617000000000000215e-01
-2.586999999999999855e-01
-4.623999999999999777e-01
-6.371999999999999886e-01
-7.796999999999999487e-01
1.018000000000000016e-01
2.321000000000000008e-01
8.474000000000000421e-01
-6.198000000000000176e-01
3.209000000000000186e-01
-3.482000000000000095e-01
-4.799999999999999822e-01
6.553999999999999826e-01
6.213999999999999524e-01
1.378999999999999948e-01
-1.676999999999999880e-01
9.114999999999999769e-01
5.081999999999999851e-01
1.057000000000000023e-01
4.859999999999999876e-01
7.620000000000000107e-01
5.750999999999999446e-01
2.258999999999999897e-01
1.642000000000000126e-01
-1.620999999999999941e-01
7.255000000000000338e-01
5.342999999999999972e-01
1.494999999999999940e-01
-7.631999999999999895e-01
-8.766000000000000458e-01
9.366999999999999771e-01
1.532000000000000028e-01
-1.743999999999999995e-01
-2.134999999999999953e-01
5.536999999999999700e-01
-3.709000000000000075e-01
8.223000000000000309e-01
-3.395000000000000240e-01
3.799999999999999906e-02
9.717000000000000082e-01
6.706999999999999629e-01
1.433000000000000107e-01
-4.328000000000000180e-01
-3.499999999999999778e-01
-1.864999999999999991e-01
5.419999999999999818e-02
-3.768000000000000238e-01
3.373999999999999777e-01
-4.087000000000000077e-01
-5.777999999999999803e-01
3.840000000000000080e-01
3.032000000000000250e-01
6.035000000000000364e-01
3.376000000000000112e-01
-2.973999999999999977e-01
7.887999999999999456e-01
-4.768999999999999906e-01
-9.459999999999999520e-01
-6.520000000000000240e-01
-6.819999999999999674e-02
6.250000000000000000e-01
4.193999999999999950e-01
-6.713999999999999968e-01
8.364000000000000323e-01
1.035999999999999976e-01
-5.677999999999999714e-01
3.619999999999999885e-01
2.096000000000000085e-01
-4.299999999999999933e-01
-9.510000000000000397e-02
-3.015999999999999792e-01
-7.591999999999999860e-01
-1.112999999999999962e-01
-7.799999999999999989e-02
8.889000000000000234e-01
4.667000000000000037e-01
7.924999999999999822e-01
4.794999999999999818e-01
7.119999999999999940e-02
1.285000000000000031e-01
-1.806000000000000105e-01
-7.439999999999999392e-02
-5.239000000000000323e-01
-4.703999999999999848e-01
8.465000000000000302e-01
1.232000000000000040e-01
-4.842000000000000193e-01
-1.695000000000000118e-01
3.328999999999999737e-01
-8.416000000000000147e-01
-4.554000000000000270e-01
-8.642999999999999572e-01
7.889000000000000457e-01
-6.869999999999999718e-02
-2.822000000000000064e-01
-6.246000000000000441e-01
5.901999999999999469e-01
3.173000000000000265e-01
-9.758999999999999897e-01
-7.438000000000000167e-01
2.779999999999999832e-02
-6.264999999999999458e-01
-5.184999999999999609e-01
-6.129000000000000004e-01
7.895999999999999686e-01
1.019000000000000045e-01
-1.959999999999999937e-02
-9.098000000000000531e-01
8.862999999999999767e-01
-2.214000000000000135e-01
6.702000000000000179e-01
-1.539999999999999980e-01
9.167999999999999483e-01
3.916999999999999926e-01
-2.669000000000000261e-01
6.231999999999999762e-01
-6.669999999999999540e-02
1.607999999999999985e-01
-6.231999999999999762e-01
-9.580999999999999517e-01
5.009999999999999870e-02
-4.142000000000000126e-01
8.931000000000000050e-01
-1.640999999999999959e-01
-8.048999999999999488e-01
-6.289999999999999758e-02
5.247000000000000552e-01
-6.246000000000000441e-01
-4.928000000000000158e-01
-1.398999999999999966e-01
8.709000000000000075e-01
2.131000000000000116e-01
-7.456000000000000405e-01
-4.010000000000000231e-01
6.965000000000000080e-01
-5.890000000000000097e-02
-6.445999999999999508e-01
1.928999999999999881e-01
3.790000000000000036e-01
2.013999999999999957e-01
-5.844000000000000306e-01
-6.930000000000000049e-02
-6.729000000000000536e-01
4.713999999999999857e-01
4.213000000000000078e-01
-7.250999999999999668e-01
-3.958999999999999742e-01
-5.534000000000000030e-01
-1.786000000000000087e-01
-6.122999999999999554e-01
-9.154999999999999805e-01
-7.963000000000000078e-01
-7.427000000000000268e-01
8.358999999999999764e-01
-7.862000000000000099e-01
1.180999999999999966e-01
-9.929000000000000048e-01
4.762000000000000122e-01
7.327000000000000179e-01
-8.450000000000000566e-02
-6.899999999999999467e-01
8.278999999999999693e-01
5.444999999999999840e-01
-2.260000000000000064e-01
-3.554999999999999827e-01
4.007000000000000006e-01
-9.985000000000000542e-01
7.829999999999999460e-02
8.229999999999999816e-02
4.894000000000000017e-01
4.601999999999999980e-01
4.729999999999999760e-01
6.935999999999999943e-01
-6.579999999999999738e-02
4.179999999999999688e-02
-4.245999999999999774e-01
9.777000000000000135e-01
-3.564999999999999836e-01
4.265999999999999792e-01
-1.650999999999999968e-01
4.351999999999999758e-01
4.114999999999999769e-01
8.903999999999999693e-01
-2.460000000000000034e-02
5.254999999999999671e-01
3.932999999999999829e-01
-4.214999999999999858e-01
6.116000000000000325e-01
-2.457000000000000017e-01
2.479999999999999913e-02
-3.739000000000000101e-01
-1.834999999999999964e-01
-7.710000000000000187e-01
-4.920000000000000068e-02
-8.880000000000000115e-01
-4.429000000000000159e-01
-7.688000000000000389e-01
8.010000000000000453e-01
-8.619999999999999885e-02
7.697000000000000508e-01
8.364000000000000323e-01
2.811000000000000165e-01
-4.289000000000000035e-01
-8.532999999999999474e-01
3.217999999999999750e-01
-5.489000000000000545e-01
-6.404999999999999583e-01
1.698000000000000065e-01
9.791999999999999593e-01
6.670000000000000373e-01
2.728999999999999759e-01
3.714000000000000079e-01
-2.909999999999999809e-01
-5.283999999999999808e-01
8.820000000000000062e-02
7.425000000000000488e-01
-1.739999999999999880e-02
-8.283000000000000362e-01
-1.443000000000000116e-01
-2.949999999999999845e-02
-2.872999999999999998e-01
2.605999999999999983e-01
-3.709000000000000075e-01
2.848999999999999866e-01
2.985999999999999766e-01
-6.056000000000000272e-01
2.829999999999999877e-02
3.113000000000000211e-01
-5.183999999999999719e-01
