-4.234999999999999876e-01
5.516999999999999682e-01
-8.524000000000000465e-01
-5.079000000000000181e-01
3.451000000000000179e-01
6.480000000000000204e-01
1.930000000000000049e-01
-9.499999999999999764e-03
5.123999999999999666e-01
5.235999999999999543e-01
-2.099999999999999870e-03
-9.667999999999999927e-01
-8.781999999999999806e-01
-7.317000000000000171e-01
-4.159999999999999809e-02
-5.808999999999999719e-01
4.760000000000000342e-02
-4.724999999999999756e-01
-7.315000000000000391e-01
1.223999999999999949e-01
-7.045000000000000151e-01
7.514999999999999458e-01
9.048000000000000487e-01
-2.029999999999999860e-02
-3.387999999999999901e-01
-6.889999999999999458e-01
-5.590000000000000524e-01
6.108000000000000096e-01
-7.367000000000000215e-01
-3.069999999999999951e-01
5.050000000000000322e-02
-6.281999999999999806e-01
4.479999999999999954e-02
5.172999999999999821e-01
5.453999999999999959e-01
8.501999999999999558e-01
-5.169000000000000261e-01
-5.911999999999999478e-01
-4.340999999999999859e-01
-3.093000000000000194e-01
-1.479999999999999927e-01
8.535000000000000364e-01
-1.140000000000000041e-01
6.030999999999999694e-01
-3.084000000000000075e-01
3.627000000000000224e-01
1.100000000000000006e-01
2.116000000000000103e-01
-9.957000000000000295e-01
-7.819000000000000394e-01
-6.146000000000000352e-01
3.557000000000000162e-01
-8.126999999999999780e-01
1.179999999999999973e-02
-1.612000000000000099e-01
7.408000000000000140e-01
9.896000000000000352e-01
3.146999999999999797e-01
-6.787999999999999590e-01
8.542999999999999483e-01
5.703000000000000291e-01
-6.240999999999999881e-01
-9.250000000000000444e-01
-1.200999999999999984e-01
3.267999999999999794e-01
-4.900999999999999801e-01
3.154000000000000137e-01
-8.339999999999999636e-01
3.910000000000000142e-01
5.319999999999999729e-02
-7.067999999999999838e-01
-5.520000000000000462e-01
-6.121999999999999664e-01
7.749999999999999944e-02
6.135000000000000453e-01
3.452000000000000068e-01
6.017000000000000126e-01
3.857999999999999763e-01
-4.413000000000000256e-01
4.032000000000000028e-01
-2.535999999999999921e-01
6.741000000000000325e-01
7.470000000000000251e-02
-5.873000000000000442e-01
-4.888000000000000123e-01
-6.303999999999999604e-01
-9.003999999999999782e-01
-3.450000000000000289e-02
-1.069999999999999944e-02
4.842000000000000193e-01
6.155000000000000471e-01
9.455000000000000071e-01
7.439999999999999392e-02
3.348999999999999755e-01
6.483999999999999764e-01
-3.771999999999999797e-01
1.048999999999999932e-01
-7.483999999999999542e-01
-1.335999999999999965e-01
-5.169000000000000261e-01
-8.557000000000000162e-01
-9.290000000000000480e-01
-7.691000000000000059e-01
-3.297999999999999821e-01
-9.210000000000000131e-02
-5.704000000000000181e-01
5.745000000000000107e-01
6.856999999999999762e-01
-5.329000000000000403e-01
-6.334999999999999520e-01
6.652000000000000135e-01
6.621000000000000218e-01
-4.133999999999999897e-01
4.122999999999999998e-01
-5.155999999999999472e-01
-7.620999999999999996e-01
-2.650000000000000133e-01
-6.344999999999999529e-01
1.671999999999999875e-01
-3.366999999999999993e-01
3.549999999999999822e-01
-2.386000000000000065e-01
-6.767999999999999572e-01
-1.222000000000000031e-01
7.658000000000000362e-01
7.900000000000000772e-03
-6.774999999999999911e-01
9.587999999999999856e-01
5.836999999999999966e-01
-3.504999999999999782e-01
4.002999999999999892e-01
2.404000000000000026e-01
7.745999999999999552e-01
-6.545999999999999597e-01
-1.890999999999999903e-01
-9.859999999999999321e-02
-3.815999999999999948e-01
-5.622000000000000330e-01
-2.899999999999999800e-01
-7.632999999999999785e-01
-6.236000000000000432e-01
9.524000000000000243e-01
6.580000000000000293e-01
-2.641999999999999904e-01
-1.411999999999999922e-01
-3.483999999999999875e-01
1.764999999999999902e-01
-8.250000000000000389e-02
9.639999999999999958e-02
6.696999999999999620e-01
3.704000000000000070e-01
7.765999999999999570e-01
-8.944999999999999618e-01
-2.259999999999999856e-02
1.820000000000000090e-02
-6.306000000000000494e-01
3.360000000000000209e-01
-9.838000000000000078e-01
2.220999999999999919e-01
9.372000000000000330e-01
9.123999999999999888e-01
4.400000000000000022e-01
9.966000000000000414e-01
-2.394999999999999907e-01
6.415999999999999481e-01
9.650999999999999579e-01
-1.209999999999999964e-02
7.890000000000000346e-01
-2.109000000000000041e-01
9.919999999999999651e-02
2.795000000000000262e-01
-2.378000000000000114e-01
-2.520999999999999908e-01
-8.978000000000000425e-01
6.563999999999999835e-01
2.504000000000000115e-01
-4.000000000000000192e-04
-1.963999999999999913e-01
-2.707999999999999852e-01
-8.042000000000000259e-01
-1.093999999999999972e-01
-3.504999999999999782e-01
-6.498000000000000442e-01
-9.889999999999999902e-01
-1.778000000000000136e-01
7.006999999999999895e-01
-2.711000000000000076e-01
-3.899999999999999994e-02
-5.729999999999999538e-01
-3.817999999999999727e-01
-2.018999999999999961e-01
5.209000000000000297e-01
6.683000000000000052e-01
-1.287000000000000088e-01
3.048000000000000154e-01
2.182999999999999940e-01
8.938000000000000389e-01
-5.925000000000000266e-01
6.114000000000000545e-01
-2.215000000000000024e-01
7.814999999999999725e-01
-9.096999999999999531e-01
-1.049999999999999961e-01
5.480000000000000426e-01
-3.483999999999999875e-01
7.305000000000000382e-01
-2.560000000000000123e-02
9.243000000000000105e-01
-3.664000000000000035e-01
2.460000000000000034e-02
-7.589999999999999525e-02
8.935999999999999499e-01
-3.975000000000000200e-01
2.409999999999999989e-02
-7.838000000000000522e-01
2.939999999999999905e-02
-6.679000000000000492e-01
-5.348000000000000531e-01
8.395000000000000240e-01
9.674000000000000377e-01
3.226999999999999869e-01
5.263999999999999790e-01
-7.090999999999999526e-01
8.100000000000000255e-02
9.996000000000000441e-01
9.315999999999999837e-01
5.386999999999999567e-01
-6.569999999999999452e-02
3.195000000000000062e-01
-7.035000000000000142e-01
-7.265000000000000346e-01
6.602999999999999980e-01
-5.361000000000000210e-01
-1.250000000000000069e-02
4.229999999999999871e-01
1.155000000000000054e-01
8.969000000000000306e-01
3.610000000000000014e-02
-4.929999999999999938e-01
-3.456000000000000183e-01
7.199999999999999456e-02
8.911000000000000032e-01
3.209000000000000186e-01
8.000000000000000444e-01
-5.173999999999999710e-01
-1.933999999999999886e-01
-9.224999999999999867e-01
1.083999999999999964e-01
8.981000000000000094e-01
-1.398999999999999966e-01
-3.620000000000000301e-02
5.295999999999999597e-01
-9.900000000000000466e-02
