-5.888999999999999790e-01
9.386999999999999789e-01
8.277999999999999803e-01
-5.491000000000000325e-01
-9.660000000000000531e-02
-1.393999999999999961e-01
-7.423999999999999488e-01
-1.973000000000000032e-01
-3.725999999999999868e-01
-6.211999999999999744e-01
-5.250000000000000222e-01
8.846000000000000529e-01
8.018999999999999462e-01
-9.715000000000000302e-01
-8.880000000000000393e-02
5.311000000000000165e-01
-5.890999999999999570e-01
-1.469999999999999918e-01
-8.682999999999999607e-01
-4.924000000000000044e-01
9.921999999999999709e-01
8.256999999999999895e-01
-4.544000000000000261e-01
5.048000000000000265e-01
-7.972000000000000197e-01
-7.173000000000000487e-01
8.665000000000000480e-01
-5.442000000000000171e-01
1.539000000000000090e-01
-6.616999999999999549e-01
6.006000000000000227e-01
-1.300000000000000044e-01
-1.758000000000000118e-01
4.617999999999999883e-01
9.244999999999999885e-01
6.969999999999999529e-01
2.972000000000000197e-01
9.365999999999999881e-01
4.430999999999999939e-01
-8.319999999999999618e-01
-1.623999999999999888e-01
-1.557000000000000051e-01
9.728999999999999870e-01
-6.312999999999999723e-01
9.193999999999999950e-01
7.002000000000000446e-01
6.586999999999999522e-01
8.397999999999999909e-01
9.609999999999999654e-01
7.572999999999999732e-01
-7.754999999999999671e-01
1.628999999999999893e-01
-2.089000000000000024e-01
-5.597999999999999643e-01
-7.691000000000000059e-01
-4.117999999999999994e-01
7.211999999999999522e-01
3.563000000000000056e-01
5.189000000000000279e-01
5.689999999999999503e-01
8.350999999999999535e-01
5.815000000000000169e-01
6.484999999999999654e-01
-7.480000000000000537e-02
1.169000000000000039e-01
-7.175000000000000266e-01
-7.720000000000000473e-02
8.947000000000000508e-01
4.103999999999999870e-01
-8.300000000000000433e-02
4.486999999999999877e-01
-1.489000000000000046e-01
7.399000000000000021e-01
9.177999999999999492e-01
1.542000000000000037e-01
-4.321999999999999731e-01
6.985000000000000098e-01
-2.346999999999999920e-01
-4.545000000000000151e-01
-8.225000000000000089e-01
6.346000000000000529e-01
4.321999999999999731e-01
-5.594000000000000083e-01
2.152999999999999914e-01
6.937999999999999723e-01
-4.655000000000000249e-01
7.582999999999999741e-01
3.578000000000000069e-01
9.226999999999999647e-01
-1.076000000000000012e-01
-1.469999999999999918e-01
-2.429000000000000048e-01
-1.879000000000000115e-01
-5.390000000000000346e-02
1.328000000000000014e-01
-7.996999999999999664e-01
-9.802999999999999492e-01
8.747000000000000330e-01
5.670000000000000040e-02
7.986999999999999655e-01
-1.837999999999999912e-01
5.419000000000000483e-01
-7.298000000000000043e-01
-4.565000000000000169e-01
-1.760000000000000106e-02
-6.444999999999999618e-01
-9.569999999999999341e-02
-4.581999999999999962e-01
8.722999999999999643e-01
1.584000000000000130e-01
-5.432000000000000162e-01
8.854999999999999538e-01
7.602999999999999758e-01
3.246999999999999886e-01
6.288000000000000256e-01
-1.280999999999999917e-01
7.057999999999999829e-01
8.609999999999999598e-02
-5.724000000000000199e-01
-3.170000000000000040e-01
4.940999999999999837e-01
6.086000000000000298e-01
-6.495999999999999552e-01
-2.249999999999999917e-02
3.679999999999999938e-01
8.122000000000000330e-01
-5.767999999999999794e-01
8.269999999999999574e-02
-6.712000000000000188e-01
4.079999999999999738e-01
-1.244999999999999996e-01
-2.170999999999999874e-01
3.119999999999999996e-01
2.331000000000000016e-01
5.103999999999999648e-01
6.215000000000000524e-01
5.998999999999999888e-01
4.399999999999999745e-02
-3.500000000000000333e-02
8.780000000000000304e-02
-9.903999999999999471e-01
1.491000000000000103e-01
-1.430000000000000021e-02
8.733999999999999542e-01
6.379000000000000226e-01
-3.427999999999999936e-01
-2.111000000000000099e-01
-6.957999999999999741e-01
5.891999999999999460e-01
-1.376000000000000001e-01
-3.973999999999999755e-01
-3.986999999999999988e-01
-5.703000000000000291e-01
-4.264999999999999902e-01
1.812999999999999889e-01
6.303999999999999604e-01
-3.588000000000000078e-01
-5.203999999999999737e-01
-3.487000000000000099e-01
-3.914000000000000257e-01
-9.701999999999999513e-01
-5.338000000000000522e-01
3.590000000000000135e-02
-7.989000000000000545e-01
-8.202000000000000401e-01
-4.229999999999999732e-02
1.100000000000000066e-03
6.121999999999999664e-01
5.956000000000000183e-01
9.203000000000000069e-01
-5.628999999999999559e-01
-6.279000000000000137e-01
6.330999999999999961e-01
2.373000000000000109e-01
8.770000000000000018e-01
8.383000000000000451e-01
9.979999999999999982e-01
-8.685000000000000497e-01
-6.981000000000000538e-01
7.295000000000000373e-01
-4.697000000000000064e-01
-9.657999999999999918e-01
-1.080000000000000057e-02
-4.153000000000000025e-01
-6.129000000000000004e-01
-6.629000000000000448e-01
5.391000000000000236e-01
9.960999999999999854e-01
4.789999999999999813e-01
-5.500000000000000028e-02
2.006999999999999895e-01
-9.988000000000000211e-01
4.741000000000000214e-01
-2.303000000000000047e-01
-6.816999999999999726e-01
1.366999999999999882e-01
-6.629999999999999782e-02
6.230999999999999872e-01
8.245000000000000107e-01
-6.653999999999999915e-01
-1.708999999999999964e-01
-2.005000000000000115e-01
2.222000000000000086e-01
1.975000000000000089e-01
4.431999999999999829e-01
8.222000000000000419e-01
-6.760000000000000453e-01
1.050000000000000065e-02
-2.348999999999999977e-01
2.202000000000000068e-01
8.426000000000000156e-01
6.308000000000000274e-01
9.900000000000000466e-02
-7.634999999999999565e-01
5.577999999999999625e-01
6.541000000000000147e-01
-7.773999999999999799e-01
-4.762000000000000122e-01
-4.062000000000000055e-01
8.218999999999999639e-01
-5.766999999999999904e-01
-6.927999999999999714e-01
-7.930000000000000382e-01
-4.793000000000000038e-01
-9.798000000000000043e-01
-3.297999999999999821e-01
6.441999999999999948e-01
1.743000000000000105e-01
-6.586999999999999522e-01
7.842000000000000082e-01
4.018999999999999795e-01
-7.375000000000000444e-01
-9.337999999999999634e-01
-8.891999999999999904e-01
-4.929999999999999938e-01
5.219000000000000306e-01
9.835000000000000409e-01
2.706000000000000072e-01
-4.545000000000000151e-01
8.100000000000000533e-01
-5.836000000000000076e-01
-1.034000000000000058e-01
4.148000000000000020e-01
-2.637999999999999790e-01
5.946000000000000174e-01
-1.460000000000000013e-02
-2.610000000000000098e-01
-4.259000000000000008e-01
-4.176000000000000267e-01
-1.811000000000000110e-01
-6.675999999999999712e-01
1.872999999999999943e-01
7.097999999999999865e-01
