-6.715999999999999748e-01
2.518000000000000238e-01
-3.160999999999999921e-01
-3.449999999999999734e-01
-6.656999999999999584e-01
2.157000000000000028e-01
-9.070000000000000284e-02
3.857999999999999763e-01
-4.537999999999999812e-01
6.068999999999999950e-01
6.008000000000000007e-01
-2.439000000000000057e-01
-3.020999999999999797e-01
-9.375999999999999890e-01
4.313000000000000167e-01
-8.923999999999999710e-01
6.209000000000000075e-01
4.554000000000000270e-01
-9.788000000000000034e-01
1.381999999999999895e-01
-9.210000000000000409e-01
-2.708999999999999742e-01
4.818999999999999950e-01
-9.522000000000000464e-01
3.750000000000000000e-01
-4.190999999999999726e-01
4.375999999999999890e-01
-8.508999999999999897e-01
2.245000000000000051e-01
7.782999999999999918e-01
4.652000000000000024e-01
-8.157999999999999696e-01
7.570000000000000340e-02
-6.039999999999999813e-01
2.989999999999999949e-02
5.782000000000000473e-01
9.468999999999999639e-01
2.434999999999999942e-01
-6.540000000000000258e-01
-7.801000000000000156e-01
-7.921000000000000263e-01
6.556999999999999496e-01
6.281999999999999806e-01
-3.318999999999999728e-01
8.595000000000000417e-01
9.095999999999999641e-01
-9.576000000000000068e-01
8.424000000000000377e-01
3.429999999999999716e-02
6.815999999999999837e-01
-4.028999999999999804e-01
-6.515999999999999570e-01
-1.948000000000000009e-01
-8.582999999999999519e-01
-2.165999999999999870e-01
7.413999999999999480e-01
-3.119999999999999996e-01
6.211999999999999744e-01
-2.844999999999999751e-01
6.870000000000000551e-01
9.876000000000000334e-01
-9.765000000000000346e-01
8.129999999999999727e-02
6.497000000000000552e-01
-2.727999999999999869e-01
-8.921000000000000041e-01
7.265000000000000346e-01
-8.024000000000000021e-01
7.665999999999999481e-01
-2.859999999999999765e-01
1.116999999999999937e-01
1.565999999999999892e-01
-9.152000000000000135e-01
-7.109999999999999654e-01
1.279000000000000137e-01
1.170999999999999958e-01
4.744999999999999774e-01
5.606999999999999762e-01
1.486000000000000099e-01
8.507000000000000117e-01
-6.120999999999999774e-01
-2.680000000000000090e-02
-3.577000000000000179e-01
1.862000000000000044e-01
3.501000000000000223e-01
-1.572999999999999954e-01
3.144000000000000128e-01
-8.632999999999999563e-01
7.900000000000000078e-02
-7.085000000000000187e-01
8.365000000000000213e-01
3.317999999999999838e-01
-1.713999999999999968e-01
2.661000000000000032e-01
-2.489000000000000101e-01
6.995000000000000107e-01
7.416000000000000369e-01
9.641999999999999460e-01
7.078999999999999737e-01
4.662999999999999923e-01
-1.287999999999999978e-01
-4.106000000000000205e-01
4.280999999999999805e-01
6.731000000000000316e-01
-7.338000000000000078e-01
5.937999999999999945e-01
3.568999999999999950e-01
5.709999999999999798e-02
-9.666000000000000147e-01
3.839000000000000190e-01
-4.000000000000000192e-04
-1.918999999999999873e-01
-3.458999999999999853e-01
-9.011000000000000121e-01
-2.500999999999999890e-01
7.509000000000000119e-01
9.950000000000000511e-02
-9.426999999999999824e-01
8.891000000000000014e-01
1.496999999999999997e-01
1.885000000000000009e-01
6.965000000000000080e-01
1.524000000000000077e-01
4.865999999999999770e-01
7.439999999999999392e-02
-6.316000000000000503e-01
-8.078999999999999515e-01
-2.575999999999999956e-01
-9.651999999999999469e-01
8.746000000000000441e-01
5.629999999999999449e-01
1.796999999999999986e-01
1.517999999999999905e-01
4.297000000000000264e-01
-8.019999999999999352e-02
-8.683999999999999497e-01
-1.168000000000000010e-01
2.594000000000000195e-01
-4.275999999999999801e-01
8.175999999999999934e-01
-1.390000000000000124e-01
-9.999000000000000110e-01
-4.509000000000000230e-01
1.058999999999999941e-01
5.453999999999999959e-01
1.305000000000000049e-01
-3.965000000000000191e-01
-8.298999999999999710e-01
6.593999999999999861e-01
-6.569000000000000394e-01
4.143999999999999906e-01
2.762999999999999901e-01
-8.317999999999999838e-01
4.925999999999999823e-01
-5.239000000000000323e-01
-1.814000000000000057e-01
-4.305999999999999828e-01
-8.989999999999999380e-02
-6.804000000000000048e-01
-6.432999999999999829e-01
-7.959000000000000519e-01
8.778000000000000247e-01
-7.282999999999999474e-01
2.454999999999999960e-01
5.433999999999999941e-01
-4.989000000000000101e-01
-9.798000000000000043e-01
-2.295000000000000095e-01
8.945999999999999508e-01
3.000999999999999779e-01
-5.979999999999999760e-01
4.037000000000000033e-01
-7.810000000000000275e-02
-4.844999999999999862e-01
2.675000000000000155e-01
6.226000000000000423e-01
-8.326999999999999957e-01
-7.236000000000000210e-01
1.192000000000000004e-01
6.640000000000000069e-02
-8.928000000000000380e-01
3.519999999999999796e-01
3.987999999999999878e-01
5.607999999999999652e-01
-9.063999999999999835e-01
2.994999999999999885e-01
-1.381000000000000005e-01
9.116999999999999549e-01
9.559999999999999609e-01
-7.897999999999999465e-01
3.749999999999999861e-02
8.999999999999999320e-03
9.442000000000000393e-01
-4.124999999999999778e-01
-8.588000000000000078e-01
-8.617000000000000215e-01
3.139000000000000123e-01
8.690999999999999837e-01
1.565000000000000002e-01
8.949999999999999623e-02
5.534000000000000030e-01
-9.709999999999999742e-01
8.648000000000000131e-01
4.359000000000000097e-01
1.957000000000000128e-01
4.834999999999999853e-01
-9.798000000000000043e-01
-7.252999999999999448e-01
-3.506000000000000227e-01
2.020000000000000129e-01
6.614999999999999769e-01
-2.800000000000000058e-02
6.274999999999999467e-01
9.810999999999999721e-01
5.420000000000000373e-01
5.108000000000000318e-01
5.714000000000000190e-01
-7.724999999999999645e-01
-9.563000000000000389e-01
-2.630000000000000115e-01
1.826000000000000123e-01
3.050999999999999823e-01
2.235999999999999932e-01
-7.066999999999999948e-01
1.021999999999999992e-01
-1.960999999999999965e-01
-7.230000000000000315e-02
-5.302000000000000046e-01
-8.542999999999999483e-01
7.801000000000000156e-01
-9.520999999999999464e-01
1.159000000000000030e-01
7.771000000000000130e-01
-2.872000000000000108e-01
2.303999999999999937e-01
8.750000000000000000e-01
-4.022999999999999909e-01
5.201999999999999957e-01
8.854999999999999538e-01
-5.074999999999999512e-01
-8.930000000000000437e-02
-8.718000000000000194e-01
4.971999999999999753e-01
2.722999999999999865e-01
6.823000000000000176e-01
3.441000000000000170e-01
-9.770999999999999686e-01
-9.203999999999999959e-01
6.949999999999999512e-01
4.709999999999999742e-01
-1.098999999999999977e-01
-3.377000000000000002e-01
9.271000000000000352e-01
