9.582000000000000517e-01
-8.660999999999999810e-01
1.718000000000000083e-01
6.437000000000000499e-01
8.132000000000000339e-01
8.219999999999999529e-02
-4.057000000000000051e-01
2.525999999999999912e-01
-3.058000000000000163e-01
-7.865999999999999659e-01
4.400999999999999912e-01
-5.766000000000000014e-01
4.318000000000000171e-01
6.600000000000000311e-01
-9.058000000000000496e-01
-5.319000000000000394e-01
6.859999999999999432e-02
1.396999999999999909e-01
-6.785999999999999810e-01
2.169999999999999984e-01
4.621000000000000107e-01
-8.026999999999999691e-01
-6.895999999999999908e-01
9.505000000000000115e-01
-1.531000000000000139e-01
-6.412999999999999812e-01
7.208999999999999853e-01
4.293000000000000149e-01
-9.898000000000000131e-01
-3.945000000000000173e-01
