8.399999999999999689e-01
4.369999999999999996e-01
5.815000000000000169e-01
-4.529999999999999999e-02
7.894999999999999796e-01
1.285000000000000031e-01
5.369000000000000439e-01
5.645000000000000018e-01
-2.999999999999999737e-04
-2.323999999999999955e-01
-2.556999999999999829e-01
-8.114999999999999991e-01
-2.913000000000000034e-01
1.436999999999999944e-01
8.218999999999999639e-01
7.489000000000000101e-01
3.033000000000000140e-01
5.888999999999999790e-01
8.380999999999999561e-01
3.254000000000000226e-01
-4.423000000000000265e-01
1.693999999999999950e-01
9.768000000000000016e-01
2.752000000000000002e-01
2.857999999999999985e-01
-6.866999999999999771e-01
3.351000000000000090e-01
-2.944999999999999840e-01
7.620000000000000107e-01
1.597999999999999976e-01
