-9.320000000000000506e-01
7.361999999999999655e-01
3.786999999999999811e-01
-6.582999999999999963e-01
8.088999999999999524e-01
5.919999999999999707e-01
-5.022999999999999687e-01
-4.189999999999999974e-02
-7.119999999999999940e-02
-4.763999999999999901e-01
-8.202000000000000401e-01
-7.781000000000000139e-01
7.540000000000000036e-01
3.351000000000000090e-01
-9.922999999999999599e-01
6.864000000000000101e-01
-4.698999999999999844e-01
-1.466999999999999971e-01
4.529000000000000248e-01
7.000000000000000666e-02
3.119999999999999857e-02
-9.443000000000000282e-01
3.471000000000000196e-01
4.603999999999999759e-01
-2.243999999999999884e-01
-3.366000000000000103e-01
6.963000000000000300e-01
-4.915999999999999814e-01
-7.319999999999999840e-01
6.801000000000000378e-01
