-7.838000000000000522e-01
8.323000000000000398e-01
9.635000000000000231e-01
-7.790000000000000258e-01
2.957000000000000184e-01
8.328999999999999737e-01
-4.687999999999999945e-01
-3.719000000000000083e-01
8.699000000000000066e-01
7.305000000000000382e-01
-9.421000000000000485e-01
7.594999999999999529e-01
-8.446000000000000174e-01
-7.570000000000000062e-01
7.287000000000000144e-01
-1.295000000000000040e-01
6.488000000000000433e-01
-5.857999999999999874e-01
-5.559999999999999665e-02
8.780000000000000304e-02
8.460999999999999632e-01
5.675999999999999934e-01
2.581999999999999851e-01
1.969999999999999876e-02
8.667000000000000259e-01
-8.699999999999999400e-03
-1.260000000000000009e-01
5.440000000000000391e-01
4.516000000000000014e-01
-2.999999999999999737e-04
