-9.735000000000000320e-01
7.288999999999999924e-01
-8.817000000000000393e-01
8.390000000000000235e-02
-5.165999999999999481e-01
-4.889999999999999902e-01
4.428000000000000269e-01
-9.205999999999999739e-01
7.368000000000000105e-01
-1.142999999999999988e-01
7.268000000000000016e-01
6.203999999999999515e-01
9.070000000000000284e-01
8.441999999999999504e-01
-4.844999999999999862e-01
-6.753000000000000114e-01
-1.519000000000000072e-01
3.743000000000000216e-01
6.213999999999999524e-01
-3.938999999999999724e-01
-2.516999999999999793e-01
-3.991000000000000103e-01
9.106999999999999540e-01
5.252000000000000002e-01
8.924999999999999600e-01
2.258000000000000007e-01
-3.956000000000000072e-01
3.784000000000000141e-01
1.706000000000000016e-01
-2.893999999999999906e-01
