-5.352999999999999980e-01
8.706000000000000405e-01
-3.516000000000000236e-01
9.114999999999999769e-01
1.317000000000000115e-01
6.692000000000000171e-01
5.120000000000000245e-02
1.509000000000000064e-01
-8.221000000000000529e-01
1.264000000000000123e-01
-3.133000000000000229e-01
-8.076999999999999735e-01
8.264000000000000234e-01
-8.212000000000000410e-01
-2.354999999999999871e-01
4.879999999999999893e-01
-6.225000000000000533e-01
4.369000000000000106e-01
7.379000000000000004e-01
8.279999999999999583e-01
5.616999999999999771e-01
5.616999999999999771e-01
3.635999999999999788e-01
3.153000000000000247e-01
6.441999999999999948e-01
4.346999999999999753e-01
6.848999999999999533e-01
-6.641000000000000236e-01
-4.012999999999999901e-01
-8.719999999999999973e-01
