1.592999999999999972e-01
-5.829999999999999627e-01
-5.264999999999999680e-01
-9.950999999999999845e-01
-9.593000000000000416e-01
7.024000000000000243e-01
-2.562999999999999723e-01
-5.118000000000000327e-01
-3.279000000000000248e-01
9.119000000000000439e-01
-6.230000000000000121e-02
-5.110999999999999988e-01
4.319000000000000061e-01
-6.856999999999999762e-01
8.199999999999999512e-01
4.665000000000000258e-01
-2.841000000000000192e-01
8.737000000000000322e-01
1.363000000000000045e-01
-6.772000000000000242e-01
7.606000000000000538e-01
-9.950999999999999845e-01
7.477000000000000313e-01
-5.884000000000000341e-01
-8.934999999999999609e-01
3.024999999999999911e-01
3.922999999999999821e-01
1.355999999999999983e-01
4.827000000000000179e-01
-1.011999999999999983e-01
