8.320999999999999508e-01
-3.543999999999999928e-01
4.531000000000000028e-01
-6.681000000000000272e-01
7.094000000000000306e-01
-8.750999999999999890e-01
3.693000000000000171e-01
2.898999999999999910e-01
1.625999999999999945e-01
3.070000000000000159e-02
-9.389999999999999458e-01
9.926000000000000378e-01
-5.625000000000000000e-01
1.156999999999999973e-01
-3.312999999999999834e-01
2.565000000000000058e-01
-7.338999999999999968e-01
3.569999999999999840e-01
9.489999999999999547e-01
3.105999999999999872e-01
3.110999999999999877e-01
-3.054000000000000048e-01
-2.599999999999999881e-02
-9.959000000000000075e-01
-4.501999999999999891e-01
-7.864999999999999769e-01
1.969999999999999876e-02
-2.190999999999999892e-01
1.932999999999999996e-01
-1.039999999999999952e-02
