-3.905000000000000138e-01
9.499999999999999764e-03
-3.382999999999999896e-01
9.388999999999999568e-01
9.558999999999999719e-01
2.000000000000000096e-04
3.989999999999999797e-02
-6.366000000000000547e-01
7.012000000000000455e-01
4.386999999999999789e-01
-3.911000000000000032e-01
-3.892999999999999794e-01
-9.254999999999999893e-01
7.734999999999999654e-01
5.040999999999999925e-01
-9.278999999999999471e-01
1.110000000000000049e-02
1.821000000000000119e-01
1.315999999999999948e-01
-7.326000000000000290e-01
-4.818999999999999950e-01
-8.571999999999999620e-01
1.317000000000000115e-01
9.566999999999999948e-01
6.159999999999999920e-01
4.223999999999999977e-01
4.736000000000000210e-01
5.714000000000000190e-01
7.572999999999999732e-01
-6.909999999999999476e-02
