3.861999999999999877e-01
5.479000000000000536e-01
-3.931999999999999940e-01
-9.653000000000000469e-01
6.755999999999999783e-01
2.927000000000000157e-01
-6.470000000000000195e-01
1.640999999999999959e-01
7.634999999999999565e-01
-7.630000000000000671e-02
-1.739999999999999880e-02
9.725000000000000311e-01
2.301999999999999880e-01
9.970999999999999863e-01
2.341999999999999915e-01
-8.662999999999999590e-01
-9.670999999999999597e-01
6.891000000000000458e-01
-9.721999999999999531e-01
-5.909999999999999698e-01
-8.194000000000000172e-01
-2.146000000000000130e-01
8.209999999999999520e-01
-7.549999999999999767e-02
9.832999999999999519e-01
3.618999999999999995e-01
-1.140000000000000041e-01
6.098000000000000087e-01
1.484999999999999931e-01
7.654999999999999583e-01
