-6.637999999999999456e-01
7.197999999999999954e-01
-9.858000000000000096e-01
-5.078000000000000291e-01
-4.052000000000000046e-01
5.338000000000000522e-01
-2.949999999999999845e-02
7.312999999999999501e-01
1.144000000000000017e-01
-8.377000000000000002e-01
6.140000000000000319e-02
-7.969999999999999307e-02
5.172999999999999821e-01
7.020999999999999464e-01
-1.968999999999999917e-01
5.541000000000000369e-01
-3.173000000000000265e-01
-9.353000000000000203e-01
-9.317999999999999616e-01
4.290000000000000063e-02
-5.082999999999999741e-01
-7.057999999999999829e-01
8.245000000000000107e-01
5.490000000000000435e-01
-9.711999999999999522e-01
-4.949999999999999956e-01
2.487000000000000044e-01
4.678999999999999826e-01
1.087999999999999939e-01
7.552999999999999714e-01
