-7.634999999999999565e-01
8.660999999999999810e-01
6.498000000000000442e-01
1.549999999999999989e-02
5.510000000000000453e-01
8.024000000000000021e-01
4.303000000000000158e-01
-3.264000000000000234e-01
-3.577000000000000179e-01
-8.839000000000000190e-01
6.959999999999999520e-01
-4.959999999999999964e-01
4.606000000000000094e-01
-6.183999999999999497e-01
-2.520000000000000018e-02
7.755999999999999561e-01
-3.523999999999999910e-01
9.548999999999999710e-01
3.719000000000000083e-01
-6.965000000000000080e-01
-2.553000000000000269e-01
-7.298999999999999932e-01
1.443000000000000116e-01
-8.304000000000000270e-01
3.667000000000000259e-01
4.437999999999999723e-01
-9.588999999999999746e-01
-6.058000000000000052e-01
9.875000000000000444e-01
-1.504999999999999949e-01
