8.253000000000000336e-01
-7.500999999999999890e-01
-3.856999999999999873e-01
-2.889999999999999791e-01
8.497999999999999998e-01
-5.960999999999999632e-01
5.557999999999999607e-01
6.069999999999999840e-01
-7.077999999999999847e-01
5.079999999999999793e-02
-3.124000000000000110e-01
-5.850999999999999535e-01
-7.507000000000000339e-01
-1.773000000000000131e-01
5.182999999999999829e-01
-2.706999999999999962e-01
-4.429000000000000159e-01
-5.027000000000000357e-01
1.733000000000000096e-01
-7.086999999999999966e-01
8.239999999999999547e-01
-5.453000000000000069e-01
1.239999999999999956e-02
-4.510000000000000120e-01
-8.429999999999999993e-02
-1.930999999999999939e-01
-9.674000000000000377e-01
2.263999999999999901e-01
2.827000000000000068e-01
-6.227000000000000313e-01
