-5.247000000000000552e-01
-6.490000000000000213e-01
-9.437999999999999723e-01
1.652000000000000135e-01
5.268000000000000460e-01
9.307999999999999607e-01
-5.897999999999999909e-01
4.410000000000000031e-02
-7.559000000000000163e-01
-7.102000000000000535e-01
-5.221000000000000085e-01
-4.072999999999999954e-01
1.865999999999999881e-01
-6.039999999999999813e-01
-3.672000000000000264e-01
5.280000000000000249e-01
-2.520999999999999908e-01
-5.422000000000000153e-01
-6.150999999999999801e-01
2.354999999999999871e-01
-6.212999999999999634e-01
-3.155999999999999917e-01
-5.111999999999999877e-01
3.592000000000000193e-01
5.701000000000000512e-01
-1.716000000000000025e-01
-4.007000000000000006e-01
-1.376000000000000001e-01
3.000000000000000062e-03
-8.710999999999999854e-01
