-5.495999999999999774e-01
-3.034999999999999920e-01
-3.447000000000000064e-01
4.913000000000000145e-01
-9.445999999999999952e-01
-6.471000000000000085e-01
8.719000000000000083e-01
2.245000000000000051e-01
1.254000000000000115e-01
9.186999999999999611e-01
-9.996000000000000441e-01
5.800000000000000294e-02
7.697000000000000508e-01
4.348000000000000198e-01
5.050000000000000044e-01
-8.211000000000000520e-01
3.407999999999999918e-01
-9.270000000000000462e-02
-1.819000000000000061e-01
5.179999999999999882e-02
8.155000000000000027e-01
-1.549999999999999989e-02
-1.834999999999999964e-01
8.155999999999999917e-01
-5.043999999999999595e-01
4.142000000000000126e-01
-1.655000000000000082e-01
8.415000000000000258e-01
4.305999999999999828e-01
-1.396000000000000019e-01
