9.546999999999999931e-01
7.591999999999999860e-01
4.567999999999999838e-01
7.607000000000000428e-01
2.621999999999999886e-01
3.610000000000000014e-02
2.189999999999999933e-02
5.975000000000000311e-01
2.802000000000000046e-01
4.005000000000000226e-01
7.892000000000000126e-01
5.790999999999999481e-01
7.809000000000000385e-01
3.972999999999999865e-01
1.670000000000000095e-01
-1.630999999999999950e-01
8.426000000000000156e-01
-2.979999999999999871e-01
7.589000000000000190e-01
3.768000000000000238e-01
-1.849999999999999908e-02
-9.034999999999999698e-01
-8.881000000000000005e-01
6.088000000000000078e-01
-3.280000000000000276e-02
2.260999999999999954e-01
-9.828999999999999959e-01
-5.062999999999999723e-01
9.427999999999999714e-01
8.720999999999999863e-01
