2.001000000000000001e-01
8.296999999999999931e-01
-9.239000000000000545e-01
-2.199000000000000121e-01
5.983000000000000540e-01
9.386999999999999789e-01
-2.429999999999999938e-01
-2.698999999999999733e-01
3.529999999999999805e-02
-2.267000000000000126e-01
-7.854999999999999760e-01
-3.718000000000000194e-01
-1.959999999999999937e-02
-5.312999999999999945e-01
5.899999999999999689e-02
-3.679999999999999938e-01
4.396999999999999797e-01
6.018000000000000016e-01
3.541000000000000258e-01
-4.189999999999999836e-01
-3.331000000000000072e-01
3.508999999999999897e-01
-4.323000000000000176e-01
-8.699999999999999400e-03
3.407999999999999918e-01
-4.052999999999999936e-01
-9.562000000000000499e-01
-7.775999999999999579e-01
-8.665000000000000480e-01
-4.460999999999999965e-01
