-7.086999999999999966e-01
-7.617000000000000437e-01
-2.011999999999999900e-01
-3.905000000000000138e-01
-9.467999999999999750e-01
2.442999999999999894e-01
-5.513000000000000123e-01
6.811000000000000387e-01
-8.200000000000000691e-03
-3.580999999999999739e-01
-4.129999999999999782e-01
4.688999999999999835e-01
9.059999999999999998e-02
3.997999999999999887e-01
2.127999999999999892e-01
7.077999999999999847e-01
3.217999999999999750e-01
-6.289000000000000146e-01
1.650000000000000078e-01
9.076999999999999513e-01
9.494000000000000217e-01
-9.355999999999999872e-01
6.340999999999999970e-01
-3.563999999999999946e-01
5.262999999999999901e-01
5.572000000000000286e-01
-8.334000000000000297e-01
-7.610000000000000098e-01
1.454000000000000015e-01
-6.385999999999999455e-01
