5.349999999999999895e-02
-1.600999999999999923e-01
8.978000000000000425e-01
5.712000000000000410e-01
7.662999999999999812e-01
-7.156000000000000139e-01
5.820000000000000173e-02
6.009999999999999787e-01
-1.855999999999999872e-01
-2.790000000000000258e-01
-7.685999999999999499e-01
-9.486999999999999877e-01
-3.005999999999999783e-01
-9.467999999999999750e-01
8.948000000000000398e-01
2.134000000000000064e-01
7.758000000000000451e-01
3.362999999999999878e-01
8.609999999999999598e-02
-6.549000000000000377e-01
-7.679000000000000270e-01
-2.479999999999999982e-01
6.747999999999999554e-01
2.325000000000000122e-01
8.675000000000000488e-01
7.540999999999999925e-01
-9.990999999999999881e-01
-5.283999999999999808e-01
2.249999999999999917e-02
3.014000000000000012e-01
