-5.709999999999999798e-02
3.884000000000000230e-01
-8.405000000000000249e-01
9.513000000000000345e-01
4.131000000000000227e-01
-1.791999999999999982e-01
6.074000000000000510e-01
-6.330999999999999961e-01
-8.313000000000000389e-01
8.938000000000000389e-01
2.033000000000000085e-01
-4.569999999999999757e-02
9.175999999999999712e-01
-9.294000000000000039e-01
1.433000000000000107e-01
-6.969999999999999529e-01
-7.019999999999999574e-01
-5.707999999999999741e-01
5.022999999999999687e-01
-5.192999999999999838e-01
1.400000000000000029e-02
4.591999999999999971e-01
4.214999999999999858e-01
-9.127999999999999448e-01
-2.627999999999999781e-01
1.807999999999999885e-01
-1.028000000000000025e-01
-8.569999999999999840e-01
-6.614999999999999769e-01
9.949999999999999956e-01
-8.567000000000000171e-01
6.508000000000000451e-01
6.178000000000000158e-01
4.988000000000000211e-01
-6.600000000000000311e-01
-9.059999999999999998e-02
-1.241000000000000020e-01
-2.672999999999999821e-01
-3.608000000000000096e-01
9.484000000000000208e-01
-7.624999999999999556e-01
-5.256999999999999451e-01
3.304000000000000270e-01
-3.074000000000000066e-01
7.047999999999999821e-01
9.144999999999999796e-01
6.191999999999999726e-01
-4.792000000000000148e-01
5.731000000000000538e-01
-5.272999999999999909e-01
-9.325999999999999845e-01
1.328000000000000014e-01
9.937000000000000277e-01
5.436999999999999611e-01
-3.511000000000000232e-01
-1.393000000000000071e-01
-1.287000000000000088e-01
8.394000000000000350e-01
6.370000000000000107e-01
1.774000000000000021e-01
2.452000000000000013e-01
2.755000000000000226e-01
-4.777000000000000135e-01
-8.830000000000000349e-02
2.240999999999999936e-01
9.398999999999999577e-01
6.441000000000000059e-01
-5.971999999999999531e-01
7.508000000000000229e-01
-7.637000000000000455e-01
-3.185999999999999943e-01
-6.546999999999999487e-01
-9.646000000000000130e-01
-8.272000000000000464e-01
-8.160000000000000586e-02
-3.652000000000000246e-01
2.706000000000000072e-01
7.869000000000000439e-01
-3.034999999999999920e-01
4.120000000000000051e-02
-6.300999999999999934e-01
4.701000000000000179e-01
1.736999999999999933e-01
-1.255999999999999894e-01
9.265999999999999792e-01
6.010000000000000064e-02
3.180000000000000049e-01
8.125999999999999890e-01
-4.719999999999999890e-02
8.782999999999999696e-01
3.199000000000000177e-01
-9.809999999999999831e-01
4.055000000000000271e-01
1.446000000000000063e-01
7.671999999999999931e-01
-9.305999999999999828e-01
6.235000000000000542e-01
-1.121000000000000052e-01
5.580000000000000515e-01
-2.016000000000000014e-01
-8.968000000000000416e-01
-3.219000000000000195e-01
-9.777000000000000135e-01
-5.571000000000000396e-01
2.048999999999999988e-01
-9.841999999999999638e-01
-6.976999999999999869e-01
-6.824000000000000066e-01
-2.799999999999999972e-03
-5.342999999999999972e-01
9.325999999999999845e-01
5.635999999999999899e-01
-6.539000000000000368e-01
1.758000000000000118e-01
1.990000000000000102e-01
-8.574000000000000510e-01
9.624000000000000332e-01
2.972000000000000197e-01
4.126000000000000223e-01
3.987999999999999878e-01
-4.694999999999999729e-01
8.732999999999999652e-01
-3.649999999999999772e-02
-8.212000000000000410e-01
8.159999999999999476e-01
1.708999999999999964e-01
-7.762000000000000011e-01
8.580999999999999739e-01
3.271000000000000019e-01
-7.756999999999999451e-01
7.154000000000000359e-01
7.543999999999999595e-01
2.000000000000000096e-04
9.103999999999999870e-01
-2.824999999999999734e-01
9.271000000000000352e-01
8.517000000000000126e-01
6.985999999999999988e-01
-5.704000000000000181e-01
9.827000000000000179e-01
3.857999999999999763e-01
-1.484000000000000041e-01
2.026000000000000023e-01
-1.274000000000000132e-01
3.271000000000000019e-01
-6.079999999999999988e-02
-5.365999999999999659e-01
-2.703999999999999737e-01
5.991999999999999549e-01
-4.843000000000000083e-01
-4.379000000000000115e-01
8.430999999999999606e-01
7.498000000000000220e-01
-5.482000000000000206e-01
-1.277000000000000079e-01
2.031999999999999917e-01
2.580000000000000071e-01
-8.074999999999999956e-01
4.465000000000000080e-01
6.333999999999999631e-01
1.146999999999999964e-01
7.490999999999999881e-01
-9.968000000000000194e-01
8.947000000000000508e-01
-9.844000000000000528e-01
-2.330000000000000127e-01
-2.620999999999999996e-01
-5.874000000000000332e-01
-8.824999999999999512e-01
-8.590000000000000413e-02
-5.823000000000000398e-01
-9.636000000000000121e-01
7.929000000000000492e-01
8.456000000000000183e-01
7.005000000000000115e-01
4.608999999999999764e-01
-8.881000000000000005e-01
1.839000000000000079e-01
8.466000000000000192e-01
5.523000000000000131e-01
-8.373000000000000442e-01
-6.967999999999999750e-01
1.850999999999999868e-01
9.381000000000000449e-01
-5.594000000000000083e-01
-9.389999999999999736e-02
3.383999999999999786e-01
-2.222000000000000086e-01
-8.346999999999999975e-01
-7.327000000000000179e-01
1.140999999999999931e-01
