-4.751000000000000223e-01
2.634000000000000230e-01
-9.365999999999999881e-01
1.212000000000000022e-01
-5.759999999999999565e-01
3.150999999999999912e-01
-6.350000000000000089e-01
4.557999999999999829e-01
-3.450000000000000289e-02
4.068999999999999839e-01
-1.549999999999999989e-02
6.210999999999999854e-01
-6.198000000000000176e-01
-5.476999999999999647e-01
4.999000000000000110e-01
-5.990999999999999659e-01
-2.467999999999999916e-01
-4.672000000000000042e-01
4.752000000000000113e-01
1.666999999999999871e-01
-5.040999999999999925e-01
-2.800000000000000058e-02
-9.002000000000000002e-01
-8.147999999999999687e-01
2.700000000000000143e-03
7.832999999999999963e-01
4.141000000000000236e-01
1.325000000000000067e-01
-3.842999999999999750e-01
7.828000000000000513e-01
-5.382000000000000117e-01
-7.485000000000000542e-01
-9.677000000000000046e-01
1.701000000000000012e-01
1.005000000000000060e-01
3.800999999999999934e-01
6.616999999999999549e-01
-8.044999999999999929e-01
3.139000000000000123e-01
-1.787999999999999867e-01
2.750000000000000222e-01
-1.154000000000000026e-01
-5.624000000000000110e-01
5.093999999999999639e-01
-1.716000000000000025e-01
-5.782000000000000473e-01
2.555000000000000049e-01
3.711999999999999744e-01
2.316999999999999893e-01
5.758999999999999675e-01
-3.796999999999999820e-01
3.382000000000000006e-01
6.274999999999999467e-01
-4.061000000000000165e-01
3.452999999999999958e-01
-2.763999999999999790e-01
-4.315999999999999837e-01
7.183000000000000496e-01
9.901999999999999691e-01
8.541999999999999593e-01
2.452999999999999903e-01
-2.462000000000000022e-01
7.276000000000000245e-01
2.883000000000000007e-01
-7.304000000000000492e-01
9.099999999999999756e-02
5.264999999999999680e-01
1.224999999999999978e-01
1.698000000000000065e-01
-8.243000000000000327e-01
-3.784000000000000141e-01
-8.722999999999999643e-01
1.932000000000000106e-01
7.729000000000000314e-01
-1.267000000000000071e-01
-6.360000000000000098e-01
-9.408999999999999586e-01
-4.681000000000000161e-01
-4.620000000000000218e-01
-8.975999999999999535e-01
7.683999999999999719e-01
1.496000000000000107e-01
-4.041000000000000147e-01
-3.657000000000000250e-01
7.791000000000000147e-01
-2.480999999999999872e-01
-1.955999999999999961e-01
8.200000000000000344e-02
-9.303000000000000158e-01
-8.431999999999999496e-01
-9.707000000000000073e-01
-3.154000000000000137e-01
-9.370000000000000551e-01
8.703999999999999515e-01
-7.641000000000000014e-01
4.133999999999999897e-01
-1.580000000000000016e-01
1.371999999999999886e-01
1.816000000000000114e-01
-6.423999999999999710e-01
-4.324000000000000066e-01
6.833000000000000185e-01
-7.043000000000000371e-01
7.226000000000000201e-01
-4.225999999999999757e-01
1.905999999999999917e-01
8.207999999999999741e-01
-3.185000000000000053e-01
-4.640000000000000235e-01
2.596999999999999864e-01
8.539999999999999813e-01
2.812999999999999945e-01
-3.973999999999999755e-01
9.026999999999999469e-01
1.887999999999999956e-01
5.645999999999999908e-01
9.669999999999999429e-02
-3.350000000000000200e-01
-6.702000000000000179e-01
-4.711000000000000187e-01
-2.338999999999999968e-01
-1.368000000000000049e-01
4.837000000000000188e-01
8.949000000000000288e-01
7.651000000000000023e-01
5.556999999999999718e-01
7.140000000000000513e-02
-1.000000000000000000e+00
3.921999999999999931e-01
-9.174999999999999822e-01
-3.599999999999999901e-03
2.048000000000000098e-01
5.814000000000000279e-01
-1.928999999999999881e-01
9.838000000000000078e-01
-8.767000000000000348e-01
6.892000000000000348e-01
-7.591999999999999860e-01
2.482999999999999929e-01
6.729000000000000536e-01
-3.740999999999999881e-01
-2.225999999999999923e-01
6.350000000000000089e-01
8.464000000000000412e-01
-6.225000000000000533e-01
2.154000000000000081e-01
-6.383999999999999675e-01
5.393999999999999906e-01
-2.051000000000000045e-01
-6.762000000000000233e-01
5.940000000000000141e-02
9.630999999999999561e-01
-9.050000000000000266e-01
4.294999999999999929e-01
8.134000000000000119e-01
-4.713999999999999857e-01
-8.179999999999999494e-01
8.588000000000000078e-01
4.829999999999999849e-01
1.491000000000000103e-01
-5.444999999999999840e-01
-2.671999999999999931e-01
-1.904000000000000137e-01
9.151000000000000245e-01
-3.992999999999999883e-01
-1.355000000000000093e-01
-5.345999999999999641e-01
3.260000000000000120e-01
4.331999999999999740e-01
6.803000000000000158e-01
-9.590999999999999526e-01
-1.569999999999999868e-02
7.917999999999999483e-01
2.520000000000000018e-01
-4.900999999999999801e-01
-1.899000000000000132e-01
8.340000000000000191e-02
-3.280000000000000138e-01
-5.840000000000000052e-02
9.998000000000000220e-01
1.857999999999999929e-01
9.546000000000000041e-01
-7.068999999999999728e-01
-6.894000000000000128e-01
1.855999999999999872e-01
7.564999999999999503e-01
-9.663000000000000478e-01
-2.320000000000000118e-01
-1.715000000000000135e-01
-7.841000000000000192e-01
-6.418000000000000371e-01
