-5.527999999999999581e-01
1.365999999999999992e-01
-5.162999999999999812e-01
-2.112999999999999878e-01
9.679999999999999716e-01
-1.202000000000000013e-01
6.058999999999999941e-01
5.951999999999999513e-01
-5.835000000000000187e-01
-2.134999999999999953e-01
5.282999999999999918e-01
-5.346999999999999531e-01
-4.545000000000000151e-01
5.700000000000000205e-02
6.381999999999999895e-01
9.163000000000000034e-01
-2.489999999999999991e-01
-9.691999999999999504e-01
2.576999999999999846e-01
2.301999999999999880e-01
-5.886000000000000121e-01
9.036999999999999478e-01
-7.370999999999999774e-01
9.241000000000000325e-01
-7.580000000000000071e-01
2.805000000000000271e-01
6.588000000000000522e-01
3.458999999999999853e-01
8.535000000000000364e-01
-7.361999999999999655e-01
3.714000000000000079e-01
2.746000000000000107e-01
5.554000000000000048e-01
-5.580000000000000515e-01
7.065000000000000169e-01
-2.580000000000000071e-01
7.047999999999999821e-01
-1.398999999999999966e-01
9.615000000000000213e-01
8.364000000000000323e-01
7.220999999999999641e-01
-7.881000000000000227e-01
3.350000000000000200e-01
5.576999999999999735e-01
5.933000000000000496e-01
-3.004000000000000004e-01
3.670999999999999819e-01
-6.821000000000000396e-01
9.108000000000000540e-01
-3.860999999999999988e-01
-6.743000000000000105e-01
6.351999999999999869e-01
2.763999999999999790e-01
-6.572999999999999954e-01
3.205999999999999961e-01
5.189000000000000279e-01
5.117000000000000437e-01
-5.725000000000000089e-01
-6.301999999999999824e-01
6.044000000000000483e-01
-5.960000000000000020e-02
-4.980999999999999872e-01
3.682000000000000273e-01
4.598999999999999755e-01
3.613000000000000100e-01
1.001999999999999974e-01
6.609000000000000430e-01
2.555000000000000049e-01
-8.362000000000000544e-01
-1.008000000000000007e-01
-8.545000000000000373e-01
-9.336999999999999744e-01
-4.081000000000000183e-01
-5.705000000000000071e-01
-6.400000000000000133e-01
-8.962999999999999856e-01
-9.253000000000000114e-01
6.471999999999999975e-01
-2.913000000000000034e-01
-3.099999999999999978e-01
-4.259999999999999898e-01
-5.013999999999999568e-01
-3.075999999999999845e-01
7.159999999999999698e-01
-7.882000000000000117e-01
8.360999999999999543e-01
5.120999999999999996e-01
-5.986000000000000210e-01
2.902000000000000135e-01
7.734999999999999654e-01
-7.532999999999999696e-01
7.423999999999999488e-01
5.721000000000000529e-01
-3.428999999999999826e-01
-4.985999999999999877e-01
4.833999999999999964e-01
-2.766000000000000125e-01
-5.500000000000000444e-01
-3.140000000000000013e-01
-7.965999999999999748e-01
-3.620999999999999774e-01
6.528000000000000469e-01
4.415999999999999925e-01
-5.482000000000000206e-01
-8.790000000000000036e-01
3.413999999999999813e-01
-2.864999999999999769e-01
8.413000000000000478e-01
3.608999999999999986e-01
-8.000000000000000167e-02
4.312000000000000277e-01
-8.927000000000000490e-01
2.842999999999999972e-01
-9.579999999999999627e-01
-9.419999999999999485e-01
1.418999999999999984e-01
9.663000000000000478e-01
-1.971999999999999864e-01
5.123999999999999666e-01
3.834000000000000186e-01
3.321000000000000063e-01
-3.583999999999999964e-01
-2.616999999999999882e-01
-1.789000000000000035e-01
-1.270999999999999908e-01
-2.627999999999999781e-01
-7.210999999999999632e-01
2.252000000000000113e-01
-2.927000000000000157e-01
8.809999999999999776e-02
-4.667999999999999927e-01
7.106999999999999984e-01
-1.679999999999999896e-02
9.470000000000000639e-02
7.265000000000000346e-01
-4.623999999999999777e-01
4.700000000000000185e-03
2.380000000000000171e-02
-8.122000000000000330e-01
5.862000000000000544e-01
-4.262000000000000233e-01
-7.913000000000000034e-01
-3.876000000000000001e-01
1.246000000000000024e-01
6.957999999999999741e-01
-8.615000000000000435e-01
3.754000000000000115e-01
6.048999999999999932e-01
-4.712999999999999967e-01
4.849999999999999867e-01
-8.496000000000000218e-01
1.779999999999999985e-02
9.284999999999999920e-01
-9.570999999999999508e-01
9.979000000000000092e-01
-7.886999999999999567e-01
-7.109999999999999654e-01
-3.075999999999999845e-01
2.328999999999999959e-01
-5.178000000000000380e-01
7.080999999999999517e-01
-9.562000000000000499e-01
-1.731000000000000039e-01
-7.580000000000000071e-01
-4.969999999999999973e-01
-4.563999999999999724e-01
5.670000000000000040e-02
-7.517000000000000348e-01
-9.916000000000000369e-01
4.520000000000000129e-01
1.820000000000000090e-02
8.184000000000000163e-01
6.128000000000000114e-01
-9.304999999999999938e-01
-1.905999999999999917e-01
4.656000000000000139e-01
-5.514000000000000012e-01
5.512000000000000233e-01
7.412999999999999590e-01
-3.432999999999999940e-01
-2.662999999999999812e-01
-1.136000000000000065e-01
5.214999999999999636e-01
3.312999999999999834e-01
9.214999999999999858e-01
1.436999999999999944e-01
6.320000000000000617e-02
-1.600000000000000033e-01
-4.675000000000000266e-01
4.056000000000000161e-01
9.183999999999999941e-01
