6.474999999999999645e-01
-8.669999999999999929e-01
9.488999999999999657e-01
9.165999999999999703e-01
-3.876999999999999891e-01
-3.294000000000000261e-01
6.491000000000000103e-01
-5.350000000000000311e-01
3.644000000000000017e-01
9.199999999999999845e-02
-7.254000000000000448e-01
4.750000000000000056e-02
-9.293000000000000149e-01
9.251000000000000334e-01
-2.321000000000000008e-01
3.148000000000000242e-01
9.703000000000000513e-01
-3.734000000000000097e-01
-2.325000000000000122e-01
-8.619999999999999885e-02
6.529000000000000359e-01
4.742999999999999994e-01
9.274000000000000021e-01
-8.962999999999999856e-01
-8.682999999999999607e-01
1.477999999999999869e-01
-2.472999999999999921e-01
-3.189999999999999780e-02
8.262000000000000455e-01
6.272999999999999687e-01
7.036000000000000032e-01
-5.249999999999999806e-02
-7.258999999999999897e-01
-1.068999999999999950e-01
-8.298999999999999710e-01
-2.124999999999999944e-01
-6.209000000000000075e-01
-2.343999999999999972e-01
-5.813000000000000389e-01
-2.263999999999999901e-01
-9.782999999999999474e-01
-2.776000000000000134e-01
-7.744999999999999662e-01
9.030000000000000249e-01
-9.636000000000000121e-01
3.976000000000000090e-01
7.520999999999999908e-01
7.090000000000000469e-02
-9.042999999999999927e-01
-5.485999999999999766e-01
-7.339999999999999858e-01
-9.339999999999999691e-02
2.912000000000000144e-01
-4.447999999999999732e-01
2.879999999999999921e-02
-6.401000000000000023e-01
-8.971999999999999975e-01
-7.102000000000000535e-01
-4.320999999999999841e-01
-8.310999999999999499e-01
-3.312999999999999834e-01
-7.036000000000000032e-01
2.772999999999999909e-01
-3.043000000000000149e-01
2.960999999999999743e-01
-7.432999999999999607e-01
7.143000000000000460e-01
-8.096999999999999753e-01
-6.040000000000000230e-02
9.526999999999999913e-01
-9.560000000000000442e-02
3.368999999999999773e-01
-1.135000000000000037e-01
-4.991999999999999771e-01
-1.910999999999999921e-01
9.929999999999999938e-02
8.669000000000000039e-01
-9.852999999999999536e-01
9.438999999999999613e-01
-1.293999999999999873e-01
-7.521999999999999797e-01
-5.965000000000000302e-01
-3.890000000000000124e-01
3.180000000000000049e-01
-2.489000000000000101e-01
-2.409999999999999989e-02
-6.672000000000000153e-01
-4.455000000000000071e-01
3.210999999999999965e-01
-4.753999999999999893e-01
2.631999999999999895e-01
-9.607999999999999874e-01
-1.203000000000000042e-01
9.701999999999999513e-01
-2.064000000000000001e-01
4.798000000000000043e-01
1.847999999999999921e-01
-1.171999999999999986e-01
-9.153999999999999915e-01
-4.208000000000000074e-01
4.383000000000000229e-01
-8.229999999999999538e-01
-6.657999999999999474e-01
-6.655999999999999694e-01
-9.506000000000000005e-01
-8.296999999999999931e-01
-4.299999999999999656e-02
-3.879000000000000226e-01
-4.217000000000000193e-01
-1.193000000000000033e-01
4.522999999999999798e-01
-8.968000000000000416e-01
-6.900000000000000577e-02
-4.134999999999999787e-01
-4.410999999999999921e-01
3.543999999999999928e-01
7.125000000000000222e-01
4.860999999999999766e-01
-4.803000000000000047e-01
1.918999999999999873e-01
-8.129999999999999727e-02
4.440999999999999948e-01
4.245999999999999774e-01
8.058999999999999497e-01
4.349999999999999978e-01
2.489999999999999991e-01
-5.624000000000000110e-01
-1.376000000000000001e-01
-7.204000000000000403e-01
-6.715999999999999748e-01
1.908999999999999864e-01
-8.051000000000000378e-01
-1.433000000000000107e-01
-9.473000000000000309e-01
-4.575000000000000178e-01
-9.638999999999999790e-01
4.939999999999999947e-01
6.953000000000000291e-01
7.921000000000000263e-01
-9.375000000000000000e-01
-1.102000000000000063e-01
-6.815999999999999837e-01
9.794000000000000483e-01
1.600000000000000033e-01
3.086999999999999744e-01
-1.781000000000000083e-01
3.640000000000000180e-02
5.067000000000000393e-01
-8.245999999999999996e-01
5.348000000000000531e-01
7.915999999999999703e-01
5.148000000000000353e-01
9.183000000000000052e-01
8.186999999999999833e-01
2.585000000000000075e-01
3.821999999999999842e-01
-1.625999999999999945e-01
-1.224999999999999978e-01
1.436999999999999944e-01
7.863999999999999879e-01
-4.734999999999999765e-01
8.383000000000000451e-01
8.014000000000000012e-01
-6.183999999999999497e-01
9.606999999999999984e-01
8.165000000000000036e-01
1.183000000000000024e-01
-9.519999999999999574e-01
-7.548000000000000265e-01
-7.590000000000000080e-01
-2.918000000000000038e-01
7.399000000000000021e-01
3.640999999999999792e-01
-8.315000000000000169e-01
-7.862000000000000099e-01
-7.070999999999999508e-01
3.770999999999999908e-01
-9.713000000000000522e-01
7.627000000000000446e-01
-9.495999999999999996e-01
5.904000000000000359e-01
7.433999999999999497e-01
6.815999999999999837e-01
-7.720000000000000473e-02
-9.584000000000000297e-01
-4.007999999999999896e-01
4.198000000000000065e-01
2.074000000000000010e-01
9.987000000000000322e-01
2.692999999999999838e-01
-1.009999999999999960e-02
