6.712000000000000188e-01
-7.551999999999999824e-01
4.057000000000000051e-01
-3.447000000000000064e-01
9.344000000000000083e-01
7.397000000000000242e-01
3.877999999999999781e-01
-8.279999999999999860e-02
4.419000000000000150e-01
4.418000000000000260e-01
-2.871000000000000218e-01
-3.699000000000000066e-01
-7.143000000000000460e-01
1.602000000000000091e-01
2.006000000000000005e-01
-6.929999999999999494e-01
9.149999999999999800e-02
5.262999999999999901e-01
-4.429999999999999910e-02
-1.499999999999999944e-01
5.001999999999999780e-01
3.503000000000000003e-01
-5.278000000000000469e-01
2.871000000000000218e-01
7.852000000000000091e-01
-5.081999999999999851e-01
4.883000000000000118e-01
9.435999999999999943e-01
2.561999999999999833e-01
-2.639999999999999986e-02
-5.938999999999999835e-01
-3.578999999999999959e-01
-6.593999999999999861e-01
2.564000000000000168e-01
-5.927000000000000046e-01
-8.470999999999999641e-01
4.415999999999999925e-01
9.899000000000000021e-01
1.889000000000000123e-01
2.659999999999999865e-02
-1.552999999999999936e-01
3.919999999999999873e-02
1.686999999999999889e-01
4.973000000000000198e-01
-4.013999999999999790e-01
9.752999999999999448e-01
2.928999999999999937e-01
2.399000000000000021e-01
7.230000000000000315e-02
6.250000000000000000e-02
-2.275999999999999968e-01
3.323999999999999733e-01
-8.098999999999999533e-01
4.797000000000000153e-01
6.451999999999999957e-01
7.630000000000000671e-02
4.642000000000000015e-01
7.840000000000000302e-01
-3.024000000000000021e-01
6.143999999999999462e-01
-4.878000000000000114e-01
5.706999999999999851e-01
5.576999999999999735e-01
-2.793999999999999817e-01
5.694000000000000172e-01
-1.131000000000000061e-01
5.757999999999999785e-01
-6.107000000000000206e-01
-3.946999999999999953e-01
-9.176999999999999602e-01
-9.070000000000000284e-02
-1.549000000000000099e-01
-5.784000000000000252e-01
2.391999999999999960e-01
-7.731999999999999984e-01
-2.661000000000000032e-01
9.727999999999999980e-01
-5.810999999999999499e-01
-9.905000000000000471e-01
-8.624000000000000554e-01
1.593999999999999861e-01
-7.301999999999999602e-01
-5.001999999999999780e-01
-4.849999999999999867e-01
8.390999999999999570e-01
9.502000000000000446e-01
-6.339999999999999802e-02
8.163000000000000256e-01
-2.651000000000000023e-01
-8.407999999999999918e-01
3.886000000000000010e-01
-5.002999999999999670e-01
-8.891999999999999904e-01
-8.172000000000000375e-01
3.570000000000000256e-02
-3.231999999999999873e-01
4.052999999999999936e-01
1.421000000000000041e-01
-2.230000000000000038e-01
7.965999999999999748e-01
2.470999999999999863e-01
-9.495999999999999996e-01
-9.029000000000000359e-01
-5.564000000000000057e-01
-6.343999999999999639e-01
-6.820000000000000506e-01
6.814000000000000057e-01
-8.469999999999999751e-02
-6.038000000000000034e-01
-8.200000000000000691e-03
-9.596999999999999975e-01
-5.874000000000000332e-01
7.997999999999999554e-01
2.407999999999999863e-01
-6.339000000000000190e-01
-7.550000000000000044e-01
-1.691999999999999893e-01
-7.155000000000000249e-01
9.569999999999999341e-02
7.910000000000000364e-02
-5.291000000000000147e-01
6.077000000000000179e-01
-9.026999999999999469e-01
-5.310000000000000137e-02
-9.752999999999999448e-01
-8.195999999999999952e-01
5.760999999999999455e-01
1.317000000000000115e-01
7.870000000000000329e-01
-2.330000000000000127e-02
-5.796000000000000041e-01
-8.126999999999999780e-01
-5.129000000000000226e-01
1.118999999999999995e-01
-9.457999999999999741e-01
-3.128000000000000225e-01
-8.238999999999999657e-01
-2.610000000000000167e-02
-6.524999999999999689e-01
-7.004000000000000226e-01
-4.828999999999999959e-01
5.453000000000000069e-01
8.074999999999999956e-01
9.690000000000000002e-02
5.826000000000000068e-01
1.834000000000000075e-01
7.758000000000000451e-01
8.308999999999999719e-01
-7.558000000000000274e-01
-7.691000000000000059e-01
7.855999999999999650e-01
-7.591999999999999860e-01
7.679000000000000270e-01
9.082000000000000073e-01
7.873999999999999888e-01
3.296000000000000041e-01
7.425000000000000488e-01
2.884999999999999787e-01
-4.680000000000000271e-01
3.119999999999999996e-01
-7.961000000000000298e-01
-3.729000000000000092e-01
-2.291999999999999871e-01
-1.502999999999999892e-01
3.699000000000000066e-01
6.779999999999999916e-02
-4.858000000000000096e-01
6.161999999999999700e-01
5.971999999999999531e-01
-3.778000000000000247e-01
-6.630000000000000338e-01
-7.810000000000000275e-01
3.215999999999999970e-01
2.535000000000000031e-01
1.345999999999999974e-01
-5.909999999999999976e-02
-6.369000000000000217e-01
8.418999999999999817e-01
-4.801000000000000267e-01
-6.007000000000000117e-01
-1.585000000000000020e-01
-2.421999999999999986e-01
-5.573000000000000176e-01
-9.446999999999999842e-01
7.591999999999999860e-01
-2.968999999999999972e-01
-4.138999999999999901e-01
-3.390000000000000235e-01
-4.633999999999999786e-01
-2.903000000000000025e-01
-1.042000000000000010e-01
