-3.583999999999999964e-01
-2.313000000000000056e-01
-3.506000000000000227e-01
8.692999999999999616e-01
-8.859000000000000208e-01
-1.938000000000000000e-01
-1.794999999999999929e-01
8.952999999999999847e-01
-9.426999999999999824e-01
-1.350000000000000089e-01
-2.660000000000000142e-01
-5.646999999999999797e-01
-8.974999999999999645e-01
-6.753000000000000114e-01
1.726000000000000034e-01
-6.641000000000000236e-01
-5.610000000000000542e-01
-9.945000000000000506e-01
3.950000000000000178e-01
8.406000000000000139e-01
-8.457999999999999963e-01
7.839000000000000412e-01
2.272000000000000131e-01
7.247999999999999998e-01
-1.935000000000000053e-01
-1.213000000000000050e-01
5.162999999999999812e-01
-3.590000000000000135e-02
7.960000000000000409e-02
-9.717000000000000082e-01
6.381000000000000005e-01
-8.782999999999999696e-01
3.570000000000000256e-02
8.875999999999999446e-01
-5.032999999999999696e-01
7.976999999999999647e-01
-4.819999999999999840e-01
-2.713999999999999746e-01
-3.186999999999999833e-01
5.589999999999999830e-02
6.993000000000000327e-01
-9.940000000000000224e-02
-6.974000000000000199e-01
-3.141999999999999793e-01
-1.894000000000000128e-01
9.696000000000000174e-01
-1.212000000000000022e-01
-3.269000000000000239e-01
-7.963000000000000078e-01
-3.794000000000000150e-01
-9.153999999999999915e-01
-3.937999999999999834e-01
-5.362999999999999989e-01
2.960000000000000131e-02
5.687999999999999723e-01
-7.553999999999999604e-01
7.815999999999999615e-01
-2.509000000000000119e-01
5.719999999999999529e-01
9.852999999999999536e-01
-9.926000000000000378e-01
-2.701999999999999957e-01
3.509999999999999787e-01
2.533000000000000251e-01
-1.724999999999999867e-01
5.279000000000000359e-01
-3.104999999999999982e-01
-9.566000000000000059e-01
9.772999999999999465e-01
-9.320000000000000506e-02
-1.461000000000000076e-01
-3.413999999999999813e-01
9.295999999999999819e-01
-2.422999999999999876e-01
7.450999999999999845e-01
-2.686999999999999944e-01
2.842999999999999972e-01
8.831999999999999851e-01
4.304999999999999938e-01
6.300000000000000044e-03
5.114999999999999547e-01
6.263999999999999568e-01
-6.445999999999999508e-01
7.873999999999999888e-01
-4.012000000000000011e-01
-2.515000000000000013e-01
-6.952000000000000401e-01
9.244999999999999885e-01
-1.458000000000000129e-01
-3.850999999999999979e-01
-8.190000000000000058e-02
7.359999999999999876e-01
8.971000000000000085e-01
2.259999999999999856e-02
1.175999999999999962e-01
-6.943000000000000282e-01
-6.503999999999999782e-01
5.757999999999999785e-01
-1.385000000000000120e-01
6.350000000000000089e-02
-4.882000000000000228e-01
1.237000000000000044e-01
-3.846999999999999864e-01
4.660000000000000253e-01
-1.431000000000000050e-01
-4.420000000000000040e-01
-9.882999999999999563e-01
-7.352999999999999536e-01
9.149000000000000465e-01
5.006000000000000449e-01
8.344000000000000306e-01
6.392999999999999794e-01
3.618000000000000105e-01
1.645000000000000073e-01
-9.036999999999999478e-01
9.267999999999999572e-01
3.620999999999999774e-01
4.293000000000000149e-01
-5.635999999999999899e-01
4.849999999999999867e-01
-9.012999999999999901e-01
7.356000000000000316e-01
7.145000000000000240e-01
3.118000000000000216e-01
-3.763000000000000234e-01
-9.637999999999999901e-01
7.802000000000000046e-01
7.794999999999999707e-01
-5.290000000000000258e-01
7.178999999999999826e-01
3.289999999999999869e-02
-9.130000000000000615e-02
9.395000000000000018e-01
1.756999999999999951e-01
9.556999999999999940e-01
4.867000000000000215e-01
-2.252000000000000113e-01
-2.839999999999999747e-01
-4.233000000000000096e-01
-3.436000000000000165e-01
2.701000000000000068e-01
-8.517000000000000126e-01
-3.039999999999999925e-01
2.580999999999999961e-01
4.138000000000000012e-01
9.509999999999999565e-01
-8.306000000000000050e-01
4.398000000000000242e-01
8.224000000000000199e-01
-1.152999999999999997e-01
2.179999999999999993e-01
3.045999999999999819e-01
-3.321000000000000063e-01
6.046000000000000263e-01
2.129999999999999949e-01
1.005999999999999950e-01
9.675000000000000266e-01
2.939999999999999836e-01
7.297000000000000153e-01
-9.720999999999999641e-01
8.142000000000000348e-01
-7.305000000000000382e-01
-6.051999999999999602e-01
6.854999999999999982e-01
-8.999999999999999320e-03
7.881000000000000227e-01
2.255000000000000060e-01
4.168999999999999928e-01
9.040000000000000258e-01
3.311999999999999944e-01
-2.884999999999999787e-01
6.462999999999999856e-01
-4.549000000000000266e-01
-5.920000000000000262e-02
-1.466000000000000081e-01
-5.191999999999999948e-01
-5.179999999999999882e-02
-9.199999999999999845e-03
6.830000000000000515e-01
-4.060000000000000275e-01
-2.494000000000000106e-01
-7.559000000000000163e-01
2.586999999999999855e-01
-6.646999999999999575e-01
-6.604999999999999760e-01
-7.166000000000000147e-01
-6.945000000000000062e-01
2.255000000000000060e-01
-2.629000000000000226e-01
5.043999999999999595e-01
-9.489999999999999825e-02
