1.920000000000000040e-01
2.504000000000000115e-01
-3.684000000000000052e-01
5.695999999999999952e-01
-4.507999999999999785e-01
-8.274000000000000243e-01
9.879999999999999893e-01
2.309999999999999901e-02
-9.587999999999999856e-01
5.154999999999999583e-01
8.970000000000000195e-01
-9.133999999999999897e-01
2.076000000000000068e-01
-2.910000000000000087e-02
8.759000000000000119e-01
-2.726999999999999980e-01
3.714999999999999969e-01
7.246000000000000218e-01
7.735999999999999543e-01
-6.206000000000000405e-01
1.605999999999999928e-01
6.800000000000000488e-02
6.713000000000000078e-01
-6.297000000000000375e-01
2.066999999999999948e-01
9.609999999999999654e-01
7.215000000000000302e-01
8.958000000000000407e-01
8.921999999999999931e-01
7.651999999999999913e-01
-9.514000000000000234e-01
3.640999999999999792e-01
4.255999999999999783e-01
9.569999999999999341e-02
-5.798999999999999710e-01
6.936999999999999833e-01
2.516999999999999793e-01
-4.753999999999999893e-01
2.745000000000000218e-01
-1.565999999999999892e-01
5.768999999999999684e-01
-2.235999999999999932e-01
2.535999999999999921e-01
-6.585999999999999632e-01
5.229999999999999927e-02
1.398000000000000076e-01
7.355000000000000426e-01
6.352999999999999758e-01
2.520000000000000018e-01
3.971999999999999975e-01
-8.272000000000000464e-01
8.417999999999999927e-01
-5.140000000000000124e-02
-9.991999999999999771e-01
-7.846999999999999531e-01
-4.929000000000000048e-01
5.865000000000000213e-01
4.325999999999999845e-01
7.481999999999999762e-01
-1.575000000000000011e-01
-5.310000000000000275e-01
-9.616999999999999993e-01
5.949999999999999734e-01
-5.094999999999999529e-01
8.163000000000000256e-01
-5.816999999999999948e-01
1.084999999999999992e-01
-1.020999999999999963e-01
-9.890000000000000180e-02
5.815000000000000169e-01
9.058000000000000496e-01
-3.383999999999999786e-01
5.310000000000000275e-01
3.981000000000000094e-01
-8.116999999999999771e-01
-8.427999999999999936e-01
7.318999999999999950e-01
3.367999999999999883e-01
5.452000000000000179e-01
3.244000000000000217e-01
-2.036000000000000032e-01
-6.104000000000000536e-01
-9.899999999999999911e-01
-8.260999999999999455e-01
-6.858999999999999542e-01
2.265000000000000069e-01
-2.596999999999999864e-01
1.826000000000000123e-01
3.286999999999999922e-01
-6.313999999999999613e-01
-5.086000000000000520e-01
4.813999999999999946e-01
-8.288999999999999702e-01
3.810000000000000192e-02
7.208999999999999853e-01
-4.897000000000000242e-01
-1.685999999999999999e-01
-8.388999999999999790e-01
-4.546999999999999931e-01
3.275000000000000133e-01
-1.857000000000000040e-01
4.183999999999999941e-01
7.765999999999999570e-01
-8.350000000000000477e-02
-3.948999999999999733e-01
5.504999999999999893e-01
3.474999999999999756e-01
9.958000000000000185e-01
9.606999999999999984e-01
9.142000000000000126e-01
-7.600999999999999979e-01
2.686000000000000054e-01
5.574000000000000066e-01
8.219999999999999529e-02
2.079000000000000015e-01
3.141999999999999793e-01
1.559999999999999998e-01
8.609999999999999598e-02
3.281000000000000028e-01
8.502999999999999448e-01
5.405999999999999694e-01
7.495000000000000551e-01
-8.907000000000000473e-01
-3.245000000000000107e-01
-4.366999999999999771e-01
-7.217000000000000082e-01
7.209999999999999742e-02
-6.334999999999999520e-01
-7.249999999999999778e-01
3.020000000000000115e-02
2.267000000000000126e-01
6.562000000000000055e-01
-8.062000000000000277e-01
9.378999999999999559e-01
9.550999999999999490e-01
-7.941000000000000281e-01
-5.430000000000000104e-02
8.124000000000000110e-01
-4.559000000000000274e-01
7.553999999999999604e-01
3.340000000000000191e-01
-4.966999999999999749e-01
2.016000000000000014e-01
-9.852999999999999536e-01
1.421999999999999931e-01
-3.435000000000000275e-01
-3.336999999999999966e-01
-6.100999999999999757e-01
9.969999999999999696e-02
4.340000000000000108e-02
-3.551000000000000267e-01
-3.383999999999999786e-01
3.795999999999999930e-01
-6.572000000000000064e-01
5.066000000000000503e-01
6.321999999999999842e-01
-9.624000000000000332e-01
-8.905999999999999472e-01
-2.772000000000000020e-01
8.032000000000000250e-01
6.933000000000000274e-01
-3.339999999999999913e-02
3.755000000000000004e-01
-1.749999999999999889e-01
3.816999999999999837e-01
1.710000000000000131e-01
-2.792999999999999927e-01
-8.939000000000000279e-01
-7.932000000000000162e-01
-8.902999999999999803e-01
2.316000000000000003e-01
5.362000000000000099e-01
2.681000000000000050e-01
8.607000000000000206e-01
-8.549999999999999822e-01
3.942999999999999838e-01
-6.197000000000000286e-01
-5.772000000000000464e-01
-6.075000000000000400e-01
-9.291000000000000369e-01
9.338999999999999524e-01
8.018999999999999462e-01
-5.170000000000000290e-02
-9.133000000000000007e-01
7.989999999999999880e-02
-3.649000000000000021e-01
1.097999999999999948e-01
1.865999999999999881e-01
-7.934999999999999831e-01
-9.504000000000000226e-01
4.789999999999999813e-01
