-3.674999999999999933e-01
7.470999999999999863e-01
6.423999999999999710e-01
-3.766999999999999793e-01
-7.449000000000000066e-01
-5.309000000000000385e-01
-6.510000000000000231e-01
1.824000000000000066e-01
8.522999999999999465e-01
-6.380000000000000115e-01
-7.762000000000000011e-01
1.569000000000000117e-01
-1.150000000000000050e-01
-7.715999999999999526e-01
-9.879000000000000004e-01
7.532999999999999696e-01
5.173999999999999710e-01
8.444000000000000394e-01
5.537999999999999590e-01
3.511000000000000232e-01
6.614999999999999769e-01
1.832999999999999907e-01
-2.805000000000000271e-01
8.720999999999999863e-01
-4.647000000000000020e-01
3.870000000000000107e-01
-4.353000000000000203e-01
-5.182999999999999829e-01
-1.000999999999999945e-01
4.205999999999999739e-01
-8.888000000000000345e-01
-6.979999999999999538e-01
-1.587999999999999967e-01
-7.149999999999999689e-01
-7.879000000000000448e-01
-6.841000000000000414e-01
-3.663000000000000145e-01
4.883000000000000118e-01
1.865999999999999881e-01
5.471000000000000307e-01
-2.620000000000000107e-02
-1.469999999999999918e-01
-7.130000000000000226e-02
5.059000000000000163e-01
-1.706000000000000016e-01
8.380999999999999561e-01
-6.180999999999999828e-01
4.519999999999999712e-02
7.764999999999999680e-01
-5.974000000000000421e-01
-4.968000000000000194e-01
1.123999999999999999e-01
8.628000000000000114e-01
6.600000000000000311e-02
9.299999999999999239e-03
5.098000000000000309e-01
-4.040000000000000258e-01
4.316999999999999726e-01
-1.237000000000000044e-01
-3.675999999999999823e-01
9.560000000000000442e-02
6.907999999999999696e-01
7.578000000000000291e-01
-1.529999999999999971e-01
8.580000000000000127e-02
6.794000000000000039e-01
-9.820999999999999730e-01
-1.827999999999999903e-01
-7.799000000000000377e-01
-6.089999999999999858e-01
7.678000000000000380e-01
1.668000000000000038e-01
-3.320000000000000034e-02
3.780999999999999917e-01
-4.988000000000000211e-01
4.376999999999999780e-01
2.323999999999999955e-01
1.170000000000000033e-02
7.481999999999999762e-01
-6.005000000000000338e-01
7.961000000000000298e-01
-4.091000000000000192e-01
8.630000000000000171e-02
3.938999999999999724e-01
4.908000000000000140e-01
8.498999999999999888e-01
6.070999999999999730e-01
-1.981999999999999873e-01
2.918000000000000038e-01
2.662999999999999812e-01
-4.842000000000000193e-01
9.024999999999999689e-01
6.502999999999999892e-01
-2.691000000000000059e-01
9.567999999999999838e-01
2.864999999999999769e-01
-4.339999999999999969e-01
9.039000000000000368e-01
-5.715000000000000080e-01
-4.324000000000000066e-01
2.197000000000000064e-01
-3.005999999999999783e-01
3.700999999999999845e-01
3.755000000000000004e-01
-5.765000000000000124e-01
5.879999999999999810e-02
-3.371000000000000107e-01
-3.380000000000000226e-01
-1.799999999999999864e-02
5.382000000000000117e-01
9.015999999999999570e-01
5.905000000000000249e-01
5.010000000000000009e-01
-4.389000000000000123e-01
6.272999999999999687e-01
-8.580999999999999739e-01
-4.320000000000000229e-02
-2.584000000000000186e-01
-4.943000000000000171e-01
-5.997000000000000108e-01
3.780000000000000027e-01
-8.379999999999999671e-01
3.015999999999999792e-01
-3.615999999999999770e-01
5.359000000000000430e-01
6.346000000000000529e-01
-3.124000000000000110e-01
2.646000000000000019e-01
5.625999999999999890e-01
-2.999999999999999889e-01
6.997999999999999776e-01
7.531999999999999806e-01
7.017999999999999794e-01
3.280000000000000276e-02
7.596000000000000529e-01
6.924000000000000155e-01
-4.517999999999999794e-01
-6.750000000000000444e-02
4.000000000000000192e-04
-7.559000000000000163e-01
-6.303999999999999604e-01
8.487000000000000099e-01
-4.855999999999999761e-01
-7.594999999999999529e-01
5.301000000000000156e-01
-6.779999999999999916e-02
-4.778999999999999915e-01
9.526000000000000023e-01
4.205999999999999739e-01
1.549999999999999989e-02
3.489999999999999769e-01
-6.360999999999999988e-01
3.401000000000000134e-01
6.681000000000000272e-01
-2.041000000000000036e-01
4.930999999999999828e-01
4.551000000000000045e-01
-3.986000000000000099e-01
-4.693999999999999839e-01
-8.678000000000000158e-01
8.780999999999999917e-01
-5.049000000000000155e-01
5.663000000000000256e-01
4.938000000000000167e-01
-5.911999999999999478e-01
-5.338000000000000522e-01
-3.583999999999999964e-01
3.168000000000000260e-01
9.151000000000000245e-01
-8.582999999999999519e-01
7.448000000000000176e-01
8.570999999999999730e-01
6.306000000000000494e-01
-2.368999999999999995e-01
-6.898999999999999577e-01
1.584000000000000130e-01
-7.004000000000000226e-01
2.686000000000000054e-01
-3.474999999999999756e-01
-7.731000000000000094e-01
-8.337999999999999856e-01
-8.911000000000000032e-01
-9.992999999999999661e-01
5.144999999999999574e-01
1.708000000000000074e-01
-6.360000000000000375e-02
6.308000000000000274e-01
-2.879999999999999921e-02
-9.205999999999999739e-01
6.417000000000000481e-01
1.328999999999999904e-01
