-2.303999999999999937e-01
1.759999999999999898e-01
8.317999999999999838e-01
-7.880000000000000338e-01
3.634000000000000008e-01
-9.400000000000000369e-03
8.316999999999999948e-01
3.209999999999999659e-02
-4.696000000000000174e-01
4.689999999999999725e-02
9.616999999999999993e-01
-7.799999999999999989e-02
-3.970000000000000195e-01
9.951999999999999735e-01
-5.825000000000000178e-01
-8.352000000000000535e-01
4.783000000000000029e-01
7.544999999999999485e-01
1.570999999999999897e-01
4.047000000000000042e-01
1.489999999999999936e-01
1.068000000000000060e-01
-8.959999999999999909e-02
-8.326999999999999957e-01
7.756999999999999451e-01
2.881000000000000227e-01
7.759000000000000341e-01
-4.783000000000000029e-01
5.655000000000000027e-01
-3.837999999999999745e-01
-4.087999999999999967e-01
7.060999999999999499e-01
-1.297999999999999987e-01
-8.850000000000000089e-01
-2.713999999999999746e-01
-3.232999999999999763e-01
-4.073999999999999844e-01
3.849999999999999950e-02
9.942999999999999616e-01
-3.687000000000000277e-01
9.493000000000000327e-01
-6.661000000000000254e-01
-3.710000000000000103e-02
4.512999999999999790e-01
5.907999999999999918e-01
7.955999999999999739e-01
3.919999999999999873e-02
-5.250000000000000222e-01
6.198000000000000176e-01
-5.201999999999999957e-01
-3.806999999999999829e-01
-1.549000000000000099e-01
3.906000000000000028e-01
3.076999999999999735e-01
-2.760000000000000231e-01
-4.937000000000000277e-01
4.778999999999999915e-01
2.661999999999999922e-01
8.982999999999999874e-01
-7.578000000000000291e-01
4.501999999999999891e-01
-5.520000000000000462e-01
-9.860999999999999766e-01
9.560000000000000442e-02
5.699999999999999512e-01
-4.087999999999999967e-01
7.532999999999999696e-01
-2.817000000000000060e-01
1.418999999999999984e-01
-7.852999999999999980e-01
5.181999999999999940e-01
7.416000000000000369e-01
-2.363000000000000100e-01
8.950000000000000178e-01
-8.663999999999999480e-01
-1.025999999999999968e-01
-3.185000000000000053e-01
-5.808999999999999719e-01
-7.906999999999999584e-01
-5.163999999999999702e-01
9.880999999999999783e-01
-4.400000000000000265e-03
8.771999999999999797e-01
-9.239999999999999603e-02
-9.348999999999999533e-01
-8.596000000000000307e-01
7.760000000000000231e-01
-7.702999999999999847e-01
7.497000000000000330e-01
-4.474000000000000199e-01
2.195000000000000007e-01
7.870000000000000329e-01
-9.719999999999999751e-01
1.731000000000000039e-01
-8.450000000000000566e-02
9.575000000000000178e-01
-1.837999999999999912e-01
-1.376000000000000001e-01
-4.870000000000000023e-02
-2.076999999999999957e-01
-9.022999999999999909e-01
-3.017000000000000237e-01
5.231000000000000094e-01
-4.670000000000000262e-01
9.524000000000000243e-01
4.562999999999999834e-01
9.299999999999999239e-03
-1.333999999999999908e-01
1.134000000000000008e-01
8.054999999999999938e-01
-3.815000000000000058e-01
-7.112000000000000544e-01
7.138999999999999790e-01
-8.529999999999999805e-01
-3.716999999999999749e-01
9.950999999999999845e-01
8.352000000000000535e-01
-7.779999999999999416e-02
-6.539000000000000368e-01
7.122000000000000552e-01
4.344999999999999973e-01
-4.450000000000000067e-01
-3.871999999999999886e-01
-8.802999999999999714e-01
-2.708999999999999742e-01
-5.541000000000000369e-01
-4.779999999999999805e-01
-1.874000000000000110e-01
-3.557000000000000162e-01
3.325000000000000178e-01
-7.317000000000000171e-01
-4.642000000000000015e-01
2.272000000000000131e-01
-4.809999999999999692e-02
-1.323999999999999899e-01
-2.703999999999999737e-01
5.169000000000000261e-01
-5.371000000000000218e-01
9.919999999999999651e-02
2.025000000000000133e-01
5.197000000000000508e-01
7.449999999999999956e-01
4.265999999999999792e-01
-6.116000000000000325e-01
9.439999999999999780e-02
6.987999999999999767e-01
-1.142999999999999988e-01
9.282000000000000250e-01
-8.736000000000000432e-01
8.420999999999999597e-01
-3.936000000000000054e-01
8.980000000000000204e-01
4.123999999999999888e-01
3.885000000000000120e-01
-7.231999999999999540e-01
-5.838999999999999746e-01
1.071000000000000008e-01
-6.824999999999999956e-01
-2.068000000000000116e-01
-4.148999999999999910e-01
5.662000000000000366e-01
5.665999999999999925e-01
4.519999999999999712e-02
-2.944999999999999840e-01
-1.517000000000000015e-01
-5.733000000000000318e-01
3.819999999999999785e-02
7.973000000000000087e-01
6.965000000000000080e-01
9.731999999999999540e-01
6.309000000000000163e-01
7.944999999999999840e-01
7.643999999999999684e-01
6.218000000000000194e-01
-9.189000000000000501e-01
7.652999999999999803e-01
6.006000000000000227e-01
-5.432000000000000162e-01
6.414999999999999591e-01
9.074999999999999734e-01
1.293999999999999873e-01
5.330000000000000016e-02
-1.439999999999999891e-01
3.905000000000000138e-01
-4.238999999999999990e-01
-8.123000000000000220e-01
9.045999999999999597e-01
4.850999999999999757e-01
-6.078999999999999959e-01
-4.279000000000000026e-01
6.218000000000000194e-01
