7.694999999999999618e-01
-2.149000000000000077e-01
-2.275000000000000078e-01
9.790000000000000091e-02
-8.192000000000000393e-01
1.660999999999999976e-01
-4.269000000000000017e-01
9.600000000000000200e-02
-8.450999999999999623e-01
-3.014000000000000012e-01
1.862999999999999934e-01
9.370000000000000551e-02
-2.960999999999999743e-01
6.195000000000000506e-01
-8.314000000000000279e-01
-8.790999999999999925e-01
-9.379999999999999449e-02
7.940000000000000391e-01
3.862999999999999767e-01
4.870000000000000023e-02
-4.295999999999999819e-01
-7.129999999999999671e-01
-8.214000000000000190e-01
-2.190999999999999892e-01
-3.804000000000000159e-01
6.777999999999999581e-01
-1.831000000000000127e-01
1.140999999999999931e-01
6.179999999999999938e-01
3.007000000000000228e-01
3.559999999999999970e-02
6.138000000000000123e-01
-7.114000000000000323e-01
-2.728999999999999759e-01
6.876999999999999780e-01
7.268000000000000016e-01
-3.776999999999999802e-01
4.058999999999999830e-01
5.217000000000000526e-01
-9.992999999999999661e-01
1.288999999999999868e-01
-7.789999999999999702e-02
-7.018999999999999684e-01
-4.370000000000000273e-02
-5.686999999999999833e-01
-1.854000000000000092e-01
1.189999999999999947e-01
-5.218000000000000416e-01
-9.645000000000000240e-01
-9.929999999999999938e-01
-3.572000000000000175e-01
-4.038999999999999813e-01
9.624000000000000332e-01
-4.120000000000000051e-02
-2.396999999999999964e-01
-9.969999999999999973e-01
-6.840000000000000524e-01
8.454000000000000403e-01
1.176999999999999991e-01
-4.890999999999999792e-01
4.818000000000000060e-01
1.988999999999999935e-01
4.277000000000000246e-01
8.505000000000000338e-01
-5.677999999999999714e-01
-9.747000000000000108e-01
-4.200999999999999734e-01
-1.705000000000000127e-01
9.832999999999999519e-01
2.147999999999999909e-01
-7.151999999999999469e-01
-1.130000000000000032e-01
5.248000000000000442e-01
9.772999999999999465e-01
4.569999999999999757e-02
6.170999999999999819e-01
-4.215999999999999748e-01
2.076999999999999957e-01
6.330999999999999961e-01
7.297000000000000153e-01
5.269000000000000350e-01
-2.359999999999999945e-02
-2.933999999999999941e-01
-8.979000000000000314e-01
-6.922000000000000375e-01
-8.881000000000000005e-01
8.185999999999999943e-01
3.245000000000000107e-01
4.020000000000000240e-01
7.903000000000000025e-01
9.250000000000000444e-01
-1.655000000000000082e-01
3.443999999999999839e-01
-9.064999999999999725e-01
2.497000000000000053e-01
6.626999999999999558e-01
1.514999999999999958e-01
-3.723000000000000198e-01
6.017000000000000126e-01
-8.559999999999999831e-01
2.501999999999999780e-01
8.809000000000000163e-01
-9.759999999999999787e-01
-3.972999999999999865e-01
6.746999999999999664e-01
3.486000000000000210e-01
5.464999999999999858e-01
-8.557000000000000162e-01
-4.637999999999999901e-01
3.477000000000000091e-01
-5.567999999999999616e-01
-1.038000000000000034e-01
3.670999999999999819e-01
9.701999999999999513e-01
2.025000000000000133e-01
3.235999999999999988e-01
9.090000000000000302e-01
4.939999999999999947e-01
4.763999999999999901e-01
2.076999999999999957e-01
-9.951999999999999735e-01
4.037999999999999923e-01
6.233999999999999542e-01
-2.535000000000000031e-01
4.477999999999999758e-01
-9.004999999999999671e-01
-5.504000000000000004e-01
-7.969999999999999307e-02
3.827999999999999736e-01
3.410000000000000253e-01
7.789000000000000368e-01
9.899999999999999911e-01
-3.663000000000000145e-01
-5.255999999999999561e-01
-2.348000000000000087e-01
-8.440000000000000280e-02
5.837999999999999856e-01
7.166000000000000147e-01
-2.701000000000000068e-01
1.179999999999999938e-01
4.915999999999999814e-01
6.933000000000000274e-01
-2.822000000000000064e-01
9.624000000000000332e-01
8.580999999999999739e-01
-2.566999999999999837e-01
9.971999999999999753e-01
3.770999999999999908e-01
4.178000000000000047e-01
-7.532999999999999696e-01
-6.821000000000000396e-01
9.664000000000000368e-01
8.066999999999999726e-01
4.430000000000000049e-01
-9.829999999999999849e-01
9.391000000000000458e-01
-4.037999999999999923e-01
2.926000000000000267e-01
9.485999999999999988e-01
5.881999999999999451e-01
6.872000000000000330e-01
-3.982999999999999874e-01
1.469999999999999953e-02
4.809999999999999692e-02
9.950000000000000511e-02
-4.709999999999999742e-01
-9.835000000000000409e-01
-1.544999999999999984e-01
-1.836000000000000132e-01
3.825999999999999956e-01
-2.013999999999999957e-01
4.969999999999999973e-01
3.810999999999999943e-01
2.927000000000000157e-01
2.068000000000000116e-01
4.425999999999999934e-01
-6.739000000000000545e-01
-2.630000000000000046e-02
2.313999999999999946e-01
7.624999999999999556e-01
3.696999999999999731e-01
-3.952999999999999847e-01
-3.946999999999999953e-01
1.996999999999999886e-01
6.619000000000000439e-01
9.745000000000000329e-01
3.713000000000000189e-01
7.699000000000000288e-01
5.175999999999999490e-01
6.550000000000000266e-01
-3.609999999999999876e-01
