6.984000000000000208e-01
-2.359999999999999876e-01
-2.565000000000000058e-01
-2.544000000000000150e-01
6.700000000000000226e-03
9.808000000000000052e-01
-8.820000000000000062e-01
-1.582000000000000073e-01
-9.305999999999999828e-01
3.945000000000000173e-01
3.789000000000000146e-01
-5.043999999999999595e-01
2.999999999999999889e-01
-3.769000000000000128e-01
-9.605000000000000204e-01
-8.702999999999999625e-01
3.169999999999999901e-02
7.801000000000000156e-01
1.491999999999999993e-01
-2.119999999999999940e-01
6.681000000000000272e-01
1.600000000000000033e-02
-6.422999999999999821e-01
-4.102000000000000091e-01
-8.713999999999999524e-01
5.286999999999999478e-01
-9.052000000000000046e-01
-6.768999999999999462e-01
-9.968000000000000194e-01
-6.350999999999999979e-01
-8.995999999999999552e-01
3.120999999999999885e-01
-6.786999999999999700e-01
-5.711000000000000520e-01
4.541999999999999926e-01
9.479999999999999538e-01
-3.437999999999999945e-01
4.611999999999999988e-01
7.564999999999999503e-01
-9.878000000000000114e-01
8.200000000000000691e-03
-1.673999999999999932e-01
-6.482999999999999874e-01
1.091000000000000025e-01
7.076000000000000068e-01
-9.709999999999999742e-01
-2.506999999999999784e-01
4.449000000000000177e-01
9.066999999999999504e-01
9.019000000000000350e-01
-1.359999999999999924e-02
-5.242999999999999883e-01
-1.016999999999999987e-01
7.133000000000000451e-01
4.018999999999999795e-01
-4.989000000000000101e-01
-1.050999999999999990e-01
8.831999999999999851e-01
7.348000000000000087e-01
9.022999999999999909e-01
-3.361000000000000099e-01
-4.462999999999999745e-01
-3.230000000000000232e-02
-8.406000000000000139e-01
-4.603999999999999759e-01
8.209999999999999520e-01
-1.386000000000000010e-01
-9.748999999999999888e-01
7.405000000000000471e-01
4.481999999999999873e-01
7.459000000000000075e-01
-4.732000000000000095e-01
-3.840999999999999970e-01
3.832999999999999741e-01
7.786999999999999478e-01
4.314999999999999947e-01
-9.841999999999999638e-01
5.379000000000000448e-01
4.637000000000000011e-01
-6.890000000000000291e-02
-7.405000000000000471e-01
-6.097000000000000197e-01
-7.947999999999999510e-01
-7.312999999999999501e-01
1.569999999999999868e-02
-1.423999999999999988e-01
-6.569000000000000394e-01
-1.275000000000000022e-01
-6.809999999999999387e-02
-1.885999999999999899e-01
9.613000000000000433e-01
4.389000000000000123e-01
-4.779999999999999805e-01
9.336999999999999744e-01
-2.548000000000000265e-01
1.328000000000000014e-01
-9.157999999999999474e-01
2.409999999999999920e-01
8.685000000000000497e-01
5.786999999999999922e-01
-5.929999999999999855e-02
-1.063999999999999946e-01
4.116000000000000214e-01
3.760000000000000148e-02
6.758999999999999453e-01
-6.663999999999999924e-01
-8.027999999999999581e-01
-1.297999999999999987e-01
-2.725000000000000200e-01
-6.618000000000000549e-01
5.220000000000000195e-01
-3.371000000000000107e-01
9.429999999999999494e-02
-6.979999999999999538e-01
6.693000000000000060e-01
-8.106999999999999762e-01
-8.601999999999999647e-01
-6.015000000000000346e-01
-8.191000000000000503e-01
-3.370000000000000218e-01
-1.411000000000000032e-01
-5.897999999999999909e-01
-7.320999999999999730e-01
-8.309999999999999332e-02
-4.796000000000000263e-01
-5.106000000000000538e-01
-4.632999999999999896e-01
6.697999999999999510e-01
-5.799999999999999600e-01
8.417999999999999927e-01
-6.346000000000000529e-01
-4.895999999999999797e-01
1.082999999999999935e-01
3.378999999999999782e-01
-3.799999999999999906e-02
-5.578999999999999515e-01
9.573000000000000398e-01
3.508999999999999897e-01
6.471000000000000085e-01
-4.499999999999999833e-02
4.440000000000000058e-01
6.471000000000000085e-01
-8.813999999999999613e-01
1.242000000000000048e-01
9.512000000000000455e-01
-1.983999999999999930e-01
-7.187000000000000055e-01
-5.441000000000000281e-01
-6.881000000000000449e-01
-3.634000000000000008e-01
6.590000000000000302e-01
6.864000000000000101e-01
2.330000000000000127e-01
-8.827000000000000401e-01
8.002000000000000224e-01
3.235000000000000098e-01
3.689000000000000057e-01
-8.924999999999999600e-01
6.997999999999999776e-01
8.219999999999999529e-01
-3.180999999999999939e-01
7.396000000000000352e-01
7.355000000000000426e-01
-2.139000000000000068e-01
7.832000000000000073e-01
5.292999999999999927e-01
4.249999999999999889e-01
9.821999999999999620e-01
9.526999999999999913e-01
-1.126000000000000056e-01
-9.826000000000000290e-01
-3.070000000000000159e-02
-9.423000000000000265e-01
5.069000000000000172e-01
8.213000000000000300e-01
-9.249999999999999889e-02
2.511999999999999789e-01
-9.455999999999999961e-01
8.511999999999999567e-01
-4.922000000000000264e-01
-2.071999999999999953e-01
-1.395000000000000129e-01
-9.099000000000000421e-01
-4.424000000000000155e-01
4.177000000000000157e-01
3.264000000000000234e-01
4.883000000000000118e-01
1.378999999999999948e-01
-2.162000000000000033e-01
4.046000000000000152e-01
-3.200999999999999956e-01
