-5.526999999999999691e-01
-6.959999999999999520e-01
6.353999999999999648e-01
-4.607999999999999874e-01
9.827000000000000179e-01
-3.941999999999999948e-01
3.252999999999999781e-01
-8.542999999999999483e-01
4.873000000000000109e-01
-7.439999999999999947e-01
6.747999999999999554e-01
5.240000000000000213e-02
-2.565999999999999948e-01
-8.501999999999999558e-01
8.326000000000000068e-01
-2.624000000000000221e-01
4.939000000000000057e-01
1.217000000000000026e-01
9.738999999999999879e-01
8.689000000000000057e-01
-3.865000000000000102e-01
-8.001000000000000334e-01
8.779000000000000137e-01
3.736999999999999766e-01
4.511999999999999900e-01
-2.217999999999999972e-01
-6.673999999999999932e-01
7.893999999999999906e-01
9.653000000000000469e-01
-6.240999999999999881e-01
9.646000000000000130e-01
2.863999999999999879e-01
5.396999999999999575e-01
5.843000000000000416e-01
9.699999999999999734e-01
3.285000000000000142e-01
8.439999999999999725e-01
1.778000000000000136e-01
9.829999999999999849e-02
-5.423999999999999932e-01
-9.249999999999999889e-02
8.759000000000000119e-01
8.390999999999999570e-01
5.813000000000000389e-01
2.444999999999999951e-01
6.654999999999999805e-01
3.316999999999999948e-01
-3.695999999999999841e-01
8.938000000000000389e-01
2.861000000000000210e-01
9.504000000000000226e-01
-7.755999999999999561e-01
-3.045999999999999819e-01
-7.459999999999999964e-01
-9.509999999999999565e-01
7.701000000000000068e-01
-1.701000000000000012e-01
-1.509999999999999953e-01
-5.225999999999999535e-01
-9.202000000000000179e-01
7.734999999999999654e-01
-8.990000000000000213e-01
-4.878000000000000114e-01
9.990999999999999881e-01
-8.089999999999999969e-02
-8.297999999999999821e-01
-9.429999999999999494e-01
-1.034000000000000058e-01
-2.591999999999999860e-01
3.719000000000000083e-01
-1.385000000000000120e-01
-2.151000000000000134e-01
-7.195000000000000284e-01
7.209999999999999742e-01
-7.750000000000000222e-01
9.527999999999999803e-01
-8.404000000000000359e-01
9.140000000000000346e-01
-7.470999999999999863e-01
-5.836999999999999966e-01
-4.893000000000000127e-01
3.471000000000000196e-01
8.060000000000000497e-02
-6.786999999999999700e-01
-5.493000000000000105e-01
4.672999999999999932e-01
7.689000000000000279e-01
-2.104999999999999927e-01
6.737999999999999545e-01
-5.332000000000000073e-01
-5.670000000000000040e-02
-1.480000000000000066e-02
-9.738999999999999879e-01
-1.819000000000000061e-01
-9.015999999999999570e-01
1.910999999999999921e-01
1.552000000000000046e-01
6.488000000000000433e-01
5.880999999999999561e-01
-6.548000000000000487e-01
1.461999999999999966e-01
4.578999999999999737e-01
-2.099000000000000032e-01
-6.440000000000000169e-01
1.549999999999999989e-01
6.105000000000000426e-01
-9.725000000000000311e-01
2.084000000000000019e-01
9.576999999999999957e-01
9.075999999999999623e-01
-8.699999999999999956e-01
-9.344000000000000083e-01
-4.738999999999999879e-01
9.979999999999999982e-01
-6.037000000000000144e-01
8.840999999999999970e-01
-7.014000000000000234e-01
-7.087999999999999856e-01
4.109999999999999765e-01
-9.388999999999999568e-01
6.834999999999999964e-01
6.261999999999999789e-01
-7.334000000000000519e-01
5.944000000000000394e-01
5.381000000000000227e-01
4.087000000000000077e-01
-3.708000000000000185e-01
-5.240000000000000213e-02
-6.539999999999999980e-02
-4.556999999999999940e-01
1.385000000000000120e-01
1.789000000000000035e-01
3.235999999999999988e-01
-7.512999999999999678e-01
-2.144999999999999962e-01
3.719000000000000083e-01
8.590000000000000413e-02
-1.958999999999999908e-01
-6.670000000000000373e-01
-5.349000000000000421e-01
-2.320000000000000118e-01
-1.710000000000000062e-02
6.140000000000000319e-02
-3.804000000000000159e-01
-4.578999999999999737e-01
-2.114000000000000046e-01
-4.539000000000000257e-01
6.137000000000000233e-01
5.738999999999999657e-01
8.106999999999999762e-01
-4.516999999999999904e-01
-4.618999999999999773e-01
-5.310000000000000137e-02
8.266999999999999904e-01
1.590000000000000024e-01
-9.599999999999999159e-03
-6.282999999999999696e-01
2.033999999999999975e-01
5.362999999999999989e-01
4.491999999999999882e-01
3.582000000000000184e-01
7.145000000000000240e-01
-7.611999999999999877e-01
-2.187000000000000055e-01
2.374999999999999889e-01
-3.479999999999999760e-01
-1.532000000000000028e-01
9.151000000000000245e-01
5.503000000000000114e-01
4.969000000000000083e-01
-2.356000000000000039e-01
-7.498000000000000220e-01
5.433000000000000052e-01
-7.639000000000000234e-01
3.472999999999999976e-01
-1.963000000000000023e-01
1.269000000000000128e-01
5.852000000000000535e-01
-6.250999999999999890e-01
-1.852000000000000035e-01
4.028999999999999804e-01
7.866999999999999549e-01
1.703000000000000069e-01
-4.590000000000000191e-01
-7.228999999999999870e-01
-8.359999999999999654e-01
7.197999999999999954e-01
6.350000000000000089e-02
4.521999999999999909e-01
-7.046999999999999931e-01
-3.851999999999999869e-01
