-6.300000000000000044e-03
4.265999999999999792e-01
7.085000000000000187e-01
2.828999999999999848e-01
-3.820999999999999952e-01
-2.152000000000000024e-01
2.757000000000000006e-01
9.175999999999999712e-01
2.321999999999999897e-01
-3.668000000000000149e-01
-1.502000000000000002e-01
-9.143999999999999906e-01
3.975000000000000200e-01
9.375000000000000000e-01
-2.459999999999999964e-01
-9.270000000000000462e-01
5.704000000000000181e-01
-8.807000000000000384e-01
-5.290000000000000258e-01
8.924999999999999600e-01
5.140000000000000124e-02
-2.995999999999999774e-01
-1.299999999999999940e-03
-3.287999999999999812e-01
7.003000000000000336e-01
9.824000000000000510e-01
-4.390000000000000152e-02
8.819000000000000172e-01
6.917999999999999705e-01
2.852999999999999980e-01
-9.796000000000000263e-01
2.584000000000000186e-01
-8.400000000000000522e-02
8.749999999999999445e-02
4.330999999999999850e-01
4.047000000000000042e-01
1.938999999999999890e-01
7.379000000000000004e-01
9.103999999999999870e-01
-3.956999999999999962e-01
-9.546999999999999931e-01
-4.870999999999999774e-01
-5.517999999999999572e-01
-1.643000000000000016e-01
5.820000000000000173e-02
-2.852000000000000091e-01
1.688999999999999946e-01
-2.001000000000000001e-01
-1.544999999999999984e-01
-8.357999999999999874e-01
3.958999999999999742e-01
-9.636000000000000121e-01
-3.865999999999999992e-01
2.819999999999999937e-02
2.641999999999999904e-01
-1.569999999999999868e-02
-7.171999999999999487e-01
1.521000000000000130e-01
8.598999999999999977e-01
-5.637999999999999678e-01
1.307000000000000106e-01
-8.881999999999999895e-01
-3.778000000000000247e-01
-1.874000000000000110e-01
-4.800000000000000100e-02
-7.158999999999999808e-01
-8.017999999999999572e-01
5.837999999999999856e-01
-2.771000000000000130e-01
6.040999999999999703e-01
1.145999999999999935e-01
-7.199999999999999803e-03
-2.406999999999999973e-01
-6.323999999999999622e-01
-5.491000000000000325e-01
-5.661000000000000476e-01
-8.943999999999999728e-01
7.240000000000000602e-02
-2.500000000000000052e-03
4.842000000000000193e-01
-8.578999999999999959e-01
-9.949000000000000066e-01
-7.151999999999999469e-01
-9.327999999999999625e-01
-9.349999999999999978e-02
-6.716999999999999638e-01
6.360000000000000375e-02
9.092999999999999972e-01
-1.658000000000000029e-01
4.502999999999999781e-01
1.895000000000000018e-01
-2.620000000000000107e-02
-3.129000000000000115e-01
5.031999999999999806e-01
2.500000000000000000e-01
3.501000000000000223e-01
8.104999999999999982e-01
-2.384999999999999898e-01
5.091999999999999860e-01
-5.117000000000000437e-01
-1.971999999999999864e-01
-8.404000000000000359e-01
3.440000000000000002e-02
-9.502000000000000446e-01
-6.856999999999999762e-01
4.828999999999999959e-01
-1.069999999999999979e-01
-7.300999999999999712e-01
1.675999999999999990e-01
1.509000000000000064e-01
1.917999999999999983e-01
1.554999999999999993e-01
-3.594999999999999862e-01
-7.164000000000000368e-01
-6.108000000000000096e-01
-5.719999999999999529e-01
-1.867000000000000048e-01
-9.640999999999999570e-01
9.356999999999999762e-01
7.803999999999999826e-01
-4.830000000000000265e-02
-6.212999999999999634e-01
1.952000000000000124e-01
8.096999999999999753e-01
-7.640000000000000124e-01
5.752000000000000446e-01
-4.092000000000000082e-01
5.079999999999999793e-02
1.638000000000000012e-01
9.666000000000000147e-01
2.185999999999999888e-01
9.235999999999999766e-01
-8.276999999999999913e-01
-2.263999999999999901e-01
-5.351000000000000201e-01
8.364000000000000323e-01
7.077999999999999847e-01
-5.581000000000000405e-01
3.055999999999999828e-01
8.595000000000000417e-01
-4.178000000000000047e-01
9.024999999999999689e-01
-8.146999999999999797e-01
-3.336000000000000076e-01
-2.898000000000000020e-01
5.382000000000000117e-01
1.300999999999999934e-01
1.348000000000000032e-01
5.262000000000000011e-01
-7.562999999999999723e-01
2.137000000000000011e-01
-5.994000000000000439e-01
-5.010999999999999899e-01
1.521000000000000130e-01
-5.929999999999999855e-02
-7.471999999999999753e-01
8.611999999999999655e-01
4.739999999999999769e-02
8.528999999999999915e-01
-5.119000000000000217e-01
-9.717999999999999972e-01
2.411999999999999977e-01
3.219999999999999946e-02
-8.575000000000000400e-01
-4.929000000000000048e-01
-8.542999999999999483e-01
-5.666999999999999815e-01
6.253999999999999559e-01
5.284999999999999698e-01
-2.550000000000000044e-01
-6.599000000000000421e-01
-1.202000000000000013e-01
-9.149999999999999800e-02
1.544000000000000095e-01
2.587999999999999745e-01
-2.190999999999999892e-01
8.173000000000000265e-01
-7.378000000000000114e-01
4.094999999999999751e-01
-6.959999999999999520e-02
2.797000000000000042e-01
4.436999999999999833e-01
-5.610000000000000542e-01
-6.000999999999999668e-01
1.421999999999999931e-01
3.294000000000000261e-01
-2.693999999999999728e-01
4.112999999999999989e-01
-7.689999999999999614e-02
-9.737000000000000099e-01
-1.648000000000000020e-01
