-4.324999999999999956e-01
2.490999999999999881e-01
-4.672999999999999932e-01
6.066000000000000281e-01
-5.809999999999999887e-02
-1.824999999999999956e-01
-4.838000000000000078e-01
9.988000000000000211e-01
3.216999999999999860e-01
1.071000000000000008e-01
8.388999999999999790e-01
3.811999999999999833e-01
4.309999999999999942e-01
4.136000000000000232e-01
-4.053999999999999826e-01
5.494999999999999885e-01
4.420000000000000040e-01
1.534000000000000086e-01
-3.103000000000000203e-01
-9.436999999999999833e-01
-2.086999999999999966e-01
6.948999999999999622e-01
7.460999999999999854e-01
8.487999999999999989e-01
9.385000000000000009e-01
-9.495999999999999996e-01
6.229999999999999982e-01
3.257999999999999785e-01
7.618000000000000327e-01
2.321000000000000008e-01
6.243999999999999551e-01
8.421999999999999487e-01
6.614999999999999769e-01
-6.146000000000000352e-01
-2.291999999999999871e-01
-9.253000000000000114e-01
-6.599000000000000421e-01
3.992999999999999883e-01
-1.517000000000000015e-01
-3.682000000000000273e-01
-4.270000000000000184e-02
5.402000000000000135e-01
-7.488000000000000211e-01
4.827000000000000179e-01
8.248999999999999666e-01
-2.651000000000000023e-01
9.612000000000000544e-01
6.682000000000000162e-01
-3.090999999999999859e-01
6.955999999999999961e-01
-8.780999999999999917e-01
-4.776000000000000245e-01
-7.194000000000000394e-01
9.861999999999999655e-01
3.811999999999999833e-01
-9.385000000000000009e-01
9.600000000000000200e-02
-3.297999999999999821e-01
1.959999999999999937e-02
9.578999999999999737e-01
-4.247000000000000219e-01
-5.601000000000000423e-01
-9.838999999999999968e-01
-1.904000000000000137e-01
-7.070999999999999508e-01
-6.109999999999999876e-01
-1.179999999999999938e-01
3.800999999999999934e-01
-9.856000000000000316e-01
-3.103000000000000203e-01
3.163000000000000256e-01
-8.617000000000000215e-01
-5.338000000000000522e-01
7.660000000000000142e-02
9.089999999999999469e-02
1.580000000000000154e-02
-7.199999999999999734e-01
1.526000000000000134e-01
8.796000000000000485e-01
-1.816000000000000114e-01
-3.421000000000000152e-01
3.000999999999999779e-01
-8.980000000000000204e-01
4.522999999999999798e-01
9.910999999999999810e-01
-7.927999999999999492e-01
-5.050000000000000044e-01
4.436999999999999833e-01
-2.884999999999999787e-01
2.539000000000000146e-01
-2.154000000000000081e-01
-5.553000000000000158e-01
-2.450000000000000094e-02
6.572000000000000064e-01
6.549000000000000377e-01
-2.114999999999999936e-01
9.986000000000000432e-01
6.158000000000000140e-01
1.255000000000000004e-01
-4.259999999999999898e-01
2.806000000000000161e-01
-6.139000000000000012e-01
6.339000000000000190e-01
1.441999999999999948e-01
3.159000000000000141e-01
-9.389999999999999736e-02
1.877000000000000057e-01
7.228999999999999870e-01
8.448999999999999844e-01
9.782999999999999474e-01
-7.744999999999999662e-01
-8.561999999999999611e-01
6.172999999999999599e-01
6.230999999999999872e-01
3.135000000000000009e-01
-7.883999999999999897e-01
-3.472999999999999976e-01
-6.288000000000000256e-01
-2.217000000000000082e-01
-9.604000000000000314e-01
3.927999999999999825e-01
-9.733000000000000540e-01
8.519999999999999796e-02
-3.497999999999999998e-01
9.700000000000000289e-02
7.207999999999999963e-01
-5.447999999999999510e-01
3.866999999999999882e-01
-5.228000000000000425e-01
-3.639000000000000012e-01
8.039999999999999925e-02
-5.817999999999999838e-01
5.987999999999999989e-01
-9.477999999999999758e-01
1.607999999999999985e-01
2.454999999999999960e-01
8.538000000000000034e-01
5.844000000000000306e-01
2.808999999999999830e-01
-4.333000000000000185e-01
3.377000000000000002e-01
3.080999999999999850e-01
9.317999999999999616e-01
3.205000000000000071e-01
4.627999999999999892e-01
1.529999999999999936e-02
4.665000000000000258e-01
-3.734000000000000097e-01
9.095999999999999641e-01
8.839000000000000190e-01
-8.000000000000000444e-01
-8.501999999999999558e-01
2.100000000000000130e-02
-2.799999999999999972e-03
-2.589000000000000190e-01
3.864000000000000212e-01
5.596999999999999753e-01
4.809999999999999692e-02
9.009999999999999953e-02
9.419999999999999485e-01
1.937000000000000111e-01
3.526000000000000245e-01
-2.737999999999999878e-01
-5.339000000000000412e-01
-4.848000000000000087e-01
-7.157000000000000028e-01
8.132000000000000339e-01
9.143000000000000016e-01
-6.411999999999999922e-01
-6.769999999999999629e-02
-4.555000000000000160e-01
1.844000000000000083e-01
9.437999999999999723e-01
7.294000000000000483e-01
-3.659999999999999920e-01
9.295999999999999819e-01
-3.699999999999999817e-02
5.855000000000000204e-01
-4.656000000000000139e-01
-1.915999999999999925e-01
-3.473999999999999866e-01
6.923000000000000265e-01
-4.424000000000000155e-01
-7.413999999999999480e-01
-1.506000000000000116e-01
1.610000000000000042e-01
-2.808999999999999830e-01
-7.610000000000000098e-01
3.543999999999999928e-01
9.428999999999999604e-01
-6.550000000000000266e-01
