-5.060000000000000053e-01
4.192000000000000171e-01
-5.060000000000000053e-01
-9.786000000000000254e-01
-7.201999999999999513e-01
-4.562999999999999834e-01
3.161999999999999811e-01
4.577999999999999847e-01
6.883000000000000229e-01
-5.383999999999999897e-01
-9.711999999999999522e-01
6.923000000000000265e-01
4.670000000000000262e-01
-2.560000000000000123e-02
-2.290000000000000022e-02
-9.239000000000000545e-01
-8.280999999999999472e-01
9.929999999999999938e-02
-3.279000000000000248e-01
-8.156999999999999806e-01
-2.954999999999999849e-01
1.499000000000000055e-01
6.110000000000000153e-02
7.934999999999999831e-01
-6.300000000000000044e-01
1.150000000000000050e-01
-6.604999999999999760e-01
7.475000000000000533e-01
5.187000000000000499e-01
8.278999999999999693e-01
-8.964999999999999636e-01
5.006000000000000449e-01
7.570999999999999952e-01
4.531999999999999917e-01
-5.446999999999999620e-01
-7.453999999999999515e-01
-9.094999999999999751e-01
-1.615999999999999936e-01
4.752000000000000113e-01
-8.246999999999999886e-01
1.349999999999999985e-02
-7.173000000000000487e-01
-5.101999999999999869e-01
-2.056999999999999940e-01
1.189000000000000057e-01
3.509999999999999926e-02
6.739000000000000545e-01
4.504000000000000226e-01
4.669999999999999846e-02
-7.221999999999999531e-01
-8.585000000000000409e-01
1.044000000000000067e-01
-1.628999999999999893e-01
-4.492999999999999772e-01
-4.199999999999999740e-03
8.137999999999999678e-01
5.283999999999999808e-01
9.201000000000000290e-01
1.625000000000000056e-01
9.187999999999999501e-01
8.736000000000000432e-01
7.133000000000000451e-01
5.735000000000000098e-01
2.107999999999999874e-01
-5.063999999999999613e-01
7.739999999999999658e-02
-1.071000000000000008e-01
5.029999999999999749e-02
8.575000000000000400e-01
-1.307999999999999996e-01
4.619999999999999801e-02
3.269999999999999990e-02
-4.895999999999999797e-01
-8.312000000000000499e-01
-4.410000000000000031e-01
-7.391999999999999682e-01
-5.958999999999999853e-01
6.917999999999999705e-01
1.889000000000000123e-01
-1.937000000000000111e-01
3.788000000000000256e-01
6.421999999999999931e-01
-5.548999999999999488e-01
-5.009999999999999870e-02
-3.220999999999999974e-01
-8.904999999999999583e-01
-7.610000000000000098e-02
-5.210000000000000187e-01
-3.406000000000000139e-01
1.484000000000000041e-01
2.272000000000000131e-01
-4.605000000000000204e-01
-1.487999999999999878e-01
-2.726999999999999980e-01
-7.889000000000000457e-01
-9.546999999999999931e-01
7.023000000000000353e-01
8.016999999999999682e-01
9.277999999999999581e-01
-3.998999999999999777e-01
-5.653000000000000247e-01
2.278000000000000025e-01
-9.184999999999999831e-01
-1.996999999999999886e-01
3.512000000000000122e-01
-4.355999999999999872e-01
-1.037000000000000005e-01
-8.846000000000000529e-01
1.643999999999999906e-01
1.219999999999999973e-01
2.924999999999999822e-01
8.479999999999999760e-01
6.642000000000000126e-01
3.350000000000000200e-01
4.551000000000000045e-01
2.500999999999999890e-01
5.772000000000000464e-01
-4.383000000000000229e-01
-7.365000000000000435e-01
8.977000000000000535e-01
-6.392999999999999794e-01
-8.898000000000000353e-01
-6.330999999999999961e-01
5.964000000000000412e-01
1.781999999999999973e-01
-4.827000000000000179e-01
-7.032000000000000473e-01
-9.755000000000000338e-01
-8.196999999999999842e-01
7.943000000000000060e-01
1.769999999999999907e-01
9.191000000000000281e-01
4.077999999999999958e-01
5.111999999999999877e-01
-8.822999999999999732e-01
-8.490999999999999659e-01
-5.098000000000000309e-01
-4.437999999999999723e-01
-7.858000000000000540e-01
-3.453999999999999848e-01
9.919000000000000039e-01
2.531999999999999806e-01
-2.954999999999999849e-01
9.937000000000000277e-01
4.983000000000000207e-01
-2.589999999999999941e-02
5.456999999999999629e-01
-8.104999999999999982e-01
3.649000000000000021e-01
3.602000000000000202e-01
-2.309999999999999901e-02
-8.923999999999999710e-01
-8.589999999999999858e-01
-2.253999999999999893e-01
2.529000000000000137e-01
4.190999999999999726e-01
-7.923999999999999932e-01
4.248999999999999999e-01
2.477000000000000035e-01
-5.312999999999999945e-01
1.239999999999999956e-02
3.259999999999999704e-02
-9.364999999999999991e-01
2.371999999999999942e-01
-7.929999999999999549e-02
5.070999999999999952e-01
2.730000000000000204e-01
-4.541999999999999926e-01
-7.504999999999999449e-01
-4.106000000000000205e-01
2.051000000000000045e-01
5.604000000000000092e-01
6.431000000000000050e-01
-4.471999999999999864e-01
-6.641000000000000236e-01
-2.431999999999999995e-01
5.813000000000000389e-01
1.089999999999999997e-01
4.259999999999999898e-02
6.467000000000000526e-01
8.324000000000000288e-01
-5.331000000000000183e-01
3.794000000000000150e-01
-1.779999999999999985e-02
-1.328000000000000014e-01
7.852000000000000091e-01
-2.139000000000000068e-01
6.155000000000000471e-01
8.456000000000000183e-01
-4.815999999999999726e-01
-5.069000000000000172e-01
