4.939999999999999947e-01
-5.717999999999999750e-01
-3.880000000000000115e-02
2.626999999999999891e-01
-7.112000000000000544e-01
7.170999999999999597e-01
5.598999999999999533e-01
7.916999999999999593e-01
9.213000000000000078e-01
1.842999999999999916e-01
6.453999999999999737e-01
9.890999999999999792e-01
-7.987999999999999545e-01
-7.955999999999999739e-01
4.771000000000000241e-01
-2.620000000000000107e-02
5.094999999999999529e-01
-8.383000000000000451e-01
6.010000000000000064e-02
8.279999999999999583e-01
-5.422000000000000153e-01
-5.637999999999999678e-01
-1.129999999999999928e-02
-8.316999999999999948e-01
-8.818000000000000282e-01
3.291999999999999926e-01
-3.635999999999999788e-01
-6.699000000000000510e-01
4.506000000000000005e-01
-7.534999999999999476e-01
-9.949999999999999956e-01
-8.282000000000000473e-01
7.789999999999999702e-02
9.406999999999999806e-01
-9.355999999999999872e-01
7.288000000000000034e-01
7.102000000000000535e-01
1.260999999999999899e-01
-4.632000000000000006e-01
2.582999999999999741e-01
2.431999999999999995e-01
1.446999999999999953e-01
-2.059999999999999887e-01
1.338000000000000023e-01
-8.639000000000000012e-01
-2.034999999999999865e-01
-5.294999999999999707e-01
5.762000000000000455e-01
-7.852999999999999980e-01
8.387000000000000011e-01
5.463999999999999968e-01
-4.390999999999999903e-01
3.438999999999999835e-01
5.210000000000000048e-02
7.733999999999999764e-01
6.019999999999999657e-02
-5.040000000000000036e-02
-2.745000000000000218e-01
8.173000000000000265e-01
8.789000000000000146e-01
8.067999999999999616e-01
-4.884999999999999898e-01
8.468999999999999861e-01
2.043000000000000094e-01
1.729999999999999941e-02
7.320000000000000118e-02
-7.751000000000000112e-01
-1.293999999999999873e-01
-8.922999999999999821e-01
6.078999999999999959e-01
-3.998999999999999777e-01
-4.773000000000000020e-01
5.407999999999999474e-01
6.350000000000000089e-02
-7.418000000000000149e-01
-9.560000000000000442e-02
-3.148000000000000242e-01
5.875000000000000222e-01
-1.129000000000000004e-01
6.778999999999999471e-01
8.480999999999999650e-01
-5.607999999999999652e-01
-7.288999999999999924e-01
-8.969000000000000306e-01
-6.379999999999999560e-02
8.400999999999999579e-01
8.305000000000000160e-01
-3.524999999999999800e-01
4.425999999999999934e-01
7.167000000000000037e-01
-4.100000000000000346e-03
6.574999999999999734e-01
-4.269000000000000017e-01
-7.806999999999999496e-01
7.248999999999999888e-01
-6.475999999999999535e-01
-7.520000000000000018e-01
1.119999999999999989e-02
-7.480999999999999872e-01
3.321999999999999953e-01
-1.209999999999999964e-02
-7.627000000000000446e-01
3.847999999999999754e-01
-1.842999999999999916e-01
8.669999999999999929e-02
-8.676000000000000378e-01
-6.086000000000000298e-01
1.985999999999999988e-01
-1.559999999999999928e-02
5.362999999999999989e-01
3.887999999999999790e-01
-2.349999999999999867e-01
-3.809000000000000163e-01
-9.989000000000000101e-01
-1.557000000000000051e-01
-5.873000000000000442e-01
-6.379999999999999560e-02
-1.789999999999999925e-01
1.139000000000000012e-01
8.079999999999999682e-02
-3.189000000000000168e-01
8.999999999999999667e-02
-4.361999999999999766e-01
-9.593000000000000416e-01
1.781999999999999973e-01
-4.862000000000000210e-01
9.808999999999999941e-01
-5.449000000000000510e-01
-5.264999999999999680e-01
-6.896999999999999797e-01
-3.226999999999999869e-01
2.310000000000000109e-01
5.419999999999999818e-02
5.625999999999999890e-01
7.910000000000000364e-01
2.610000000000000098e-01
7.457000000000000295e-01
-8.043000000000000149e-01
5.595999999999999863e-01
-9.042000000000000037e-01
5.783000000000000362e-01
2.021000000000000019e-01
4.245999999999999774e-01
-9.409999999999999476e-01
-3.623000000000000109e-01
-5.423999999999999932e-01
-4.894000000000000017e-01
-8.228999999999999648e-01
-4.666000000000000147e-01
2.109999999999999931e-01
-4.938000000000000167e-01
7.864999999999999769e-01
3.154000000000000137e-01
3.129000000000000115e-01
7.993999999999999995e-01
7.689999999999999614e-02
-6.854999999999999982e-01
-5.815000000000000169e-01
3.437000000000000055e-01
-1.454000000000000015e-01
2.220000000000000098e-02
-4.537999999999999812e-01
-1.947000000000000119e-01
7.586000000000000520e-01
-8.830000000000000071e-01
6.470000000000000195e-01
-2.469999999999999973e-02
-2.313999999999999946e-01
7.967999999999999527e-01
-4.068999999999999839e-01
6.402999999999999803e-01
-1.930000000000000118e-02
-8.274000000000000243e-01
-2.757999999999999896e-01
2.257000000000000117e-01
-2.918999999999999928e-01
9.771999999999999575e-01
3.664999999999999925e-01
-5.758999999999999675e-01
-6.795999999999999819e-01
-1.905999999999999917e-01
-8.169999999999999485e-01
2.955999999999999739e-01
1.655000000000000082e-01
-3.528999999999999915e-01
-7.238999999999999879e-01
-1.937000000000000111e-01
7.349999999999999867e-01
5.247000000000000552e-01
2.569000000000000172e-01
-1.993999999999999939e-01
