2.207000000000000073e-01
-9.656000000000000139e-01
3.573000000000000065e-01
-2.154000000000000081e-01
-4.694999999999999729e-01
4.411999999999999811e-01
-8.218999999999999639e-01
5.232999999999999874e-01
4.340000000000000108e-02
-9.429999999999999494e-01
-6.357000000000000428e-01
-1.200999999999999984e-01
8.881999999999999895e-01
-8.312000000000000499e-01
5.899999999999999863e-03
2.726999999999999980e-01
2.131000000000000116e-01
5.001999999999999780e-01
-1.338000000000000023e-01
-7.620999999999999996e-01
-9.399999999999999467e-01
3.090000000000000038e-02
1.912999999999999978e-01
2.551999999999999824e-01
-1.902000000000000079e-01
6.370000000000000662e-02
7.994999999999999885e-01
-4.421999999999999820e-01
-4.798999999999999932e-01
9.835000000000000409e-01
-2.860000000000000042e-02
-5.560000000000000497e-01
-6.562999999999999945e-01
-6.700000000000000400e-01
-4.415999999999999925e-01
-7.116000000000000103e-01
8.103000000000000203e-01
8.788000000000000256e-01
9.950000000000000511e-02
-2.620000000000000107e-02
6.096000000000000307e-01
5.406999999999999584e-01
8.379999999999999671e-01
-3.290000000000000147e-01
-2.850000000000000103e-02
2.350000000000000006e-02
-5.999999999999999474e-04
-9.102000000000000091e-01
-3.180999999999999939e-01
-2.968999999999999972e-01
-2.624000000000000221e-01
3.045999999999999819e-01
-5.063999999999999613e-01
-9.468999999999999639e-01
7.737000000000000544e-01
-3.089000000000000079e-01
-9.184999999999999831e-01
-1.089999999999999997e-01
-4.857000000000000206e-01
6.578000000000000513e-01
-9.608999999999999764e-01
-8.400999999999999579e-01
-1.233000000000000068e-01
-3.136999999999999789e-01
5.806999999999999940e-01
6.725999999999999757e-01
7.645999999999999464e-01
3.131999999999999784e-01
-5.799999999999999600e-03
-8.470999999999999641e-01
-4.112999999999999989e-01
9.741999999999999549e-01
-5.048000000000000265e-01
4.423000000000000265e-01
4.939000000000000057e-01
1.524999999999999967e-01
-2.325000000000000122e-01
7.964999999999999858e-01
-6.208000000000000185e-01
1.185999999999999971e-01
-5.899999999999999863e-03
-7.018999999999999684e-01
1.312000000000000111e-01
3.158000000000000251e-01
7.762999999999999901e-01
2.459000000000000075e-01
3.729999999999999982e-01
4.178999999999999937e-01
4.874999999999999889e-01
-5.286999999999999478e-01
6.855999999999999872e-01
4.789999999999999813e-01
8.672999999999999599e-01
-7.497000000000000330e-01
6.518000000000000460e-01
-8.029999999999999638e-02
3.941000000000000059e-01
5.569999999999999951e-02
-1.010999999999999954e-01
1.590999999999999914e-01
9.515000000000000124e-01
1.630000000000000060e-01
-3.477999999999999980e-01
9.229999999999999316e-02
1.453000000000000125e-01
-8.911999999999999922e-01
9.498999999999999666e-01
-6.276000000000000467e-01
-5.070000000000000201e-02
1.295000000000000040e-01
-6.382999999999999785e-01
9.020000000000000240e-02
-5.890000000000000097e-02
1.313000000000000000e-01
-7.452999999999999625e-01
-1.540999999999999870e-01
6.427000000000000490e-01
3.014999999999999902e-01
-6.710000000000000686e-02
1.849999999999999908e-02
7.234000000000000430e-01
-4.899000000000000021e-01
-8.497000000000000108e-01
1.358000000000000040e-01
-2.366000000000000048e-01
2.548000000000000265e-01
-1.343999999999999917e-01
5.262999999999999901e-01
3.467000000000000082e-01
2.192000000000000060e-01
-9.421000000000000485e-01
-3.830999999999999961e-01
-9.625000000000000222e-01
-1.479999999999999927e-01
3.568999999999999950e-01
1.160000000000000059e-01
-1.970999999999999974e-01
2.232000000000000095e-01
-4.812000000000000166e-01
-1.612999999999999989e-01
3.847999999999999754e-01
9.872999999999999554e-01
7.080000000000000182e-02
9.253000000000000114e-01
-5.720000000000000084e-02
4.662000000000000033e-01
5.997000000000000108e-01
1.970000000000000084e-01
4.476999999999999869e-01
-6.024000000000000465e-01
-8.569999999999999840e-01
3.474999999999999756e-01
2.827000000000000068e-01
6.069999999999999701e-02
2.681999999999999940e-01
-6.995999999999999996e-01
-1.804000000000000048e-01
-1.110000000000000014e-01
8.999999999999999320e-03
-5.856999999999999984e-01
-9.028000000000000469e-01
8.602999999999999536e-01
-9.667999999999999927e-01
3.978999999999999759e-01
9.649999999999999689e-01
-1.110000000000000049e-02
8.826000000000000512e-01
-3.195999999999999952e-01
-2.788999999999999813e-01
4.980999999999999872e-01
7.334000000000000519e-01
7.851000000000000201e-01
-9.845000000000000417e-01
-7.953000000000000069e-01
-3.780000000000000027e-02
-9.840000000000000135e-02
7.836999999999999522e-01
8.395000000000000240e-01
8.289999999999999591e-01
-5.001999999999999780e-01
-6.209000000000000075e-01
7.661999999999999922e-01
7.402999999999999581e-01
-7.765999999999999570e-01
9.864000000000000545e-01
9.905000000000000471e-01
-7.993999999999999995e-01
9.990000000000000269e-02
9.028000000000000469e-01
-3.716999999999999749e-01
-9.203000000000000069e-01
