-5.852000000000000535e-01
-5.650000000000000161e-02
9.233000000000000096e-01
3.149000000000000132e-01
7.147000000000000020e-01
9.606999999999999984e-01
5.041999999999999815e-01
-5.375999999999999668e-01
8.483000000000000540e-01
-5.179000000000000270e-01
-9.760999999999999677e-01
-1.477999999999999869e-01
1.679999999999999896e-02
9.670999999999999597e-01
6.532999999999999918e-01
-5.210000000000000187e-01
-6.398000000000000353e-01
8.840999999999999970e-01
6.379999999999999560e-02
-7.551999999999999824e-01
-2.056999999999999940e-01
-9.360000000000000264e-02
-6.650000000000000355e-01
1.081000000000000016e-01
-8.073000000000000176e-01
8.183000000000000274e-01
6.620000000000000329e-01
2.429000000000000048e-01
-5.582000000000000295e-01
7.793999999999999817e-01
7.810000000000000275e-01
-9.457999999999999741e-01
-4.043999999999999817e-01
8.437000000000000055e-01
-1.910000000000000031e-01
3.326000000000000068e-01
9.791999999999999593e-01
6.098000000000000087e-01
5.836000000000000076e-01
-8.035999999999999810e-01
3.161999999999999811e-01
-9.959999999999999409e-02
-3.825999999999999956e-01
-1.164000000000000035e-01
-2.822999999999999954e-01
-6.339999999999999802e-02
-4.662999999999999923e-01
-9.508999999999999675e-01
-6.750000000000000444e-02
-3.882999999999999785e-01
-7.674999999999999600e-01
6.891000000000000458e-01
-4.103999999999999870e-01
-7.955999999999999739e-01
-4.929999999999999938e-01
