-8.818000000000000282e-01
9.060000000000000275e-01
-8.511999999999999567e-01
-5.857999999999999874e-01
-3.931000000000000050e-01
-3.558000000000000052e-01
-2.156000000000000139e-01
-1.269000000000000128e-01
-6.975999999999999979e-01
-1.476999999999999980e-01
-8.329999999999999905e-02
8.137999999999999678e-01
8.114000000000000101e-01
7.786999999999999478e-01
-6.207000000000000295e-01
-4.143999999999999906e-01
8.154000000000000137e-01
-6.905999999999999917e-01
1.517000000000000015e-01
3.104000000000000092e-01
7.329999999999999849e-01
-4.898000000000000131e-01
8.136999999999999789e-01
-1.963000000000000023e-01
4.163999999999999924e-01
8.887000000000000455e-01
-5.185999999999999499e-01
7.004000000000000226e-01
9.177999999999999492e-01
1.000000000000000000e+00
-4.808999999999999941e-01
8.187999999999999723e-01
4.089999999999999747e-01
4.384000000000000119e-01
-7.980000000000000426e-01
1.242999999999999938e-01
7.062000000000000499e-01
-8.389999999999999680e-01
-1.617000000000000104e-01
2.218999999999999861e-01
7.577000000000000401e-01
-5.172999999999999821e-01
-6.796999999999999709e-01
1.574000000000000121e-01
7.219999999999999751e-01
8.212000000000000410e-01
6.125000000000000444e-01
5.399999999999999939e-02
4.203999999999999959e-01
1.575999999999999901e-01
-7.939999999999999836e-02
-7.306000000000000272e-01
-9.335999999999999854e-01
-7.074000000000000288e-01
5.979999999999999760e-01
