-5.262000000000000011e-01
-5.497999999999999554e-01
-2.167000000000000037e-01
9.471000000000000529e-01
5.409000000000000474e-01
4.136000000000000232e-01
-4.259000000000000008e-01
5.813000000000000389e-01
-3.575999999999999734e-01
2.913000000000000034e-01
4.340000000000000108e-02
1.993999999999999939e-01
2.086999999999999966e-01
6.630000000000000338e-01
4.282000000000000250e-01
-7.049999999999999600e-01
-7.032000000000000473e-01
-1.060999999999999999e-01
3.630999999999999783e-01
5.020000000000000018e-01
-7.570000000000000340e-02
-1.155999999999999944e-01
-1.102999999999999953e-01
1.519000000000000072e-01
-1.187000000000000000e-01
2.373999999999999999e-01
-3.935000000000000164e-01
7.299999999999999822e-01
1.504999999999999949e-01
-2.725000000000000200e-01
-4.582999999999999852e-01
3.886000000000000010e-01
9.260000000000000175e-02
-8.233000000000000318e-01
9.890999999999999792e-01
5.585999999999999854e-01
4.565000000000000169e-01
-9.616000000000000103e-01
3.180000000000000188e-02
2.711000000000000076e-01
2.692999999999999838e-01
9.698999999999999844e-01
-5.483999999999999986e-01
8.046999999999999709e-01
4.989999999999999991e-01
-7.510000000000000009e-02
9.334000000000000075e-01
-1.554000000000000103e-01
-7.570000000000000340e-02
-7.362999999999999545e-01
4.927000000000000268e-01
-9.368999999999999551e-01
2.541999999999999815e-01
-3.261000000000000010e-01
-5.204999999999999627e-01
