-5.450000000000000400e-01
-1.656999999999999862e-01
6.902000000000000357e-01
5.981999999999999540e-01
-7.320999999999999730e-01
5.990000000000000185e-02
-5.799999999999999600e-01
8.568999999999999950e-01
4.089999999999999747e-01
-8.475000000000000311e-01
-4.761000000000000232e-01
2.928999999999999937e-01
-6.106000000000000316e-01
-4.430999999999999939e-01
-3.045999999999999819e-01
1.522000000000000020e-01
1.406999999999999917e-01
9.811999999999999611e-01
-1.419999999999999873e-01
-8.140000000000000013e-02
4.395999999999999908e-01
-2.222999999999999976e-01
8.317999999999999838e-01
5.000000000000000104e-04
-3.451000000000000179e-01
-7.815999999999999615e-01
7.237999999999999989e-01
-9.099999999999999756e-02
3.352999999999999869e-01
9.185999999999999721e-01
-6.508000000000000451e-01
7.799000000000000377e-01
2.029999999999999860e-02
-6.754999999999999893e-01
-7.241999999999999549e-01
2.240000000000000047e-01
-6.078999999999999959e-01
-7.800000000000000266e-01
7.004000000000000226e-01
2.695000000000000173e-01
3.453999999999999848e-01
-3.880000000000000115e-02
-2.237000000000000099e-01
1.058999999999999941e-01
-7.752999999999999892e-01
6.915999999999999925e-01
8.722999999999999643e-01
-9.080000000000000571e-02
9.406999999999999806e-01
8.053000000000000158e-01
5.229999999999999927e-02
4.380999999999999894e-01
-3.236999999999999877e-01
4.763000000000000012e-01
-2.534000000000000141e-01
