2.212999999999999967e-01
-8.158999999999999586e-01
-8.509999999999999509e-02
-8.771999999999999797e-01
-3.407999999999999918e-01
-2.237000000000000099e-01
9.889999999999999902e-01
-9.394000000000000128e-01
-1.353999999999999926e-01
8.490000000000000324e-02
-3.756999999999999784e-01
-4.429000000000000159e-01
-5.210000000000000048e-02
-6.005000000000000338e-01
6.916999999999999815e-01
9.715000000000000302e-01
4.768000000000000016e-01
8.440999999999999615e-01
9.399999999999999467e-01
-4.086000000000000187e-01
-2.902000000000000135e-01
7.986999999999999655e-01
7.550999999999999934e-01
-4.554000000000000270e-01
-5.990999999999999659e-01
-5.023999999999999577e-01
6.100000000000000387e-03
-9.619999999999999662e-01
-6.257000000000000339e-01
6.693999999999999950e-01
8.196999999999999842e-01
1.424999999999999878e-01
-2.371999999999999942e-01
2.738999999999999768e-01
3.401000000000000134e-01
9.960999999999999854e-01
8.477000000000000091e-01
6.069999999999999840e-01
-7.608000000000000318e-01
-9.090000000000000302e-01
7.298000000000000043e-01
8.769000000000000128e-01
6.215000000000000524e-01
-5.275999999999999579e-01
-5.558999999999999497e-01
-2.424999999999999933e-01
-1.269999999999999948e-02
5.499999999999999681e-03
1.305000000000000049e-01
7.503999999999999559e-01
9.821999999999999620e-01
-1.219999999999999973e-01
4.344999999999999973e-01
-8.238999999999999657e-01
-6.925000000000000044e-01
