5.444999999999999840e-01
5.580000000000000238e-02
2.944999999999999840e-01
3.351000000000000090e-01
6.060000000000000109e-02
-8.399999999999999481e-03
-7.452999999999999625e-01
-1.862999999999999934e-01
4.586000000000000076e-01
-6.481999999999999984e-01
-1.318999999999999895e-01
9.219000000000000528e-01
2.903000000000000025e-01
-6.863000000000000211e-01
-1.365000000000000102e-01
4.258000000000000118e-01
2.782999999999999918e-01
-4.788000000000000034e-01
-7.439000000000000057e-01
8.075999999999999845e-01
4.486999999999999877e-01
2.732999999999999874e-01
1.870000000000000134e-02
-9.425999999999999934e-01
1.653999999999999915e-01
-1.142999999999999988e-01
5.263999999999999790e-01
-5.235999999999999543e-01
5.874000000000000332e-01
7.268999999999999906e-01
-4.380000000000000004e-01
3.296999999999999931e-01
-8.999000000000000332e-01
-6.623999999999999888e-01
-8.033000000000000140e-01
6.635999999999999677e-01
9.856000000000000316e-01
-9.937000000000000277e-01
8.421999999999999487e-01
9.729999999999999760e-02
9.550000000000000155e-02
5.151999999999999913e-01
-5.604999999999999982e-01
-3.135999999999999899e-01
4.536000000000000032e-01
-7.720000000000000473e-02
-1.283999999999999864e-01
3.889000000000000234e-01
9.526999999999999913e-01
-2.600999999999999979e-01
-5.231999999999999984e-01
-5.653000000000000247e-01
-8.332000000000000517e-01
1.230000000000000017e-02
-2.341999999999999915e-01
