7.479999999999999982e-01
-5.999999999999999778e-01
1.517000000000000015e-01
-4.884000000000000008e-01
-7.128999999999999782e-01
-5.390000000000000346e-02
-3.755999999999999894e-01
7.633999999999999675e-01
3.124000000000000110e-01
-3.713000000000000189e-01
-6.323999999999999622e-01
-7.766999999999999460e-01
3.370000000000000079e-02
9.689999999999999725e-01
7.633999999999999675e-01
-4.365999999999999881e-01
-6.106000000000000316e-01
8.923999999999999710e-01
5.100000000000000366e-03
7.229999999999999760e-01
9.219000000000000528e-01
-4.290000000000000063e-02
-9.900000000000000813e-03
-8.255000000000000115e-01
9.629999999999999671e-02
6.808999999999999497e-01
7.671999999999999931e-01
-6.589000000000000412e-01
-7.744999999999999662e-01
-6.724999999999999867e-01
5.270000000000000240e-01
9.439999999999999503e-01
-8.269999999999999574e-01
8.725000000000000533e-01
-6.334999999999999520e-01
8.019999999999999352e-02
6.451000000000000068e-01
-3.557000000000000162e-01
-9.775000000000000355e-01
-8.780000000000000304e-02
2.949999999999999845e-01
-1.411000000000000032e-01
-7.851000000000000201e-01
-3.060999999999999832e-01
-3.322999999999999843e-01
4.760000000000000342e-02
-3.133000000000000229e-01
7.611999999999999877e-01
-1.870000000000000134e-02
3.862999999999999767e-01
2.056999999999999940e-01
5.446999999999999620e-01
-8.995999999999999552e-01
-1.691000000000000003e-01
-3.471000000000000196e-01
