7.896999999999999575e-01
-4.607999999999999874e-01
6.993000000000000327e-01
9.602000000000000535e-01
9.930999999999999828e-01
-4.087000000000000077e-01
-7.119999999999999662e-01
4.924000000000000044e-01
4.323000000000000176e-01
1.033000000000000029e-01
5.874000000000000332e-01
-1.260999999999999899e-01
-1.137999999999999984e-01
-8.497999999999999998e-01
1.223999999999999949e-01
-6.159000000000000030e-01
-3.489999999999999769e-01
-6.722000000000000197e-01
-6.354999999999999538e-01
7.236000000000000210e-01
3.014999999999999902e-01
6.236000000000000432e-01
5.859999999999999931e-02
-3.870999999999999996e-01
-8.073000000000000176e-01
9.002000000000000002e-01
5.174999999999999600e-01
-8.249999999999999556e-01
-8.132000000000000339e-01
6.755999999999999783e-01
-2.156000000000000139e-01
-2.922000000000000153e-01
9.475999999999999979e-01
-8.997000000000000552e-01
-3.542000000000000148e-01
6.915000000000000036e-01
4.529000000000000248e-01
6.485999999999999543e-01
-9.048000000000000487e-01
-4.557999999999999829e-01
5.639999999999999458e-01
-1.034999999999999948e-01
7.852999999999999980e-01
5.709999999999999520e-01
1.600000000000000033e-02
4.515000000000000124e-01
-3.936999999999999944e-01
-5.493999999999999995e-01
8.903999999999999693e-01
-4.728999999999999870e-01
-9.846000000000000307e-01
3.729999999999999982e-01
9.648999999999999799e-01
1.000000000000000021e-03
2.225000000000000033e-01
