-2.575000000000000067e-01
9.961999999999999744e-01
-8.960000000000000187e-01
-9.537999999999999812e-01
-9.617999999999999883e-01
-9.517999999999999794e-01
3.174000000000000155e-01
-2.746999999999999997e-01
9.771999999999999575e-01
4.283000000000000140e-01
6.024000000000000465e-01
-2.046000000000000041e-01
-4.922000000000000264e-01
-1.689999999999999836e-02
8.440000000000000280e-02
8.404000000000000359e-01
-3.037000000000000255e-01
-8.001000000000000334e-01
-2.888999999999999901e-01
-4.497999999999999776e-01
9.236999999999999655e-01
5.396999999999999575e-01
1.141999999999999960e-01
7.209999999999999742e-02
7.080000000000000182e-02
7.409000000000000030e-01
5.493999999999999995e-01
-2.874999999999999778e-01
-6.928999999999999604e-01
-6.572999999999999954e-01
-5.110000000000000098e-01
4.366999999999999771e-01
-1.287999999999999978e-01
-9.090000000000000302e-01
5.634000000000000119e-01
-7.014000000000000234e-01
-3.765000000000000013e-01
-1.713000000000000078e-01
-8.105999999999999872e-01
8.514000000000000457e-01
8.696000000000000396e-01
-7.818000000000000504e-01
4.464000000000000190e-01
-1.299999999999999940e-02
-4.672999999999999932e-01
4.929999999999999660e-02
3.012000000000000233e-01
7.105000000000000204e-01
-2.235000000000000042e-01
2.701000000000000068e-01
-6.732000000000000206e-01
6.510000000000000231e-01
5.908999999999999808e-01
-4.531999999999999917e-01
-4.333000000000000185e-01
