2.580999999999999961e-01
-5.747999999999999776e-01
2.560000000000000053e-01
-4.789999999999999813e-01
6.291999999999999815e-01
-2.659000000000000252e-01
-6.773000000000000131e-01
-8.770000000000000018e-01
6.539000000000000368e-01
9.729999999999999760e-02
-5.129999999999999838e-02
5.947000000000000064e-01
7.590000000000000080e-01
1.718000000000000083e-01
1.842000000000000026e-01
-9.418999999999999595e-01
9.226999999999999647e-01
3.543999999999999928e-01
4.480000000000000093e-01
5.449000000000000510e-01
1.116000000000000048e-01
-2.414000000000000035e-01
5.974000000000000421e-01
7.002000000000000446e-01
4.450000000000000067e-01
1.882000000000000062e-01
8.720999999999999863e-01
6.232999999999999652e-01
-9.524000000000000243e-01
-2.705000000000000182e-01
-5.375999999999999668e-01
2.748999999999999777e-01
2.127999999999999892e-01
6.976999999999999869e-01
8.097999999999999643e-01
2.910000000000000087e-02
-1.945999999999999952e-01
6.051999999999999602e-01
3.542000000000000148e-01
-9.264999999999999902e-01
6.817999999999999616e-01
7.115000000000000213e-01
8.984999999999999654e-01
5.603000000000000203e-01
-9.645000000000000240e-01
-9.191000000000000281e-01
3.059999999999999942e-01
-2.762999999999999901e-01
4.121000000000000218e-01
-8.519999999999999796e-01
-6.329000000000000181e-01
3.405000000000000249e-01
8.599999999999999867e-01
3.168000000000000260e-01
6.948999999999999622e-01
