-8.001000000000000334e-01
7.086000000000000076e-01
5.570000000000000506e-01
-6.938999999999999613e-01
8.816000000000000503e-01
-3.690000000000000224e-02
-8.723999999999999533e-01
-4.430999999999999939e-01
5.561000000000000387e-01
4.027000000000000024e-01
-3.019000000000000017e-01
-8.241000000000000547e-01
1.913999999999999868e-01
1.315000000000000058e-01
8.960000000000000187e-01
-8.425000000000000266e-01
4.058999999999999830e-01
4.515000000000000124e-01
-7.080999999999999517e-01
6.622999999999999998e-01
-3.513000000000000012e-01
9.342000000000000304e-01
-5.799999999999999600e-01
-3.780000000000000027e-01
5.319999999999999729e-02
4.136000000000000232e-01
9.373000000000000220e-01
-5.917000000000000037e-01
3.059000000000000052e-01
9.504000000000000226e-01
-2.053999999999999992e-01
5.514000000000000012e-01
-9.509999999999999565e-01
-3.331999999999999962e-01
-4.053999999999999826e-01
8.497999999999999998e-01
-8.135000000000000009e-01
-6.078000000000000069e-01
-1.995000000000000107e-01
4.572999999999999843e-01
-4.050000000000000266e-01
2.631999999999999895e-01
-3.946999999999999953e-01
-8.517000000000000126e-01
-7.093000000000000416e-01
-5.210000000000000048e-02
2.929999999999999966e-02
-5.092999999999999750e-01
-8.508000000000000007e-01
1.980999999999999983e-01
-4.535000000000000142e-01
-5.037000000000000366e-01
5.009999999999999870e-02
-8.495000000000000329e-01
6.230000000000000121e-02
