-9.464000000000000190e-01
-5.704000000000000181e-01
-6.660000000000000642e-02
6.980000000000000093e-02
-4.501999999999999891e-01
7.271999999999999575e-01
7.245000000000000329e-01
2.596999999999999864e-01
-8.698000000000000176e-01
-1.773000000000000131e-01
-2.703999999999999737e-01
-5.402000000000000135e-01
-9.299999999999999933e-02
-8.888000000000000345e-01
8.823999999999999622e-01
-1.663999999999999924e-01
-3.665999999999999814e-01
-2.368000000000000105e-01
-9.647999999999999909e-01
5.215999999999999526e-01
6.854000000000000092e-01
-2.259999999999999856e-02
5.078000000000000291e-01
-8.524000000000000465e-01
9.308999999999999497e-01
8.507000000000000117e-01
-8.890000000000000679e-02
8.296000000000000041e-01
-7.308999999999999941e-01
7.503999999999999559e-01
3.270000000000000129e-01
-8.964999999999999636e-01
-5.699999999999999512e-01
-1.759000000000000008e-01
-8.369999999999999662e-02
5.759999999999999565e-01
-3.977999999999999869e-01
-5.895000000000000240e-01
-1.988000000000000045e-01
-7.087999999999999856e-01
9.204999999999999849e-01
-2.044999999999999873e-01
9.586999999999999966e-01
-8.799000000000000155e-01
-6.318000000000000282e-01
-7.046000000000000041e-01
-1.176999999999999991e-01
-9.666000000000000147e-01
-8.232000000000000428e-01
-5.548999999999999488e-01
7.704999999999999627e-01
7.769000000000000350e-01
-4.067000000000000060e-01
-6.360000000000000098e-01
9.465999999999999970e-01
