3.668000000000000149e-01
2.131000000000000116e-01
4.529999999999999999e-02
-9.815000000000000391e-01
-8.477000000000000091e-01
-9.991999999999999771e-01
4.858000000000000096e-01
3.699999999999999817e-02
6.314999999999999503e-01
-6.795999999999999819e-01
3.749999999999999861e-02
-7.801000000000000156e-01
3.279000000000000248e-01
2.797999999999999932e-01
-4.627999999999999892e-01
-1.540999999999999870e-01
2.759999999999999953e-02
-4.932000000000000273e-01
7.409000000000000030e-01
-5.738999999999999657e-01
-1.159000000000000030e-01
6.151999999999999691e-01
-4.340000000000000108e-02
-9.311000000000000387e-01
1.348000000000000032e-01
6.713999999999999968e-01
-2.500000000000000000e-01
-7.969000000000000528e-01
-9.217999999999999527e-01
-2.973000000000000087e-01
-1.940999999999999948e-01
-1.733000000000000096e-01
1.072000000000000036e-01
8.687000000000000277e-01
-9.121000000000000218e-01
-1.726999999999999924e-01
-4.910999999999999810e-01
-8.759999999999999731e-02
2.697999999999999843e-01
-7.820000000000000562e-02
1.343000000000000027e-01
9.677000000000000046e-01
-9.448999999999999622e-01
3.461000000000000187e-01
-9.255999999999999783e-01
4.955999999999999850e-01
-3.824000000000000177e-01
-4.228000000000000091e-01
-9.469999999999999529e-01
5.599999999999999943e-03
-9.176999999999999602e-01
-5.402000000000000135e-01
-9.282000000000000250e-01
6.018000000000000016e-01
4.877000000000000224e-01
