3.175999999999999934e-01
8.907000000000000473e-01
5.504000000000000004e-01
3.359999999999999792e-02
5.707999999999999741e-01
-8.466000000000000192e-01
-4.162000000000000144e-01
5.597999999999999643e-01
5.225999999999999535e-01
6.869999999999999718e-02
-8.150000000000000300e-02
4.996999999999999775e-01
-8.784999999999999476e-01
-2.039999999999999869e-01
9.118000000000000549e-01
-1.451999999999999957e-01
-5.484999999999999876e-01
9.795000000000000373e-01
-4.984000000000000097e-01
5.875000000000000222e-01
6.723000000000000087e-01
-6.554999999999999716e-01
-7.387000000000000233e-01
-7.610999999999999988e-01
4.966999999999999749e-01
-6.714999999999999858e-01
-9.243000000000000105e-01
-8.255000000000000115e-01
3.255000000000000115e-01
-2.073000000000000120e-01
3.212999999999999745e-01
3.285000000000000142e-01
-6.085000000000000409e-01
3.751999999999999780e-01
4.632999999999999896e-01
-3.239000000000000212e-01
-7.092000000000000526e-01
-1.975999999999999979e-01
-2.720000000000000195e-01
-3.231999999999999873e-01
4.842000000000000193e-01
-9.397999999999999687e-01
-4.616999999999999993e-01
-5.838999999999999746e-01
-9.281000000000000361e-01
-2.265000000000000069e-01
-2.157999999999999918e-01
7.889999999999999791e-02
-8.297999999999999821e-01
-5.294999999999999707e-01
-5.685000000000000053e-01
5.827999999999999847e-01
-5.242999999999999883e-01
-9.693000000000000504e-01
4.356999999999999762e-01
