-8.558000000000000052e-01
-5.177000000000000490e-01
-8.276000000000000023e-01
2.842999999999999972e-01
-7.187000000000000055e-01
-1.037000000000000005e-01
-1.751999999999999946e-01
-2.431000000000000105e-01
-8.588000000000000078e-01
1.597000000000000086e-01
-4.057999999999999940e-01
4.727999999999999980e-01
-7.668000000000000371e-01
1.223000000000000059e-01
-8.250999999999999446e-01
-2.610000000000000098e-01
4.486999999999999877e-01
-9.958000000000000185e-01
-5.446999999999999620e-01
-7.468000000000000194e-01
-3.339999999999999913e-02
-4.671000000000000152e-01
8.609999999999999876e-01
2.581999999999999851e-01
-9.096999999999999531e-01
5.708999999999999631e-01
-8.269999999999999574e-02
-2.868999999999999884e-01
-1.595000000000000029e-01
8.947000000000000508e-01
6.097000000000000197e-01
-7.899000000000000465e-01
4.570000000000000173e-01
2.521999999999999797e-01
4.225999999999999757e-01
-4.190999999999999726e-01
-9.076999999999999513e-01
-8.777000000000000357e-01
-8.882999999999999785e-01
5.250000000000000222e-01
-7.207999999999999963e-01
7.197999999999999954e-01
-5.718999999999999639e-01
-1.459999999999999909e-01
-9.959999999999999409e-02
5.389000000000000457e-01
3.170999999999999930e-01
4.404000000000000137e-01
6.313999999999999613e-01
3.629999999999999893e-01
2.960000000000000131e-02
-3.428999999999999826e-01
3.780000000000000027e-01
-9.520000000000000684e-02
-4.499999999999999833e-02
-1.715000000000000135e-01
1.413999999999999979e-01
3.597000000000000197e-01
9.278999999999999471e-01
-6.347000000000000419e-01
-9.857000000000000206e-01
1.995999999999999996e-01
-7.649000000000000243e-01
7.550000000000000044e-01
6.533999999999999808e-01
7.804999999999999716e-01
4.188999999999999946e-01
-4.789999999999999813e-02
-4.702999999999999958e-01
6.560000000000000275e-01
-5.675999999999999934e-01
-3.877999999999999781e-01
9.395000000000000018e-01
7.522999999999999687e-01
-7.371999999999999664e-01
-7.478000000000000203e-01
2.570000000000000062e-01
1.600000000000000033e-01
-5.231999999999999984e-01
-2.288000000000000034e-01
8.941999999999999948e-01
-9.465000000000000080e-01
9.579999999999999627e-02
-6.152999999999999581e-01
-9.203999999999999959e-01
5.202999999999999847e-01
8.026999999999999691e-01
9.180000000000000382e-01
-7.562999999999999723e-01
-2.596999999999999864e-01
-7.488000000000000211e-01
-1.307999999999999996e-01
9.266999999999999682e-01
4.053999999999999826e-01
-8.719000000000000083e-01
2.832999999999999963e-01
-1.034000000000000058e-01
6.135000000000000453e-01
5.301000000000000156e-01
2.016000000000000014e-01
3.837999999999999745e-01
-9.223999999999999977e-01
-3.834000000000000186e-01
1.539999999999999980e-01
-3.403999999999999804e-01
8.508999999999999897e-01
-5.057000000000000384e-01
-6.595999999999999641e-01
2.974999999999999867e-01
1.509999999999999953e-01
-8.012000000000000233e-01
9.459999999999999520e-01
2.338999999999999968e-01
-1.363999999999999935e-01
2.497999999999999943e-01
8.426000000000000156e-01
-7.065000000000000169e-01
-3.093000000000000194e-01
9.397999999999999687e-01
-9.959000000000000075e-01
-3.057000000000000273e-01
1.118999999999999995e-01
-1.285999999999999921e-01
5.870999999999999552e-01
-8.396000000000000130e-01
-2.797000000000000042e-01
1.750000000000000167e-02
-7.590000000000000080e-01
-7.941000000000000281e-01
-4.794999999999999818e-01
-9.766000000000000236e-01
-1.312000000000000111e-01
3.464999999999999747e-01
-2.068000000000000116e-01
-1.110000000000000014e-01
8.256999999999999895e-01
-8.584000000000000519e-01
1.802999999999999881e-01
-6.723999999999999977e-01
3.720999999999999863e-01
-2.298000000000000043e-01
-7.584999999999999520e-01
5.050000000000000044e-01
-7.140000000000000513e-02
2.021999999999999909e-01
1.471999999999999975e-01
-4.331999999999999740e-01
-5.879999999999999810e-02
-2.857999999999999985e-01
-1.574000000000000121e-01
5.435999999999999721e-01
7.398000000000000131e-01
-9.666000000000000147e-01
5.409000000000000474e-01
-5.676999999999999824e-01
2.228999999999999870e-01
-8.457000000000000073e-01
-6.819999999999999674e-02
6.389000000000000234e-01
8.153000000000000247e-01
9.310000000000000220e-02
8.722999999999999643e-01
5.199999999999999761e-03
-8.095999999999999863e-01
6.363999999999999657e-01
-6.447000000000000508e-01
6.458000000000000407e-01
1.627000000000000113e-01
9.465999999999999970e-01
6.182999999999999607e-01
2.945999999999999730e-01
5.179000000000000270e-01
1.716999999999999915e-01
-6.919999999999999762e-02
5.737999999999999767e-01
-1.260000000000000009e-02
6.278000000000000247e-01
4.791000000000000258e-01
8.576000000000000290e-01
3.186999999999999833e-01
3.529999999999999805e-02
-3.098000000000000198e-01
-8.120000000000000551e-01
3.986999999999999988e-01
