1.720000000000000001e-02
-9.651999999999999469e-01
8.820000000000000062e-02
1.202000000000000013e-01
4.732999999999999985e-01
4.455000000000000071e-01
2.487000000000000044e-01
-3.071999999999999731e-01
-8.663999999999999480e-01
-8.102000000000000313e-01
-6.784999999999999920e-01
-4.887000000000000233e-01
-3.951000000000000068e-01
4.212000000000000188e-01
1.960999999999999965e-01
-3.412000000000000033e-01
-7.262999999999999456e-01
-1.448000000000000120e-01
-9.326999999999999735e-01
-2.932000000000000162e-01
-1.602000000000000091e-01
-1.428999999999999992e-01
2.651000000000000023e-01
8.888000000000000345e-01
6.915999999999999925e-01
-2.482000000000000040e-01
-1.125000000000000028e-01
9.516000000000000014e-01
5.222999999999999865e-01
-2.149999999999999828e-02
-5.110000000000000098e-01
-9.649999999999999689e-01
-1.360999999999999988e-01
-7.868000000000000549e-01
-7.802000000000000046e-01
2.529000000000000137e-01
-9.740000000000000047e-02
-8.608000000000000096e-01
3.518000000000000016e-01
8.430999999999999606e-01
-9.081000000000000183e-01
8.398999999999999799e-01
-1.789999999999999925e-01
9.567999999999999838e-01
-7.093000000000000416e-01
5.621000000000000441e-01
4.700000000000000011e-02
4.071000000000000174e-01
-7.737000000000000544e-01
-4.280999999999999805e-01
-4.308000000000000163e-01
-5.817999999999999838e-01
-8.487000000000000099e-01
9.719999999999999474e-02
-9.102999999999999980e-01
-2.232999999999999985e-01
-2.247999999999999998e-01
-4.687000000000000055e-01
-9.683000000000000496e-01
2.795000000000000262e-01
-4.922000000000000264e-01
-7.870000000000000329e-01
1.499000000000000055e-01
6.998999999999999666e-01
-6.780000000000000471e-01
-5.033999999999999586e-01
-8.123000000000000220e-01
3.645999999999999797e-01
-3.755999999999999894e-01
9.247999999999999554e-01
-5.172999999999999821e-01
-6.171999999999999709e-01
-3.330000000000000182e-01
4.922000000000000264e-01
-5.380000000000000060e-02
-6.401000000000000023e-01
5.566999999999999726e-01
9.731999999999999540e-01
-2.545000000000000040e-01
3.429999999999999716e-02
-4.371999999999999775e-01
3.773000000000000242e-01
2.769999999999999893e-02
-1.894000000000000128e-01
-3.482999999999999985e-01
-1.159000000000000030e-01
-8.296000000000000041e-01
-2.084000000000000019e-01
9.812999999999999501e-01
-8.799999999999999489e-02
9.716000000000000192e-01
-8.446000000000000174e-01
-1.466999999999999971e-01
-5.451000000000000290e-01
5.802000000000000490e-01
2.368999999999999995e-01
5.999999999999999778e-02
-3.800000000000000044e-01
1.799999999999999951e-03
9.330000000000000515e-01
4.499999999999999660e-03
9.112999999999999989e-01
2.558000000000000274e-01
-2.822000000000000064e-01
-6.152999999999999581e-01
-5.129999999999999838e-02
3.156999999999999806e-01
5.856000000000000094e-01
2.386000000000000065e-01
-2.485999999999999877e-01
5.064999999999999503e-01
-9.915000000000000480e-01
-4.709999999999999742e-01
1.839999999999999969e-02
2.876000000000000223e-01
8.531999999999999584e-01
-7.625999999999999446e-01
-7.834999999999999742e-01
-9.897000000000000242e-01
-9.417999999999999705e-01
-2.667999999999999816e-01
-7.741000000000000103e-01
-2.197999999999999954e-01
-2.757000000000000006e-01
6.683000000000000052e-01
4.510000000000000120e-02
9.256999999999999673e-01
2.202000000000000068e-01
1.244999999999999996e-01
-1.149999999999999981e-02
-4.536999999999999922e-01
-9.565000000000000169e-01
-7.317000000000000171e-01
-7.760000000000000231e-01
8.856000000000000538e-01
-7.085000000000000187e-01
-6.451999999999999957e-01
-8.919000000000000261e-01
1.824999999999999956e-01
4.356999999999999762e-01
2.406000000000000083e-01
-2.306999999999999884e-01
5.384999999999999787e-01
5.850999999999999535e-01
-5.148000000000000353e-01
-8.030000000000000471e-01
-3.625999999999999779e-01
-3.625999999999999779e-01
3.513000000000000012e-01
-9.969999999999999973e-01
-6.402999999999999803e-01
-9.875000000000000444e-01
-7.729999999999999372e-02
-6.381999999999999895e-01
-7.835999999999999632e-01
-1.810000000000000150e-02
-7.951000000000000290e-01
-6.993000000000000327e-01
4.069999999999999729e-01
-7.077999999999999847e-01
8.502999999999999448e-01
4.214999999999999858e-01
2.619000000000000217e-01
4.566999999999999948e-01
-8.175999999999999934e-01
-1.749999999999999889e-01
-3.063000000000000167e-01
9.387999999999999678e-01
3.511000000000000232e-01
-4.742000000000000104e-01
1.617000000000000104e-01
-4.670000000000000262e-01
4.202000000000000179e-01
-7.795999999999999597e-01
5.940000000000000141e-02
8.501999999999999558e-01
9.635000000000000231e-01
-4.514000000000000234e-01
-1.335999999999999965e-01
4.924000000000000044e-01
6.189999999999999669e-02
-7.317000000000000171e-01
-9.481000000000000538e-01
9.201000000000000290e-01
