-8.668000000000000149e-01
3.891999999999999904e-01
-9.294999999999999929e-01
1.459000000000000019e-01
6.861000000000000432e-01
-4.577999999999999847e-01
-9.685000000000000275e-01
-6.642000000000000126e-01
2.333999999999999964e-01
4.255999999999999783e-01
5.205999999999999517e-01
6.211999999999999744e-01
1.252000000000000057e-01
3.199000000000000177e-01
-1.945999999999999952e-01
8.921000000000000041e-01
2.064999999999999891e-01
3.785000000000000031e-01
7.003000000000000336e-01
8.436000000000000165e-01
-7.421999999999999709e-01
-3.148000000000000242e-01
6.877999999999999670e-01
-3.503000000000000003e-01
9.555000000000000160e-01
-3.168000000000000260e-01
-4.798999999999999932e-01
9.385000000000000009e-01
6.518000000000000460e-01
-5.777999999999999803e-01
-1.032000000000000001e-01
4.798000000000000043e-01
-8.967000000000000526e-01
-9.965000000000000524e-01
-3.638000000000000123e-01
1.699999999999999905e-03
1.208999999999999936e-01
-5.433000000000000052e-01
-9.797000000000000153e-01
-9.180000000000000382e-01
-8.519999999999999796e-01
-9.081000000000000183e-01
-1.724999999999999867e-01
3.588999999999999968e-01
2.792999999999999927e-01
-5.492000000000000215e-01
4.783999999999999919e-01
-1.121000000000000052e-01
9.334000000000000075e-01
-1.250000000000000069e-02
-3.432999999999999940e-01
5.489000000000000545e-01
-3.603000000000000091e-01
-2.479999999999999913e-02
-1.565999999999999892e-01
-6.532999999999999918e-01
-7.328999999999999959e-01
4.885999999999999788e-01
9.451000000000000512e-01
-5.223999999999999755e-01
-2.144999999999999962e-01
3.130000000000000143e-02
9.606999999999999984e-01
-1.794999999999999929e-01
9.033999999999999808e-01
-2.139999999999999888e-02
1.839999999999999969e-01
-6.560000000000000275e-01
2.174999999999999989e-01
5.693000000000000282e-01
-3.891000000000000014e-01
-7.396000000000000352e-01
-2.711999999999999966e-01
5.866000000000000103e-01
-2.380000000000000171e-02
2.096999999999999975e-01
-4.006000000000000116e-01
4.701000000000000179e-01
1.259000000000000119e-01
-8.569999999999999840e-01
-9.939999999999999947e-01
3.680999999999999828e-01
8.840000000000000635e-02
5.292999999999999927e-01
2.731000000000000094e-01
-1.592999999999999972e-01
-5.445999999999999730e-01
-6.096000000000000307e-01
1.899000000000000132e-01
7.989999999999999880e-02
-2.888999999999999901e-01
-2.801000000000000156e-01
5.890999999999999570e-01
-7.522999999999999687e-01
3.311000000000000054e-01
-3.339999999999999913e-02
9.532000000000000473e-01
-7.655999999999999472e-01
7.875999999999999668e-01
1.600000000000000033e-01
-7.028999999999999693e-01
7.013000000000000345e-01
-6.271999999999999797e-01
-4.727000000000000091e-01
4.724999999999999756e-01
-1.358000000000000040e-01
9.134999999999999787e-01
-5.840000000000000052e-02
-3.202999999999999736e-01
-1.532999999999999918e-01
-4.989999999999999991e-02
5.568999999999999506e-01
4.213999999999999968e-01
-8.948000000000000398e-01
8.532999999999999474e-01
7.499000000000000110e-01
1.032000000000000001e-01
-4.511000000000000010e-01
1.585999999999999910e-01
-7.301999999999999602e-01
8.245999999999999996e-01
8.559999999999999831e-01
1.633999999999999897e-01
6.627999999999999448e-01
9.059000000000000385e-01
-9.314000000000000057e-01
-6.380000000000000115e-01
3.934000000000000274e-01
9.799999999999999684e-03
1.733000000000000096e-01
-8.454000000000000403e-01
-4.264999999999999902e-01
-8.339999999999999636e-01
-2.351999999999999924e-01
-2.444999999999999951e-01
6.139000000000000012e-01
-8.407000000000000028e-01
-8.037999999999999590e-01
-4.212000000000000188e-01
1.691999999999999893e-01
1.637000000000000122e-01
-6.633000000000000007e-01
2.965999999999999748e-01
5.319000000000000394e-01
-9.487999999999999767e-01
-5.090000000000000080e-02
8.920000000000000151e-02
1.095000000000000001e-01
-1.233999999999999958e-01
-1.991999999999999882e-01
-7.980000000000000426e-01
-9.716000000000000192e-01
-3.568999999999999950e-01
-9.194999999999999840e-01
-1.809999999999999942e-01
-8.416000000000000147e-01
4.364999999999999991e-01
-1.647000000000000131e-01
1.323000000000000009e-01
9.644000000000000350e-01
9.945000000000000506e-01
-9.859999999999999876e-01
-7.199999999999999734e-01
6.914000000000000146e-01
5.330000000000000293e-01
-6.865999999999999881e-01
8.272000000000000464e-01
9.799999999999999684e-03
8.145000000000000018e-01
-7.258000000000000007e-01
-2.844999999999999751e-01
-3.703000000000000180e-01
1.532999999999999918e-01
2.621999999999999886e-01
-6.996999999999999886e-01
-7.694999999999999618e-01
-8.368999999999999773e-01
-3.594999999999999862e-01
-9.579999999999999627e-01
3.467999999999999972e-01
8.740000000000000546e-02
-5.813000000000000389e-01
-5.655000000000000027e-01
-7.749999999999999944e-02
