-8.079999999999999682e-02
-7.463999999999999524e-01
8.894999999999999574e-01
6.108000000000000096e-01
8.003000000000000114e-01
5.744000000000000217e-01
-1.547999999999999932e-01
2.656000000000000028e-01
-3.032000000000000250e-01
-1.943999999999999895e-01
-7.130000000000000226e-02
-4.391999999999999793e-01
-9.558999999999999719e-01
-1.313999999999999890e-01
-2.817000000000000060e-01
8.417000000000000037e-01
-3.406000000000000139e-01
2.426999999999999991e-01
8.899000000000000243e-01
-5.545999999999999819e-01
-2.326000000000000012e-01
4.220999999999999752e-01
-8.179999999999999771e-02
-2.147999999999999909e-01
-4.798000000000000043e-01
3.704000000000000070e-01
-2.723999999999999755e-01
-9.526999999999999913e-01
-3.582000000000000184e-01
-6.997999999999999776e-01
-2.492000000000000048e-01
-7.541999999999999815e-01
5.809999999999999609e-01
-6.250999999999999890e-01
-9.657000000000000028e-01
2.933000000000000052e-01
-3.827999999999999736e-01
-1.962000000000000133e-01
3.312999999999999834e-01
-1.212000000000000022e-01
-1.121000000000000052e-01
1.132999999999999979e-01
-7.524999999999999467e-01
3.520000000000000212e-02
-3.437999999999999945e-01
8.399999999999999481e-03
3.487999999999999989e-01
-2.822999999999999954e-01
3.985000000000000209e-01
-1.801000000000000101e-01
-9.663000000000000478e-01
8.783999999999999586e-01
-4.013999999999999790e-01
4.704999999999999738e-01
-4.188000000000000056e-01
-9.112000000000000099e-01
2.998000000000000109e-01
9.645000000000000240e-01
-7.358999999999999986e-01
2.831000000000000183e-01
-9.574000000000000288e-01
1.142999999999999988e-01
-2.333000000000000074e-01
8.385000000000000231e-01
9.129000000000000448e-01
3.345000000000000195e-01
-1.579000000000000126e-01
5.583000000000000185e-01
-7.912000000000000144e-01
3.114999999999999991e-01
4.920999999999999819e-01
7.520000000000000295e-02
7.296000000000000263e-01
-6.266000000000000458e-01
-2.088000000000000134e-01
-4.602999999999999869e-01
2.341000000000000025e-01
-3.195999999999999952e-01
7.543999999999999595e-01
8.349999999999999645e-01
-4.036000000000000143e-01
-8.987000000000000544e-01
6.135000000000000453e-01
4.213999999999999968e-01
4.505000000000000115e-01
-7.344000000000000528e-01
-3.529999999999999805e-01
5.145999999999999464e-01
-2.306999999999999884e-01
-7.187000000000000055e-01
1.277999999999999969e-01
2.088000000000000134e-01
8.650999999999999801e-01
1.181999999999999995e-01
1.847000000000000031e-01
2.852999999999999980e-01
3.400000000000000244e-01
4.189999999999999974e-02
-6.660000000000000642e-02
2.969999999999999862e-01
6.963000000000000300e-01
-6.350999999999999979e-01
-5.195999999999999508e-01
-3.030000000000000054e-02
-9.371000000000000441e-01
6.719000000000000528e-01
-9.957000000000000295e-01
-9.100000000000000311e-01
-6.411999999999999922e-01
-5.407999999999999474e-01
7.211999999999999522e-01
8.797000000000000375e-01
-3.164000000000000146e-01
-5.207000000000000517e-01
6.764000000000000012e-01
8.205000000000000071e-01
6.539000000000000368e-01
6.217000000000000304e-01
-9.386999999999999789e-01
-2.576999999999999846e-01
-5.006000000000000449e-01
7.992000000000000215e-01
3.780000000000000027e-01
7.610000000000000098e-01
-8.359999999999999376e-02
-3.578000000000000069e-01
6.079999999999999988e-02
7.265000000000000346e-01
-4.360999999999999877e-01
-8.326999999999999957e-01
8.217999999999999750e-01
4.692999999999999949e-01
8.048999999999999488e-01
-5.208000000000000407e-01
4.669999999999999846e-02
-4.324999999999999956e-01
5.939999999999999725e-01
3.660000000000000059e-02
-1.514000000000000068e-01
-9.366999999999999771e-01
-1.723000000000000087e-01
5.070999999999999952e-01
1.110000000000000014e-01
7.187000000000000055e-01
-4.731000000000000205e-01
-3.497000000000000108e-01
-6.955999999999999961e-01
-8.931999999999999940e-01
6.302999999999999714e-01
4.153999999999999915e-01
-1.504999999999999949e-01
-8.067999999999999616e-01
1.029000000000000054e-01
3.724000000000000088e-01
6.845999999999999863e-01
-3.444999999999999729e-01
-7.120999999999999552e-01
5.797999999999999821e-01
-5.345999999999999641e-01
7.040000000000000424e-02
4.703999999999999848e-01
9.143999999999999906e-01
4.069999999999999729e-01
-2.720000000000000195e-01
-4.783000000000000029e-01
3.597000000000000197e-01
-8.273000000000000353e-01
6.235000000000000542e-01
-1.360999999999999988e-01
-9.276999999999999691e-01
-9.579999999999999627e-01
2.127999999999999892e-01
-1.837999999999999912e-01
6.539999999999999980e-02
2.351000000000000034e-01
8.525000000000000355e-01
-8.175999999999999934e-01
-8.790000000000000036e-01
-3.267999999999999794e-01
2.697999999999999843e-01
9.817000000000000171e-01
6.892000000000000348e-01
-7.903999999999999915e-01
8.870999999999999996e-01
