-3.165000000000000036e-01
9.788000000000000034e-01
7.382999999999999563e-01
-9.658999999999999808e-01
1.726999999999999924e-01
8.023000000000000131e-01
-5.020000000000000157e-02
6.165000000000000480e-01
9.124999999999999778e-01
-4.779999999999999805e-01
6.964000000000000190e-01
7.124000000000000332e-01
-8.429999999999999993e-02
-9.963999999999999524e-01
-4.501999999999999891e-01
-2.904999999999999805e-01
1.444999999999999896e-01
-4.984000000000000097e-01
5.461000000000000298e-01
-5.733000000000000318e-01
-6.057000000000000162e-01
7.734999999999999654e-01
6.140000000000000319e-02
-2.778999999999999804e-01
-9.018000000000000460e-01
-9.310000000000000497e-01
-7.138999999999999790e-01
5.856999999999999984e-01
-8.558000000000000052e-01
-4.944999999999999951e-01
6.320999999999999952e-01
-7.413999999999999480e-01
-8.862999999999999767e-01
-5.956000000000000183e-01
3.357999999999999874e-01
-7.318000000000000060e-01
9.910999999999999810e-01
9.848000000000000087e-01
9.825000000000000400e-01
8.064000000000000057e-01
-6.159999999999999920e-01
-6.933000000000000274e-01
-9.413000000000000256e-01
-9.167999999999999483e-01
8.120000000000000551e-01
-3.272999999999999798e-01
6.579000000000000403e-01
2.539000000000000146e-01
-4.960999999999999854e-01
-7.834999999999999742e-01
-6.272999999999999687e-01
7.603999999999999648e-01
-6.902000000000000357e-01
-2.434000000000000052e-01
3.022000000000000242e-01
-2.162000000000000033e-01
-2.053999999999999992e-01
4.066000000000000170e-01
-4.129999999999999782e-01
-9.081000000000000183e-01
-3.766999999999999793e-01
1.981999999999999873e-01
8.980000000000000482e-02
9.669999999999999707e-01
-5.663000000000000256e-01
-9.163999999999999924e-01
4.889999999999999902e-02
-4.199999999999999740e-03
-9.576999999999999957e-01
-5.970999999999999641e-01
8.313000000000000389e-01
4.284000000000000030e-01
-5.433000000000000052e-01
-4.596000000000000085e-01
6.388000000000000345e-01
8.002000000000000224e-01
9.115999999999999659e-01
-9.270000000000000462e-02
5.905000000000000249e-01
8.423000000000000487e-01
-7.078999999999999737e-01
-1.170999999999999958e-01
-7.017999999999999794e-01
1.119999999999999989e-02
4.172000000000000153e-01
4.277000000000000246e-01
-3.230000000000000093e-01
6.457000000000000517e-01
6.988999999999999657e-01
6.313999999999999613e-01
-9.174999999999999822e-01
7.131999999999999451e-01
5.359000000000000430e-01
-1.135000000000000037e-01
-4.642999999999999905e-01
4.554000000000000270e-01
8.149999999999999467e-01
2.538000000000000256e-01
4.442999999999999727e-01
-6.805999999999999828e-01
2.341999999999999915e-01
-9.320000000000000506e-01
-1.343000000000000027e-01
-4.139999999999999791e-01
-8.730000000000000260e-02
-5.353999999999999870e-01
-4.709999999999999742e-01
1.416999999999999926e-01
-3.250000000000000111e-01
-5.720000000000000084e-02
4.254999999999999893e-01
-6.530000000000000249e-01
1.746999999999999942e-01
9.151000000000000245e-01
7.116999999999999993e-01
-2.500000000000000052e-03
-5.493999999999999995e-01
-8.040000000000000480e-01
4.598999999999999755e-01
2.803999999999999826e-01
6.195000000000000506e-01
-5.010999999999999899e-01
-2.172999999999999932e-01
7.370999999999999774e-01
-8.521999999999999575e-01
8.077999999999999625e-01
5.760999999999999455e-01
-9.223999999999999977e-01
3.644999999999999907e-01
6.219999999999999973e-01
-1.739999999999999880e-02
-8.899000000000000243e-01
-4.566999999999999948e-01
3.932999999999999829e-01
-9.602000000000000535e-01
-4.279999999999999777e-02
-6.058999999999999941e-01
-7.566000000000000503e-01
7.130000000000000226e-02
-5.930999999999999606e-01
-9.295999999999999819e-01
8.836000000000000520e-01
-7.571999999999999842e-01
1.633999999999999897e-01
-5.090000000000000080e-01
-7.590999999999999970e-01
3.812999999999999723e-01
3.237999999999999767e-01
-4.334999999999999964e-01
3.411000000000000143e-01
5.725999999999999979e-01
-9.362000000000000322e-01
-3.629999999999999893e-02
6.402999999999999803e-01
-3.397999999999999909e-01
9.151000000000000245e-01
8.336999999999999966e-01
3.795000000000000040e-01
3.518000000000000016e-01
2.510999999999999899e-01
-2.456000000000000127e-01
1.721000000000000030e-01
-5.931999999999999496e-01
-1.112999999999999962e-01
5.507999999999999563e-01
8.790000000000000591e-02
8.483000000000000540e-01
-9.012999999999999901e-01
-2.646000000000000019e-01
9.932999999999999607e-01
7.459999999999999964e-01
-4.047000000000000042e-01
-4.813999999999999946e-01
-9.697999999999999954e-01
-4.792000000000000148e-01
-5.358000000000000540e-01
-2.897000000000000131e-01
5.860999999999999543e-01
-4.423000000000000265e-01
-6.411000000000000032e-01
-3.054999999999999938e-01
-3.383999999999999786e-01
-4.505000000000000115e-01
-8.145999999999999908e-01
