9.160000000000000364e-01
1.340000000000000080e-01
-8.266999999999999904e-01
6.754999999999999893e-01
-9.108000000000000540e-01
-8.028999999999999471e-01
8.233000000000000318e-01
4.173999999999999932e-01
-6.179999999999999938e-01
-2.494000000000000106e-01
2.838999999999999857e-01
-3.266000000000000014e-01
-4.979999999999999982e-01
-8.104000000000000092e-01
-3.412000000000000033e-01
-8.869000000000000217e-01
3.478999999999999870e-01
-3.845999999999999974e-01
-9.102999999999999980e-01
-7.421999999999999709e-01
-4.979999999999999982e-01
5.040000000000000036e-02
-1.547999999999999932e-01
-6.332999999999999741e-01
-7.951000000000000290e-01
5.476999999999999647e-01
-3.719999999999999696e-02
-7.792000000000000037e-01
-1.024999999999999939e-01
-6.583999999999999853e-01
6.150999999999999801e-01
-3.310000000000000164e-01
-9.270000000000000462e-01
-4.536000000000000032e-01
-4.479999999999999954e-02
-9.901999999999999691e-01
-3.877999999999999781e-01
2.162000000000000033e-01
5.890999999999999570e-01
-6.699000000000000510e-01
-4.414000000000000146e-01
8.711999999999999744e-01
8.354000000000000314e-01
-3.745999999999999885e-01
5.592000000000000304e-01
-1.147999999999999993e-01
9.772999999999999465e-01
-5.219000000000000306e-01
-6.572000000000000064e-01
-8.277999999999999803e-01
8.709999999999999687e-02
6.899999999999999467e-01
1.572000000000000064e-01
-7.943000000000000060e-01
-6.118000000000000105e-01
3.291000000000000036e-01
-7.775999999999999579e-01
-6.844000000000000083e-01
5.836999999999999966e-01
-6.697999999999999510e-01
-4.452999999999999736e-01
-7.783999999999999808e-01
-6.804000000000000048e-01
8.100000000000000533e-01
-8.517000000000000126e-01
8.941000000000000059e-01
-1.821000000000000119e-01
9.172000000000000153e-01
2.772999999999999909e-01
-5.279000000000000359e-01
-7.835999999999999632e-01
2.700000000000000178e-01
-6.710000000000000409e-01
4.159999999999999809e-02
-5.143999999999999684e-01
-2.511999999999999789e-01
2.889999999999999861e-02
3.139999999999999736e-02
-8.558999999999999941e-01
-3.835000000000000075e-01
4.326999999999999735e-01
5.816999999999999948e-01
4.516000000000000014e-01
-3.660000000000000059e-02
7.460999999999999854e-01
6.177000000000000268e-01
7.858000000000000540e-01
-8.017999999999999572e-01
6.192999999999999616e-01
-9.927000000000000268e-01
-3.836999999999999855e-01
6.052999999999999492e-01
5.062999999999999723e-01
-3.987999999999999878e-01
-1.658999999999999919e-01
-4.516999999999999904e-01
-8.199999999999999512e-01
-2.615999999999999992e-01
-3.575999999999999734e-01
1.958999999999999908e-01
-9.379999999999999449e-02
7.720000000000000473e-02
-9.010000000000000231e-01
1.854000000000000092e-01
8.909000000000000252e-01
7.712999999999999856e-01
-4.707000000000000073e-01
-5.569999999999999951e-02
6.846999999999999753e-01
9.213000000000000078e-01
-8.088999999999999524e-01
-7.326000000000000290e-01
-5.693000000000000282e-01
-5.500000000000000028e-02
6.112999999999999545e-01
-6.798999999999999488e-01
4.130000000000000338e-02
2.126000000000000112e-01
3.957999999999999852e-01
-3.765999999999999903e-01
2.305000000000000104e-01
7.219999999999999751e-01
-7.118999999999999773e-01
-8.756000000000000449e-01
-2.043999999999999984e-01
-4.637000000000000011e-01
-5.504000000000000004e-01
-2.477000000000000035e-01
-6.169999999999999929e-01
-3.018000000000000127e-01
-6.028999999999999915e-01
9.710000000000000575e-02
-1.024000000000000049e-01
3.084999999999999964e-01
5.945000000000000284e-01
3.261999999999999900e-01
3.529999999999999805e-02
4.455000000000000071e-01
-7.843999999999999861e-01
7.367000000000000215e-01
1.039999999999999952e-01
6.129999999999999893e-01
-3.015999999999999792e-01
9.573000000000000398e-01
1.577000000000000068e-01
2.374999999999999889e-01
5.149000000000000243e-01
-4.484000000000000208e-01
-8.937000000000000499e-01
9.130000000000000615e-02
1.502000000000000002e-01
1.683999999999999941e-01
5.098000000000000309e-01
-8.642999999999999572e-01
1.899999999999999953e-02
6.320000000000000062e-01
-3.961000000000000076e-01
7.851000000000000201e-01
9.847000000000000197e-01
-9.202000000000000179e-01
-3.123000000000000220e-01
-3.563000000000000056e-01
-6.209000000000000075e-01
4.426999999999999824e-01
6.158000000000000140e-01
-9.048000000000000487e-01
-3.562000000000000166e-01
4.510000000000000120e-01
7.307000000000000162e-01
5.712000000000000410e-01
-9.835000000000000409e-01
4.600000000000000200e-01
-1.754999999999999893e-01
-6.139000000000000012e-01
-6.169000000000000039e-01
1.333999999999999908e-01
5.268000000000000460e-01
3.937999999999999834e-01
5.356999999999999540e-01
8.100000000000000533e-01
-4.803999999999999937e-01
6.670000000000000373e-01
3.639999999999999902e-01
5.520000000000000462e-01
