6.743999999999999995e-01
-1.552999999999999936e-01
-9.930999999999999828e-01
-6.091999999999999638e-01
-9.852999999999999536e-01
-5.340000000000000302e-02
-3.453999999999999848e-01
7.677000000000000490e-01
-8.360999999999999543e-01
-5.201000000000000068e-01
1.401000000000000023e-01
-9.096999999999999531e-01
1.146999999999999964e-01
-8.646000000000000352e-01
8.029999999999999638e-02
1.197000000000000008e-01
-4.784999999999999809e-01
9.310000000000000220e-02
-9.965000000000000524e-01
1.484000000000000041e-01
-1.340000000000000080e-01
-3.443999999999999839e-01
8.820000000000000062e-02
-4.868999999999999995e-01
9.124999999999999778e-01
7.350999999999999757e-01
-5.612000000000000322e-01
9.245999999999999774e-01
3.119999999999999996e-01
1.902000000000000079e-01
3.948999999999999733e-01
2.299999999999999961e-02
5.152999999999999803e-01
6.102999999999999536e-01
-6.220999999999999863e-01
-7.421999999999999709e-01
6.536999999999999478e-01
-7.799999999999999642e-03
6.539000000000000368e-01
-9.667999999999999927e-01
-5.734000000000000208e-01
-1.718999999999999972e-01
-9.510000000000000397e-02
-8.692999999999999616e-01
-5.097000000000000419e-01
-1.959999999999999937e-02
-9.078000000000000513e-01
-7.395000000000000462e-01
1.140999999999999931e-01
2.394999999999999907e-01
-9.340000000000000524e-01
1.746999999999999942e-01
-4.830999999999999739e-01
-2.060000000000000026e-02
5.899999999999999689e-01
7.038999999999999702e-01
-9.470000000000000639e-02
-4.157000000000000139e-01
-1.458000000000000129e-01
8.310999999999999499e-01
5.534999999999999920e-01
-8.147999999999999687e-01
1.313000000000000000e-01
-6.030999999999999694e-01
-4.806000000000000272e-01
4.355999999999999872e-01
-5.530000000000000471e-01
-6.447000000000000508e-01
7.526000000000000467e-01
-2.174999999999999989e-01
1.637000000000000122e-01
2.561999999999999833e-01
-2.480999999999999872e-01
1.431000000000000050e-01
5.074999999999999512e-01
2.797000000000000042e-01
-2.097999999999999865e-01
8.329999999999999905e-02
-3.242999999999999772e-01
-9.031000000000000139e-01
-1.619999999999999912e-02
-9.856000000000000316e-01
2.534000000000000141e-01
2.429000000000000048e-01
-6.019999999999999796e-01
7.257000000000000117e-01
-5.896000000000000130e-01
9.550000000000000155e-02
4.151000000000000245e-01
-9.576999999999999957e-01
-8.912999999999999812e-01
-5.911999999999999478e-01
-9.817000000000000171e-01
7.624999999999999556e-01
-7.084000000000000297e-01
7.849000000000000421e-01
9.351000000000000423e-01
1.479999999999999927e-01
6.249000000000000110e-01
6.954000000000000181e-01
1.729999999999999871e-01
-1.461000000000000076e-01
-4.556999999999999940e-01
9.273000000000000131e-01
4.263000000000000123e-01
-1.663999999999999924e-01
5.606999999999999762e-01
7.411999999999999700e-01
7.669000000000000261e-01
-3.997999999999999887e-01
8.051000000000000378e-01
7.733999999999999764e-01
2.637999999999999790e-01
2.247999999999999998e-01
2.319999999999999840e-02
3.109999999999999917e-02
-9.223000000000000087e-01
5.686999999999999833e-01
8.783999999999999586e-01
8.511999999999999567e-01
3.038000000000000145e-01
8.228999999999999648e-01
-5.647999999999999687e-01
-3.578000000000000069e-01
7.134000000000000341e-01
-7.261999999999999567e-01
5.332000000000000073e-01
-4.066000000000000170e-01
5.135999999999999455e-01
1.129000000000000004e-01
5.469999999999999862e-02
1.299999999999999940e-02
2.872000000000000108e-01
-7.325000000000000400e-01
-3.920000000000000151e-01
-2.336999999999999911e-01
-4.490000000000000102e-01
4.873000000000000109e-01
-4.073999999999999844e-01
9.121000000000000218e-01
5.809999999999999609e-01
-1.189999999999999947e-01
7.349999999999999867e-01
7.287000000000000144e-01
1.340000000000000045e-02
-2.179999999999999993e-01
4.219999999999999862e-01
-2.472000000000000031e-01
4.015000000000000235e-01
4.704999999999999738e-01
-6.578000000000000513e-01
-8.245000000000000107e-01
-2.975999999999999757e-01
-1.859999999999999848e-02
-6.379999999999999560e-02
4.722999999999999976e-01
9.029000000000000359e-01
-7.800000000000000266e-01
3.700999999999999845e-01
4.689999999999999725e-01
5.137000000000000455e-01
-8.715000000000000524e-01
3.946999999999999953e-01
3.730999999999999872e-01
-1.396000000000000019e-01
2.147999999999999909e-01
3.911000000000000032e-01
2.990999999999999770e-01
2.179999999999999993e-01
-9.926000000000000378e-01
-6.621000000000000218e-01
1.779999999999999916e-01
1.073999999999999955e-01
-8.268999999999999684e-01
-9.355999999999999872e-01
7.947999999999999510e-01
-5.313999999999999835e-01
8.565000000000000391e-01
3.497000000000000108e-01
9.529999999999999583e-02
2.359999999999999945e-02
4.875999999999999779e-01
-6.133999999999999453e-01
-6.479000000000000314e-01
