-9.056999999999999496e-01
-6.611000000000000210e-01
2.619000000000000217e-01
-7.925999999999999712e-01
-7.631000000000000005e-01
8.047999999999999599e-01
3.438999999999999835e-01
-4.786000000000000254e-01
-4.612999999999999878e-01
2.046000000000000041e-01
-9.429999999999999494e-01
-7.641999999999999904e-01
-5.279000000000000359e-01
9.529999999999999583e-01
-4.585000000000000187e-01
-1.175999999999999962e-01
-2.531999999999999806e-01
-5.441000000000000281e-01
7.789999999999999702e-02
-4.541999999999999926e-01
7.531999999999999806e-01
-8.256999999999999895e-01
-4.499999999999999660e-03
-5.168000000000000371e-01
7.358000000000000096e-01
5.268000000000000460e-01
5.675000000000000044e-01
-5.410000000000000364e-01
7.939999999999999836e-02
-6.659000000000000474e-01
8.374000000000000332e-01
-8.164000000000000146e-01
9.697999999999999954e-01
9.387999999999999678e-01
-2.888000000000000012e-01
-3.876000000000000001e-01
8.821999999999999842e-01
-1.693000000000000060e-01
-4.529000000000000248e-01
1.170000000000000033e-02
-6.560000000000000553e-02
-8.014000000000000012e-01
8.742999999999999661e-01
9.300000000000000488e-01
1.179999999999999938e-01
-4.157000000000000139e-01
5.333999999999999853e-01
-7.144000000000000350e-01
-7.816999999999999504e-01
1.680999999999999994e-01
-9.258999999999999453e-01
9.708999999999999853e-01
4.007999999999999896e-01
-3.885000000000000120e-01
4.893000000000000127e-01
-6.971000000000000529e-01
-6.485999999999999543e-01
-2.094000000000000028e-01
5.809999999999999887e-02
6.061999999999999611e-01
-6.287000000000000366e-01
2.011000000000000010e-01
-9.931999999999999718e-01
-6.369000000000000217e-01
1.363000000000000045e-01
-6.006000000000000227e-01
-8.816000000000000503e-01
9.987000000000000322e-01
9.230000000000000426e-01
-6.357000000000000428e-01
-6.136000000000000343e-01
-3.407999999999999918e-01
1.656999999999999862e-01
2.484999999999999987e-01
-3.405000000000000249e-01
-9.474000000000000199e-01
-6.463999999999999746e-01
-2.280000000000000082e-02
-9.883999999999999453e-01
-3.639999999999999902e-01
-8.840000000000000080e-01
8.527000000000000135e-01
2.313000000000000056e-01
-2.751000000000000112e-01
-3.910000000000000142e-01
5.403999999999999915e-01
7.103000000000000425e-01
-3.073000000000000176e-01
4.259999999999999898e-01
-3.553000000000000047e-01
-8.420999999999999597e-01
-5.410000000000000364e-01
-7.669000000000000261e-01
-8.240000000000000102e-02
-3.799999999999999906e-02
1.127999999999999975e-01
-3.820000000000000062e-01
-5.068000000000000282e-01
2.591999999999999860e-01
-6.058999999999999941e-01
2.727999999999999869e-01
-5.088000000000000300e-01
-1.330000000000000071e-01
7.064000000000000279e-01
-8.079999999999999682e-02
-5.483999999999999986e-01
1.405000000000000138e-01
-5.507999999999999563e-01
-5.539999999999999786e-02
2.849999999999999756e-01
-2.960999999999999743e-01
9.425000000000000044e-01
-4.284999999999999920e-01
7.762999999999999901e-01
1.915000000000000036e-01
-1.239999999999999956e-02
-2.560000000000000053e-01
2.421000000000000096e-01
6.901000000000000467e-01
-9.606999999999999984e-01
7.118999999999999773e-01
-3.765000000000000013e-01
-3.835000000000000075e-01
1.933999999999999886e-01
5.533000000000000140e-01
6.994000000000000217e-01
9.056999999999999496e-01
-2.006999999999999895e-01
9.116999999999999549e-01
-1.366999999999999882e-01
-7.282999999999999474e-01
-1.502000000000000002e-01
9.192000000000000171e-01
5.433999999999999941e-01
6.840000000000000524e-01
-9.771999999999999575e-01
1.101000000000000034e-01
-4.689999999999999725e-02
-4.186000000000000276e-01
7.548000000000000265e-01
-1.993999999999999939e-01
-9.099999999999999756e-02
-8.681999999999999718e-01
5.711000000000000520e-01
9.171000000000000263e-01
1.159999999999999920e-02
9.832999999999999519e-01
4.727999999999999980e-01
1.373000000000000054e-01
-8.690000000000000502e-02
7.734999999999999654e-01
7.137000000000000011e-01
-7.225000000000000311e-01
8.063000000000000167e-01
9.302000000000000268e-01
-2.950999999999999734e-01
-1.277999999999999969e-01
-5.597999999999999643e-01
-3.509999999999999787e-01
-2.993999999999999995e-01
-3.341999999999999971e-01
-8.659999999999999643e-02
-6.774000000000000021e-01
5.240000000000000213e-02
-9.245999999999999774e-01
3.292999999999999816e-01
-6.000000000000000125e-03
4.907000000000000250e-01
9.661999999999999478e-01
6.422999999999999821e-01
-3.235999999999999988e-01
-5.594999999999999973e-01
8.882999999999999785e-01
-1.787999999999999867e-01
-1.943999999999999895e-01
-6.932000000000000384e-01
-1.180999999999999966e-01
8.485000000000000320e-01
9.708999999999999853e-01
1.058000000000000052e-01
4.808999999999999941e-01
4.511000000000000010e-01
5.009999999999999870e-02
-9.879999999999999893e-02
