-7.443999999999999506e-01
6.069999999999999701e-02
5.281000000000000139e-01
-2.119000000000000050e-01
-5.100000000000000366e-03
5.563000000000000167e-01
7.854999999999999760e-01
-7.453999999999999515e-01
2.230000000000000038e-01
8.536000000000000254e-01
-6.564999999999999725e-01
2.437999999999999889e-01
5.839999999999999636e-01
-3.365000000000000213e-01
-4.712000000000000077e-01
-2.394000000000000017e-01
-5.020000000000000018e-01
5.050000000000000044e-01
-2.939999999999999836e-01
2.283999999999999919e-01
-5.580000000000000515e-01
6.935999999999999943e-01
-1.973999999999999921e-01
-4.620000000000000218e-01
-9.550000000000000155e-02
-1.113999999999999990e-01
-2.629000000000000226e-01
-5.308000000000000496e-01
7.811000000000000165e-01
-6.784000000000000030e-01
-3.700000000000000164e-03
-7.407000000000000250e-01
5.535999999999999810e-01
6.031999999999999584e-01
4.380999999999999894e-01
-8.561999999999999611e-01
6.189999999999999669e-02
2.693999999999999728e-01
-1.032000000000000001e-01
-3.678000000000000158e-01
-3.730999999999999872e-01
-4.605000000000000204e-01
-1.743999999999999995e-01
5.349000000000000421e-01
8.435000000000000275e-01
8.581999999999999629e-01
6.370999999999999996e-01
9.102999999999999980e-01
5.668999999999999595e-01
-4.744999999999999774e-01
-5.517999999999999572e-01
-3.239000000000000212e-01
5.797999999999999821e-01
-9.660999999999999588e-01
5.699999999999999512e-01
2.831000000000000183e-01
7.519000000000000128e-01
-5.671000000000000485e-01
4.541000000000000036e-01
4.712999999999999967e-01
6.329999999999999516e-02
4.984000000000000097e-01
-1.925000000000000044e-01
-4.405000000000000027e-01
1.665000000000000091e-01
-4.949999999999999956e-01
3.684999999999999942e-01
-8.797000000000000375e-01
-3.378999999999999782e-01
9.341000000000000414e-01
-4.250999999999999779e-01
2.899999999999999800e-01
-1.034000000000000058e-01
2.073000000000000120e-01
8.803999999999999604e-01
-2.162999999999999923e-01
-6.074000000000000510e-01
8.570999999999999730e-01
-4.329000000000000070e-01
-6.915000000000000036e-01
-8.150000000000000300e-02
-5.389000000000000457e-01
2.822999999999999954e-01
4.404000000000000137e-01
1.796000000000000096e-01
2.018999999999999961e-01
8.034999999999999920e-01
-1.900000000000000022e-01
5.759999999999999565e-01
1.829999999999999960e-01
8.665000000000000480e-01
-2.237999999999999989e-01
3.342999999999999861e-01
-2.205999999999999905e-01
-6.690000000000000391e-01
-9.292000000000000259e-01
-8.475000000000000311e-01
6.544999999999999707e-01
-1.663999999999999924e-01
-6.850000000000000533e-01
-9.861999999999999655e-01
4.778999999999999915e-01
-9.324999999999999956e-01
-7.699999999999999900e-02
7.860000000000000320e-02
9.506000000000000005e-01
3.629000000000000004e-01
6.885000000000000009e-01
2.666000000000000036e-01
7.309999999999999831e-01
7.881000000000000227e-01
1.389999999999999916e-02
-7.477000000000000313e-01
-1.146999999999999964e-01
-9.761999999999999567e-01
8.602999999999999536e-01
2.759999999999999953e-02
7.989000000000000545e-01
3.353999999999999759e-01
-8.589999999999999858e-01
-4.207000000000000184e-01
-8.295000000000000151e-01
6.282999999999999696e-01
-2.864999999999999769e-01
-1.980000000000000093e-01
6.764999999999999902e-01
-7.630000000000000671e-02
-3.500000000000000333e-02
8.136999999999999789e-01
3.332999999999999852e-01
1.318999999999999895e-01
-1.907000000000000084e-01
-1.097000000000000058e-01
-4.202000000000000179e-01
2.762999999999999901e-01
-3.250000000000000111e-02
6.206000000000000405e-01
5.921999999999999487e-01
1.428000000000000103e-01
-5.668999999999999595e-01
7.281999999999999584e-01
-4.259999999999999898e-02
8.289999999999999591e-01
5.605999999999999872e-01
3.391000000000000125e-01
-6.935000000000000053e-01
-6.610000000000000597e-02
6.854999999999999982e-01
-1.426000000000000045e-01
-4.939000000000000057e-01
7.085000000000000187e-01
-2.730000000000000204e-01
-3.462999999999999967e-01
-6.962000000000000410e-01
-1.516000000000000125e-01
3.194000000000000172e-01
5.823000000000000398e-01
-6.624999999999999778e-01
3.189999999999999780e-02
-6.744999999999999885e-01
-1.766000000000000070e-01
-7.604999999999999538e-01
9.526000000000000023e-01
-1.386999999999999900e-01
-2.268999999999999906e-01
6.250000000000000000e-01
7.103000000000000425e-01
4.480999999999999983e-01
3.922999999999999821e-01
4.792000000000000148e-01
8.007999999999999563e-01
-1.355000000000000093e-01
-1.080000000000000057e-02
-9.918000000000000149e-01
7.318999999999999950e-01
3.876999999999999891e-01
3.969999999999999918e-02
5.221000000000000085e-01
6.196000000000000396e-01
6.730000000000000426e-01
1.703000000000000069e-01
-8.327999999999999847e-01
5.316999999999999504e-01
-3.023000000000000131e-01
