8.316999999999999948e-01
-2.555000000000000049e-01
-7.647000000000000464e-01
2.122999999999999887e-01
1.925999999999999934e-01
-6.106000000000000316e-01
-4.797000000000000153e-01
-9.720999999999999641e-01
9.459999999999999520e-01
4.280999999999999805e-01
-4.660000000000000253e-02
-2.293999999999999928e-01
-7.181999999999999496e-01
9.680999999999999606e-01
-5.855000000000000204e-01
4.355999999999999872e-01
6.324999999999999512e-01
8.730999999999999872e-01
4.551999999999999935e-01
-6.233999999999999542e-01
-5.544999999999999929e-01
6.038000000000000034e-01
-8.790999999999999925e-01
5.847999999999999865e-01
-7.482999999999999652e-01
-7.957999999999999519e-01
-3.578000000000000069e-01
-8.364000000000000323e-01
-9.295999999999999819e-01
-5.963000000000000522e-01
-7.295000000000000373e-01
9.616999999999999993e-01
-5.901999999999999469e-01
-4.283000000000000140e-01
3.609999999999999876e-01
-4.476999999999999869e-01
7.320999999999999730e-01
6.471999999999999975e-01
4.133000000000000007e-01
9.499999999999999556e-01
-7.751000000000000112e-01
-9.857000000000000206e-01
3.014999999999999902e-01
9.714000000000000412e-01
7.812999999999999945e-01
6.354999999999999538e-01
-4.010000000000000231e-01
-6.565999999999999615e-01
-8.713999999999999524e-01
-5.310000000000000137e-02
5.969999999999999751e-01
-4.698999999999999844e-01
-5.441000000000000281e-01
6.133999999999999453e-01
7.641999999999999904e-01
3.379999999999999671e-02
4.094999999999999751e-01
-8.776000000000000467e-01
-3.688000000000000167e-01
-7.292999999999999483e-01
-5.484999999999999876e-01
5.133999999999999675e-01
1.348000000000000032e-01
4.088999999999999857e-01
3.200000000000000067e-01
-5.788999999999999702e-01
8.456000000000000183e-01
5.250000000000000222e-01
3.700999999999999845e-01
-2.649000000000000243e-01
6.731000000000000316e-01
-3.205000000000000071e-01
-9.173000000000000043e-01
-3.254000000000000226e-01
-8.073000000000000176e-01
-6.121999999999999664e-01
-6.525999999999999579e-01
-6.834999999999999964e-01
-4.396999999999999797e-01
4.521000000000000019e-01
-5.000000000000000104e-04
-3.141999999999999793e-01
8.751999999999999780e-01
9.748999999999999888e-01
1.638000000000000012e-01
4.265999999999999792e-01
4.994000000000000106e-01
-3.459999999999999881e-02
6.301999999999999824e-01
-1.796999999999999986e-01
-9.032999999999999918e-01
7.782000000000000028e-01
2.850000000000000103e-02
7.107999999999999874e-01
4.803000000000000047e-01
8.035999999999999810e-01
4.395000000000000018e-01
8.810000000000000053e-01
3.906999999999999917e-01
-9.836000000000000298e-01
-5.652000000000000357e-01
-4.325999999999999845e-01
8.939999999999999336e-02
2.599999999999999881e-02
-4.460999999999999965e-01
7.328000000000000069e-01
-4.207000000000000184e-01
-7.450999999999999845e-01
2.223999999999999866e-01
8.213000000000000300e-01
3.603000000000000091e-01
7.658000000000000362e-01
-5.452000000000000179e-01
-9.018000000000000460e-01
9.721999999999999531e-01
-2.485999999999999877e-01
-4.660000000000000253e-01
3.156999999999999806e-01
5.332999999999999963e-01
6.177000000000000268e-01
-8.365000000000000213e-01
3.168000000000000260e-01
-3.865000000000000102e-01
4.951999999999999735e-01
3.363999999999999768e-01
-8.700999999999999845e-01
-7.527000000000000357e-01
-3.168000000000000260e-01
-9.468999999999999639e-01
-8.672999999999999599e-01
-7.470000000000000251e-02
-9.477999999999999758e-01
-2.195999999999999897e-01
1.019999999999999934e-01
4.578999999999999737e-01
4.133999999999999897e-01
-5.677999999999999714e-01
-3.499999999999999778e-01
3.683000000000000163e-01
7.983000000000000096e-01
-2.796000000000000152e-01
6.741000000000000325e-01
1.613999999999999879e-01
-4.722999999999999976e-01
-7.501999999999999780e-01
-2.929999999999999827e-01
-5.102999999999999758e-01
-8.240000000000000102e-02
-6.550000000000000266e-01
8.960000000000000187e-01
9.748999999999999888e-01
-9.419999999999999485e-01
-1.605000000000000038e-01
-1.678999999999999937e-01
8.824999999999999512e-01
4.092000000000000082e-01
-4.666000000000000147e-01
3.518000000000000016e-01
-5.051999999999999824e-01
1.960999999999999965e-01
-1.494000000000000050e-01
2.677999999999999825e-01
1.690000000000000113e-01
-2.599999999999999881e-02
-6.572999999999999954e-01
-9.896000000000000352e-01
4.150000000000000216e-02
-5.897999999999999909e-01
-5.222999999999999865e-01
-1.466000000000000081e-01
2.515000000000000013e-01
8.999999999999999754e-04
7.259999999999999787e-01
-3.660000000000000059e-02
4.516999999999999904e-01
2.452999999999999903e-01
5.767999999999999794e-01
9.606000000000000094e-01
5.874000000000000332e-01
-9.887000000000000233e-01
7.084000000000000297e-01
-4.023999999999999799e-01
-9.302000000000000268e-01
1.670000000000000095e-01
