-2.868999999999999884e-01
3.539999999999999813e-01
-5.859999999999999931e-02
-4.112000000000000099e-01
4.799999999999999822e-01
-8.992999999999999883e-01
4.540000000000000147e-01
-9.909999999999999365e-02
-4.839999999999999858e-01
-2.819999999999999729e-01
6.493999999999999773e-01
-3.886000000000000010e-01
4.308000000000000163e-01
-3.378999999999999782e-01
5.661000000000000476e-01
-6.048000000000000043e-01
5.746999999999999886e-01
4.672000000000000042e-01
2.575000000000000067e-01
7.593999999999999639e-01
-6.029999999999999805e-01
1.183000000000000024e-01
8.625000000000000444e-01
-1.782999999999999863e-01
-1.463000000000000134e-01
2.240999999999999936e-01
-4.380000000000000004e-01
7.550000000000000044e-01
7.547000000000000375e-01
6.841000000000000414e-01
8.175999999999999934e-01
-8.772999999999999687e-01
-7.931000000000000272e-01
7.599000000000000199e-01
-5.609999999999999709e-02
9.301000000000000378e-01
6.055000000000000382e-01
3.869000000000000217e-01
-9.901999999999999691e-01
-7.520000000000000018e-01
2.411999999999999977e-01
-3.778000000000000247e-01
7.079999999999999627e-01
6.389999999999999847e-02
-9.187999999999999501e-01
-2.303999999999999937e-01
8.024000000000000021e-01
-2.979999999999999871e-01
-1.010999999999999954e-01
-6.453999999999999737e-01
-7.789000000000000368e-01
5.405999999999999694e-01
-1.650000000000000078e-02
3.653000000000000136e-01
-6.837999999999999634e-01
9.556000000000000050e-01
5.772000000000000464e-01
-9.585000000000000187e-01
-2.505000000000000004e-01
-6.676999999999999602e-01
-2.184999999999999998e-01
2.157999999999999918e-01
-8.353000000000000425e-01
-8.464000000000000412e-01
5.202999999999999847e-01
7.410999999999999810e-01
3.600999999999999757e-01
-4.653999999999999804e-01
-2.766000000000000125e-01
-8.860000000000000098e-01
-6.888999999999999568e-01
-9.754000000000000448e-01
4.999000000000000110e-01
9.781999999999999584e-01
-8.645000000000000462e-01
-7.610999999999999988e-01
-4.658999999999999808e-01
5.131000000000000005e-01
8.297999999999999821e-01
1.087000000000000050e-01
3.004000000000000004e-01
-8.151000000000000467e-01
5.060000000000000053e-01
8.852999999999999758e-01
-5.518999999999999462e-01
8.417999999999999927e-01
-5.773000000000000353e-01
3.207999999999999741e-01
1.787999999999999867e-01
-9.265999999999999792e-01
9.817000000000000171e-01
-9.906000000000000361e-01
4.636000000000000121e-01
1.302000000000000102e-01
6.048999999999999932e-01
-4.304999999999999938e-01
2.740000000000000074e-02
5.243999999999999773e-01
-6.243999999999999551e-01
-9.092999999999999972e-01
-3.459999999999999742e-01
-6.100999999999999757e-01
-2.615000000000000102e-01
4.203000000000000069e-01
-1.746000000000000052e-01
7.047999999999999821e-01
-5.978999999999999870e-01
4.041000000000000147e-01
-2.862000000000000099e-01
6.699000000000000510e-01
7.663999999999999702e-01
7.170999999999999597e-01
9.657999999999999918e-01
-9.966000000000000414e-01
9.687000000000000055e-01
9.112000000000000099e-01
-5.999999999999999778e-01
-4.007999999999999896e-01
7.941000000000000281e-01
4.122000000000000108e-01
-3.713000000000000189e-01
-9.663000000000000478e-01
-6.592999999999999972e-01
7.982000000000000206e-01
-2.440000000000000155e-02
9.698999999999999844e-01
2.353999999999999981e-01
8.039999999999999925e-02
-2.074999999999999900e-01
-6.997999999999999776e-01
-2.876000000000000223e-01
8.804999999999999494e-01
-9.023999999999999799e-01
9.560999999999999499e-01
-8.998000000000000442e-01
1.534000000000000086e-01
-5.694000000000000172e-01
-6.149000000000000021e-01
3.078000000000000180e-01
-5.691000000000000503e-01
7.203000000000000513e-01
2.913000000000000034e-01
-2.812999999999999945e-01
2.167000000000000037e-01
3.340000000000000191e-01
-1.547000000000000042e-01
-9.609999999999999654e-01
9.136999999999999567e-01
9.504000000000000226e-01
3.795999999999999930e-01
-1.126999999999999946e-01
4.974000000000000088e-01
1.360999999999999988e-01
-1.270999999999999908e-01
-9.413000000000000256e-01
-2.097999999999999865e-01
2.477999999999999925e-01
-8.016999999999999682e-01
-2.129999999999999949e-01
-4.944999999999999951e-01
6.473999999999999755e-01
-1.480000000000000066e-02
-2.036999999999999922e-01
9.364000000000000101e-01
-5.844000000000000306e-01
9.575000000000000178e-01
7.890000000000000346e-01
7.288999999999999924e-01
4.210999999999999743e-01
-1.506000000000000116e-01
2.451000000000000123e-01
-9.394000000000000128e-01
-6.080999999999999739e-01
-6.060000000000000109e-02
2.142999999999999905e-01
-6.679000000000000492e-01
-5.111999999999999877e-01
5.493000000000000105e-01
-8.539999999999999813e-01
-6.079999999999999849e-01
-5.486999999999999655e-01
-7.774999999999999689e-01
-2.807999999999999940e-01
-1.486000000000000099e-01
