-6.594999999999999751e-01
5.304999999999999716e-01
4.632000000000000006e-01
-3.467999999999999972e-01
1.494999999999999940e-01
8.015999999999999792e-01
-5.329000000000000403e-01
5.701000000000000512e-01
4.678999999999999826e-01
-3.259000000000000230e-01
6.737999999999999545e-01
5.923000000000000487e-01
-8.207999999999999741e-01
7.000000000000000146e-03
4.431999999999999829e-01
1.666999999999999871e-01
-9.304999999999999938e-01
5.066000000000000503e-01
7.810000000000000275e-01
-7.675999999999999490e-01
4.840999999999999748e-01
8.771999999999999797e-01
-7.074000000000000288e-01
4.686000000000000165e-01
2.016000000000000014e-01
1.131000000000000061e-01
-4.117000000000000104e-01
-9.283000000000000140e-01
-2.019999999999999921e-02
5.705000000000000071e-01
-4.828999999999999959e-01
6.165000000000000480e-01
3.442000000000000060e-01
2.985999999999999766e-01
-1.203000000000000042e-01
8.169999999999999485e-01
1.000999999999999945e-01
5.404999999999999805e-01
6.966999999999999860e-01
-7.077999999999999847e-01
4.198999999999999955e-01
9.836000000000000298e-01
1.117999999999999966e-01
8.278999999999999693e-01
-9.474000000000000199e-01
9.487999999999999767e-01
2.162000000000000033e-01
1.902999999999999969e-01
-8.042000000000000259e-01
-5.997999999999999998e-01
-3.290000000000000147e-01
8.947000000000000508e-01
-1.290999999999999925e-01
-3.598000000000000087e-01
9.776000000000000245e-01
-9.998000000000000220e-01
6.793000000000000149e-01
-4.431999999999999829e-01
3.318999999999999728e-01
4.660000000000000253e-01
