-5.986000000000000210e-01
9.573000000000000398e-01
-2.872999999999999998e-01
-5.043999999999999595e-01
9.778000000000000025e-01
6.543999999999999817e-01
2.565000000000000058e-01
9.587999999999999856e-01
6.571000000000000174e-01
-5.539999999999999786e-02
9.409999999999999476e-01
-7.205000000000000293e-01
-9.143999999999999906e-01
8.326999999999999957e-01
-5.051999999999999824e-01
-1.980000000000000163e-02
-6.301999999999999824e-01
1.107000000000000067e-01
-7.745999999999999552e-01
-4.360999999999999877e-01
-3.516000000000000236e-01
7.291999999999999593e-01
-5.329000000000000403e-01
8.784999999999999476e-01
-8.298999999999999710e-01
-2.525000000000000022e-01
5.444999999999999840e-01
-6.442999999999999838e-01
8.254000000000000226e-01
-9.839999999999999858e-01
-3.794000000000000150e-01
9.366999999999999771e-01
6.772000000000000242e-01
2.520000000000000018e-02
5.765000000000000124e-01
4.220999999999999752e-01
1.130000000000000032e-01
4.444000000000000172e-01
9.745000000000000329e-01
-1.147999999999999993e-01
-7.470999999999999863e-01
2.202999999999999958e-01
9.296999999999999709e-01
-1.917999999999999983e-01
-7.452999999999999625e-01
1.949999999999999997e-02
7.520000000000000295e-02
-5.446999999999999620e-01
1.990000000000000102e-02
-9.830999999999999739e-01
-6.612999999999999989e-01
-4.788000000000000034e-01
6.652000000000000135e-01
-3.839000000000000190e-01
-8.317999999999999838e-01
-2.799999999999999972e-03
-1.152999999999999997e-01
3.151999999999999802e-01
2.316000000000000003e-01
-3.148000000000000242e-01
