-3.625999999999999779e-01
8.131000000000000449e-01
7.210999999999999632e-01
1.087999999999999939e-01
-1.089999999999999997e-01
4.544000000000000261e-01
2.034999999999999865e-01
2.074999999999999900e-01
3.696999999999999731e-01
-4.197000000000000175e-01
2.230000000000000038e-01
5.203999999999999737e-01
-1.756000000000000061e-01
6.350999999999999979e-01
4.376999999999999780e-01
2.026999999999999913e-01
-6.974000000000000199e-01
-3.790000000000000313e-02
5.021999999999999797e-01
1.108999999999999986e-01
-3.044000000000000039e-01
7.337000000000000188e-01
2.209000000000000130e-01
-7.125000000000000222e-01
5.150000000000000133e-01
-6.971000000000000529e-01
-6.542000000000000037e-01
7.380000000000000449e-02
9.630999999999999561e-01
-2.439999999999999947e-01
2.489000000000000101e-01
-7.217999999999999972e-01
9.704000000000000403e-01
4.021000000000000130e-01
-9.443000000000000282e-01
-1.356999999999999873e-01
1.791999999999999982e-01
-2.781000000000000139e-01
-6.800000000000000488e-02
3.328999999999999737e-01
-2.374999999999999889e-01
-3.215000000000000080e-01
5.569999999999999951e-02
8.945999999999999508e-01
-6.896999999999999797e-01
-4.258000000000000118e-01
9.055999999999999606e-01
-1.648000000000000020e-01
3.746999999999999775e-01
3.333999999999999742e-01
-4.499999999999999833e-02
-6.631000000000000227e-01
2.595999999999999974e-01
7.065000000000000169e-01
2.590999999999999970e-01
8.401999999999999469e-01
4.922000000000000264e-01
-7.145000000000000240e-01
8.880000000000000393e-02
-2.099999999999999922e-01
