-4.671000000000000152e-01
2.088000000000000134e-01
-2.500000000000000000e-01
-1.658999999999999919e-01
6.133999999999999453e-01
9.666000000000000147e-01
4.368000000000000216e-01
1.102999999999999953e-01
-8.536000000000000254e-01
8.478999999999999870e-01
-6.008000000000000007e-01
2.682999999999999829e-01
1.643999999999999906e-01
6.765999999999999792e-01
-2.934999999999999831e-01
-8.499999999999999778e-01
-6.310000000000000331e-02
-5.857999999999999874e-01
-2.170000000000000054e-02
-3.906000000000000028e-01
-3.946000000000000063e-01
6.600000000000000311e-01
-3.758000000000000229e-01
2.396000000000000074e-01
-1.026999999999999996e-01
7.235000000000000320e-01
1.187000000000000000e-01
-1.786000000000000087e-01
4.700000000000000185e-03
8.211000000000000520e-01
-2.084999999999999909e-01
-1.499000000000000055e-01
-5.767999999999999794e-01
-8.275000000000000133e-01
4.405000000000000027e-01
-2.528000000000000247e-01
1.198000000000000037e-01
-5.624000000000000110e-01
-6.869999999999999718e-02
-4.430999999999999939e-01
8.804999999999999494e-01
-2.242000000000000104e-01
1.660999999999999976e-01
-3.755000000000000004e-01
-4.244999999999999885e-01
-7.544999999999999485e-01
8.051000000000000378e-01
1.751000000000000056e-01
-3.459999999999999881e-02
6.199999999999999782e-03
-7.573999999999999622e-01
-6.360999999999999988e-01
-3.341999999999999971e-01
4.419000000000000150e-01
5.595999999999999863e-01
1.990999999999999992e-01
9.838000000000000078e-01
7.488000000000000211e-01
2.363999999999999990e-01
9.075999999999999623e-01
