-6.149999999999999911e-02
5.659999999999999476e-01
7.657000000000000473e-01
-7.628000000000000336e-01
-2.086999999999999966e-01
-3.975000000000000200e-01
4.530000000000000138e-01
3.405000000000000249e-01
5.596999999999999753e-01
1.609999999999999973e-02
4.514000000000000234e-01
1.887000000000000066e-01
9.184999999999999831e-01
3.375000000000000222e-01
8.266000000000000014e-01
-4.391999999999999793e-01
3.420000000000000123e-02
3.210000000000000075e-01
-5.753000000000000336e-01
-7.145000000000000240e-01
-4.595000000000000195e-01
1.862000000000000044e-01
-8.564000000000000501e-01
9.315999999999999837e-01
-5.621000000000000441e-01
6.763000000000000123e-01
5.517999999999999572e-01
9.725000000000000311e-01
6.432999999999999829e-01
-5.067000000000000393e-01
-6.924000000000000155e-01
4.798999999999999932e-01
-4.693999999999999839e-01
5.926000000000000156e-01
5.608999999999999542e-01
-5.519999999999999907e-02
-6.974000000000000199e-01
2.300000000000000100e-01
2.580000000000000002e-02
-2.227999999999999980e-01
2.586999999999999855e-01
8.241000000000000547e-01
-9.223000000000000087e-01
7.836999999999999522e-01
6.945999999999999952e-01
3.753000000000000225e-01
-6.343999999999999639e-01
5.695000000000000062e-01
-2.722999999999999865e-01
7.137999999999999901e-01
7.560999999999999943e-01
-5.096000000000000529e-01
6.516999999999999460e-01
-2.132999999999999896e-01
-1.460000000000000013e-02
-5.890999999999999570e-01
4.178999999999999937e-01
-2.147999999999999909e-01
9.947000000000000286e-01
-6.320000000000000617e-02
