-9.160000000000000364e-01
5.584999999999999964e-01
-5.242999999999999883e-01
-9.395999999999999908e-01
4.258000000000000118e-01
-4.119999999999999774e-01
2.948000000000000065e-01
5.208000000000000407e-01
-7.389999999999999347e-02
-4.067000000000000060e-01
9.488999999999999657e-01
-1.204999999999999960e-01
4.045000000000000262e-01
-8.000000000000000383e-04
2.914999999999999813e-01
2.396999999999999964e-01
2.555000000000000049e-01
-2.159000000000000086e-01
4.707999999999999963e-01
1.680000000000000104e-01
3.005999999999999783e-01
-5.944000000000000394e-01
-7.496000000000000441e-01
9.798999999999999932e-01
-5.650000000000000161e-02
3.840999999999999970e-01
-3.749999999999999861e-02
9.512000000000000455e-01
5.435999999999999721e-01
-7.694999999999999618e-01
-2.514000000000000123e-01
-7.077999999999999847e-01
4.455000000000000071e-01
6.377000000000000446e-01
8.172000000000000375e-01
6.555999999999999606e-01
-3.486000000000000210e-01
6.662000000000000144e-01
-1.005000000000000060e-01
4.431999999999999829e-01
2.429999999999999868e-02
2.559000000000000163e-01
2.157000000000000028e-01
-6.914000000000000146e-01
-1.275000000000000022e-01
-6.339000000000000190e-01
2.974999999999999867e-01
3.119999999999999857e-02
8.759999999999999731e-02
-2.937000000000000166e-01
2.260999999999999954e-01
-8.141000000000000458e-01
4.941999999999999726e-01
-1.746999999999999942e-01
-1.270999999999999908e-01
3.099999999999999978e-01
4.568999999999999728e-01
-3.425000000000000266e-01
-8.279999999999999860e-02
-7.932000000000000162e-01
