9.606999999999999984e-01
-4.828000000000000069e-01
-3.018000000000000127e-01
-2.560000000000000123e-02
-6.987999999999999767e-01
5.192999999999999838e-01
9.615000000000000213e-01
1.299999999999999940e-02
-8.112000000000000322e-01
-8.280999999999999472e-01
6.695999999999999730e-01
-8.476000000000000201e-01
-9.372000000000000330e-01
3.229000000000000203e-01
3.640999999999999792e-01
-9.295999999999999819e-01
7.112000000000000544e-01
3.040999999999999814e-01
5.614999999999999991e-01
-9.928000000000000158e-01
-7.270999999999999686e-01
-5.279000000000000359e-01
4.451999999999999846e-01
-8.276000000000000023e-01
8.077999999999999625e-01
7.377000000000000224e-01
1.393999999999999961e-01
-5.865000000000000213e-01
7.687000000000000499e-01
-4.108999999999999875e-01
8.937000000000000499e-01
-5.231999999999999984e-01
6.806999999999999718e-01
-8.395000000000000240e-01
-4.811000000000000276e-01
9.677000000000000046e-01
9.838000000000000078e-01
5.076000000000000512e-01
-9.426999999999999824e-01
-1.189999999999999947e-01
5.570000000000000506e-01
7.748000000000000442e-01
-1.469999999999999918e-01
-4.369999999999999996e-01
-1.408999999999999975e-01
-5.766999999999999904e-01
4.389000000000000123e-01
7.296000000000000263e-01
4.148999999999999910e-01
8.004999999999999893e-01
