-2.242999999999999994e-01
-1.673999999999999932e-01
4.067999999999999949e-01
4.619999999999999801e-02
6.301999999999999824e-01
-9.942999999999999616e-01
1.981999999999999873e-01
-3.961000000000000076e-01
-6.875000000000000000e-01
-8.680999999999999828e-01
-7.387000000000000233e-01
-6.730000000000000426e-01
6.600000000000000311e-01
-1.540999999999999870e-01
3.346999999999999975e-01
-4.420000000000000040e-01
-9.530999999999999472e-01
2.546999999999999820e-01
7.036999999999999922e-01
-4.102000000000000091e-01
-6.767999999999999572e-01
-5.717999999999999750e-01
-2.543000000000000260e-01
7.825999999999999623e-01
-5.131999999999999895e-01
7.935999999999999721e-01
-5.284999999999999698e-01
-7.315000000000000391e-01
-8.650999999999999801e-01
3.734999999999999987e-01
3.968999999999999750e-01
-4.218999999999999972e-01
5.319999999999999729e-02
8.124000000000000110e-01
-9.681999999999999496e-01
-5.919999999999999707e-01
-4.335999999999999854e-01
-3.206999999999999851e-01
3.714999999999999969e-01
-2.978000000000000091e-01
-7.488000000000000211e-01
4.711000000000000187e-01
-1.928999999999999881e-01
-3.867999999999999772e-01
-2.931000000000000272e-01
-9.169000000000000483e-01
-7.497000000000000330e-01
-9.899999999999999911e-01
7.048999999999999710e-01
-8.207999999999999741e-01
