5.194999999999999618e-01
6.418000000000000371e-01
2.336000000000000021e-01
-3.313999999999999724e-01
-9.969999999999999973e-01
-9.769999999999999796e-01
2.580999999999999961e-01
-5.649999999999999467e-01
1.335999999999999965e-01
6.411000000000000032e-01
-3.175000000000000044e-01
-7.756999999999999451e-01
2.379000000000000004e-01
-6.260000000000000286e-02
3.044999999999999929e-01
-7.730000000000000204e-01
-5.750000000000000250e-02
5.526999999999999691e-01
2.746000000000000107e-01
-3.648000000000000131e-01
-1.123999999999999999e-01
-5.269999999999999685e-02
4.154999999999999805e-01
3.189000000000000168e-01
7.072000000000000508e-01
1.980999999999999983e-01
-5.077000000000000401e-01
-8.611999999999999655e-01
8.288999999999999702e-01
2.288000000000000034e-01
-8.237999999999999767e-01
3.900000000000000133e-01
-8.527000000000000135e-01
7.587000000000000410e-01
-6.514999999999999680e-01
-7.342999999999999527e-01
7.858000000000000540e-01
-3.204000000000000181e-01
7.739999999999999658e-02
1.904000000000000137e-01
-9.969999999999999696e-02
-7.109999999999999654e-01
-9.439999999999999780e-02
2.750000000000000222e-01
-4.093999999999999861e-01
6.467000000000000526e-01
-1.200999999999999984e-01
-8.979000000000000314e-01
-2.505999999999999894e-01
-6.237000000000000322e-01
