5.340000000000000302e-01
1.605000000000000038e-01
5.021999999999999797e-01
-5.149999999999999717e-02
8.125000000000000000e-01
-9.431000000000000494e-01
4.743999999999999884e-01
-2.490999999999999881e-01
6.029999999999999805e-01
-6.500000000000000222e-01
-7.403999999999999471e-01
3.158000000000000251e-01
3.190999999999999948e-01
-4.743999999999999884e-01
6.921000000000000485e-01
5.348000000000000531e-01
-7.106000000000000094e-01
-9.624000000000000332e-01
4.948000000000000176e-01
-9.768000000000000016e-01
4.353000000000000203e-01
-6.817999999999999616e-01
-2.646000000000000019e-01
7.072000000000000508e-01
-7.577000000000000401e-01
5.340000000000000302e-01
-7.599000000000000199e-01
-8.497000000000000108e-01
5.160000000000000003e-02
7.026999999999999913e-01
-2.069999999999999965e-02
-8.024999999999999911e-01
-6.241999999999999771e-01
7.013000000000000345e-01
1.842999999999999916e-01
-4.146000000000000241e-01
3.816999999999999837e-01
3.049999999999999933e-01
6.947999999999999732e-01
-8.622999999999999554e-01
-9.654000000000000359e-01
1.949999999999999997e-02
-8.292000000000000481e-01
-1.474000000000000032e-01
3.007000000000000228e-01
-9.515000000000000124e-01
-2.712999999999999856e-01
-1.110000000000000014e-01
-4.559000000000000274e-01
3.619999999999999885e-01
