-1.993000000000000049e-01
6.608000000000000540e-01
-4.754999999999999782e-01
-9.233000000000000096e-01
2.883000000000000007e-01
1.510000000000000057e-02
-3.118000000000000216e-01
-7.472999999999999643e-01
-7.053000000000000380e-01
-6.955000000000000071e-01
-9.655000000000000249e-01
-5.480000000000000426e-01
9.795000000000000373e-01
6.831000000000000405e-01
1.628999999999999893e-01
3.951000000000000068e-01
5.848999999999999755e-01
1.700000000000000122e-02
-2.280000000000000082e-01
8.969000000000000306e-01
6.504999999999999671e-01
5.423999999999999932e-01
-5.348000000000000531e-01
9.470000000000000639e-02
-3.529999999999999805e-01
6.006000000000000227e-01
-1.774000000000000021e-01
8.270999999999999464e-01
-9.660999999999999588e-01
4.948000000000000176e-01
-9.805000000000000382e-01
3.395000000000000240e-01
9.989999999999999991e-01
-1.969999999999999876e-02
-5.547999999999999599e-01
-5.066000000000000503e-01
-4.312000000000000277e-01
6.887999999999999678e-01
7.140999999999999570e-01
-1.507000000000000006e-01
-7.889000000000000457e-01
-2.812000000000000055e-01
-9.952999999999999625e-01
4.970999999999999863e-01
-5.881999999999999451e-01
-6.339999999999999802e-02
1.335000000000000075e-01
-9.165999999999999703e-01
1.680999999999999994e-01
8.999999999999999754e-04
