2.590999999999999970e-01
6.329999999999999516e-02
-4.932000000000000273e-01
6.326000000000000512e-01
-1.208999999999999936e-01
-3.103000000000000203e-01
5.938999999999999835e-01
-8.597000000000000197e-01
1.904000000000000137e-01
-4.102000000000000091e-01
-6.831000000000000405e-01
6.834000000000000075e-01
-4.403000000000000247e-01
8.443000000000000504e-01
-2.056999999999999940e-01
4.908000000000000140e-01
-2.381999999999999951e-01
-3.876000000000000001e-01
-7.631999999999999895e-01
-7.298999999999999932e-01
-2.257000000000000117e-01
2.621999999999999886e-01
9.592000000000000526e-01
2.514000000000000123e-01
-1.552999999999999936e-01
9.758000000000000007e-01
7.597000000000000419e-01
-6.119999999999999885e-01
-5.269000000000000350e-01
8.970000000000000195e-02
7.399999999999999911e-01
-5.138000000000000345e-01
-6.221999999999999753e-01
3.316999999999999948e-01
-4.466999999999999860e-01
5.056000000000000494e-01
2.856000000000000205e-01
7.046999999999999931e-01
8.536000000000000254e-01
-9.071000000000000174e-01
7.569000000000000172e-01
-4.462999999999999745e-01
4.329000000000000070e-01
-8.446000000000000174e-01
-3.643000000000000127e-01
4.380999999999999894e-01
-6.806999999999999718e-01
-2.632999999999999785e-01
3.805999999999999939e-01
2.144000000000000072e-01
