4.495999999999999996e-01
3.262999999999999790e-01
-1.350000000000000089e-01
3.392999999999999905e-01
5.289000000000000368e-01
-7.478000000000000203e-01
3.709999999999999964e-01
-8.062000000000000277e-01
6.120999999999999774e-01
9.818000000000000060e-01
3.251999999999999891e-01
9.525000000000000133e-01
-1.039999999999999952e-01
-8.709999999999999964e-01
-7.849000000000000421e-01
-9.644000000000000350e-01
4.390000000000000013e-01
6.467000000000000526e-01
8.067999999999999616e-01
5.682000000000000384e-01
-6.107000000000000206e-01
1.713000000000000078e-01
-7.477000000000000313e-01
-3.522000000000000131e-01
8.630999999999999783e-01
5.244999999999999662e-01
-2.114000000000000046e-01
4.469999999999999668e-02
-1.864000000000000101e-01
-8.419999999999999707e-01
-3.498999999999999888e-01
7.647000000000000464e-01
-2.275999999999999968e-01
4.284000000000000030e-01
-8.369999999999999662e-02
-1.145999999999999935e-01
1.971999999999999864e-01
-8.188999999999999613e-01
4.037000000000000033e-01
7.667000000000000481e-01
-3.059000000000000052e-01
-1.940000000000000058e-02
7.781000000000000139e-01
2.933000000000000052e-01
1.144000000000000017e-01
-5.399000000000000465e-01
-5.033999999999999586e-01
-2.595000000000000084e-01
2.109000000000000041e-01
8.708000000000000185e-01
