-4.308000000000000163e-01
-3.877999999999999781e-01
7.338000000000000078e-01
1.791000000000000092e-01
1.754999999999999893e-01
-3.433999999999999830e-01
1.900000000000000022e-01
4.431999999999999829e-01
-5.806999999999999940e-01
1.759000000000000008e-01
3.355000000000000204e-01
9.667999999999999927e-01
-8.455000000000000293e-01
-1.129999999999999928e-02
-2.629000000000000226e-01
-4.346999999999999753e-01
-2.437000000000000000e-01
-2.146000000000000130e-01
4.189999999999999836e-01
9.066999999999999504e-01
3.726999999999999758e-01
9.080000000000000293e-01
-5.936000000000000165e-01
1.013000000000000012e-01
-9.323000000000000176e-01
-3.363999999999999768e-01
6.169999999999999929e-01
6.812000000000000277e-01
-5.164999999999999591e-01
9.062000000000000055e-01
6.764000000000000012e-01
-6.500000000000000222e-02
3.785999999999999921e-01
9.086999999999999522e-01
-3.565999999999999726e-01
-3.617000000000000215e-01
4.098999999999999866e-01
-3.911000000000000032e-01
-9.839999999999999858e-01
1.869999999999999996e-01
-4.722000000000000086e-01
-4.187000000000000166e-01
-5.262999999999999901e-01
-8.135999999999999899e-01
-4.954999999999999960e-01
2.942000000000000171e-01
-7.300999999999999712e-01
6.448000000000000398e-01
8.084000000000000075e-01
-5.504000000000000004e-01
