3.936999999999999944e-01
-1.265999999999999903e-01
2.970000000000000070e-02
-1.277999999999999969e-01
-9.403000000000000247e-01
6.751000000000000334e-01
-7.221999999999999531e-01
2.421999999999999986e-01
-8.741999999999999771e-01
-7.550000000000000044e-01
-7.098999999999999755e-01
5.241000000000000103e-01
-2.911000000000000254e-01
-9.775000000000000355e-01
-5.170000000000000151e-01
8.037999999999999590e-01
-7.151999999999999469e-01
5.220000000000000195e-01
2.452999999999999903e-01
-4.482999999999999763e-01
9.301000000000000378e-01
9.579999999999999627e-01
-1.484000000000000041e-01
-3.644999999999999907e-01
1.592000000000000082e-01
-9.153999999999999915e-01
7.022000000000000464e-01
-5.875000000000000222e-01
-2.569000000000000172e-01
-5.372999999999999998e-01
2.746000000000000107e-01
-7.761000000000000121e-01
-6.583999999999999853e-01
-9.344999999999999973e-01
9.707999999999999963e-01
-3.155000000000000027e-01
-1.001999999999999974e-01
8.390000000000000235e-02
-5.869999999999999662e-01
3.775000000000000022e-01
1.250000000000000069e-02
-8.799000000000000155e-01
8.359999999999999376e-02
5.345999999999999641e-01
4.577999999999999847e-01
8.485000000000000320e-01
7.463999999999999524e-01
-3.145000000000000018e-01
-1.290000000000000001e-02
9.182000000000000162e-01
