-5.938999999999999835e-01
9.888000000000000123e-01
-1.781999999999999973e-01
7.189999999999999725e-01
5.239000000000000323e-01
3.201999999999999846e-01
-1.527000000000000024e-01
-2.340000000000000066e-02
8.907000000000000473e-01
7.059999999999999609e-01
-2.124999999999999944e-01
4.746000000000000218e-01
-2.177000000000000046e-01
2.736999999999999988e-01
4.966999999999999749e-01
-8.113000000000000211e-01
4.544000000000000261e-01
9.639999999999999680e-01
1.287999999999999978e-01
-3.760999999999999899e-01
-9.023999999999999799e-01
-9.993999999999999551e-01
1.607000000000000095e-01
-1.223999999999999949e-01
-6.683999999999999941e-01
-7.141999999999999460e-01
-2.439000000000000057e-01
8.673999999999999488e-01
5.141000000000000014e-01
-9.235999999999999766e-01
-6.573999999999999844e-01
8.999999999999999754e-04
-3.359999999999999792e-02
6.411000000000000032e-01
-6.729000000000000536e-01
4.969000000000000083e-01
-3.532000000000000139e-01
-8.642999999999999572e-01
2.291999999999999871e-01
-6.114000000000000545e-01
1.287000000000000088e-01
-8.110000000000000542e-01
3.054000000000000048e-01
8.943999999999999728e-01
3.024000000000000021e-01
-2.765000000000000235e-01
-2.290999999999999981e-01
1.118999999999999995e-01
1.092999999999999944e-01
-5.052999999999999714e-01
