7.304000000000000492e-01
6.162999999999999590e-01
-2.479999999999999913e-02
4.499999999999999833e-02
-1.539999999999999980e-01
6.713000000000000078e-01
-6.346000000000000529e-01
-3.363999999999999768e-01
9.805000000000000382e-01
-2.061000000000000054e-01
-1.267999999999999960e-01
2.664000000000000257e-01
-9.629999999999999671e-01
-8.041000000000000369e-01
-5.260000000000000231e-01
-5.859999999999999654e-01
-8.569999999999999840e-02
6.909999999999999476e-02
8.192000000000000393e-01
-1.507999999999999896e-01
-7.972000000000000197e-01
4.995999999999999885e-01
-5.574000000000000066e-01
4.938000000000000167e-01
-4.672000000000000042e-01
-3.703000000000000180e-01
6.828999999999999515e-01
-2.960999999999999743e-01
-1.144000000000000017e-01
-5.977000000000000091e-01
-2.447000000000000008e-01
2.862000000000000099e-01
-7.348999999999999977e-01
-8.374000000000000332e-01
-5.987000000000000099e-01
9.764000000000000457e-01
-3.931000000000000050e-01
-4.062000000000000055e-01
7.400999999999999801e-01
4.815999999999999726e-01
-9.723000000000000531e-01
-8.196999999999999842e-01
8.256999999999999895e-01
8.395000000000000240e-01
3.286000000000000032e-01
1.333000000000000018e-01
8.528000000000000025e-01
7.498000000000000220e-01
-6.360999999999999988e-01
-4.124999999999999778e-01
