2.039999999999999869e-01
3.943999999999999728e-01
6.027000000000000135e-01
-9.709999999999999742e-01
2.934999999999999831e-01
-6.613999999999999879e-01
-3.996999999999999997e-01
-5.384999999999999787e-01
9.180000000000000382e-01
-2.646999999999999909e-01
-2.106999999999999984e-01
-8.260000000000000675e-02
4.675000000000000266e-01
2.310000000000000109e-01
1.663999999999999924e-01
1.398000000000000076e-01
-2.132000000000000006e-01
-9.879000000000000004e-01
-7.530000000000000582e-02
-7.527000000000000357e-01
4.000000000000000083e-02
3.393999999999999795e-01
-2.255999999999999950e-01
8.399999999999999481e-03
-5.703000000000000291e-01
-9.483000000000000318e-01
2.688999999999999724e-01
6.810000000000000497e-01
-2.787000000000000033e-01
1.414999999999999869e-01
7.820000000000000562e-02
9.152000000000000135e-01
2.250999999999999945e-01
2.867000000000000104e-01
-5.219000000000000306e-01
-8.746000000000000441e-01
3.951999999999999957e-01
1.806999999999999995e-01
-7.063000000000000389e-01
6.640000000000000346e-01
2.624000000000000221e-01
-3.897999999999999798e-01
-4.793999999999999928e-01
-1.456999999999999962e-01
6.260000000000000286e-02
-4.419000000000000150e-01
3.246999999999999886e-01
7.768000000000000460e-01
2.179999999999999993e-02
-1.569999999999999868e-02
