2.924999999999999822e-01
7.344000000000000528e-01
1.980999999999999983e-01
-5.637999999999999678e-01
-3.680999999999999828e-01
4.479999999999999954e-02
-7.099999999999999645e-01
-5.033999999999999586e-01
5.743000000000000327e-01
4.912000000000000255e-01
6.357000000000000428e-01
6.470000000000000195e-01
-9.890999999999999792e-01
3.969999999999999918e-02
-7.395000000000000462e-01
8.122000000000000330e-01
-1.418999999999999984e-01
-2.570000000000000062e-01
4.289999999999999925e-01
-6.944000000000000172e-01
-8.544000000000000483e-01
-3.221999999999999864e-01
9.026999999999999469e-01
1.930000000000000049e-01
6.593999999999999861e-01
-1.993000000000000049e-01
-6.008000000000000007e-01
-3.590000000000000135e-02
-1.834999999999999964e-01
8.610999999999999766e-01
9.802999999999999492e-01
-8.793999999999999595e-01
-9.155999999999999694e-01
5.826999999999999957e-01
6.291999999999999815e-01
-3.513000000000000012e-01
5.162999999999999812e-01
-8.185000000000000053e-01
-1.781000000000000083e-01
-9.025999999999999579e-01
7.558000000000000274e-01
5.689999999999999919e-02
8.247999999999999776e-01
-1.698999999999999955e-01
-2.566999999999999837e-01
8.313000000000000389e-01
-2.779999999999999832e-02
1.938000000000000000e-01
3.871999999999999886e-01
-6.578000000000000513e-01
