-3.731999999999999762e-01
4.701000000000000179e-01
1.862000000000000044e-01
1.496999999999999997e-01
-9.536000000000000032e-01
9.433000000000000274e-01
5.364999999999999769e-01
-7.103000000000000425e-01
4.649999999999999967e-02
-8.495000000000000329e-01
6.979999999999999538e-01
-3.119999999999999857e-02
-5.282999999999999918e-01
-2.525000000000000022e-01
-6.510000000000000508e-02
-1.087000000000000050e-01
-9.719999999999999751e-01
1.299999999999999940e-03
-7.715999999999999526e-01
-5.030000000000000027e-01
-9.596000000000000085e-01
2.641999999999999904e-01
2.368999999999999995e-01
-1.315000000000000058e-01
7.070999999999999508e-01
3.498999999999999888e-01
7.775999999999999579e-01
2.838999999999999857e-01
-5.943000000000000504e-01
-3.865999999999999992e-01
5.239000000000000323e-01
1.087999999999999939e-01
-1.585999999999999910e-01
-9.679999999999999716e-01
-7.314000000000000501e-01
4.476999999999999869e-01
-6.637999999999999456e-01
-1.333999999999999908e-01
-9.149000000000000465e-01
6.088000000000000078e-01
-5.701000000000000512e-01
-4.324000000000000066e-01
-5.326999999999999513e-01
-1.024000000000000049e-01
-6.692000000000000171e-01
4.883000000000000118e-01
-7.711999999999999966e-01
-8.560999999999999721e-01
2.505000000000000004e-01
9.021000000000000130e-01
