9.962999999999999634e-01
-8.669999999999999929e-02
-2.836000000000000187e-01
9.317999999999999616e-01
5.820999999999999508e-01
-3.551000000000000267e-01
-7.194000000000000394e-01
9.405000000000000027e-01
-4.252000000000000224e-01
4.637999999999999901e-01
-4.480999999999999983e-01
-2.646999999999999909e-01
-8.761999999999999789e-01
-2.942000000000000171e-01
-7.829999999999999460e-02
5.816000000000000059e-01
-4.577999999999999847e-01
4.511000000000000010e-01
-5.493999999999999995e-01
6.124000000000000554e-01
-9.099000000000000421e-01
9.693000000000000504e-01
-2.719999999999999848e-02
8.992999999999999883e-01
-8.385000000000000231e-01
-7.250999999999999668e-01
-8.617000000000000215e-01
-1.257000000000000062e-01
9.900000000000000466e-02
5.252999999999999892e-01
7.594999999999999529e-01
-8.521999999999999575e-01
1.877000000000000057e-01
-5.533000000000000140e-01
5.342000000000000082e-01
-5.631000000000000449e-01
-1.060999999999999999e-01
-6.385999999999999455e-01
-3.811999999999999833e-01
7.660000000000000142e-02
-1.073000000000000065e-01
-4.321999999999999731e-01
-8.356000000000000094e-01
5.699999999999999512e-01
-6.474999999999999645e-01
6.585999999999999632e-01
4.693999999999999839e-01
6.707999999999999519e-01
6.060000000000000109e-02
5.958999999999999853e-01
