4.100000000000000172e-02
2.308999999999999941e-01
7.446000000000000396e-01
2.220000000000000029e-01
5.321000000000000174e-01
7.789000000000000368e-01
5.554999999999999938e-01
2.631000000000000005e-01
-6.270999999999999908e-01
-6.189999999999999669e-02
-6.379999999999999560e-02
2.715000000000000191e-01
9.909999999999999365e-02
-4.778999999999999915e-01
-3.290000000000000147e-01
-4.038999999999999813e-01
5.313999999999999835e-01
-2.084000000000000019e-01
2.790000000000000119e-02
8.426000000000000156e-01
5.934000000000000385e-01
4.811000000000000276e-01
1.759000000000000008e-01
5.099000000000000199e-01
4.490999999999999992e-01
-6.293999999999999595e-01
7.920000000000000373e-01
7.946999999999999620e-01
-7.157999999999999918e-01
-2.688999999999999724e-01
7.211999999999999522e-01
6.961000000000000520e-01
-3.714000000000000079e-01
1.905000000000000027e-01
-4.924999999999999933e-01
-6.422999999999999821e-01
-9.724000000000000421e-01
-9.099000000000000421e-01
-2.379000000000000004e-01
-2.731999999999999984e-01
4.490000000000000102e-01
1.764999999999999902e-01
-7.739999999999999658e-02
-2.187999999999999945e-01
-5.492000000000000215e-01
