9.791999999999999593e-01
-6.259000000000000119e-01
9.780999999999999694e-01
-9.011000000000000121e-01
4.491999999999999882e-01
1.386000000000000010e-01
5.023999999999999577e-01
-5.230000000000000204e-01
-9.385000000000000009e-01
-3.577000000000000179e-01
4.909999999999999920e-01
5.819999999999999618e-01
2.785000000000000253e-01
-6.047000000000000153e-01
7.099999999999999367e-02
6.725999999999999757e-01
-8.847000000000000419e-01
1.804000000000000048e-01
-4.929000000000000048e-01
-3.865999999999999992e-01
-8.100000000000000255e-02
7.187000000000000055e-01
9.556999999999999940e-01
3.401000000000000134e-01
-5.501000000000000334e-01
2.752999999999999892e-01
3.236999999999999877e-01
-9.001000000000000112e-01
-7.850000000000000033e-02
3.371000000000000107e-01
6.845999999999999863e-01
1.037000000000000005e-01
-2.393000000000000127e-01
-5.021999999999999797e-01
-7.947999999999999510e-01
-4.243000000000000105e-01
4.933000000000000163e-01
9.875000000000000444e-01
7.789999999999999702e-02
-1.759999999999999898e-01
-3.667000000000000259e-01
-2.369999999999999885e-01
3.533000000000000029e-01
9.215999999999999748e-01
7.043000000000000371e-01
