-7.076000000000000068e-01
-7.177999999999999936e-01
2.378000000000000114e-01
-2.444000000000000061e-01
2.232000000000000095e-01
-9.070000000000000284e-02
1.139000000000000012e-01
2.535000000000000031e-01
-4.885999999999999788e-01
-7.628000000000000336e-01
3.134000000000000119e-01
-5.842000000000000526e-01
2.444000000000000061e-01
3.476000000000000201e-01
-2.558000000000000274e-01
-2.079999999999999905e-02
8.716000000000000414e-01
-3.750999999999999890e-01
5.199999999999999761e-03
-4.940999999999999837e-01
3.255000000000000115e-01
4.832000000000000184e-01
-7.014000000000000234e-01
-4.267000000000000237e-01
-6.962000000000000410e-01
3.887999999999999790e-01
-7.809000000000000385e-01
8.326999999999999957e-01
-6.664999999999999813e-01
8.877000000000000446e-01
9.429999999999999494e-01
-9.484000000000000208e-01
-5.595999999999999863e-01
7.166000000000000147e-01
8.359999999999999376e-02
3.825999999999999956e-01
3.114000000000000101e-01
2.872999999999999998e-01
-1.736000000000000043e-01
-6.622000000000000108e-01
-8.901999999999999913e-01
-6.126000000000000334e-01
2.013000000000000067e-01
-9.076999999999999513e-01
-1.608999999999999875e-01
