-8.581999999999999629e-01
-7.866999999999999549e-01
5.380000000000000338e-01
9.747000000000000108e-01
-5.354999999999999760e-01
-8.151000000000000467e-01
-5.846000000000000085e-01
4.295999999999999819e-01
3.169999999999999901e-02
9.616000000000000103e-01
-5.102999999999999758e-01
-1.582000000000000073e-01
9.694000000000000394e-01
-9.191000000000000281e-01
4.937000000000000277e-01
-4.035000000000000253e-01
5.501000000000000334e-01
-4.274000000000000021e-01
-7.351999999999999647e-01
2.921000000000000263e-01
-8.018999999999999462e-01
5.381000000000000227e-01
-7.114000000000000323e-01
1.200000000000000025e-02
-3.029999999999999916e-01
-4.933000000000000163e-01
5.709999999999999520e-01
1.930000000000000049e-01
-5.873000000000000442e-01
-3.935000000000000164e-01
-5.040000000000000036e-02
9.989999999999999991e-01
-4.021000000000000130e-01
2.504000000000000115e-01
9.325999999999999845e-01
-6.460000000000000187e-01
-1.247000000000000053e-01
8.508000000000000007e-01
-7.270999999999999686e-01
-6.903000000000000247e-01
-9.930999999999999828e-01
-2.403000000000000136e-01
-4.393000000000000238e-01
5.442000000000000171e-01
6.518000000000000460e-01
