-8.718000000000000194e-01
-9.573000000000000398e-01
5.237000000000000544e-01
9.746000000000000218e-01
-8.732999999999999652e-01
-4.995999999999999885e-01
3.819000000000000172e-01
8.968000000000000416e-01
7.906999999999999584e-01
-4.471999999999999864e-01
-7.718000000000000416e-01
9.707000000000000073e-01
-1.965000000000000080e-01
-3.328999999999999737e-01
-7.000000000000000666e-02
8.340000000000000191e-02
4.855999999999999761e-01
6.530000000000000249e-01
-9.470000000000000639e-02
8.425000000000000266e-01
-8.619999999999999885e-01
4.910999999999999810e-01
3.371999999999999997e-01
-6.480000000000000204e-01
4.868999999999999995e-01
7.816999999999999504e-01
7.059999999999999609e-01
9.445999999999999952e-01
1.625999999999999945e-01
-8.184000000000000163e-01
-1.288999999999999868e-01
3.039999999999999994e-02
-6.431000000000000050e-01
7.939000000000000501e-01
-7.305000000000000382e-01
-5.321000000000000174e-01
6.885999999999999899e-01
-5.558999999999999497e-01
-2.429999999999999868e-02
-4.610000000000000209e-01
-4.092999999999999972e-01
4.789999999999999813e-02
-9.727000000000000091e-01
-2.174999999999999989e-01
-3.559999999999999831e-01
