8.798000000000000265e-01
-3.291999999999999926e-01
3.244000000000000217e-01
3.855999999999999983e-01
7.593999999999999639e-01
-8.736000000000000432e-01
-7.251999999999999558e-01
6.993000000000000327e-01
-5.838999999999999746e-01
7.441999999999999726e-01
2.258000000000000007e-01
9.812999999999999501e-01
-1.996999999999999886e-01
2.187999999999999945e-01
8.192000000000000393e-01
5.161000000000000032e-01
2.494000000000000106e-01
7.694999999999999618e-01
-5.181999999999999940e-01
-5.030999999999999917e-01
7.163000000000000478e-01
-4.842000000000000193e-01
8.739999999999999991e-01
7.000000000000000146e-03
1.736000000000000043e-01
8.709999999999999964e-01
2.928000000000000047e-01
1.388000000000000067e-01
-6.947999999999999732e-01
-9.909999999999999920e-01
8.344000000000000306e-01
-2.373000000000000109e-01
9.031000000000000139e-01
5.371000000000000218e-01
6.529999999999999694e-02
-3.012000000000000233e-01
5.142999999999999794e-01
7.880000000000000338e-01
-6.346000000000000529e-01
-3.405000000000000249e-01
-6.780000000000000471e-01
-7.700000000000000178e-01
1.383000000000000063e-01
-7.399999999999999911e-01
-8.041000000000000369e-01
