3.808000000000000274e-01
-3.330000000000000182e-01
-4.037000000000000033e-01
-1.464999999999999913e-01
-5.642000000000000348e-01
-4.174999999999999822e-01
6.047000000000000153e-01
-8.020000000000000462e-01
6.703999999999999959e-01
6.423999999999999710e-01
5.786000000000000032e-01
7.235000000000000320e-01
7.861000000000000210e-01
7.085000000000000187e-01
-5.361000000000000210e-01
-8.139999999999999458e-01
8.657000000000000250e-01
-3.773000000000000242e-01
-6.304999999999999494e-01
-9.443000000000000282e-01
-8.699999999999999400e-03
-9.550999999999999490e-01
-3.371999999999999997e-01
1.459999999999999909e-01
-2.829999999999999877e-02
3.336999999999999966e-01
6.525999999999999579e-01
-7.947999999999999510e-01
-7.400000000000000328e-03
2.937000000000000166e-01
6.544999999999999707e-01
6.630000000000000338e-01
-5.989999999999999769e-01
-8.376000000000000112e-01
2.018999999999999961e-01
6.282999999999999696e-01
-8.614000000000000545e-01
-8.574000000000000510e-01
3.553999999999999937e-01
6.683999999999999941e-01
6.228000000000000203e-01
-4.776000000000000245e-01
-1.005999999999999950e-01
-6.919999999999999485e-01
6.516999999999999460e-01
