-4.923000000000000154e-01
2.439000000000000057e-01
-4.868999999999999995e-01
6.529999999999999694e-02
5.510000000000000453e-01
7.199999999999999803e-03
3.048000000000000154e-01
-1.028000000000000025e-01
-9.656000000000000139e-01
3.160000000000000309e-02
1.500000000000000031e-03
-7.204000000000000403e-01
-4.299999999999999933e-01
9.344999999999999973e-01
-2.812000000000000055e-01
7.729999999999999372e-02
-3.840000000000000080e-01
4.734999999999999765e-01
-4.239999999999999880e-01
2.626000000000000001e-01
-6.878999999999999559e-01
6.469000000000000306e-01
-2.162999999999999923e-01
-9.265999999999999792e-01
7.610000000000000098e-01
3.432999999999999940e-01
8.518999999999999906e-01
5.358000000000000540e-01
2.727999999999999869e-01
-8.991000000000000103e-01
-2.545000000000000040e-01
-9.385000000000000009e-01
8.984999999999999654e-01
4.863999999999999990e-01
-4.998000000000000220e-01
-3.779000000000000137e-01
-8.012000000000000233e-01
-8.229999999999999538e-01
-5.767999999999999794e-01
-8.126999999999999780e-01
-8.991000000000000103e-01
-4.400000000000000022e-01
7.531999999999999806e-01
-1.413999999999999979e-01
-4.425999999999999934e-01
