-7.459999999999999964e-01
5.190000000000000169e-02
3.440000000000000002e-02
-4.989000000000000101e-01
8.678000000000000158e-01
5.825000000000000178e-01
3.486000000000000210e-01
-3.675999999999999823e-01
-7.913999999999999924e-01
6.067000000000000171e-01
-6.251999999999999780e-01
-6.576999999999999513e-01
1.834999999999999964e-01
4.414000000000000146e-01
-1.615000000000000047e-01
4.355999999999999872e-01
-2.782999999999999918e-01
5.904000000000000359e-01
8.827000000000000401e-01
-4.939000000000000057e-01
7.561999999999999833e-01
-2.061000000000000054e-01
7.104000000000000314e-01
2.501999999999999780e-01
-1.958000000000000018e-01
2.149999999999999828e-02
-9.401000000000000467e-01
6.080999999999999739e-01
-8.040000000000000480e-01
-9.213999999999999968e-01
7.216000000000000192e-01
-9.254999999999999893e-01
-6.950000000000000622e-02
-8.302000000000000490e-01
-3.614999999999999880e-01
-3.309000000000000274e-01
5.856999999999999984e-01
6.966999999999999860e-01
4.069999999999999729e-01
-8.681999999999999718e-01
8.880000000000000115e-01
-5.212999999999999856e-01
-1.826000000000000123e-01
6.953000000000000291e-01
2.063000000000000111e-01
