-1.595000000000000029e-01
-2.972000000000000197e-01
-9.898000000000000131e-01
-7.209999999999999742e-02
3.192999999999999727e-01
6.069999999999999840e-01
4.536000000000000032e-01
-6.339000000000000190e-01
-3.667000000000000259e-01
-7.950000000000000400e-01
3.086999999999999744e-01
-5.349999999999999895e-02
-4.847000000000000197e-01
6.829999999999999960e-02
-1.718000000000000083e-01
2.528000000000000247e-01
-2.023999999999999966e-01
-9.495999999999999996e-01
9.820999999999999730e-01
6.058000000000000052e-01
-4.440000000000000058e-01
-4.606000000000000094e-01
9.226999999999999647e-01
2.831000000000000183e-01
5.859999999999999654e-01
-1.763000000000000123e-01
2.755000000000000226e-01
-8.679999999999999938e-01
8.602999999999999536e-01
-3.880000000000000115e-02
-1.247000000000000053e-01
-6.215000000000000524e-01
-6.852000000000000313e-01
-7.541999999999999815e-01
7.770000000000000517e-02
-9.284999999999999920e-01
-7.214000000000000412e-01
-2.021000000000000019e-01
-1.938999999999999890e-01
4.425000000000000044e-01
-6.654999999999999805e-01
-1.365999999999999992e-01
3.521000000000000241e-01
1.600000000000000033e-02
2.586999999999999855e-01
