1.965999999999999970e-01
8.166999999999999815e-01
1.125000000000000028e-01
-8.302000000000000490e-01
9.526000000000000023e-01
7.971000000000000307e-01
7.315000000000000391e-01
-8.743999999999999551e-01
4.153999999999999915e-01
-2.376999999999999946e-01
5.666999999999999815e-01
-2.530000000000000027e-01
8.836000000000000520e-01
6.711000000000000298e-01
5.149999999999999717e-02
-4.136000000000000232e-01
5.630000000000000282e-02
6.777999999999999581e-01
-2.561999999999999833e-01
-9.590999999999999526e-01
-1.068999999999999950e-01
2.504000000000000115e-01
-4.122999999999999998e-01
-7.070999999999999508e-01
-8.481999999999999540e-01
5.283999999999999808e-01
9.516999999999999904e-01
-5.419000000000000483e-01
-7.779000000000000359e-01
-1.676999999999999880e-01
-2.363000000000000100e-01
-1.472999999999999865e-01
6.831000000000000405e-01
-5.915000000000000258e-01
4.148000000000000020e-01
6.574999999999999734e-01
1.458000000000000129e-01
-2.240000000000000047e-01
6.629999999999999782e-02
-5.189000000000000279e-01
1.110000000000000049e-02
-1.053000000000000047e-01
-6.895000000000000018e-01
-8.149999999999999467e-01
8.300000000000000433e-02
-5.655000000000000027e-01
-3.516000000000000236e-01
-1.676999999999999880e-01
4.632999999999999896e-01
-5.264999999999999680e-01
5.889999999999999680e-01
1.897999999999999965e-01
-4.510000000000000120e-01
-5.614000000000000101e-01
4.899999999999999911e-01
-9.075999999999999623e-01
-1.676999999999999880e-01
-1.053999999999999937e-01
-6.437000000000000499e-01
-6.574999999999999734e-01
7.802000000000000046e-01
-3.929000000000000270e-01
7.419000000000000039e-01
-8.727000000000000313e-01
9.482000000000000428e-01
-7.630000000000000671e-02
-9.275999999999999801e-01
-1.713999999999999968e-01
9.757000000000000117e-01
-4.462999999999999745e-01
4.052999999999999936e-01
3.029999999999999916e-01
-6.794000000000000039e-01
-9.627000000000000002e-01
3.533000000000000029e-01
-2.790000000000000258e-01
-1.522999999999999909e-01
3.711999999999999744e-01
-3.341999999999999971e-01
5.254999999999999671e-01
-5.433999999999999941e-01
1.791999999999999982e-01
2.943999999999999950e-01
5.565999999999999837e-01
2.791000000000000147e-01
-5.024999999999999467e-01
7.466000000000000414e-01
8.391999999999999460e-01
-1.243999999999999967e-01
4.435999999999999943e-01
1.127999999999999975e-01
6.178000000000000158e-01
-8.055999999999999828e-01
-5.195999999999999508e-01
5.965000000000000302e-01
-1.083999999999999964e-01
-9.520999999999999464e-01
-2.258999999999999897e-01
9.535000000000000142e-01
-7.669000000000000261e-01
7.879999999999999505e-02
2.748999999999999777e-01
6.168000000000000149e-01
5.150000000000000133e-01
1.491000000000000103e-01
9.344999999999999973e-01
-6.694999999999999840e-01
-2.907000000000000139e-01
-2.469999999999999973e-02
-1.293999999999999873e-01
-9.419999999999999485e-01
-5.773000000000000353e-01
-6.367000000000000437e-01
-4.915999999999999814e-01
-8.908000000000000362e-01
-9.469999999999999529e-01
6.691000000000000281e-01
-9.224999999999999867e-01
-1.771999999999999964e-01
-8.529999999999999805e-01
6.190999999999999837e-01
8.450000000000000566e-02
-4.234999999999999876e-01
-2.167000000000000037e-01
-8.124000000000000110e-01
6.363999999999999657e-01
2.534000000000000141e-01
5.294999999999999707e-01
6.292999999999999705e-01
-2.715000000000000191e-01
3.038000000000000145e-01
-6.451000000000000068e-01
-4.369999999999999996e-01
-4.077999999999999958e-01
5.859999999999999931e-02
7.540999999999999925e-01
9.780999999999999694e-01
1.338000000000000023e-01
-4.238000000000000100e-01
7.672999999999999821e-01
5.217000000000000526e-01
-6.402999999999999803e-01
-6.424999999999999600e-01
-9.854000000000000536e-01
5.423000000000000043e-01
-7.134000000000000341e-01
-1.782999999999999863e-01
-1.750000000000000167e-02
6.979999999999999538e-01
-4.627999999999999892e-01
9.570999999999999508e-01
1.865999999999999881e-01
-1.554999999999999993e-01
9.316999999999999726e-01
-6.303999999999999604e-01
-1.760000000000000106e-02
9.910999999999999810e-01
-7.003000000000000336e-01
-8.857000000000000428e-01
2.606999999999999873e-01
-9.364000000000000101e-01
-2.414999999999999925e-01
4.030000000000000249e-01
-5.879999999999999810e-02
-6.143999999999999462e-01
-5.302000000000000046e-01
2.137999999999999901e-01
3.305000000000000160e-01
-4.750000000000000056e-02
9.899000000000000021e-01
3.644999999999999907e-01
