3.373999999999999777e-01
-1.008000000000000007e-01
2.631000000000000005e-01
-8.401999999999999469e-01
2.900000000000000147e-02
3.094999999999999973e-01
1.203999999999999931e-01
-6.242999999999999661e-01
7.497000000000000330e-01
1.701000000000000012e-01
5.638999999999999568e-01
1.262999999999999956e-01
-8.754999999999999449e-01
3.336999999999999966e-01
7.213000000000000522e-01
-5.846000000000000085e-01
-8.680999999999999828e-01
5.656999999999999806e-01
-9.085999999999999632e-01
-4.951999999999999735e-01
7.749000000000000332e-01
4.825999999999999734e-01
-4.177000000000000157e-01
-6.968999999999999639e-01
-5.799999999999999600e-01
8.000000000000000444e-01
-4.900000000000000189e-02
-5.016000000000000458e-01
-2.253999999999999893e-01
5.960000000000000020e-02
2.654000000000000248e-01
7.748000000000000442e-01
9.014999999999999680e-01
9.402000000000000357e-01
8.557000000000000162e-01
9.610999999999999543e-01
5.062999999999999723e-01
-3.662000000000000255e-01
4.230999999999999761e-01
-5.985000000000000320e-01
-7.902000000000000135e-01
2.303999999999999937e-01
-5.334999999999999742e-01
3.647000000000000242e-01
2.338999999999999968e-01
-2.401999999999999968e-01
-8.535000000000000364e-01
-1.958000000000000018e-01
-9.222000000000000197e-01
-1.088999999999999968e-01
6.209999999999999964e-01
-8.468999999999999861e-01
9.923999999999999488e-01
-5.137000000000000455e-01
3.457000000000000073e-01
3.879000000000000226e-01
-5.042999999999999705e-01
-5.860999999999999543e-01
5.069000000000000172e-01
-3.563999999999999946e-01
-2.411999999999999977e-01
6.340999999999999970e-01
7.743999999999999773e-01
5.525999999999999801e-01
-4.642000000000000015e-01
6.933000000000000274e-01
5.481000000000000316e-01
2.291999999999999871e-01
-8.352000000000000535e-01
4.336999999999999744e-01
8.330999999999999517e-01
-8.196999999999999842e-01
4.769999999999999796e-01
-4.345999999999999863e-01
-7.973999999999999977e-01
-2.316999999999999893e-01
-8.223000000000000309e-01
3.300000000000000155e-02
3.103000000000000203e-01
1.582000000000000073e-01
-6.065000000000000391e-01
5.427999999999999492e-01
2.373000000000000109e-01
-5.823000000000000398e-01
-1.018000000000000016e-01
2.718999999999999750e-01
-2.750000000000000222e-01
-1.746000000000000052e-01
2.549999999999999836e-02
1.019000000000000045e-01
-9.453000000000000291e-01
-3.316000000000000059e-01
-6.544999999999999707e-01
-3.604999999999999871e-01
3.119000000000000106e-01
1.274000000000000132e-01
9.582000000000000517e-01
-9.165999999999999703e-01
-8.738000000000000211e-01
6.233999999999999542e-01
-6.967999999999999750e-01
3.748000000000000220e-01
-2.129999999999999949e-02
-1.938000000000000000e-01
2.462000000000000022e-01
9.048000000000000487e-01
-4.521000000000000019e-01
-4.964000000000000079e-01
2.446000000000000119e-01
-6.709000000000000519e-01
3.502000000000000113e-01
-7.336000000000000298e-01
3.677000000000000268e-01
-1.612999999999999989e-01
1.295999999999999930e-01
-7.198999999999999844e-01
2.841000000000000192e-01
-5.407999999999999474e-01
-1.166999999999999982e-01
9.416999999999999815e-01
-7.194000000000000394e-01
-7.893999999999999906e-01
2.379999999999999893e-01
-7.137000000000000011e-01
-3.927999999999999825e-01
5.940000000000000141e-02
-9.900000000000000813e-03
-5.756000000000000005e-01
-1.899000000000000132e-01
8.505000000000000338e-01
-3.684000000000000052e-01
2.908000000000000029e-01
7.022000000000000464e-01
8.867000000000000437e-01
-3.588999999999999968e-01
-5.648999999999999577e-01
-8.238999999999999657e-01
1.653999999999999915e-01
-1.905000000000000027e-01
-2.479000000000000092e-01
5.187000000000000499e-01
9.903999999999999471e-01
9.595000000000000195e-01
9.445999999999999952e-01
1.213000000000000050e-01
8.151000000000000467e-01
-9.247999999999999554e-01
2.536999999999999811e-01
6.296000000000000485e-01
-9.346999999999999753e-01
9.678999999999999826e-01
-6.985999999999999988e-01
4.274999999999999911e-01
4.633999999999999786e-01
-5.329000000000000403e-01
7.114000000000000323e-01
-4.068999999999999839e-01
-2.701999999999999957e-01
-9.812999999999999501e-01
4.932000000000000273e-01
5.909999999999999976e-02
4.848999999999999977e-01
2.649000000000000243e-01
-7.690000000000000169e-01
7.079999999999999627e-01
-1.267000000000000071e-01
-5.107000000000000428e-01
2.038000000000000089e-01
-3.049999999999999933e-02
5.048000000000000265e-01
5.122999999999999776e-01
