-6.400000000000000133e-02
4.799999999999999580e-03
2.988000000000000100e-01
-7.315000000000000391e-01
4.437999999999999723e-01
-4.892000000000000237e-01
-8.632999999999999563e-01
8.326000000000000068e-01
-1.650999999999999968e-01
1.360000000000000098e-01
3.569999999999999840e-01
7.841000000000000192e-01
-8.732999999999999652e-01
6.565999999999999615e-01
-8.509999999999999787e-01
-4.843000000000000083e-01
-2.285999999999999976e-01
5.473000000000000087e-01
4.979000000000000092e-01
5.793000000000000371e-01
-9.588999999999999746e-01
-9.175999999999999712e-01
-4.316999999999999726e-01
-6.608000000000000540e-01
-5.782000000000000473e-01
-6.764000000000000012e-01
9.294999999999999929e-01
-1.000999999999999945e-01
3.654999999999999916e-01
1.159000000000000030e-01
-4.993000000000000216e-01
4.116000000000000214e-01
-7.332999999999999519e-01
-2.051000000000000045e-01
-1.675000000000000100e-01
2.666999999999999926e-01
-6.877999999999999670e-01
8.151000000000000467e-01
8.194000000000000172e-01
-7.470000000000000251e-02
-4.420000000000000318e-02
-4.576999999999999957e-01
-9.598999999999999755e-01
9.684000000000000385e-01
-1.092000000000000054e-01
4.551000000000000045e-01
-1.098999999999999977e-01
5.557999999999999607e-01
-5.255999999999999561e-01
3.713000000000000189e-01
-2.631999999999999895e-01
-6.913000000000000256e-01
6.932000000000000384e-01
2.523000000000000242e-01
-6.246000000000000441e-01
5.742000000000000437e-01
4.540000000000000147e-01
3.467999999999999972e-01
1.564000000000000112e-01
3.169000000000000150e-01
7.423999999999999488e-01
8.757000000000000339e-01
-3.628000000000000114e-01
-6.765999999999999792e-01
7.947999999999999510e-01
4.340000000000000108e-02
-3.881999999999999895e-01
-8.711999999999999744e-01
9.575000000000000178e-01
7.870000000000000329e-01
-7.259999999999999787e-01
-1.318000000000000005e-01
6.391000000000000014e-01
2.982000000000000206e-01
-8.568000000000000060e-01
4.027000000000000024e-01
1.048999999999999932e-01
8.023000000000000131e-01
-1.880000000000000004e-01
-9.506000000000000005e-01
-2.459999999999999964e-01
-5.069000000000000172e-01
1.867000000000000048e-01
8.254000000000000226e-01
-6.096000000000000307e-01
3.439999999999999725e-01
-4.917000000000000259e-01
9.696000000000000174e-01
5.445999999999999730e-01
5.292999999999999927e-01
9.915000000000000480e-01
-1.062000000000000027e-01
-1.307999999999999996e-01
9.069000000000000394e-01
-2.013000000000000067e-01
6.922000000000000375e-01
6.875000000000000000e-01
-7.728000000000000425e-01
-3.200000000000000153e-03
-5.786000000000000032e-01
-1.340000000000000080e-01
9.909999999999999920e-01
5.773000000000000353e-01
-2.908000000000000029e-01
3.155000000000000027e-01
6.817999999999999616e-01
5.450000000000000400e-01
-3.655999999999999805e-01
9.902999999999999581e-01
-6.982000000000000428e-01
-7.566000000000000503e-01
8.602999999999999536e-01
7.179999999999999716e-01
-8.450000000000000566e-02
-5.997999999999999998e-01
5.027000000000000357e-01
9.828999999999999959e-01
-5.117000000000000437e-01
-9.126999999999999558e-01
7.459000000000000075e-01
5.403000000000000025e-01
9.082000000000000073e-01
-2.025000000000000133e-01
-7.972000000000000197e-01
-1.572000000000000064e-01
7.408000000000000140e-01
1.567000000000000060e-01
3.749000000000000110e-01
4.935999999999999832e-01
8.237999999999999767e-01
2.699999999999999969e-02
2.437000000000000000e-01
7.641999999999999904e-01
-9.613000000000000433e-01
-4.773999999999999910e-01
9.596000000000000085e-01
-4.938000000000000167e-01
1.345999999999999974e-01
6.419999999999999318e-02
3.751999999999999780e-01
8.856000000000000538e-01
2.152999999999999914e-01
8.885999999999999455e-01
-2.330000000000000127e-02
9.419999999999999485e-01
7.995999999999999774e-01
5.994000000000000439e-01
-6.594999999999999751e-01
-6.129999999999999893e-01
2.311999999999999889e-01
1.282000000000000084e-01
6.071999999999999620e-01
-8.296000000000000041e-01
8.164000000000000146e-01
6.399000000000000243e-01
4.586999999999999966e-01
-3.800000000000000044e-01
-8.931999999999999940e-01
-3.227999999999999758e-01
2.644000000000000239e-01
1.784999999999999920e-01
-1.708000000000000074e-01
-8.783999999999999586e-01
-6.199999999999999782e-03
7.100000000000000408e-03
3.830000000000000071e-01
-5.800999999999999490e-01
-9.979999999999999982e-02
-6.843000000000000194e-01
1.292999999999999983e-01
-2.189999999999999933e-02
