-5.541000000000000369e-01
3.659999999999999920e-01
2.751000000000000112e-01
7.348999999999999977e-01
1.572999999999999954e-01
4.235999999999999766e-01
8.038999999999999480e-01
-7.420999999999999819e-01
-8.275000000000000133e-01
-7.689000000000000279e-01
8.665000000000000480e-01
-3.039999999999999925e-01
2.457999999999999907e-01
8.194000000000000172e-01
3.436000000000000165e-01
-6.210999999999999854e-01
-6.188000000000000167e-01
-4.338000000000000189e-01
-8.967000000000000526e-01
-3.222999999999999754e-01
7.026999999999999913e-01
2.810000000000000275e-01
-3.286000000000000032e-01
3.020999999999999797e-01
-3.124000000000000110e-01
-3.257999999999999785e-01
6.489000000000000323e-01
1.549000000000000099e-01
-7.735999999999999543e-01
-7.667000000000000481e-01
-8.455000000000000293e-01
7.389000000000000012e-01
-9.114999999999999769e-01
-1.190999999999999975e-01
3.941999999999999948e-01
-7.209999999999999742e-01
5.099999999999999672e-02
-6.296000000000000485e-01
4.309000000000000052e-01
1.121999999999999942e-01
-7.422999999999999599e-01
2.933999999999999941e-01
7.563999999999999613e-01
-1.671999999999999875e-01
-9.922999999999999599e-01
9.784000000000000474e-01
1.524000000000000077e-01
-9.605000000000000204e-01
8.139999999999999458e-01
3.332999999999999852e-01
-5.584000000000000075e-01
9.160000000000000364e-01
-4.645000000000000240e-01
-5.491000000000000325e-01
4.052999999999999936e-01
-5.199000000000000288e-01
8.670999999999999819e-01
-1.660000000000000017e-02
7.718000000000000416e-01
-9.039999999999999425e-02
-3.735999999999999877e-01
9.249000000000000554e-01
-4.535000000000000142e-01
-1.451999999999999957e-01
5.735000000000000098e-01
8.086999999999999744e-01
4.087999999999999967e-01
-5.961999999999999522e-01
3.448999999999999844e-01
2.538000000000000256e-01
4.087000000000000077e-01
-6.521000000000000130e-01
6.968999999999999639e-01
-2.698999999999999733e-01
6.329999999999999516e-02
-7.651000000000000023e-01
7.079999999999999627e-01
-8.990000000000000213e-01
-6.676999999999999602e-01
-9.779999999999999805e-01
3.509999999999999787e-01
5.856999999999999984e-01
-4.606000000000000094e-01
-1.154000000000000026e-01
1.202000000000000013e-01
-9.377999999999999670e-01
8.854999999999999538e-01
-2.868999999999999884e-01
-1.409999999999999865e-01
-2.863999999999999879e-01
4.660000000000000253e-02
8.096999999999999753e-01
-8.385000000000000231e-01
-7.529000000000000137e-01
-1.661999999999999866e-01
5.261000000000000121e-01
-6.300000000000000044e-02
6.141999999999999682e-01
-8.465000000000000302e-01
-6.128000000000000114e-01
-6.696999999999999620e-01
-9.817000000000000171e-01
-5.500000000000000028e-02
9.199999999999999845e-03
8.129999999999999727e-02
9.549999999999999600e-01
1.307000000000000106e-01
2.630000000000000115e-01
-7.601999999999999869e-01
-2.972000000000000197e-01
-3.740999999999999881e-01
1.955999999999999961e-01
-2.515999999999999903e-01
-3.337999999999999856e-01
-6.956999999999999851e-01
-4.130000000000000338e-02
-8.949999999999999623e-02
8.610999999999999766e-01
-4.717000000000000082e-01
4.283000000000000140e-01
4.680000000000000271e-01
-2.836000000000000187e-01
-8.031000000000000361e-01
-7.781000000000000139e-01
5.953000000000000513e-01
-1.660000000000000087e-01
-5.061999999999999833e-01
-6.769999999999999629e-02
1.406000000000000028e-01
-8.007999999999999563e-01
7.714999999999999636e-01
-6.300999999999999934e-01
1.895999999999999908e-01
-5.237000000000000544e-01
-8.627000000000000224e-01
-2.831000000000000183e-01
1.069999999999999979e-01
-9.009000000000000341e-01
-4.591000000000000081e-01
-4.293000000000000149e-01
6.497000000000000552e-01
3.153000000000000247e-01
7.211999999999999522e-01
-4.028999999999999804e-01
1.165999999999999953e-01
4.822000000000000175e-01
7.019999999999999574e-01
8.457000000000000073e-01
-5.197000000000000508e-01
9.237999999999999545e-01
6.319000000000000172e-01
2.786000000000000143e-01
3.470000000000000168e-02
5.745000000000000107e-01
2.908999999999999919e-01
-5.316999999999999504e-01
2.099999999999999922e-01
5.627999999999999670e-01
8.823999999999999622e-01
-4.628999999999999782e-01
-5.614999999999999991e-01
8.809999999999999776e-02
-9.660999999999999588e-01
1.310000000000000053e-01
5.231000000000000094e-01
-8.558000000000000052e-01
7.115000000000000213e-01
-7.262999999999999456e-01
2.071999999999999953e-01
-8.532999999999999474e-01
-6.147000000000000242e-01
