-2.340000000000000135e-01
8.808000000000000274e-01
2.580999999999999961e-01
-9.043999999999999817e-01
-7.950000000000000400e-01
8.480000000000000038e-02
2.371000000000000052e-01
9.810999999999999721e-01
5.769999999999999574e-01
8.110000000000000542e-01
6.157000000000000250e-01
-9.130000000000000338e-01
2.526999999999999802e-01
1.375000000000000111e-01
-4.435999999999999943e-01
-9.907000000000000250e-01
-1.680999999999999994e-01
-3.531000000000000250e-01
2.807000000000000051e-01
-8.951999999999999957e-01
-3.910000000000000281e-02
1.794999999999999929e-01
-6.021999999999999575e-01
-9.029000000000000359e-01
-6.097000000000000197e-01
-4.655000000000000249e-01
-2.074999999999999900e-01
-3.564999999999999836e-01
-4.393000000000000238e-01
-9.058000000000000496e-01
-2.610000000000000098e-01
4.452999999999999736e-01
8.369999999999999662e-02
-4.434000000000000163e-01
7.036999999999999922e-01
-3.190999999999999948e-01
5.886000000000000121e-01
-6.481999999999999984e-01
-8.296999999999999931e-01
8.606000000000000316e-01
4.657000000000000028e-01
-4.610000000000000209e-02
8.411999999999999478e-01
-5.735000000000000098e-01
4.250999999999999779e-01
-1.940999999999999948e-01
8.601999999999999647e-01
2.089000000000000024e-01
-9.874000000000000554e-01
2.795000000000000262e-01
5.826999999999999957e-01
6.303999999999999604e-01
2.462999999999999912e-01
2.901000000000000245e-01
7.723999999999999755e-01
9.181000000000000272e-01
-2.258000000000000007e-01
2.587999999999999745e-01
-7.470999999999999863e-01
-2.393000000000000127e-01
-5.604999999999999982e-01
4.626000000000000112e-01
-7.207999999999999963e-01
6.448000000000000398e-01
-6.713000000000000078e-01
1.414999999999999869e-01
-6.149999999999999911e-01
8.108999999999999542e-01
-1.388000000000000067e-01
-9.680999999999999606e-01
1.885000000000000009e-01
3.345000000000000195e-01
-2.783999999999999808e-01
3.629000000000000004e-01
-9.619999999999999662e-01
-4.939000000000000057e-01
5.701000000000000512e-01
8.885999999999999455e-01
-5.713000000000000300e-01
-1.607999999999999985e-01
-7.712999999999999856e-01
8.225000000000000089e-01
9.657999999999999918e-01
-6.414999999999999591e-01
9.666000000000000147e-01
-2.237999999999999989e-01
8.010000000000000453e-02
7.268000000000000016e-01
-9.908000000000000140e-01
4.550000000000000155e-01
5.459000000000000519e-01
5.866000000000000103e-01
-1.280999999999999917e-01
-7.354000000000000536e-01
-7.870000000000000329e-01
-3.845000000000000084e-01
4.882000000000000228e-01
5.671000000000000485e-01
9.688999999999999835e-01
-7.143000000000000460e-01
-1.640999999999999959e-01
-1.069999999999999979e-01
-2.543000000000000260e-01
-3.708000000000000185e-01
2.179999999999999993e-01
7.310999999999999721e-01
-8.522999999999999465e-01
6.799999999999999621e-03
1.426000000000000045e-01
3.958999999999999742e-01
5.684000000000000163e-01
-9.445000000000000062e-01
4.520000000000000129e-01
5.917000000000000037e-01
1.597999999999999976e-01
-5.859999999999999654e-01
3.120999999999999885e-01
-8.169999999999999485e-01
8.579999999999999849e-01
3.874000000000000221e-01
4.864999999999999880e-01
6.794999999999999929e-01
-9.424000000000000155e-01
-1.280999999999999917e-01
-6.840000000000000524e-01
3.279000000000000248e-01
-2.172999999999999932e-01
1.617000000000000104e-01
-6.534999999999999698e-01
7.590999999999999970e-01
-2.872999999999999998e-01
7.768000000000000460e-01
-8.970000000000000195e-02
6.157000000000000250e-01
-2.881000000000000227e-01
7.683999999999999719e-01
-8.540999999999999703e-01
2.363999999999999990e-01
-5.401000000000000245e-01
7.522999999999999687e-01
-8.061000000000000387e-01
3.763000000000000234e-01
-1.121000000000000052e-01
4.873999999999999999e-01
1.400000000000000133e-01
-5.974000000000000421e-01
-3.724000000000000088e-01
-3.598000000000000087e-01
2.051999999999999935e-01
-1.229999999999999982e-01
-1.398999999999999966e-01
2.913000000000000034e-01
9.351000000000000423e-01
1.474999999999999922e-01
6.078999999999999959e-01
5.949999999999999734e-02
3.973999999999999755e-01
8.863999999999999657e-01
6.763000000000000123e-01
4.900999999999999801e-01
2.060000000000000026e-02
-1.113999999999999990e-01
3.755000000000000004e-01
-3.840999999999999970e-01
8.959000000000000297e-01
-3.049999999999999933e-01
9.489999999999999825e-02
4.702000000000000068e-01
-4.101000000000000201e-01
7.027999999999999803e-01
5.002999999999999670e-01
