9.779999999999999805e-02
-4.832000000000000184e-01
-2.924999999999999822e-01
5.450000000000000400e-01
-1.801000000000000101e-01
8.800999999999999934e-01
-6.321999999999999842e-01
-6.990000000000000380e-02
6.170999999999999819e-01
-9.089999999999999469e-02
2.018999999999999961e-01
5.311000000000000165e-01
-1.859999999999999987e-01
-6.411999999999999922e-01
9.233000000000000096e-01
2.624000000000000221e-01
-3.578999999999999959e-01
2.932000000000000162e-01
-3.911000000000000032e-01
-2.545999999999999930e-01
8.465000000000000302e-01
-2.290000000000000022e-02
-5.258000000000000451e-01
-7.419000000000000039e-01
-3.780999999999999917e-01
5.866000000000000103e-01
1.395000000000000129e-01
9.899999999999999911e-01
7.070999999999999508e-01
-1.395000000000000129e-01
-8.040000000000000480e-01
8.208999999999999631e-01
9.614000000000000323e-01
-4.091000000000000192e-01
9.807000000000000162e-01
4.531999999999999917e-01
-4.345999999999999863e-01
3.906999999999999917e-01
-9.346999999999999753e-01
3.785000000000000031e-01
3.820000000000000062e-01
6.461999999999999966e-01
2.957000000000000184e-01
-3.274000000000000243e-01
-5.472000000000000197e-01
-3.121999999999999775e-01
-3.109999999999999917e-02
1.054999999999999966e-01
-3.498999999999999888e-01
-2.341999999999999915e-01
-1.622000000000000108e-01
-3.225999999999999979e-01
-7.321999999999999620e-01
-7.411999999999999700e-01
6.653000000000000025e-01
-3.175999999999999934e-01
-8.234000000000000208e-01
-6.811000000000000387e-01
3.975000000000000200e-01
7.569000000000000172e-01
7.564999999999999503e-01
5.094999999999999529e-01
4.294999999999999929e-01
8.787000000000000366e-01
-2.722999999999999865e-01
-5.688999999999999613e-01
-4.339000000000000079e-01
7.755999999999999561e-01
-4.995999999999999885e-01
8.811999999999999833e-01
9.451000000000000512e-01
-3.593000000000000083e-01
3.544999999999999818e-01
4.642999999999999905e-01
9.572000000000000508e-01
-9.616999999999999993e-01
-5.016000000000000458e-01
1.615999999999999936e-01
-2.709999999999999909e-02
-1.193000000000000033e-01
-8.970000000000000195e-01
-9.020000000000000240e-02
-5.806999999999999940e-01
-9.459999999999999520e-01
6.257000000000000339e-01
1.597000000000000086e-01
-4.673999999999999821e-01
-5.063999999999999613e-01
-4.721000000000000196e-01
-1.283999999999999864e-01
2.691999999999999948e-01
1.842999999999999916e-01
-6.411000000000000032e-01
6.807999999999999607e-01
3.869000000000000217e-01
-9.575000000000000178e-01
-7.164000000000000368e-01
4.515000000000000124e-01
7.278999999999999915e-01
-3.029999999999999916e-01
5.311000000000000165e-01
1.340000000000000080e-01
-9.995000000000000551e-01
-2.878000000000000003e-01
-1.529000000000000081e-01
8.810000000000000053e-01
2.732999999999999874e-01
-6.040000000000000230e-02
7.468000000000000194e-01
5.079999999999999793e-02
-1.857999999999999929e-01
-8.820999999999999952e-01
-1.751000000000000056e-01
6.572000000000000064e-01
1.208000000000000046e-01
2.272000000000000131e-01
9.261000000000000343e-01
5.305999999999999606e-01
9.780999999999999694e-01
-9.187999999999999501e-01
7.549999999999999767e-02
5.432000000000000162e-01
8.253000000000000336e-01
-9.009000000000000341e-01
5.037000000000000366e-01
-6.351999999999999869e-01
-7.063000000000000389e-01
-7.164000000000000368e-01
-7.042000000000000481e-01
-8.160000000000000586e-02
-3.917999999999999816e-01
-1.716999999999999915e-01
-2.605000000000000093e-01
8.279999999999999860e-02
3.497999999999999998e-01
8.971999999999999975e-01
-4.027000000000000024e-01
3.007000000000000228e-01
4.784999999999999809e-01
4.879999999999999893e-01
7.721000000000000085e-01
-5.431000000000000272e-01
2.766000000000000125e-01
2.766000000000000125e-01
4.344999999999999973e-01
5.732000000000000428e-01
-6.830000000000000515e-01
6.012999999999999456e-01
-1.855999999999999872e-01
8.106999999999999762e-01
-1.597999999999999976e-01
-7.038999999999999702e-01
-3.598999999999999977e-01
1.728999999999999981e-01
6.006000000000000227e-01
-5.220000000000000334e-02
2.318999999999999950e-01
4.012999999999999901e-01
3.497000000000000108e-01
-2.978000000000000091e-01
5.465999999999999748e-01
-7.399000000000000021e-01
-7.446000000000000396e-01
4.578999999999999737e-01
6.974000000000000199e-01
-7.249999999999999500e-02
3.020999999999999797e-01
-3.718000000000000194e-01
6.269000000000000128e-01
-7.939999999999999836e-02
7.348000000000000087e-01
