-2.647999999999999798e-01
-4.820999999999999730e-01
7.044000000000000261e-01
9.260000000000000175e-02
6.407000000000000473e-01
-3.768000000000000238e-01
7.187000000000000055e-01
-7.446000000000000396e-01
-5.729999999999999677e-02
5.624000000000000110e-01
-8.285000000000000142e-01
-3.461000000000000187e-01
5.916000000000000147e-01
-6.733999999999999986e-01
6.650000000000000355e-01
-2.260000000000000064e-01
-1.353000000000000036e-01
-3.563000000000000056e-01
3.587000000000000188e-01
4.440000000000000058e-01
8.590000000000000413e-02
-9.276999999999999691e-01
-2.001000000000000001e-01
7.658000000000000362e-01
4.046000000000000152e-01
-7.907999999999999474e-01
-7.370999999999999774e-01
1.393000000000000071e-01
2.555000000000000049e-01
5.000000000000000104e-04
-2.807999999999999940e-01
-4.820999999999999730e-01
1.660000000000000087e-01
6.770000000000000462e-01
6.009999999999999787e-01
3.664999999999999925e-01
7.083000000000000407e-01
-4.442999999999999727e-01
4.689999999999999725e-01
6.985999999999999988e-01
7.161999999999999478e-01
-5.820999999999999508e-01
-6.188000000000000167e-01
3.316999999999999948e-01
8.565000000000000391e-01
8.390000000000000235e-02
2.676000000000000045e-01
-1.218999999999999945e-01
-8.709999999999999687e-02
-7.134000000000000341e-01
-6.292999999999999705e-01
8.124000000000000110e-01
-3.764000000000000123e-01
9.516000000000000014e-01
5.283999999999999808e-01
-1.612000000000000099e-01
2.645000000000000129e-01
-4.801000000000000267e-01
3.074000000000000066e-01
-7.872999999999999998e-01
-5.381000000000000227e-01
-9.815000000000000391e-01
-4.623999999999999777e-01
-9.676000000000000156e-01
-7.076999999999999957e-01
-5.639999999999999458e-01
-6.392999999999999794e-01
7.652999999999999803e-01
9.254999999999999893e-01
-7.510000000000000009e-01
9.589999999999999636e-01
4.355999999999999872e-01
4.706000000000000183e-01
3.523999999999999910e-01
6.011999999999999567e-01
-1.178000000000000019e-01
9.453000000000000291e-01
4.714999999999999747e-01
8.010000000000000453e-02
-4.551000000000000045e-01
9.270000000000000462e-02
4.002999999999999892e-01
-2.243999999999999884e-01
4.375000000000000000e-01
7.094000000000000306e-01
3.250000000000000111e-02
3.804000000000000159e-01
2.323999999999999955e-01
4.610000000000000209e-01
-4.884000000000000008e-01
-1.173000000000000015e-01
6.032999999999999474e-01
1.925999999999999934e-01
8.427999999999999936e-01
5.097000000000000419e-01
4.272000000000000242e-01
6.048000000000000043e-01
8.676000000000000378e-01
-8.730000000000000260e-02
5.252000000000000002e-01
3.860000000000000236e-02
1.869999999999999996e-01
9.352000000000000313e-01
-6.209000000000000075e-01
6.739000000000000545e-01
9.691999999999999504e-01
8.974999999999999645e-01
-8.016999999999999682e-01
-2.368000000000000105e-01
-6.875000000000000000e-01
9.613000000000000433e-01
7.877999999999999448e-01
-2.482999999999999929e-01
8.929000000000000270e-01
-3.935000000000000164e-01
2.590999999999999970e-01
-6.559000000000000385e-01
-6.210999999999999854e-01
-7.913000000000000034e-01
-3.629000000000000004e-01
8.003000000000000114e-01
7.305000000000000382e-01
6.632000000000000117e-01
-1.252000000000000057e-01
6.100999999999999757e-01
1.204999999999999960e-01
5.336999999999999522e-01
-8.152000000000000357e-01
-6.398000000000000353e-01
7.190999999999999615e-01
-8.262000000000000455e-01
-1.892000000000000071e-01
6.036000000000000254e-01
3.682000000000000273e-01
-9.723000000000000531e-01
-8.406000000000000139e-01
-4.645000000000000240e-01
-9.472000000000000419e-01
8.722999999999999643e-01
-7.277000000000000135e-01
-9.079000000000000403e-01
-3.209999999999999659e-02
7.689999999999999614e-02
7.718000000000000416e-01
2.195999999999999897e-01
7.735999999999999543e-01
9.699999999999999734e-01
1.864000000000000101e-01
5.530000000000000193e-02
8.172000000000000375e-01
-5.649999999999999467e-01
-5.978999999999999870e-01
1.839999999999999969e-02
-8.449999999999999734e-01
3.451000000000000179e-01
-1.005999999999999950e-01
-1.776999999999999968e-01
-6.374999999999999556e-01
-3.995000000000000218e-01
1.959999999999999937e-02
-8.584000000000000519e-01
-1.180999999999999966e-01
6.679000000000000492e-01
8.490000000000000324e-02
-8.899000000000000243e-01
-3.430000000000000271e-01
8.589999999999999858e-01
-7.829000000000000403e-01
5.938999999999999835e-01
-1.227000000000000035e-01
4.490000000000000102e-01
