4.880999999999999783e-01
-4.404000000000000137e-01
-9.192000000000000171e-01
6.594999999999999751e-01
-2.566999999999999837e-01
9.183000000000000052e-01
-6.610000000000000320e-01
8.809999999999999776e-02
-3.588000000000000078e-01
8.999999999999999667e-02
-2.898999999999999910e-01
-5.695999999999999952e-01
2.363999999999999990e-01
3.094999999999999973e-01
-8.158999999999999586e-01
9.989999999999999991e-01
5.699999999999999512e-01
-6.613999999999999879e-01
-1.476000000000000090e-01
4.259999999999999898e-01
-2.416999999999999982e-01
-2.182000000000000051e-01
1.549999999999999989e-01
7.881000000000000227e-01
-4.643999999999999795e-01
-7.042000000000000481e-01
2.058000000000000107e-01
-2.350000000000000006e-02
4.719999999999999751e-01
4.953000000000000180e-01
-9.900000000000000466e-02
-1.635000000000000064e-01
-9.397999999999999687e-01
7.853999999999999870e-01
-9.009000000000000341e-01
-6.430000000000000160e-01
8.885999999999999455e-01
8.711999999999999744e-01
7.378000000000000114e-01
-5.220000000000000195e-01
-3.570000000000000256e-02
-4.138000000000000012e-01
-2.011000000000000010e-01
-3.520000000000000212e-02
9.919000000000000039e-01
2.933000000000000052e-01
9.454000000000000181e-01
4.240999999999999770e-01
9.576999999999999957e-01
-9.173999999999999932e-01
1.801000000000000101e-01
3.703000000000000180e-01
-5.010000000000000009e-01
-4.884000000000000008e-01
-9.206999999999999629e-01
3.684999999999999942e-01
-6.389000000000000234e-01
6.663999999999999924e-01
7.199999999999999803e-03
-6.102999999999999536e-01
-2.466000000000000136e-01
8.473000000000000531e-01
-8.800000000000000530e-03
-3.287999999999999812e-01
3.415000000000000258e-01
1.009999999999999960e-02
-9.392000000000000348e-01
7.814999999999999725e-01
6.217000000000000304e-01
8.195999999999999952e-01
-5.041999999999999815e-01
2.217000000000000082e-01
1.391000000000000014e-01
2.099999999999999870e-03
-2.672999999999999821e-01
-8.556000000000000272e-01
-9.034999999999999698e-01
-1.950999999999999956e-01
-8.661999999999999700e-01
-3.397000000000000020e-01
9.358999999999999542e-01
-5.957000000000000073e-01
6.612999999999999989e-01
-3.032000000000000250e-01
-5.190000000000000169e-02
3.118000000000000216e-01
4.590000000000000330e-02
-7.823999999999999844e-01
9.628999999999999782e-01
4.405000000000000027e-01
-3.785000000000000031e-01
7.961000000000000298e-01
-9.320000000000000506e-02
-6.669999999999999540e-02
3.362999999999999878e-01
-8.941000000000000059e-01
-3.899000000000000243e-01
-6.030999999999999694e-01
-9.452000000000000401e-01
-5.568999999999999506e-01
-5.435999999999999721e-01
4.267000000000000237e-01
-1.409999999999999865e-01
2.544000000000000150e-01
3.665999999999999814e-01
-4.867000000000000215e-01
3.825000000000000067e-01
-4.667000000000000037e-01
-2.939999999999999905e-02
-1.480000000000000066e-02
-6.665999999999999703e-01
-9.769999999999999518e-02
-3.541000000000000258e-01
7.861000000000000210e-01
2.340000000000000066e-02
2.474999999999999978e-01
3.089000000000000079e-01
9.668999999999999817e-01
-2.666000000000000036e-01
-8.104999999999999982e-01
9.044999999999999707e-01
2.248999999999999888e-01
2.278999999999999915e-01
3.245999999999999996e-01
-2.363999999999999990e-01
-7.752999999999999892e-01
-5.731000000000000538e-01
3.705999999999999850e-01
8.073000000000000176e-01
1.673999999999999932e-01
6.220999999999999863e-01
5.770000000000000129e-02
4.909000000000000030e-01
-8.178999999999999604e-01
-4.561999999999999944e-01
-2.156000000000000139e-01
1.895999999999999908e-01
5.629999999999999449e-01
4.870000000000000023e-02
-5.364999999999999769e-01
8.292000000000000481e-01
6.135000000000000453e-01
-6.283999999999999586e-01
7.229999999999999760e-01
-8.057999999999999607e-01
-7.995999999999999774e-01
4.314999999999999947e-01
4.089999999999999747e-01
5.721000000000000529e-01
-7.848000000000000531e-01
3.012000000000000233e-01
7.549999999999999767e-02
-8.981999999999999984e-01
-8.160000000000000586e-02
-9.723000000000000531e-01
2.190999999999999892e-01
1.246000000000000024e-01
-9.207999999999999519e-01
-2.681000000000000050e-01
-7.944999999999999840e-01
1.260999999999999899e-01
5.858999999999999764e-01
4.210999999999999743e-01
-5.341000000000000192e-01
-6.522999999999999909e-01
-6.048999999999999932e-01
9.889000000000000012e-01
-6.891000000000000458e-01
9.929999999999999938e-01
8.546000000000000263e-01
-1.121000000000000052e-01
