8.471999999999999531e-01
2.871000000000000218e-01
-8.784999999999999476e-01
6.819999999999999674e-02
3.377000000000000002e-01
-8.580999999999999739e-01
-8.978000000000000425e-01
-3.926999999999999935e-01
7.760000000000000231e-01
8.287999999999999812e-01
7.164000000000000368e-01
-2.811000000000000165e-01
7.479999999999999982e-01
1.431999999999999940e-01
-5.533000000000000140e-01
-2.437000000000000000e-01
1.370000000000000037e-02
8.769000000000000128e-01
1.751999999999999946e-01
-1.239999999999999956e-02
3.418999999999999817e-01
-7.941000000000000281e-01
-9.992999999999999661e-01
-3.099999999999999978e-02
3.088000000000000189e-01
-6.031999999999999584e-01
-2.195999999999999897e-01
-3.047000000000000264e-01
6.222999999999999643e-01
-4.645000000000000240e-01
4.580000000000000043e-02
4.988000000000000211e-01
7.190000000000000557e-02
8.139999999999999458e-01
6.980000000000000093e-02
2.884999999999999787e-01
1.905000000000000027e-01
-5.242999999999999883e-01
-6.142999999999999572e-01
7.065000000000000169e-01
-8.843999999999999639e-01
-5.816999999999999948e-01
3.660000000000000059e-02
7.969000000000000528e-01
5.897999999999999909e-01
5.070999999999999952e-01
2.736999999999999988e-01
-3.743000000000000216e-01
4.193000000000000060e-01
-2.504000000000000115e-01
-1.675000000000000100e-01
6.969999999999999807e-02
-4.102999999999999980e-01
6.703999999999999959e-01
-4.751000000000000223e-01
1.496000000000000107e-01
8.770000000000000018e-02
-7.457000000000000295e-01
-4.012000000000000011e-01
7.486000000000000432e-01
5.394999999999999796e-01
9.387999999999999678e-01
-6.491000000000000103e-01
4.082000000000000073e-01
4.340999999999999859e-01
9.516000000000000014e-01
2.374999999999999889e-01
1.189000000000000057e-01
9.439999999999999780e-02
-9.625000000000000222e-01
6.014000000000000457e-01
7.299999999999999822e-01
-7.717000000000000526e-01
-1.418000000000000094e-01
-1.549999999999999989e-01
1.423999999999999988e-01
-9.903999999999999471e-01
5.964000000000000412e-01
-4.383000000000000229e-01
-9.368999999999999551e-01
1.100000000000000066e-03
-2.202999999999999958e-01
-8.031000000000000361e-01
-4.273000000000000131e-01
-1.350000000000000089e-01
-3.578000000000000069e-01
9.840000000000000135e-02
-4.452999999999999736e-01
3.150000000000000022e-02
2.646999999999999909e-01
-7.019999999999999574e-01
7.839000000000000412e-01
-9.270000000000000462e-02
9.875000000000000444e-01
-9.737999999999999989e-01
-1.151999999999999968e-01
3.956999999999999962e-01
5.199000000000000288e-01
9.310000000000000497e-01
-3.183000000000000274e-01
-7.461999999999999744e-01
-7.734999999999999654e-01
-7.649000000000000243e-01
-7.249999999999999778e-01
-3.563000000000000056e-01
3.544999999999999818e-01
4.843999999999999972e-01
1.844999999999999973e-01
-9.796000000000000263e-01
8.495000000000000329e-01
-5.679999999999999494e-01
-5.843000000000000416e-01
-5.973000000000000531e-01
8.449999999999999734e-01
5.708999999999999631e-01
-3.070999999999999841e-01
4.444000000000000172e-01
-6.250000000000000000e-01
1.307000000000000106e-01
7.664999999999999591e-01
-7.550000000000000044e-01
-2.842999999999999972e-01
5.799999999999999600e-03
-1.260000000000000009e-01
2.777000000000000024e-01
7.995999999999999774e-01
7.250999999999999668e-01
4.895999999999999797e-01
5.142999999999999794e-01
7.124000000000000332e-01
-5.432000000000000162e-01
-1.383999999999999952e-01
-8.350000000000000477e-02
-4.675000000000000266e-01
3.027000000000000246e-01
4.130000000000000338e-02
-6.440000000000000169e-01
-7.600000000000000089e-01
1.912999999999999978e-01
-7.688000000000000389e-01
-1.610999999999999932e-01
6.290000000000000036e-01
-2.910000000000000087e-02
4.639999999999999680e-02
-2.630000000000000115e-01
4.077000000000000068e-01
-7.169999999999999984e-02
-4.268000000000000127e-01
9.357999999999999652e-01
-2.129999999999999949e-01
-4.819999999999999979e-02
2.086999999999999966e-01
9.485000000000000098e-01
-3.620999999999999774e-01
-5.380000000000000338e-01
5.603000000000000203e-01
-5.352000000000000091e-01
6.292999999999999705e-01
-9.460000000000000353e-02
3.924000000000000266e-01
3.713000000000000189e-01
3.729000000000000092e-01
6.883000000000000229e-01
7.906999999999999584e-01
7.558000000000000274e-01
-6.363999999999999657e-01
-1.529000000000000081e-01
-2.647999999999999798e-01
-3.024000000000000021e-01
6.062999999999999501e-01
-9.818000000000000060e-01
