7.216000000000000192e-01
4.036000000000000143e-01
-3.780000000000000027e-01
3.719999999999999696e-02
8.067999999999999616e-01
1.283999999999999864e-01
-3.680999999999999828e-01
-2.025000000000000133e-01
2.641000000000000014e-01
6.997999999999999776e-01
-9.631999999999999451e-01
-1.231000000000000011e-01
-7.973999999999999977e-01
-4.426999999999999824e-01
5.425999999999999712e-01
3.860999999999999988e-01
6.809999999999999387e-02
2.500000000000000000e-01
8.859999999999999820e-02
4.062999999999999945e-01
6.914000000000000146e-01
9.840999999999999748e-01
-2.605000000000000093e-01
6.823000000000000176e-01
-4.506000000000000005e-01
-3.901999999999999913e-01
5.248000000000000442e-01
-4.222000000000000197e-01
2.660000000000000142e-01
2.505000000000000004e-01
-7.040999999999999481e-01
-8.262000000000000455e-01
9.387999999999999678e-01
6.447000000000000508e-01
7.910000000000000364e-02
1.118999999999999995e-01
9.563000000000000389e-01
-6.145000000000000462e-01
-8.411999999999999478e-01
4.340000000000000108e-02
-6.700000000000000400e-01
6.190999999999999837e-01
1.504999999999999949e-01
6.615999999999999659e-01
7.731999999999999984e-01
8.353000000000000425e-01
9.539999999999999591e-01
9.868999999999999995e-01
4.887000000000000233e-01
5.341000000000000192e-01
-1.063000000000000056e-01
-5.006000000000000449e-01
-5.526999999999999691e-01
-8.919000000000000261e-01
-3.355000000000000204e-01
-5.505999999999999783e-01
6.334999999999999520e-01
-2.278999999999999915e-01
5.071999999999999842e-01
7.580999999999999961e-01
-6.552999999999999936e-01
-9.408999999999999586e-01
-2.802000000000000046e-01
-6.649000000000000465e-01
6.302999999999999714e-01
2.288999999999999924e-01
-8.905999999999999472e-01
8.555000000000000382e-01
-9.294999999999999929e-01
9.250000000000000444e-01
-6.899999999999999883e-03
-5.647999999999999687e-01
4.395000000000000018e-01
-6.223999999999999533e-01
1.277999999999999969e-01
9.950000000000000511e-02
6.032999999999999474e-01
1.907999999999999974e-01
7.721000000000000085e-01
-8.121000000000000441e-01
-4.535000000000000142e-01
3.491000000000000214e-01
-5.469000000000000528e-01
1.650999999999999968e-01
9.791999999999999593e-01
9.113999999999999879e-01
9.622000000000000552e-01
1.996999999999999886e-01
-1.595999999999999919e-01
1.731000000000000039e-01
9.313000000000000167e-01
-7.047999999999999821e-01
-9.120000000000000329e-02
1.280999999999999917e-01
5.840999999999999526e-01
-7.679999999999999327e-02
-2.520999999999999908e-01
-4.242000000000000215e-01
7.973999999999999977e-01
-5.403999999999999915e-01
3.252999999999999781e-01
8.276999999999999913e-01
-2.746999999999999997e-01
-1.774000000000000021e-01
4.330999999999999850e-01
6.751000000000000334e-01
-4.248999999999999999e-01
4.511000000000000010e-01
8.548999999999999932e-01
-9.927000000000000268e-01
-3.754000000000000115e-01
5.093999999999999639e-01
-3.486000000000000210e-01
-6.458000000000000407e-01
-7.860000000000000320e-01
-1.205999999999999989e-01
-6.823000000000000176e-01
-8.637000000000000233e-01
-2.280999999999999972e-01
2.441000000000000114e-01
4.033999999999999808e-01
9.219000000000000528e-01
-3.294000000000000261e-01
-2.127999999999999892e-01
5.574999999999999956e-01
-2.071999999999999953e-01
6.908999999999999586e-01
3.341999999999999971e-01
-1.100000000000000006e-01
8.719999999999999973e-01
-6.575999999999999623e-01
6.159000000000000030e-01
2.524000000000000132e-01
-4.299999999999999933e-01
-2.319999999999999840e-02
1.277999999999999969e-01
-8.084999999999999964e-01
-9.371000000000000441e-01
-8.275000000000000133e-01
-3.667000000000000259e-01
4.797000000000000153e-01
2.199999999999999872e-02
7.500999999999999890e-01
6.124000000000000554e-01
8.279999999999999583e-01
-8.924999999999999600e-01
-5.435999999999999721e-01
2.368999999999999995e-01
7.687000000000000499e-01
-9.679999999999999716e-02
-3.019999999999999907e-01
-2.509000000000000119e-01
-2.948999999999999955e-01
5.068000000000000282e-01
5.415999999999999703e-01
1.285000000000000031e-01
-3.930000000000000160e-01
2.414000000000000035e-01
5.630000000000000282e-02
5.632000000000000339e-01
-8.282000000000000473e-01
-2.034999999999999865e-01
6.259000000000000119e-01
9.929999999999999938e-01
-1.912000000000000088e-01
1.290000000000000036e-01
8.594000000000000528e-01
4.151000000000000245e-01
-4.057999999999999940e-01
8.923999999999999710e-01
-4.934000000000000052e-01
