-1.487999999999999878e-01
-9.425000000000000044e-01
4.455999999999999961e-01
3.610999999999999766e-01
8.329999999999999905e-02
-7.245000000000000329e-01
-8.820999999999999952e-01
-8.116999999999999771e-01
-2.797000000000000042e-01
2.706000000000000072e-01
1.491999999999999993e-01
-7.227999999999999980e-01
-3.554999999999999827e-01
7.388000000000000123e-01
3.512000000000000122e-01
-6.985000000000000098e-01
-1.197000000000000008e-01
4.284999999999999920e-01
2.978999999999999981e-01
1.146999999999999964e-01
-2.436000000000000110e-01
8.809000000000000163e-01
-5.659999999999999754e-02
5.371000000000000218e-01
7.936999999999999611e-01
-8.666000000000000369e-01
-9.597999999999999865e-01
-6.225000000000000533e-01
-1.770000000000000046e-02
-5.513000000000000123e-01
-3.718000000000000194e-01
-1.978999999999999926e-01
-5.825000000000000178e-01
-3.573999999999999955e-01
-4.974999999999999978e-01
1.700000000000000122e-01
1.408999999999999975e-01
-4.797000000000000153e-01
-1.270999999999999908e-01
7.523999999999999577e-01
-1.935999999999999943e-01
-7.073000000000000398e-01
4.759999999999999787e-01
7.560000000000000053e-02
-6.271999999999999797e-01
-1.820000000000000090e-02
-4.111000000000000210e-01
5.110999999999999988e-01
1.741000000000000048e-01
6.362999999999999767e-01
7.473999999999999533e-01
4.712000000000000077e-01
4.174999999999999822e-01
-9.558999999999999719e-01
-1.401999999999999913e-01
-4.712999999999999967e-01
-8.400000000000000522e-02
-4.050000000000000266e-01
1.834000000000000075e-01
7.539999999999999480e-02
8.071000000000000396e-01
-7.893000000000000016e-01
8.393000000000000460e-01
-1.787999999999999867e-01
-6.370000000000000662e-02
8.060000000000000497e-02
6.618000000000000549e-01
2.899999999999999800e-01
1.267999999999999960e-01
5.928999999999999826e-01
6.566999999999999504e-01
7.147999999999999909e-01
2.310999999999999999e-01
9.659999999999999698e-01
3.582000000000000184e-01
2.580000000000000002e-02
-1.699999999999999905e-03
6.626999999999999558e-01
7.188999999999999835e-01
3.563999999999999946e-01
-6.370000000000000662e-02
2.049999999999999878e-01
-9.582000000000000517e-01
5.070000000000000201e-02
5.231000000000000094e-01
8.001000000000000334e-01
-5.786000000000000032e-01
-7.130000000000000226e-02
-3.857999999999999763e-01
9.812999999999999501e-01
-8.862999999999999767e-01
5.201999999999999957e-01
4.858000000000000096e-01
1.461000000000000076e-01
-6.135000000000000453e-01
6.578000000000000513e-01
6.997999999999999776e-01
-9.680999999999999606e-01
-8.750000000000000000e-01
-4.728999999999999870e-01
5.116000000000000547e-01
-7.773999999999999799e-01
7.459999999999999964e-02
1.403999999999999970e-01
1.769000000000000017e-01
1.565000000000000002e-01
-3.267999999999999794e-01
-3.038000000000000145e-01
8.528999999999999915e-01
-4.736000000000000210e-01
-8.507000000000000117e-01
-4.910999999999999810e-01
-5.993000000000000549e-01
-8.506000000000000227e-01
7.611999999999999877e-01
2.124000000000000055e-01
-5.833000000000000407e-01
-3.281000000000000028e-01
-8.970000000000000195e-02
2.821000000000000174e-01
-1.111999999999999933e-01
9.171000000000000263e-01
-4.395000000000000018e-01
1.696999999999999897e-01
7.400999999999999801e-01
-5.237000000000000544e-01
3.043000000000000149e-01
7.591999999999999860e-01
-9.676000000000000156e-01
-3.482000000000000095e-01
6.161999999999999700e-01
9.074999999999999734e-01
-8.233000000000000318e-01
-7.530000000000000027e-01
9.274000000000000021e-01
7.359999999999999876e-01
-4.764999999999999791e-01
2.968000000000000083e-01
-7.566000000000000503e-01
-9.202000000000000179e-01
5.943000000000000504e-01
-4.225999999999999757e-01
2.565999999999999948e-01
-5.313999999999999835e-01
-9.876000000000000334e-01
-9.379999999999999449e-02
-2.484000000000000097e-01
-7.334000000000000519e-01
-6.690000000000000113e-02
9.654000000000000359e-01
-1.648000000000000020e-01
-5.429000000000000492e-01
-8.152000000000000357e-01
-5.624000000000000110e-01
-4.207000000000000184e-01
2.649000000000000243e-01
9.593000000000000416e-01
9.506000000000000005e-01
4.646000000000000130e-01
3.059999999999999942e-01
3.523999999999999910e-01
-4.568999999999999728e-01
-1.822000000000000008e-01
-8.678000000000000158e-01
7.036000000000000032e-01
-2.109999999999999931e-01
-9.948000000000000176e-01
-2.018999999999999961e-01
6.239999999999999991e-01
8.323000000000000398e-01
5.109999999999999959e-02
