-9.778999999999999915e-01
9.100000000000000311e-01
6.470000000000000195e-01
-7.794999999999999707e-01
-9.947000000000000286e-01
-8.359999999999999654e-01
-9.828000000000000069e-01
-4.514000000000000234e-01
-9.510999999999999455e-01
-9.368999999999999551e-01
6.187000000000000277e-01
3.125999999999999890e-01
-2.518000000000000238e-01
1.322000000000000119e-01
-5.282000000000000028e-01
7.099999999999999367e-02
-2.933000000000000052e-01
-2.887000000000000122e-01
9.354999999999999982e-01
-5.440000000000000391e-01
1.678999999999999937e-01
-5.406999999999999584e-01
-4.649999999999999967e-02
6.853000000000000203e-01
1.082000000000000045e-01
4.495000000000000107e-01
4.100000000000000346e-03
-4.188000000000000056e-01
8.868000000000000327e-01
8.715000000000000524e-01
2.217000000000000082e-01
-6.967999999999999750e-01
2.227000000000000091e-01
8.555000000000000382e-01
-3.124000000000000110e-01
2.921000000000000263e-01
5.125999999999999446e-01
5.540000000000000480e-01
-1.779999999999999916e-01
-9.080000000000000571e-02
5.899999999999999689e-01
1.900999999999999912e-01
2.265000000000000069e-01
1.710000000000000062e-02
1.089999999999999997e-01
3.776999999999999802e-01
-3.962999999999999856e-01
-3.108000000000000207e-01
-5.450000000000000400e-01
-7.925999999999999712e-01
6.958999999999999631e-01
5.040000000000000036e-02
2.886000000000000232e-01
-9.489999999999999825e-02
1.048000000000000043e-01
-6.955000000000000071e-01
4.929999999999999938e-01
-1.928999999999999881e-01
1.129000000000000004e-01
8.202000000000000401e-01
7.240999999999999659e-01
-1.055999999999999994e-01
6.031999999999999584e-01
9.442000000000000393e-01
-5.937000000000000055e-01
1.175999999999999962e-01
-1.142999999999999988e-01
-4.950000000000000233e-02
6.230000000000000121e-02
3.058000000000000163e-01
-9.469999999999999529e-01
4.220999999999999752e-01
4.613999999999999768e-01
6.814999999999999947e-01
5.594000000000000083e-01
8.140000000000000013e-02
3.459999999999999881e-02
8.327999999999999847e-01
-3.400000000000000244e-02
-6.287000000000000366e-01
1.461999999999999966e-01
-2.768999999999999795e-01
4.791000000000000258e-01
-7.302999999999999492e-01
5.659999999999999754e-02
-8.389999999999999680e-01
2.839999999999999747e-01
-1.150000000000000050e-01
4.431999999999999829e-01
-4.955999999999999850e-01
-5.799999999999999600e-03
-9.475000000000000089e-01
-5.544999999999999929e-01
8.558000000000000052e-01
-8.124000000000000110e-01
1.549000000000000099e-01
2.111000000000000099e-01
6.685999999999999721e-01
-6.564999999999999725e-01
5.739999999999999963e-02
5.387999999999999456e-01
-4.304999999999999938e-01
4.431999999999999829e-01
1.796999999999999986e-01
4.637999999999999901e-01
8.873999999999999666e-01
-4.023999999999999799e-01
-7.088999999999999746e-01
9.729999999999999760e-01
-9.916000000000000369e-01
3.250000000000000111e-01
6.816999999999999726e-01
-1.907999999999999974e-01
-9.143999999999999906e-01
-2.157000000000000028e-01
-8.695000000000000506e-01
-4.000000000000000222e-01
6.957999999999999741e-01
3.059999999999999942e-01
-4.587999999999999856e-01
-5.685999999999999943e-01
-6.061999999999999611e-01
-9.092999999999999972e-01
-5.132999999999999785e-01
-9.619999999999999662e-01
-1.948000000000000009e-01
-2.599000000000000199e-01
-7.085000000000000187e-01
-6.320000000000000617e-02
-6.921000000000000485e-01
-5.628999999999999559e-01
2.141000000000000125e-01
-1.149999999999999981e-02
-8.205000000000000071e-01
-8.219999999999999529e-02
-8.913999999999999702e-01
3.391000000000000125e-01
1.607999999999999985e-01
-9.083999999999999853e-01
8.195999999999999952e-01
5.071999999999999842e-01
-3.254000000000000226e-01
4.586000000000000076e-01
-3.688000000000000167e-01
8.927000000000000490e-01
-9.913999999999999480e-01
8.752999999999999670e-01
-6.720000000000000417e-01
-6.308000000000000274e-01
4.700000000000000011e-02
-9.675000000000000266e-01
-9.076999999999999513e-01
3.819999999999999785e-02
-8.809999999999999776e-02
-2.953999999999999959e-01
8.699999999999999400e-02
-3.235000000000000098e-01
3.180000000000000188e-02
3.503000000000000003e-01
1.796999999999999986e-01
5.394999999999999796e-01
-2.343000000000000083e-01
-7.637000000000000455e-01
7.133000000000000451e-01
-8.496000000000000218e-01
-6.391999999999999904e-01
9.671999999999999487e-01
3.957999999999999852e-01
-2.025000000000000133e-01
-9.578999999999999737e-01
5.785000000000000142e-01
