1.504999999999999949e-01
7.824999999999999734e-01
-6.675999999999999712e-01
-2.202000000000000068e-01
-3.432000000000000051e-01
-6.110999999999999766e-01
5.157000000000000473e-01
1.083999999999999964e-01
5.108000000000000318e-01
-5.947999999999999954e-01
-6.006000000000000227e-01
-4.540000000000000285e-02
-7.450999999999999845e-01
-3.774000000000000132e-01
-4.217000000000000193e-01
3.710999999999999854e-01
-5.079000000000000181e-01
6.122999999999999554e-01
-8.286999999999999922e-01
6.440000000000000169e-01
-7.005000000000000115e-01
-9.726000000000000201e-01
6.518000000000000460e-01
6.515999999999999570e-01
-5.415999999999999703e-01
-2.580999999999999961e-01
-7.973000000000000087e-01
-9.053999999999999826e-01
9.133000000000000007e-01
4.388000000000000234e-01
-3.126999999999999780e-01
-5.090999999999999970e-01
-2.752999999999999892e-01
-9.716000000000000192e-01
1.552999999999999936e-01
3.093000000000000194e-01
-7.435000000000000497e-01
2.051999999999999935e-01
-2.679000000000000270e-01
1.160000000000000059e-01
-6.777999999999999581e-01
5.629999999999999449e-01
8.660999999999999810e-01
5.604000000000000092e-01
8.122000000000000330e-01
-7.179999999999999716e-01
2.674000000000000266e-01
-1.938999999999999890e-01
4.000000000000000222e-01
3.506000000000000227e-01
1.859000000000000097e-01
-3.599999999999999867e-01
-4.420000000000000318e-02
-7.610000000000000098e-01
2.997000000000000219e-01
7.940000000000000391e-01
-3.232999999999999763e-01
6.969999999999999529e-01
3.699000000000000066e-01
3.416000000000000147e-01
2.379999999999999893e-01
-2.606999999999999873e-01
1.748000000000000109e-01
7.961000000000000298e-01
2.295999999999999985e-01
8.676000000000000378e-01
8.063000000000000167e-01
8.020000000000000462e-01
-3.356000000000000094e-01
-2.019999999999999921e-02
3.488999999999999879e-01
1.438000000000000111e-01
1.232000000000000040e-01
3.095999999999999863e-01
-8.156999999999999806e-01
-7.955999999999999739e-01
-8.668000000000000149e-01
7.631999999999999895e-01
4.799999999999999822e-01
-7.732999999999999874e-01
2.861000000000000210e-01
3.809000000000000163e-01
-3.309999999999999748e-02
-5.651000000000000467e-01
-9.475000000000000089e-01
1.666999999999999871e-01
-3.617000000000000215e-01
7.376000000000000334e-01
-1.820000000000000090e-02
-6.260000000000000286e-02
-5.132999999999999785e-01
5.541000000000000369e-01
2.376000000000000056e-01
3.199000000000000177e-01
4.462999999999999745e-01
-1.350000000000000089e-01
-2.371999999999999942e-01
-9.784000000000000474e-01
9.730999999999999650e-01
-9.260000000000000453e-01
4.699999999999999734e-01
3.169999999999999901e-02
-3.130000000000000004e-01
-3.663000000000000145e-01
7.190999999999999615e-01
4.108999999999999875e-01
-9.802999999999999492e-01
-8.578999999999999959e-01
7.625999999999999446e-01
2.020000000000000129e-01
-4.232000000000000206e-01
5.927999999999999936e-01
2.117999999999999883e-01
-9.124999999999999778e-01
4.148000000000000020e-01
6.431000000000000050e-01
-2.787999999999999923e-01
6.949999999999999512e-01
-4.904999999999999916e-01
2.711999999999999966e-01
5.516999999999999682e-01
-1.000000000000000000e+00
4.938000000000000167e-01
-1.506000000000000116e-01
1.068000000000000060e-01
8.699000000000000066e-01
1.691999999999999893e-01
-1.418999999999999984e-01
-1.807999999999999885e-01
-7.203000000000000513e-01
8.898000000000000353e-01
-7.231999999999999540e-01
6.278000000000000247e-01
-2.446000000000000119e-01
-3.180000000000000049e-01
9.760999999999999677e-01
-8.556000000000000272e-01
6.955000000000000071e-01
-1.171999999999999986e-01
-9.052999999999999936e-01
2.129999999999999949e-01
-8.000000000000000444e-01
2.101000000000000090e-01
-6.350999999999999979e-01
-8.455000000000000293e-01
-1.506000000000000116e-01
7.330999999999999739e-01
-4.511999999999999900e-01
-5.510000000000000314e-02
-5.550000000000000072e-02
3.109000000000000097e-01
-2.529000000000000137e-01
9.039999999999999425e-02
7.601999999999999869e-01
-2.336999999999999911e-01
5.763000000000000345e-01
-7.141999999999999460e-01
7.197000000000000064e-01
-2.368000000000000105e-01
5.555999999999999828e-01
1.158000000000000002e-01
3.608999999999999986e-01
9.080000000000000571e-02
9.864000000000000545e-01
-6.986999999999999877e-01
-7.631000000000000005e-01
-1.159999999999999920e-02
-3.997999999999999887e-01
-8.609999999999999876e-01
4.934999999999999942e-01
3.039000000000000035e-01
