-3.739000000000000101e-01
-6.644999999999999796e-01
7.122000000000000552e-01
2.205999999999999905e-01
-1.980000000000000163e-02
9.212000000000000188e-01
7.310999999999999721e-01
-3.884000000000000230e-01
5.795000000000000151e-01
-3.502000000000000113e-01
4.742000000000000104e-01
-1.613999999999999879e-01
4.706000000000000183e-01
5.102999999999999758e-01
-9.165999999999999703e-01
-2.960999999999999743e-01
-5.555999999999999828e-01
-3.020999999999999797e-01
4.232000000000000206e-01
-8.377000000000000002e-01
6.078000000000000069e-01
-2.220999999999999919e-01
-1.328000000000000014e-01
-4.081000000000000183e-01
6.945999999999999952e-01
-2.144000000000000072e-01
-1.371999999999999886e-01
8.265000000000000124e-01
4.200000000000000261e-02
9.673000000000000487e-01
-1.030999999999999972e-01
8.874999999999999556e-01
6.599999999999999964e-03
3.736999999999999766e-01
7.498000000000000220e-01
-2.359999999999999945e-02
-7.741000000000000103e-01
8.256999999999999895e-01
7.969999999999999307e-02
-9.179000000000000492e-01
6.881000000000000449e-01
-3.289000000000000257e-01
-5.360000000000000181e-02
3.703000000000000180e-01
7.401999999999999691e-01
-8.357999999999999874e-01
-3.474999999999999756e-01
8.870999999999999996e-01
4.845999999999999752e-01
6.542000000000000037e-01
9.461000000000000520e-01
2.308999999999999941e-01
3.877999999999999781e-01
-2.472000000000000031e-01
-9.486999999999999877e-01
-1.862999999999999934e-01
-5.979999999999999760e-01
6.760000000000000453e-01
-9.859999999999999876e-01
2.736000000000000099e-01
-4.545000000000000151e-01
6.787999999999999590e-01
-7.774999999999999689e-01
3.370000000000000079e-02
5.792000000000000481e-01
-6.997999999999999776e-01
4.951999999999999735e-01
2.074999999999999900e-01
2.351999999999999924e-01
7.057999999999999829e-01
-8.411999999999999478e-01
