1.678000000000000047e-01
-5.463999999999999968e-01
4.435999999999999943e-01
-3.986999999999999988e-01
-5.816000000000000059e-01
-9.760000000000000620e-02
-9.170000000000000373e-02
3.439999999999999725e-01
8.469999999999999751e-01
-3.839000000000000190e-01
-7.560000000000000053e-02
-5.729999999999999538e-01
-1.267000000000000071e-01
-8.084000000000000075e-01
-4.884000000000000008e-01
3.247999999999999776e-01
-4.799999999999999822e-01
5.036000000000000476e-01
3.330000000000000321e-02
-5.068000000000000282e-01
1.711000000000000021e-01
9.781999999999999584e-01
8.105999999999999872e-01
1.127999999999999975e-01
-3.225999999999999979e-01
9.525000000000000133e-01
-2.708999999999999742e-01
2.741999999999999993e-01
9.779999999999999805e-01
1.328999999999999904e-01
-4.747999999999999998e-01
6.740000000000000158e-02
4.349000000000000088e-01
-9.679999999999999716e-01
-6.378000000000000336e-01
2.506999999999999784e-01
-3.114999999999999991e-01
8.606000000000000316e-01
-1.957000000000000128e-01
-1.668000000000000038e-01
3.815000000000000058e-01
-3.803000000000000269e-01
6.985000000000000098e-01
4.993000000000000216e-01
2.622999999999999776e-01
3.202999999999999736e-01
2.457999999999999907e-01
-2.824999999999999734e-01
2.607999999999999763e-01
3.478999999999999870e-01
5.252999999999999892e-01
9.935000000000000497e-01
-6.693000000000000060e-01
5.777999999999999803e-01
9.504000000000000226e-01
5.407999999999999474e-01
9.612000000000000544e-01
2.889999999999999861e-02
-1.841000000000000136e-01
2.579000000000000181e-01
-7.398000000000000131e-01
6.249000000000000110e-01
3.615999999999999770e-01
-9.616000000000000103e-01
5.846999999999999975e-01
6.379999999999999560e-02
-4.611999999999999988e-01
-4.050000000000000128e-02
-6.985000000000000098e-01
-5.778999999999999693e-01
-9.173999999999999932e-01
