-3.549999999999999822e-01
8.061000000000000387e-01
-5.644000000000000128e-01
9.196999999999999620e-01
-3.482999999999999985e-01
-3.956000000000000072e-01
6.467000000000000526e-01
-6.620000000000000329e-01
-4.235999999999999766e-01
-6.195000000000000506e-01
1.945000000000000062e-01
7.996999999999999664e-01
4.354000000000000092e-01
-1.834000000000000075e-01
7.684999999999999609e-01
8.372000000000000552e-01
-5.965000000000000302e-01
8.990000000000000213e-01
8.236999999999999877e-01
8.441999999999999504e-01
-8.139999999999999458e-01
3.245999999999999996e-01
9.099000000000000421e-01
-7.340000000000000691e-02
-9.031000000000000139e-01
-6.663000000000000034e-01
-5.144999999999999574e-01
-5.510000000000000453e-01
-1.791999999999999982e-01
-3.548999999999999932e-01
-9.919999999999999651e-02
-7.979000000000000536e-01
-2.797999999999999932e-01
8.943999999999999728e-01
-5.199999999999999761e-02
-8.179999999999999494e-01
9.738999999999999879e-01
-2.172999999999999932e-01
9.181000000000000272e-01
-3.699000000000000066e-01
-4.000000000000000192e-04
-2.803999999999999826e-01
4.865999999999999770e-01
6.634999999999999787e-01
4.275999999999999801e-01
-3.115999999999999881e-01
-6.824999999999999956e-01
-2.494999999999999996e-01
-3.418999999999999817e-01
1.959999999999999937e-02
-2.510000000000000078e-02
1.373999999999999944e-01
4.875999999999999779e-01
7.338000000000000078e-01
3.251999999999999891e-01
-3.415000000000000258e-01
-7.319999999999999840e-01
-3.670999999999999819e-01
5.628999999999999559e-01
4.020000000000000240e-01
3.490000000000000047e-02
1.204999999999999960e-01
8.071000000000000396e-01
9.706000000000000183e-01
-5.916000000000000147e-01
3.175000000000000044e-01
9.153000000000000025e-01
4.732999999999999985e-01
1.060000000000000005e-02
6.644999999999999796e-01
6.321999999999999842e-01
