-7.213000000000000522e-01
-5.282999999999999918e-01
-8.286999999999999922e-01
1.149999999999999981e-02
2.096000000000000085e-01
5.068000000000000282e-01
2.580999999999999961e-01
1.622000000000000108e-01
6.464999999999999636e-01
6.040000000000000230e-02
-6.306000000000000494e-01
2.757999999999999896e-01
-8.024999999999999911e-01
2.011999999999999900e-01
2.510000000000000078e-02
-3.775000000000000022e-01
-9.929999999999999938e-02
3.146999999999999797e-01
-9.789999999999999813e-01
6.158000000000000140e-01
-2.416000000000000092e-01
-4.373000000000000220e-01
-6.068999999999999950e-01
-8.194000000000000172e-01
4.954999999999999960e-01
-9.592000000000000526e-01
8.434000000000000385e-01
7.379999999999999893e-01
5.007000000000000339e-01
-8.649999999999999356e-02
-4.119999999999999774e-01
-9.811999999999999611e-01
8.514000000000000457e-01
8.185999999999999943e-01
1.776999999999999968e-01
-3.669999999999999929e-01
-9.302000000000000268e-01
7.778000000000000469e-01
-3.447000000000000064e-01
-8.356000000000000094e-01
8.547000000000000153e-01
-7.610999999999999988e-01
-1.575000000000000011e-01
-4.164999999999999813e-01
-9.520999999999999464e-01
2.310999999999999999e-01
9.348999999999999533e-01
8.319999999999999618e-01
-8.411999999999999478e-01
6.844999999999999973e-01
-3.256999999999999895e-01
8.079999999999999682e-02
-3.088000000000000189e-01
5.310000000000000137e-02
1.250000000000000000e-01
5.654000000000000137e-01
2.669000000000000261e-01
-8.548999999999999932e-01
5.587999999999999634e-01
-1.619999999999999912e-02
2.790000000000000119e-02
2.772999999999999909e-01
-9.129000000000000448e-01
-6.776999999999999691e-01
5.221000000000000085e-01
8.759000000000000119e-01
1.809999999999999942e-01
-4.606999999999999984e-01
6.650000000000000355e-01
2.470999999999999863e-01
-5.000000000000000000e-01
