4.218000000000000083e-01
-4.262000000000000233e-01
-3.028000000000000136e-01
6.532999999999999918e-01
9.058000000000000496e-01
-8.084000000000000075e-01
-7.579000000000000181e-01
-9.630999999999999561e-01
-8.633999999999999453e-01
6.065000000000000391e-01
-2.706999999999999962e-01
-4.815999999999999726e-01
8.760000000000000009e-01
-1.826000000000000123e-01
-3.311999999999999944e-01
4.798000000000000043e-01
1.943000000000000005e-01
-4.922000000000000264e-01
-1.297000000000000097e-01
8.050000000000000488e-01
3.570000000000000256e-02
-4.027999999999999914e-01
9.706000000000000183e-01
6.359000000000000208e-01
-4.880999999999999783e-01
-1.721000000000000030e-01
6.559000000000000385e-01
4.469000000000000195e-01
9.084999999999999742e-01
-2.005000000000000115e-01
7.365000000000000435e-01
3.978999999999999759e-01
-3.654999999999999916e-01
6.354999999999999538e-01
-4.801000000000000267e-01
7.438000000000000167e-01
4.719999999999999751e-01
1.809000000000000052e-01
7.000000000000000666e-02
3.119999999999999996e-01
-5.894000000000000350e-01
-6.635999999999999677e-01
-7.950000000000000122e-02
4.335999999999999854e-01
3.090999999999999859e-01
-4.098999999999999866e-01
-6.768999999999999462e-01
-6.179999999999999938e-01
-8.105999999999999872e-01
6.653000000000000025e-01
1.801999999999999991e-01
3.729999999999999982e-01
-7.695999999999999508e-01
4.070000000000000007e-02
3.299000000000000266e-01
-8.501999999999999558e-01
1.068000000000000060e-01
4.279000000000000026e-01
-8.254000000000000226e-01
2.406999999999999973e-01
7.997999999999999554e-01
2.076000000000000068e-01
6.905000000000000027e-01
7.842999999999999972e-01
8.949000000000000288e-01
-8.595000000000000417e-01
-8.446000000000000174e-01
3.363999999999999768e-01
1.499999999999999944e-01
-3.331999999999999962e-01
6.582999999999999963e-01
