-3.820999999999999952e-01
-5.591000000000000414e-01
9.991999999999999771e-01
6.361999999999999877e-01
4.259999999999999898e-01
8.277999999999999803e-01
5.990000000000000185e-02
-8.188999999999999613e-01
9.921999999999999709e-01
-6.828999999999999515e-01
-1.700000000000000122e-01
-4.103999999999999870e-01
-8.346000000000000085e-01
6.883000000000000229e-01
-5.905000000000000249e-01
3.289999999999999869e-02
-8.720999999999999863e-01
1.333999999999999908e-01
4.215999999999999748e-01
-2.197000000000000064e-01
9.543000000000000371e-01
4.965999999999999859e-01
4.809999999999999831e-01
-1.280999999999999917e-01
-8.205999999999999961e-01
2.647999999999999798e-01
8.899999999999999578e-02
5.400000000000000286e-03
4.600000000000000200e-01
4.966999999999999749e-01
-9.120000000000000329e-02
-4.688999999999999835e-01
8.659000000000000030e-01
-7.770000000000000517e-02
9.519999999999999574e-01
-2.361999999999999933e-01
-4.142000000000000126e-01
1.297999999999999987e-01
-4.700000000000000011e-02
-4.840999999999999748e-01
-1.507000000000000006e-01
8.021000000000000352e-01
3.180000000000000188e-02
4.481999999999999873e-01
7.403999999999999471e-01
-4.006000000000000116e-01
-5.023999999999999577e-01
6.114000000000000545e-01
-4.096000000000000196e-01
-4.143999999999999906e-01
3.059000000000000052e-01
-9.563000000000000389e-01
3.901999999999999913e-01
-4.549000000000000266e-01
6.953000000000000291e-01
1.719999999999999862e-01
-4.514000000000000234e-01
9.081000000000000183e-01
9.465000000000000080e-01
-4.727999999999999980e-01
9.798000000000000043e-01
2.273000000000000020e-01
2.439000000000000057e-01
1.131000000000000061e-01
-6.471999999999999975e-01
-7.548000000000000265e-01
3.580999999999999739e-01
5.967999999999999972e-01
5.009999999999999870e-02
5.554999999999999938e-01
6.182999999999999607e-01
