-9.744000000000000439e-01
-2.726000000000000090e-01
-7.359999999999999876e-01
-2.020000000000000129e-01
4.542999999999999816e-01
3.806999999999999829e-01
1.300999999999999934e-01
-6.193999999999999506e-01
-1.185999999999999971e-01
6.999999999999999556e-01
8.433000000000000496e-01
5.550000000000000072e-02
1.799000000000000044e-01
-3.619999999999999885e-01
9.402000000000000357e-01
7.389999999999999347e-02
7.638000000000000345e-01
3.511000000000000232e-01
1.039999999999999952e-02
2.626999999999999891e-01
-8.794999999999999485e-01
7.560000000000000053e-02
-7.748000000000000442e-01
-1.292000000000000093e-01
1.449000000000000010e-01
-4.649999999999999967e-02
-8.786000000000000476e-01
5.040000000000000036e-01
9.970999999999999863e-01
-8.859999999999999820e-02
6.690000000000000391e-01
-9.382000000000000339e-01
-9.887000000000000233e-01
-5.755000000000000115e-01
-1.190999999999999975e-01
-4.138000000000000012e-01
7.413999999999999480e-01
-9.989000000000000101e-01
7.911000000000000254e-01
4.655000000000000249e-01
1.912000000000000088e-01
-2.084999999999999909e-01
-2.933000000000000052e-01
5.411000000000000254e-01
8.425000000000000266e-01
-6.589000000000000412e-01
2.063000000000000111e-01
-8.213000000000000300e-01
-1.716999999999999915e-01
1.847000000000000031e-01
-6.796999999999999709e-01
1.766000000000000070e-01
-8.487000000000000099e-01
1.799999999999999933e-01
-8.250000000000000389e-02
-8.638000000000000123e-01
6.119999999999999885e-01
-5.314999999999999725e-01
-3.991000000000000103e-01
5.292000000000000037e-01
7.200999999999999623e-01
7.135000000000000231e-01
5.738999999999999657e-01
-6.201999999999999735e-01
-2.546999999999999820e-01
-4.663999999999999813e-01
3.718000000000000194e-01
-3.341000000000000081e-01
6.560000000000000553e-02
5.440000000000000391e-01
-4.243000000000000105e-01
