3.271000000000000019e-01
-2.401999999999999968e-01
8.873999999999999666e-01
-7.916999999999999593e-01
7.562999999999999723e-01
-3.304000000000000270e-01
8.013000000000000123e-01
-6.532000000000000028e-01
1.663000000000000034e-01
9.913999999999999480e-01
9.616000000000000103e-01
-9.009000000000000341e-01
3.856999999999999873e-01
1.736000000000000043e-01
5.240000000000000213e-01
9.886000000000000343e-01
2.829999999999999738e-01
-7.825999999999999623e-01
-6.363999999999999657e-01
3.277999999999999803e-01
-5.125999999999999446e-01
5.530000000000000471e-01
7.574999999999999512e-01
5.670000000000000040e-02
4.107999999999999985e-01
8.151000000000000467e-01
4.279999999999999777e-02
-3.538999999999999924e-01
2.426000000000000101e-01
5.778999999999999693e-01
-3.786999999999999811e-01
3.015999999999999792e-01
-9.110000000000000042e-02
-4.429000000000000159e-01
-2.796000000000000152e-01
-5.701000000000000512e-01
-8.659999999999999643e-02
-2.748999999999999777e-01
-4.247000000000000219e-01
-8.425000000000000266e-01
2.560000000000000053e-01
-2.381999999999999951e-01
4.622999999999999887e-01
3.079999999999999960e-01
-4.260999999999999788e-01
-9.426999999999999824e-01
1.078000000000000069e-01
8.618000000000000105e-01
-1.486000000000000099e-01
-1.370000000000000107e-01
-4.566999999999999948e-01
-6.489999999999999936e-02
-8.064999999999999947e-01
1.723000000000000087e-01
-6.102999999999999536e-01
-8.150000000000000300e-02
-9.333000000000000185e-01
2.338999999999999968e-01
-2.280999999999999972e-01
4.102000000000000091e-01
8.387000000000000011e-01
-4.329000000000000070e-01
3.765999999999999903e-01
1.140000000000000041e-02
-7.013000000000000345e-01
-7.317000000000000171e-01
-7.623999999999999666e-01
2.494999999999999996e-01
-2.882000000000000117e-01
9.343000000000000194e-01
2.086999999999999966e-01
