2.023999999999999966e-01
-8.258999999999999675e-01
-5.400000000000000286e-03
3.679999999999999938e-02
6.844000000000000083e-01
-7.150999999999999579e-01
7.169999999999999984e-02
-1.464000000000000024e-01
-7.249999999999999778e-01
-2.802000000000000046e-01
-7.772000000000000020e-01
-2.124999999999999944e-01
-7.577000000000000401e-01
8.822999999999999732e-01
5.978999999999999870e-01
7.589999999999999525e-02
9.860999999999999766e-01
-1.132999999999999979e-01
-1.073999999999999955e-01
-2.129999999999999949e-01
7.216000000000000192e-01
9.377999999999999670e-01
-8.590000000000000413e-02
8.254000000000000226e-01
-4.061000000000000165e-01
9.130000000000000338e-01
1.688999999999999946e-01
9.826000000000000290e-01
-6.261999999999999789e-01
-4.150000000000000216e-02
8.630000000000000171e-02
8.569999999999999840e-02
-4.939999999999999947e-01
8.769000000000000128e-01
-6.962000000000000410e-01
5.160000000000000003e-02
3.654000000000000026e-01
-8.314000000000000279e-01
-8.437999999999999945e-01
-9.520999999999999464e-01
-3.125999999999999890e-01
8.812999999999999723e-01
4.870000000000000023e-02
5.300000000000000266e-01
-9.143999999999999906e-01
9.677999999999999936e-01
-4.346999999999999753e-01
2.034999999999999865e-01
-1.220000000000000077e-02
-6.131999999999999673e-01
-6.673999999999999932e-01
1.125000000000000028e-01
5.759999999999999842e-02
7.161999999999999478e-01
1.915999999999999925e-01
9.307999999999999607e-01
4.812000000000000166e-01
7.838000000000000522e-01
-7.836999999999999522e-01
-3.811999999999999833e-01
-6.329999999999999516e-02
-5.874000000000000332e-01
3.034000000000000030e-01
-1.233999999999999958e-01
4.902000000000000246e-01
3.786999999999999811e-01
3.688000000000000167e-01
-2.901000000000000245e-01
6.420000000000000151e-01
1.403000000000000080e-01
2.868999999999999884e-01
