-8.001000000000000334e-01
-9.832999999999999519e-01
-5.452000000000000179e-01
8.817000000000000393e-01
-8.697000000000000286e-01
7.301999999999999602e-01
-1.547999999999999932e-01
6.802000000000000268e-01
6.824000000000000066e-01
-6.844000000000000083e-01
6.357000000000000428e-01
6.278000000000000247e-01
-3.667000000000000259e-01
-9.396999999999999797e-01
-8.867000000000000437e-01
1.980000000000000163e-02
-7.826999999999999513e-01
2.731000000000000094e-01
7.844999999999999751e-01
2.595000000000000084e-01
-6.533999999999999808e-01
9.658999999999999808e-01
-7.266000000000000236e-01
8.156999999999999806e-01
-1.827000000000000013e-01
7.619000000000000217e-01
2.862000000000000099e-01
-4.067999999999999949e-01
9.090000000000000302e-01
8.471999999999999531e-01
1.542999999999999927e-01
-6.379000000000000226e-01
-9.375000000000000000e-01
7.799000000000000377e-01
5.645000000000000018e-01
5.946000000000000174e-01
9.935000000000000497e-01
-2.819999999999999729e-01
6.753000000000000114e-01
-9.144999999999999796e-01
-8.379999999999999949e-02
-4.694999999999999729e-01
-1.739999999999999880e-02
-1.379999999999999977e-02
-8.386000000000000121e-01
1.323000000000000009e-01
2.917000000000000148e-01
1.895999999999999908e-01
-4.954000000000000070e-01
-4.299999999999999933e-01
-5.499999999999999681e-03
1.287999999999999978e-01
4.800000000000000100e-02
1.794999999999999929e-01
7.651999999999999913e-01
5.664000000000000146e-01
1.547999999999999932e-01
1.323999999999999899e-01
4.470000000000000084e-01
3.673000000000000154e-01
-8.383000000000000451e-01
-2.984999999999999876e-01
-3.074000000000000066e-01
-3.119999999999999857e-02
5.655000000000000027e-01
-8.832999999999999741e-01
8.477999999999999980e-01
3.257999999999999785e-01
-9.445999999999999952e-01
-1.529999999999999936e-02
-8.277999999999999803e-01
