-5.080999999999999961e-01
-1.340999999999999970e-01
-7.973999999999999977e-01
5.032999999999999696e-01
-2.602999999999999758e-01
2.446000000000000119e-01
-5.997000000000000108e-01
-9.078000000000000513e-01
-4.149999999999999800e-01
-5.510000000000000453e-01
6.124000000000000554e-01
5.957999999999999963e-01
-1.517999999999999905e-01
7.304000000000000492e-01
-9.602000000000000535e-01
9.076999999999999513e-01
5.958999999999999853e-01
-1.058000000000000052e-01
5.270000000000000240e-01
2.379999999999999893e-01
-6.842000000000000304e-01
-7.751000000000000112e-01
-7.122000000000000552e-01
6.727999999999999536e-01
-4.683999999999999830e-01
-7.759000000000000341e-01
-7.468000000000000194e-01
3.906000000000000028e-01
3.042000000000000259e-01
5.243999999999999773e-01
-6.745999999999999774e-01
3.801999999999999824e-01
-6.927999999999999714e-01
2.058000000000000107e-01
9.966000000000000414e-01
-8.991000000000000103e-01
5.542000000000000259e-01
-4.562999999999999834e-01
-4.656000000000000139e-01
8.722999999999999643e-01
8.500000000000000611e-03
8.745000000000000551e-01
6.127000000000000224e-01
-3.799999999999999906e-02
8.663999999999999480e-01
4.043999999999999817e-01
-5.726999999999999869e-01
-1.940000000000000058e-01
-5.837999999999999856e-01
5.804000000000000270e-01
-2.757000000000000006e-01
7.203000000000000513e-01
-9.182000000000000162e-01
-3.291000000000000036e-01
-6.243999999999999551e-01
5.926000000000000156e-01
4.193000000000000060e-01
4.522999999999999798e-01
-1.149999999999999981e-02
-9.179000000000000492e-01
8.889000000000000234e-01
8.706000000000000405e-01
-8.699999999999999956e-01
-3.363999999999999768e-01
8.811999999999999833e-01
3.789000000000000146e-01
9.086999999999999522e-01
-9.562000000000000499e-01
-2.621999999999999886e-01
-6.090999999999999748e-01
7.719000000000000306e-01
4.830000000000000265e-02
-9.510000000000000397e-02
1.243999999999999967e-01
-7.035000000000000142e-01
-8.133000000000000229e-01
1.971999999999999864e-01
3.781999999999999806e-01
5.319000000000000394e-01
9.878000000000000114e-01
1.299999999999999940e-02
-6.008000000000000007e-01
2.293000000000000038e-01
-7.769000000000000350e-01
5.067000000000000393e-01
7.550999999999999934e-01
8.012000000000000233e-01
4.149999999999999800e-01
8.687000000000000277e-01
-4.254000000000000004e-01
-1.670999999999999985e-01
-4.279999999999999777e-02
-5.224999999999999645e-01
-5.425999999999999712e-01
-5.194999999999999618e-01
-7.438000000000000167e-01
5.109999999999999959e-02
-6.821000000000000396e-01
-5.130000000000000115e-01
7.386000000000000343e-01
