1.741000000000000048e-01
8.973999999999999755e-01
-9.669999999999999429e-02
-8.782999999999999696e-01
-3.815000000000000058e-01
8.429999999999999716e-01
9.466999999999999860e-01
-4.596999999999999975e-01
2.806000000000000161e-01
-4.274000000000000021e-01
9.887000000000000233e-01
-1.761000000000000065e-01
1.200999999999999984e-01
-7.761000000000000121e-01
-7.855999999999999650e-01
8.050000000000000211e-02
-3.795999999999999930e-01
9.180000000000000382e-01
-9.558999999999999719e-01
-3.052000000000000268e-01
-4.969999999999999973e-01
-9.399999999999999467e-01
-3.829000000000000181e-01
6.370000000000000662e-02
-2.409999999999999920e-01
-3.477999999999999980e-01
-3.876000000000000001e-01
7.246000000000000218e-01
7.145000000000000240e-01
2.235999999999999932e-01
4.924999999999999933e-01
1.925000000000000044e-01
-4.887000000000000233e-01
4.102000000000000091e-01
-1.174000000000000044e-01
2.218999999999999861e-01
8.427999999999999936e-01
-1.161999999999999977e-01
-5.452000000000000179e-01
8.789000000000000146e-01
-9.378999999999999559e-01
-6.727999999999999536e-01
5.116000000000000547e-01
-7.215000000000000302e-01
4.012000000000000011e-01
6.700000000000000400e-02
9.523000000000000353e-01
1.008000000000000007e-01
-7.274000000000000465e-01
-1.020999999999999963e-01
3.599999999999999867e-01
-1.290000000000000036e-01
-6.772000000000000242e-01
9.061000000000000165e-01
9.210000000000000131e-02
7.109999999999999654e-01
-7.552999999999999714e-01
1.570999999999999897e-01
-1.550999999999999879e-01
6.149000000000000021e-01
-9.099000000000000421e-01
-2.346000000000000030e-01
4.792000000000000148e-01
6.437000000000000499e-01
5.977999999999999980e-01
2.388000000000000123e-01
7.359999999999999876e-02
7.838000000000000522e-01
9.337999999999999634e-01
7.390999999999999792e-01
-8.615000000000000435e-01
4.991999999999999771e-01
3.729000000000000092e-01
5.991999999999999549e-01
8.980000000000000204e-01
-3.380000000000000226e-01
3.497999999999999998e-01
4.858999999999999986e-01
-5.959999999999999742e-01
-2.728999999999999759e-01
-5.424999999999999822e-01
-4.959999999999999964e-01
-4.643999999999999795e-01
4.485999999999999988e-01
5.815000000000000169e-01
4.057000000000000051e-01
6.469999999999999363e-02
-8.229999999999999816e-02
9.140000000000000346e-01
9.225999999999999757e-01
9.155999999999999694e-01
1.426999999999999935e-01
-6.065000000000000391e-01
-1.448000000000000120e-01
1.466999999999999971e-01
-6.260000000000000286e-02
1.535999999999999865e-01
1.444999999999999896e-01
-1.069999999999999944e-02
5.069000000000000172e-01
