5.734000000000000208e-01
8.757000000000000339e-01
-7.637000000000000455e-01
3.196999999999999842e-01
5.625999999999999890e-01
6.501000000000000112e-01
8.847000000000000419e-01
-9.629999999999999671e-01
-3.179000000000000159e-01
-5.406999999999999584e-01
1.454000000000000015e-01
-2.799999999999999972e-03
3.139000000000000123e-01
-6.519999999999999407e-02
1.121000000000000052e-01
4.910999999999999810e-01
-8.669999999999999929e-02
3.073000000000000176e-01
-4.228999999999999981e-01
-5.823000000000000398e-01
-2.777000000000000024e-01
8.743999999999999551e-01
7.594999999999999529e-01
4.467999999999999750e-01
8.991000000000000103e-01
-3.830000000000000071e-01
-1.350000000000000089e-01
8.405000000000000249e-01
1.706999999999999906e-01
4.321999999999999731e-01
8.660999999999999810e-01
6.644999999999999796e-01
1.895999999999999908e-01
4.339000000000000079e-01
-7.389000000000000012e-01
-4.233999999999999986e-01
6.443999999999999728e-01
-2.525000000000000022e-01
-3.271999999999999909e-01
5.060999999999999943e-01
8.309999999999999332e-02
-1.602999999999999980e-01
4.531999999999999917e-01
4.946999999999999731e-01
-1.637000000000000122e-01
8.083000000000000185e-01
-5.750999999999999446e-01
5.855000000000000204e-01
3.219000000000000195e-01
-6.509000000000000341e-01
-4.544000000000000261e-01
-4.728999999999999870e-01
-8.312000000000000499e-01
5.377999999999999448e-01
-1.484999999999999931e-01
2.600999999999999979e-01
4.042000000000000037e-01
-7.899000000000000465e-01
7.972000000000000197e-01
-3.600999999999999757e-01
6.961000000000000520e-01
-4.918000000000000149e-01
-9.750999999999999668e-01
7.376000000000000334e-01
7.820000000000000562e-02
-4.109999999999999765e-02
-1.360999999999999988e-01
9.129000000000000448e-01
-5.300000000000000266e-01
1.310000000000000053e-02
7.282999999999999474e-01
2.702999999999999847e-01
-9.023999999999999799e-01
2.212000000000000077e-01
-6.419000000000000261e-01
-6.350000000000000089e-01
9.932999999999999607e-01
-8.199999999999999512e-01
-6.488000000000000433e-01
-2.358000000000000096e-01
-4.716000000000000192e-01
-3.794000000000000150e-01
4.496999999999999886e-01
4.986999999999999766e-01
4.329000000000000070e-01
-9.233999999999999986e-01
3.474999999999999756e-01
-4.101000000000000201e-01
-2.985999999999999766e-01
-9.590999999999999526e-01
-7.789000000000000368e-01
-4.137000000000000122e-01
9.349999999999999978e-02
-2.802999999999999936e-01
9.439999999999999503e-01
8.275000000000000133e-01
1.439999999999999891e-01
2.656000000000000028e-01
-9.907000000000000250e-01
-4.625000000000000222e-01
