-5.520000000000000462e-01
3.635999999999999788e-01
9.698999999999999844e-01
4.028999999999999804e-01
-5.832000000000000517e-01
9.191000000000000281e-01
8.695000000000000506e-01
2.131000000000000116e-01
-9.532000000000000473e-01
7.039999999999999591e-01
5.080999999999999961e-01
-2.762000000000000011e-01
-2.753999999999999782e-01
-6.515999999999999570e-01
3.408999999999999808e-01
5.792000000000000481e-01
-9.776000000000000245e-01
-1.948999999999999899e-01
7.362999999999999545e-01
2.824999999999999734e-01
-7.169999999999999984e-02
6.443999999999999728e-01
-6.369000000000000217e-01
-4.603999999999999759e-01
8.047999999999999599e-01
-8.409999999999999420e-02
4.889999999999999902e-02
-5.874000000000000332e-01
1.831000000000000127e-01
-8.196999999999999842e-01
-9.294999999999999929e-01
7.213000000000000522e-01
8.367999999999999883e-01
-9.065999999999999615e-01
2.084999999999999909e-01
-2.104999999999999927e-01
-2.064000000000000001e-01
-7.668000000000000371e-01
1.842999999999999916e-01
6.129999999999999893e-01
-2.599999999999999881e-03
4.601999999999999980e-01
4.904000000000000026e-01
8.618999999999999995e-01
9.129000000000000448e-01
9.080000000000000293e-01
-3.839000000000000190e-01
-6.845999999999999863e-01
-9.092000000000000082e-01
-2.894999999999999796e-01
-4.678999999999999826e-01
6.110999999999999766e-01
4.638999999999999790e-01
2.079000000000000015e-01
8.521999999999999575e-01
-7.830000000000000293e-01
8.139999999999999458e-01
3.503000000000000003e-01
-9.153000000000000025e-01
5.469999999999999862e-02
-6.899999999999999467e-01
4.477999999999999758e-01
2.824999999999999734e-01
-5.018000000000000238e-01
-4.128999999999999893e-01
-8.526000000000000245e-01
1.913999999999999868e-01
-1.006999999999999978e-01
1.948999999999999899e-01
2.718999999999999750e-01
-9.708999999999999853e-01
-9.747000000000000108e-01
6.272999999999999687e-01
-6.085000000000000409e-01
-2.933999999999999941e-01
4.566999999999999948e-01
-5.857999999999999874e-01
2.291999999999999871e-01
7.319999999999999840e-01
-6.868999999999999551e-01
4.456999999999999851e-01
4.560000000000000164e-01
5.514000000000000012e-01
-2.549999999999999836e-02
9.700999999999999623e-01
-2.952000000000000179e-01
-3.457999999999999963e-01
-3.901999999999999913e-01
-7.500999999999999890e-01
-9.110000000000000042e-02
-9.375000000000000000e-01
-8.034999999999999920e-01
-1.035999999999999976e-01
3.007000000000000228e-01
5.941999999999999504e-01
-4.859999999999999876e-01
4.323000000000000176e-01
-1.519000000000000072e-01
-2.247000000000000108e-01
4.321999999999999731e-01
