-7.934999999999999831e-01
-8.409999999999999698e-01
8.337999999999999856e-01
-1.453000000000000125e-01
8.899000000000000243e-01
5.177000000000000490e-01
4.077000000000000068e-01
-7.764999999999999680e-01
-3.429999999999999716e-02
-2.121999999999999997e-01
-5.527999999999999581e-01
2.366999999999999937e-01
9.978000000000000203e-01
2.670000000000000151e-02
-8.749000000000000110e-01
-5.435999999999999721e-01
5.274999999999999689e-01
-6.868999999999999551e-01
-4.501000000000000001e-01
-2.278000000000000025e-01
5.403000000000000025e-01
9.510000000000000397e-02
8.359999999999999376e-02
3.793000000000000260e-01
2.988999999999999990e-01
-1.170999999999999958e-01
-2.089000000000000024e-01
-7.038999999999999702e-01
-5.011999999999999789e-01
3.725999999999999868e-01
8.709000000000000075e-01
5.987999999999999989e-01
3.020000000000000115e-02
-4.753000000000000003e-01
8.847000000000000419e-01
-3.554999999999999827e-01
-9.676000000000000156e-01
-5.079000000000000181e-01
7.911000000000000254e-01
2.001000000000000001e-01
3.047000000000000264e-01
7.088999999999999746e-01
-9.264999999999999902e-01
-5.765000000000000124e-01
-1.330999999999999961e-01
6.146000000000000352e-01
5.413000000000000034e-01
3.204000000000000181e-01
7.227000000000000091e-01
4.470000000000000084e-01
3.153000000000000247e-01
-4.529000000000000248e-01
5.011999999999999789e-01
-6.419000000000000261e-01
2.441000000000000114e-01
-9.266999999999999682e-01
-2.696000000000000063e-01
-4.356999999999999762e-01
7.199999999999999803e-03
-1.073999999999999955e-01
-2.040000000000000147e-02
2.212000000000000077e-01
5.981999999999999540e-01
9.639999999999999958e-02
-9.562000000000000499e-01
3.479999999999999760e-02
1.264000000000000123e-01
3.356000000000000094e-01
2.587999999999999745e-01
9.558999999999999719e-01
-1.386000000000000010e-01
-6.619000000000000439e-01
-4.051000000000000156e-01
-5.997999999999999998e-01
2.586999999999999855e-01
6.868999999999999551e-01
6.759999999999999343e-02
-9.695000000000000284e-01
1.927999999999999992e-01
-7.389000000000000012e-01
-2.757000000000000006e-01
-2.021999999999999909e-01
-8.279999999999999860e-02
8.277999999999999803e-01
-7.064000000000000279e-01
1.865999999999999881e-01
7.596000000000000529e-01
2.358000000000000096e-01
8.526000000000000245e-01
1.337000000000000133e-01
5.373999999999999888e-01
-5.432000000000000162e-01
-8.810000000000000053e-01
7.976999999999999647e-01
1.829000000000000070e-01
-5.245999999999999552e-01
4.428000000000000269e-01
-4.394000000000000128e-01
6.671000000000000263e-01
-5.537999999999999590e-01
