3.277999999999999803e-01
2.556999999999999829e-01
-6.239999999999999714e-02
-6.663000000000000034e-01
7.532999999999999696e-01
2.331999999999999906e-01
-8.164000000000000146e-01
-7.357000000000000206e-01
-9.276999999999999691e-01
-7.492999999999999661e-01
-1.738000000000000100e-01
6.971000000000000529e-01
-8.828000000000000291e-01
-2.778999999999999804e-01
-9.233999999999999986e-01
4.680000000000000271e-01
2.778999999999999804e-01
8.518000000000000016e-01
-2.127999999999999892e-01
6.616999999999999549e-01
-7.016999999999999904e-01
-1.635000000000000064e-01
4.961999999999999744e-01
1.837000000000000022e-01
2.906000000000000250e-01
-3.339999999999999913e-02
9.865000000000000435e-01
-1.761000000000000065e-01
-5.559999999999999665e-02
-1.741000000000000048e-01
5.283999999999999808e-01
-8.578999999999999959e-01
4.076000000000000179e-01
7.707000000000000517e-01
6.439999999999999891e-02
3.060999999999999832e-01
-8.119999999999999440e-02
-3.295000000000000151e-01
6.549000000000000377e-01
-5.360000000000000181e-02
5.224999999999999645e-01
6.152999999999999581e-01
-2.202999999999999958e-01
-6.480000000000000204e-01
8.924999999999999600e-01
-3.430000000000000271e-01
3.638000000000000123e-01
9.166999999999999593e-01
-1.237000000000000044e-01
-7.236000000000000210e-01
6.893000000000000238e-01
3.715999999999999859e-01
-2.411999999999999977e-01
7.689999999999999614e-02
-1.053000000000000047e-01
-9.232000000000000206e-01
-3.079000000000000070e-01
-3.446000000000000174e-01
-8.999999999999999754e-04
5.951999999999999513e-01
-1.208999999999999936e-01
6.972000000000000419e-01
1.670999999999999985e-01
3.811999999999999833e-01
5.635999999999999899e-01
-4.868000000000000105e-01
-1.917999999999999983e-01
-2.901000000000000245e-01
-7.376000000000000334e-01
-9.879000000000000004e-01
9.092000000000000082e-01
1.130000000000000032e-01
6.149000000000000021e-01
-3.844000000000000195e-01
5.189000000000000279e-01
8.285000000000000142e-01
-4.172000000000000153e-01
3.409999999999999837e-02
8.532999999999999474e-01
5.915000000000000258e-01
5.785000000000000142e-01
2.740000000000000074e-02
5.966000000000000192e-01
-7.400000000000000328e-03
4.961999999999999744e-01
2.920000000000000026e-02
1.302999999999999992e-01
-5.070999999999999952e-01
2.494000000000000106e-01
-7.447000000000000286e-01
9.311000000000000387e-01
5.534000000000000030e-01
5.161000000000000032e-01
-4.348000000000000198e-01
9.582000000000000517e-01
-3.331000000000000072e-01
3.030000000000000054e-02
3.644999999999999907e-01
9.391000000000000458e-01
-5.127000000000000446e-01
