1.338000000000000023e-01
1.169000000000000039e-01
-3.305000000000000160e-01
-8.087999999999999634e-01
1.756000000000000061e-01
7.308999999999999941e-01
7.848000000000000531e-01
2.313999999999999946e-01
3.417000000000000037e-01
-6.115000000000000435e-01
1.671999999999999875e-01
-8.588000000000000078e-01
-7.780000000000000249e-01
-1.909999999999999892e-02
5.295999999999999597e-01
-9.035999999999999588e-01
-5.596999999999999753e-01
-8.669000000000000039e-01
7.225000000000000311e-01
3.680999999999999828e-01
9.102999999999999980e-01
6.512000000000000011e-01
-7.708000000000000407e-01
-3.358999999999999764e-01
-5.854000000000000314e-01
-5.404999999999999805e-01
-2.681999999999999940e-01
3.477000000000000091e-01
-5.217000000000000526e-01
-3.296000000000000041e-01
6.999999999999999556e-01
6.694999999999999840e-01
4.534000000000000252e-01
-1.019999999999999934e-01
7.954999999999999849e-01
-1.875999999999999890e-01
-2.258000000000000007e-01
8.656000000000000361e-01
6.612000000000000099e-01
2.019999999999999921e-02
9.840999999999999748e-01
-9.731999999999999540e-01
-5.753000000000000336e-01
-6.109999999999999876e-01
7.153000000000000469e-01
2.934999999999999831e-01
-1.739999999999999880e-02
6.054000000000000492e-01
7.419999999999999929e-01
1.562999999999999945e-01
-6.250000000000000000e-01
6.669999999999999540e-02
-6.840000000000000246e-02
-9.579999999999999627e-02
-9.155999999999999694e-01
9.900000000000000813e-03
-4.127000000000000113e-01
7.386000000000000343e-01
-4.669999999999999846e-02
-3.416000000000000147e-01
-4.481999999999999873e-01
-3.352999999999999869e-01
2.310999999999999999e-01
7.690000000000000169e-01
-2.716000000000000081e-01
1.738999999999999990e-01
-4.968000000000000194e-01
-6.472999999999999865e-01
4.356999999999999762e-01
7.784999999999999698e-01
9.427999999999999714e-01
-3.539999999999999813e-01
-1.605999999999999928e-01
2.102999999999999869e-01
1.346999999999999864e-01
-1.034999999999999948e-01
6.056000000000000272e-01
-1.378999999999999948e-01
2.351999999999999924e-01
2.883000000000000007e-01
-1.320999999999999952e-01
-1.521000000000000130e-01
-7.804999999999999716e-01
9.023999999999999799e-01
3.512000000000000122e-01
-6.543999999999999817e-01
2.018999999999999961e-01
-3.563999999999999946e-01
2.580999999999999961e-01
-7.920000000000000373e-01
7.401999999999999691e-01
-4.328000000000000180e-01
1.479000000000000037e-01
-9.266999999999999682e-01
9.038000000000000478e-01
3.977999999999999869e-01
2.586999999999999855e-01
-3.158000000000000251e-01
-6.500000000000000222e-02
-9.713000000000000522e-01
