-4.050000000000000128e-02
-4.007999999999999896e-01
-9.869999999999999885e-01
-9.566000000000000059e-01
-8.745000000000000551e-01
4.141000000000000236e-01
-4.380999999999999894e-01
1.700000000000000122e-02
4.702999999999999958e-01
1.834000000000000075e-01
-4.865999999999999770e-01
-6.900000000000000577e-02
-8.373000000000000442e-01
-5.181999999999999940e-01
4.479000000000000203e-01
-7.809000000000000385e-01
-1.269000000000000128e-01
6.490000000000000213e-01
-1.000000000000000048e-04
6.704999999999999849e-01
-7.231999999999999540e-01
-1.882999999999999952e-01
-5.792000000000000481e-01
8.478999999999999870e-01
6.911000000000000476e-01
9.530999999999999472e-01
9.062000000000000055e-01
-5.175999999999999490e-01
3.518000000000000016e-01
-9.261000000000000343e-01
4.657999999999999918e-01
3.030999999999999805e-01
-5.009999999999999870e-02
-9.592000000000000526e-01
6.072999999999999510e-01
9.209000000000000519e-01
4.658999999999999808e-01
-6.754999999999999893e-01
-1.500000000000000031e-03
9.340000000000000524e-01
-8.890000000000000124e-01
6.653999999999999915e-01
4.209999999999999853e-02
-3.427999999999999936e-01
2.767999999999999905e-01
-5.460000000000000409e-01
9.126999999999999558e-01
8.577000000000000179e-01
-4.662000000000000033e-01
-5.330000000000000016e-02
-1.691000000000000003e-01
-5.830999999999999517e-01
-7.259999999999999787e-01
6.650000000000000355e-01
-3.004999999999999893e-01
-2.227000000000000091e-01
5.380000000000000338e-01
-3.454999999999999738e-01
-1.252000000000000057e-01
-2.716999999999999971e-01
6.720000000000000417e-01
7.100999999999999535e-01
-4.233999999999999986e-01
-3.029999999999999916e-01
-4.652000000000000024e-01
8.598999999999999977e-01
9.433000000000000274e-01
5.362000000000000099e-01
-4.996999999999999775e-01
7.307000000000000162e-01
8.152000000000000357e-01
6.467000000000000526e-01
-4.168000000000000038e-01
5.997999999999999998e-01
-7.130999999999999561e-01
4.329999999999999960e-01
8.649000000000000021e-01
-4.587999999999999856e-01
-9.240000000000000435e-01
-3.902999999999999803e-01
-3.901999999999999913e-01
4.638999999999999790e-01
7.073000000000000398e-01
5.137000000000000455e-01
-2.426999999999999991e-01
-8.208999999999999631e-01
-1.585000000000000020e-01
-8.508000000000000007e-01
-4.722999999999999976e-01
3.924000000000000266e-01
2.446000000000000119e-01
5.699999999999999512e-01
7.037999999999999812e-01
-4.035000000000000253e-01
-5.322000000000000064e-01
-3.343999999999999750e-01
-1.080000000000000057e-02
7.125000000000000222e-01
6.912000000000000366e-01
-9.223000000000000087e-01
