4.542999999999999816e-01
-3.798000000000000265e-01
3.265000000000000124e-01
3.690999999999999837e-01
4.229999999999999871e-01
-5.009999999999999870e-02
5.151000000000000023e-01
-7.375000000000000444e-01
-8.746000000000000441e-01
4.022999999999999909e-01
-2.511999999999999789e-01
8.579999999999999849e-01
-9.304000000000000048e-01
-8.169999999999999485e-01
-7.536000000000000476e-01
-5.211999999999999966e-01
-9.079000000000000403e-01
-5.997000000000000108e-01
-9.537999999999999812e-01
-1.580000000000000016e-01
3.464999999999999747e-01
-8.760000000000000009e-01
-1.529000000000000081e-01
6.031999999999999584e-01
-5.943000000000000504e-01
2.725000000000000200e-01
-4.675000000000000266e-01
-8.399999999999999481e-03
-7.375000000000000444e-01
4.959999999999999826e-02
1.975000000000000089e-01
-4.020000000000000240e-01
-6.992000000000000437e-01
1.166999999999999982e-01
1.821000000000000119e-01
9.303000000000000158e-01
-7.409000000000000030e-01
-6.962000000000000410e-01
-8.656000000000000361e-01
-6.320000000000000617e-02
9.297999999999999599e-01
3.493999999999999884e-01
4.205999999999999739e-01
-7.514999999999999458e-01
3.205999999999999961e-01
-6.700000000000000400e-01
-1.000000000000000021e-03
7.034000000000000252e-01
8.813999999999999613e-01
7.467000000000000304e-01
-8.705000000000000515e-01
9.470000000000000639e-02
-3.307999999999999829e-01
-7.167000000000000037e-01
-5.348000000000000531e-01
-7.742999999999999883e-01
7.276000000000000245e-01
-8.887000000000000455e-01
-3.785999999999999921e-01
4.017999999999999905e-01
7.617000000000000437e-01
-6.090000000000000274e-02
-9.241000000000000325e-01
6.834000000000000075e-01
-6.549000000000000377e-01
-7.351999999999999647e-01
5.651000000000000467e-01
-9.612000000000000544e-01
4.466999999999999860e-01
8.078999999999999515e-01
8.353000000000000425e-01
6.189000000000000057e-01
-1.049999999999999961e-01
2.359999999999999945e-02
8.414000000000000368e-01
1.600999999999999923e-01
-8.006999999999999673e-01
-7.651000000000000023e-01
-1.766000000000000070e-01
3.582000000000000184e-01
1.650000000000000078e-01
2.295999999999999985e-01
7.268000000000000016e-01
-1.194999999999999951e-01
-8.883999999999999675e-01
7.250999999999999668e-01
1.526000000000000134e-01
-8.861999999999999877e-01
-7.171999999999999487e-01
-8.820000000000000062e-01
2.061000000000000054e-01
-9.529999999999999583e-02
-3.587000000000000188e-01
1.819999999999999951e-01
-5.323999999999999844e-01
5.074999999999999512e-01
3.509999999999999787e-01
8.139999999999999458e-01
-1.494999999999999940e-01
1.880999999999999894e-01
