1.839999999999999969e-01
-9.132000000000000117e-01
-4.709999999999999742e-01
-1.635000000000000064e-01
-2.124999999999999944e-01
5.756999999999999895e-01
-6.880000000000000004e-02
-4.722999999999999976e-01
7.920000000000000373e-01
8.642999999999999572e-01
-3.065999999999999837e-01
-9.250000000000000444e-01
-8.315000000000000169e-01
-8.958000000000000407e-01
-5.363999999999999879e-01
-4.205999999999999739e-01
5.067000000000000393e-01
7.147999999999999909e-01
1.870000000000000134e-02
2.626999999999999891e-01
2.713999999999999746e-01
1.872000000000000053e-01
-2.707999999999999852e-01
3.987999999999999878e-01
-1.290000000000000001e-02
-2.116000000000000103e-01
7.458000000000000185e-01
-8.137999999999999678e-01
-9.727000000000000091e-01
7.210999999999999632e-01
5.524999999999999911e-01
1.144000000000000017e-01
-5.245999999999999552e-01
7.310999999999999721e-01
1.189999999999999947e-01
-6.823000000000000176e-01
1.976999999999999869e-01
3.230000000000000093e-01
-2.822999999999999954e-01
-4.517999999999999794e-01
6.049999999999999822e-01
6.364999999999999547e-01
-6.568000000000000504e-01
2.210999999999999910e-01
-2.369999999999999885e-01
-7.447000000000000286e-01
-9.146999999999999575e-01
1.448000000000000120e-01
-8.957000000000000517e-01
6.816999999999999726e-01
6.975000000000000089e-01
-6.281999999999999806e-01
-5.780999999999999472e-01
8.625000000000000444e-01
-1.925999999999999934e-01
4.951999999999999735e-01
2.396999999999999964e-01
3.629999999999999893e-02
6.429999999999999605e-02
3.060999999999999832e-01
-1.202000000000000013e-01
7.106000000000000094e-01
7.357000000000000206e-01
-6.447000000000000508e-01
9.340000000000000524e-01
6.650000000000000355e-01
9.144999999999999796e-01
6.182999999999999607e-01
-9.982999999999999652e-01
-6.733000000000000096e-01
4.599999999999999922e-02
5.040000000000000036e-01
2.177000000000000046e-01
7.090000000000000469e-02
5.020000000000000018e-01
3.966999999999999971e-01
-1.262999999999999956e-01
-8.655000000000000471e-01
7.980000000000000426e-01
4.601999999999999980e-01
8.830999999999999961e-01
2.056999999999999940e-01
6.800000000000000488e-01
-3.659000000000000030e-01
-9.223000000000000087e-01
-7.161999999999999478e-01
8.910000000000000142e-01
-9.181000000000000272e-01
5.280000000000000249e-01
-3.569999999999999840e-01
-1.129000000000000004e-01
4.989999999999999991e-02
-2.883999999999999897e-01
3.304000000000000270e-01
2.656000000000000028e-01
-8.994999999999999662e-01
5.199999999999999761e-02
3.729000000000000092e-01
-4.675000000000000266e-01
8.199999999999999512e-01
