6.699000000000000510e-01
-7.970000000000000417e-01
7.059999999999999609e-01
2.669000000000000261e-01
-6.458000000000000407e-01
-6.525999999999999579e-01
-8.604000000000000536e-01
3.980000000000000204e-02
5.493999999999999995e-01
-6.755999999999999783e-01
-6.056000000000000272e-01
-5.864000000000000323e-01
-5.504000000000000004e-01
2.137999999999999901e-01
6.740000000000000435e-01
6.425999999999999490e-01
-5.353999999999999870e-01
4.727000000000000091e-01
-8.418999999999999817e-01
-2.712999999999999856e-01
-4.693999999999999839e-01
-1.782999999999999863e-01
5.464999999999999858e-01
-7.682999999999999829e-01
-9.463000000000000300e-01
7.913999999999999924e-01
7.433999999999999497e-01
-5.786000000000000032e-01
6.348000000000000309e-01
-6.056000000000000272e-01
-1.439000000000000001e-01
5.167000000000000481e-01
-3.761999999999999789e-01
4.632999999999999896e-01
3.810000000000000192e-02
-9.192000000000000171e-01
1.073000000000000065e-01
7.594999999999999529e-01
-2.456000000000000127e-01
-7.127000000000000002e-01
-3.943999999999999728e-01
-5.813000000000000389e-01
-8.283000000000000362e-01
-4.703999999999999848e-01
5.745999999999999996e-01
-9.750999999999999668e-01
-5.534999999999999920e-01
-1.089999999999999997e-01
-5.322000000000000064e-01
-1.195999999999999980e-01
-1.110000000000000049e-02
-9.906000000000000361e-01
5.656999999999999806e-01
1.313000000000000000e-01
9.967000000000000304e-01
3.244000000000000217e-01
7.486000000000000432e-01
6.853000000000000203e-01
9.824000000000000510e-01
9.920999999999999819e-01
-2.947000000000000175e-01
-9.949999999999999956e-01
2.091000000000000081e-01
4.233000000000000096e-01
2.127000000000000002e-01
7.570999999999999952e-01
7.278000000000000025e-01
-4.928000000000000158e-01
-2.881000000000000227e-01
-6.189999999999999947e-01
-6.643000000000000016e-01
9.975000000000000533e-01
-9.002000000000000002e-01
-7.923000000000000043e-01
-1.449999999999999900e-01
8.060000000000000497e-02
-7.516000000000000458e-01
8.058999999999999497e-01
-2.157000000000000028e-01
-3.165000000000000036e-01
-7.578000000000000291e-01
-3.785999999999999921e-01
6.283999999999999586e-01
-1.988000000000000045e-01
7.907999999999999474e-01
-1.110000000000000014e-01
9.415999999999999925e-01
-6.279999999999999472e-02
2.094000000000000028e-01
4.421999999999999820e-01
7.070999999999999508e-01
4.127000000000000113e-01
6.311999999999999833e-01
-1.781000000000000083e-01
6.049999999999999822e-02
-5.924000000000000377e-01
7.805999999999999606e-01
2.824999999999999734e-01
-3.320000000000000034e-02
1.666999999999999871e-01
