7.318000000000000060e-01
-5.559999999999999665e-02
6.992000000000000437e-01
8.352000000000000535e-01
5.630000000000000282e-02
5.068000000000000282e-01
-4.006000000000000116e-01
9.404000000000000137e-01
3.763000000000000234e-01
5.482000000000000206e-01
-3.407000000000000028e-01
7.180000000000000271e-02
2.400000000000000050e-02
8.346000000000000085e-01
7.597000000000000419e-01
-9.393000000000000238e-01
-2.916000000000000258e-01
-4.041000000000000147e-01
-6.401000000000000023e-01
1.900000000000000022e-01
5.222999999999999865e-01
9.068000000000000504e-01
5.366999999999999549e-01
-5.118000000000000327e-01
4.482999999999999763e-01
7.959000000000000519e-01
6.581000000000000183e-01
9.583000000000000407e-01
-7.086000000000000076e-01
-9.598999999999999755e-01
2.589000000000000190e-01
7.660000000000000142e-02
9.180000000000000659e-02
7.019999999999999574e-01
-1.142999999999999988e-01
9.199000000000000510e-01
1.983000000000000040e-01
-4.552999999999999825e-01
2.506999999999999784e-01
6.289000000000000146e-01
-3.856999999999999873e-01
8.793999999999999595e-01
-9.929000000000000048e-01
-3.337999999999999856e-01
-9.039000000000000368e-01
3.361000000000000099e-01
-9.254999999999999893e-01
4.239999999999999880e-01
1.810000000000000150e-02
5.165999999999999481e-01
6.593999999999999861e-01
-7.282999999999999474e-01
-9.587999999999999856e-01
3.563999999999999946e-01
8.698000000000000176e-01
5.128000000000000336e-01
6.211999999999999744e-01
-6.681000000000000272e-01
7.472999999999999643e-01
7.749999999999999944e-02
-2.000000000000000096e-04
-3.209999999999999659e-02
-1.821000000000000119e-01
1.678999999999999937e-01
2.610000000000000167e-02
3.422000000000000042e-01
-1.696000000000000008e-01
-9.118000000000000549e-01
7.402999999999999581e-01
5.037000000000000366e-01
-9.607999999999999874e-01
-8.718000000000000194e-01
-9.911999999999999700e-01
-7.070999999999999508e-01
-7.130000000000000226e-02
-6.015000000000000346e-01
7.850000000000000311e-01
-8.675000000000000488e-01
1.295000000000000040e-01
-1.990000000000000102e-01
-8.155000000000000027e-01
8.167999999999999705e-01
3.365000000000000213e-01
-1.298999999999999877e-01
6.176000000000000378e-01
6.223999999999999533e-01
6.694999999999999840e-01
-9.140000000000000346e-01
9.139000000000000457e-01
-9.837000000000000188e-01
-6.324999999999999512e-01
2.328999999999999959e-01
1.015000000000000069e-01
-2.081999999999999962e-01
-8.978000000000000425e-01
-1.233999999999999958e-01
8.680999999999999828e-01
9.330000000000000515e-01
-8.699999999999999956e-01
-1.298999999999999877e-01
