-3.639999999999999902e-01
-9.160000000000000087e-02
-4.945999999999999841e-01
-4.449999999999999789e-02
3.089000000000000079e-01
-8.833999999999999631e-01
-4.425000000000000044e-01
-7.306000000000000272e-01
3.734999999999999987e-01
-9.163999999999999924e-01
2.220000000000000029e-01
9.357999999999999652e-01
1.411999999999999922e-01
4.038999999999999813e-01
4.527999999999999803e-01
-9.304000000000000048e-01
4.163999999999999924e-01
8.762999999999999678e-01
-6.720000000000000417e-01
5.958999999999999853e-01
-8.927000000000000490e-01
4.983000000000000207e-01
-6.094000000000000528e-01
6.710000000000000409e-01
-2.071000000000000063e-01
-3.294000000000000261e-01
-2.209000000000000130e-01
7.643999999999999684e-01
7.143000000000000460e-01
-5.809999999999999887e-02
6.086000000000000298e-01
-1.102000000000000063e-01
9.413000000000000256e-01
2.121999999999999997e-01
4.639999999999999680e-02
-7.721000000000000085e-01
-5.572000000000000286e-01
-9.864000000000000545e-01
-2.544000000000000150e-01
1.650000000000000078e-02
5.916000000000000147e-01
-8.509999999999999787e-01
-4.701000000000000179e-01
2.036999999999999922e-01
6.247000000000000330e-01
7.480999999999999872e-01
5.410000000000000364e-01
7.801000000000000156e-01
-3.244000000000000217e-01
-9.187999999999999501e-01
-8.530000000000000082e-02
5.240000000000000213e-02
6.602000000000000091e-01
-7.639000000000000234e-01
2.074999999999999900e-01
2.997000000000000219e-01
1.907000000000000084e-01
-8.006999999999999673e-01
-3.746999999999999775e-01
9.286999999999999700e-01
-2.482000000000000040e-01
7.136000000000000121e-01
-4.667999999999999927e-01
7.822999999999999954e-01
-2.967000000000000193e-01
-8.373000000000000442e-01
-6.489999999999999936e-02
2.121000000000000107e-01
3.096999999999999753e-01
6.457000000000000517e-01
6.360999999999999988e-01
-7.093000000000000416e-01
-7.799000000000000377e-01
6.451000000000000068e-01
2.480999999999999872e-01
3.084999999999999964e-01
-4.739999999999999769e-01
5.066000000000000503e-01
-2.000000000000000111e-01
3.810000000000000053e-01
9.781999999999999584e-01
-4.986999999999999766e-01
-4.428000000000000269e-01
7.078999999999999737e-01
-3.009999999999999898e-01
4.573999999999999733e-01
8.366000000000000103e-01
5.715000000000000080e-01
8.420999999999999597e-01
-7.328000000000000069e-01
-4.176000000000000267e-01
-8.158999999999999586e-01
-8.033000000000000140e-01
9.303000000000000158e-01
6.578000000000000513e-01
4.877000000000000224e-01
6.091999999999999638e-01
-4.704999999999999738e-01
-6.991000000000000547e-01
-8.337999999999999856e-01
