3.892999999999999794e-01
7.177999999999999936e-01
2.929999999999999827e-01
-5.970000000000000306e-02
8.285000000000000142e-01
3.685999999999999832e-01
9.042000000000000037e-01
-9.726000000000000201e-01
-2.752999999999999892e-01
-8.527000000000000135e-01
-5.218000000000000416e-01
-9.336999999999999744e-01
8.260999999999999455e-01
1.658999999999999919e-01
6.769999999999999629e-02
-6.188000000000000167e-01
1.479999999999999927e-01
-2.018999999999999961e-01
4.840999999999999748e-01
-5.860999999999999543e-01
1.073000000000000065e-01
-8.889000000000000234e-01
4.162000000000000144e-01
8.894999999999999574e-01
1.491999999999999993e-01
-2.068000000000000116e-01
-1.516000000000000125e-01
9.724000000000000421e-01
-5.986000000000000210e-01
-3.059000000000000052e-01
-7.389999999999999347e-02
7.620999999999999996e-01
3.582000000000000184e-01
-4.819999999999999979e-02
5.614000000000000101e-01
-7.227000000000000091e-01
-1.107000000000000067e-01
-9.850999999999999757e-01
6.119999999999999746e-02
8.020000000000000462e-01
-9.576000000000000068e-01
8.575000000000000400e-01
-8.416000000000000147e-01
-3.259000000000000230e-01
5.433999999999999941e-01
7.076999999999999957e-01
-7.891000000000000236e-01
7.711000000000000076e-01
8.102000000000000313e-01
6.069999999999999701e-02
-5.369999999999999774e-02
-8.194000000000000172e-01
-1.532999999999999918e-01
1.451999999999999957e-01
-2.011000000000000010e-01
-2.313999999999999946e-01
-6.645999999999999686e-01
-2.844999999999999751e-01
4.793000000000000038e-01
-1.231000000000000011e-01
5.874000000000000332e-01
5.793000000000000371e-01
-5.006000000000000449e-01
-4.282000000000000250e-01
6.424999999999999600e-01
3.160999999999999921e-01
6.575999999999999623e-01
-5.473999999999999977e-01
2.033000000000000085e-01
9.524000000000000243e-01
-7.339999999999999858e-01
-4.577999999999999847e-01
9.199999999999999845e-03
-9.232000000000000206e-01
-2.335000000000000131e-01
-1.359999999999999924e-02
-6.588000000000000522e-01
-3.831999999999999851e-01
-8.818000000000000282e-01
-1.078999999999999959e-01
-5.009999999999999870e-02
1.839999999999999969e-02
9.102000000000000091e-01
6.276000000000000467e-01
-1.170000000000000068e-01
-9.196999999999999620e-01
-4.162000000000000144e-01
2.741000000000000103e-01
6.106000000000000316e-01
9.317999999999999616e-01
7.674999999999999600e-01
9.388999999999999568e-01
-6.276000000000000467e-01
-9.392000000000000348e-01
6.082999999999999519e-01
-6.008000000000000007e-01
-4.693999999999999839e-01
9.447999999999999732e-01
-1.116999999999999937e-01
-5.185999999999999499e-01
