-5.941999999999999504e-01
7.195000000000000284e-01
8.292000000000000481e-01
-5.805000000000000160e-01
-5.493999999999999995e-01
-4.763000000000000012e-01
9.586000000000000076e-01
-7.549999999999999767e-02
7.046000000000000041e-01
-9.051000000000000156e-01
7.187999999999999945e-01
1.569000000000000117e-01
6.888999999999999568e-01
-1.008000000000000007e-01
-4.025000000000000244e-01
-9.284000000000000030e-01
-7.738000000000000433e-01
1.307999999999999996e-01
-7.420999999999999819e-01
-6.958999999999999631e-01
-6.552000000000000046e-01
4.447999999999999732e-01
5.956000000000000183e-01
-7.900000000000000772e-03
-1.069999999999999979e-01
-9.203999999999999959e-01
1.862999999999999934e-01
4.547999999999999821e-01
-1.471000000000000085e-01
4.706000000000000183e-01
-6.266000000000000458e-01
1.460000000000000013e-02
-2.876000000000000223e-01
5.050999999999999934e-01
3.593000000000000083e-01
8.889000000000000234e-01
-9.916000000000000369e-01
-3.675999999999999823e-01
-3.951000000000000068e-01
-8.058999999999999497e-01
-2.788999999999999813e-01
-1.039999999999999952e-01
1.920000000000000040e-01
-3.297999999999999821e-01
4.056000000000000161e-01
-4.834999999999999853e-01
8.120000000000000551e-01
-7.030000000000000138e-02
1.001999999999999974e-01
-2.025000000000000133e-01
-7.367000000000000215e-01
-5.328000000000000513e-01
3.758000000000000229e-01
5.157000000000000473e-01
2.096999999999999975e-01
7.105000000000000204e-01
-4.731000000000000205e-01
-4.893000000000000127e-01
2.097999999999999865e-01
-6.236000000000000432e-01
1.477999999999999869e-01
-7.322999999999999510e-01
-5.230000000000000204e-01
1.890999999999999903e-01
-6.228000000000000203e-01
2.026000000000000023e-01
-1.355000000000000093e-01
-4.924999999999999933e-01
-7.240000000000000602e-02
-7.904999999999999805e-01
8.161000000000000476e-01
-5.899999999999999689e-01
-2.659000000000000252e-01
3.922999999999999821e-01
1.193000000000000033e-01
-1.643999999999999906e-01
-5.897999999999999909e-01
-1.492999999999999883e-01
-3.729999999999999982e-01
-8.780000000000000304e-02
7.302999999999999492e-01
-9.530999999999999472e-01
1.721999999999999920e-01
1.484999999999999931e-01
5.670000000000000040e-02
8.575000000000000400e-01
-1.534999999999999976e-01
-9.589999999999999636e-01
6.972000000000000419e-01
-4.919999999999999929e-01
6.583999999999999853e-01
5.027000000000000357e-01
-2.321000000000000008e-01
-5.030000000000000027e-01
2.396999999999999964e-01
7.532999999999999696e-01
8.327999999999999847e-01
-8.812999999999999723e-01
5.939999999999999725e-01
-4.652000000000000024e-01
