1.398000000000000076e-01
5.193999999999999728e-01
8.000000000000000444e-01
6.469000000000000306e-01
-3.447000000000000064e-01
-6.431999999999999940e-01
-2.023999999999999966e-01
3.421000000000000152e-01
6.595999999999999641e-01
-9.176999999999999602e-01
-2.570000000000000062e-01
7.705999999999999517e-01
5.656999999999999806e-01
4.937000000000000277e-01
9.193000000000000060e-01
-2.634000000000000230e-01
2.356000000000000039e-01
4.819999999999999979e-02
-6.625999999999999668e-01
-1.569999999999999868e-02
-4.440000000000000058e-01
-3.425000000000000266e-01
1.983000000000000040e-01
9.310000000000000220e-02
-9.395999999999999908e-01
-8.306000000000000050e-01
7.893999999999999906e-01
-8.842999999999999750e-01
-7.993999999999999995e-01
9.838000000000000078e-01
6.882000000000000339e-01
-3.054999999999999938e-01
9.897000000000000242e-01
9.656000000000000139e-01
2.268999999999999906e-01
-3.704000000000000070e-01
-6.076000000000000290e-01
-7.996999999999999664e-01
1.640000000000000138e-02
5.735000000000000098e-01
-9.106999999999999540e-01
-2.839999999999999747e-01
-2.199999999999999872e-02
-3.532000000000000139e-01
-3.276000000000000023e-01
5.231000000000000094e-01
-5.051999999999999824e-01
3.836999999999999855e-01
4.102000000000000091e-01
-6.817999999999999616e-01
-8.895999999999999464e-01
9.628999999999999782e-01
5.700000000000000205e-03
-9.056999999999999496e-01
4.973000000000000198e-01
-7.419000000000000039e-01
4.763999999999999901e-01
1.178000000000000019e-01
3.280000000000000276e-02
3.699999999999999956e-01
6.488000000000000433e-01
-2.837000000000000077e-01
7.185000000000000275e-01
-9.694000000000000394e-01
9.718999999999999861e-01
-1.476000000000000090e-01
9.575000000000000178e-01
-4.699999999999999734e-01
-7.731000000000000094e-01
3.755999999999999894e-01
1.222000000000000031e-01
1.360000000000000098e-01
-8.275000000000000133e-01
8.723999999999999533e-01
-9.808999999999999941e-01
2.995999999999999774e-01
6.266000000000000458e-01
-6.149999999999999911e-01
8.836000000000000520e-01
4.616000000000000103e-01
-1.380000000000000115e-01
-4.643999999999999795e-01
1.519999999999999997e-02
7.469000000000000083e-01
-4.953000000000000180e-01
6.715999999999999748e-01
6.512000000000000011e-01
-7.844999999999999751e-01
-8.999999999999999754e-04
-7.332999999999999519e-01
-2.333999999999999964e-01
-2.920000000000000026e-02
-2.427999999999999881e-01
6.676999999999999602e-01
-7.927999999999999492e-01
7.033000000000000362e-01
-5.973000000000000531e-01
6.552000000000000046e-01
-2.709999999999999909e-02
-5.430000000000000104e-02
