-7.370999999999999774e-01
-6.824000000000000066e-01
-8.552999999999999492e-01
8.575000000000000400e-01
2.159999999999999976e-01
-8.642999999999999572e-01
5.590000000000000524e-01
7.540999999999999925e-01
-2.904999999999999805e-01
-8.984999999999999654e-01
-8.530999999999999694e-01
6.945999999999999952e-01
-6.112999999999999545e-01
-4.235999999999999766e-01
3.442999999999999949e-01
6.944000000000000172e-01
6.292999999999999705e-01
7.080000000000000182e-02
9.307999999999999607e-01
8.039999999999999925e-02
7.973999999999999977e-01
2.184999999999999998e-01
-5.612000000000000322e-01
4.808999999999999941e-01
4.111000000000000210e-01
-1.282999999999999974e-01
6.341999999999999860e-01
8.499999999999999778e-01
4.660000000000000253e-01
2.792000000000000037e-01
7.086000000000000076e-01
6.071999999999999620e-01
4.919999999999999929e-01
-5.148000000000000353e-01
-2.722999999999999865e-01
7.761000000000000121e-01
-2.358000000000000096e-01
-1.970000000000000084e-01
2.848999999999999866e-01
-2.808999999999999830e-01
-4.119999999999999774e-01
3.159000000000000141e-01
-8.548999999999999932e-01
3.536000000000000254e-01
-6.119999999999999746e-02
-3.619999999999999885e-01
-6.268000000000000238e-01
-4.878000000000000114e-01
-1.875999999999999890e-01
-5.120999999999999996e-01
2.791000000000000147e-01
-2.800000000000000058e-02
4.400000000000000022e-01
1.676999999999999880e-01
-8.777000000000000357e-01
-2.354999999999999871e-01
-9.071000000000000174e-01
-4.339000000000000079e-01
9.325999999999999845e-01
-4.265999999999999792e-01
-8.600999999999999757e-01
-4.031000000000000139e-01
-9.021000000000000130e-01
5.343999999999999861e-01
-5.476999999999999647e-01
5.460000000000000409e-01
7.709000000000000297e-01
-8.789000000000000146e-01
-1.708000000000000074e-01
-7.751000000000000112e-01
2.262000000000000122e-01
5.221999999999999975e-01
-7.053000000000000380e-01
8.850999999999999979e-01
-7.270999999999999686e-01
-9.976000000000000423e-01
4.698999999999999844e-01
-3.518000000000000016e-01
-9.207999999999999519e-01
-9.829999999999999849e-02
-9.052000000000000046e-01
-4.610000000000000209e-02
-2.924999999999999822e-01
-7.439000000000000057e-01
-6.153999999999999471e-01
-8.796000000000000485e-01
1.850999999999999868e-01
-2.235999999999999932e-01
1.092999999999999944e-01
1.219999999999999973e-01
2.093000000000000138e-01
-2.068000000000000116e-01
8.930000000000000437e-02
-8.914999999999999591e-01
4.767000000000000126e-01
-7.409999999999999920e-01
9.966000000000000414e-01
-6.340999999999999970e-01
5.252000000000000002e-01
1.175999999999999962e-01
