8.369999999999999662e-01
-1.116999999999999937e-01
8.235000000000000098e-01
2.121999999999999997e-01
3.085999999999999854e-01
-3.095999999999999863e-01
-3.250000000000000111e-02
-3.645999999999999797e-01
-6.778999999999999471e-01
-7.750000000000000222e-01
3.644999999999999907e-01
-4.526999999999999913e-01
2.842000000000000082e-01
7.552999999999999714e-01
-9.298999999999999488e-01
-8.322000000000000508e-01
-7.789999999999999702e-02
3.967999999999999861e-01
-1.547999999999999932e-01
-9.127999999999999448e-01
7.675999999999999490e-01
5.227000000000000535e-01
-6.852000000000000313e-01
1.660999999999999976e-01
8.098999999999999533e-01
-5.546999999999999709e-01
4.059999999999999720e-02
-9.288999999999999480e-01
5.454999999999999849e-01
-8.638000000000000123e-01
9.573000000000000398e-01
2.094999999999999918e-01
-9.504000000000000226e-01
5.702000000000000401e-01
8.738000000000000211e-01
-7.000999999999999446e-01
-9.615000000000000213e-01
6.684999999999999831e-01
-7.624999999999999556e-01
3.474999999999999756e-01
5.786999999999999922e-01
2.432999999999999885e-01
8.201000000000000512e-01
7.219999999999999751e-01
-5.322000000000000064e-01
9.169000000000000483e-01
-9.740000000000000047e-02
3.184000000000000163e-01
2.028999999999999970e-01
-5.647999999999999687e-01
8.183000000000000274e-01
-2.149000000000000077e-01
-2.977000000000000202e-01
-2.888999999999999901e-01
9.560000000000000442e-02
-3.750999999999999890e-01
7.480000000000000537e-02
-8.348999999999999755e-01
-9.940999999999999837e-01
9.407999999999999696e-01
-6.730000000000000426e-01
8.782999999999999696e-01
9.608999999999999764e-01
5.127000000000000446e-01
-5.069000000000000172e-01
-5.917999999999999927e-01
-7.632999999999999785e-01
-6.108999999999999986e-01
-9.291000000000000369e-01
6.931000000000000494e-01
2.998999999999999999e-01
-8.266000000000000014e-01
9.713000000000000522e-01
3.725999999999999868e-01
1.713000000000000078e-01
-1.456000000000000072e-01
4.032000000000000028e-01
-1.212000000000000022e-01
-9.989999999999999991e-01
4.692999999999999949e-01
9.631999999999999451e-01
8.913999999999999702e-01
-7.612999999999999767e-01
-7.066999999999999948e-01
-8.706000000000000405e-01
-8.374000000000000332e-01
3.222999999999999754e-01
3.986999999999999988e-01
-7.043000000000000371e-01
2.690000000000000169e-01
-7.509000000000000119e-01
1.001999999999999974e-01
-8.227999999999999758e-01
-1.243999999999999967e-01
6.620000000000000329e-01
-8.541999999999999593e-01
-6.703999999999999959e-01
8.025999999999999801e-01
-6.276000000000000467e-01
-8.764999999999999458e-01
