-2.942000000000000171e-01
-6.415999999999999481e-01
-1.746999999999999942e-01
-2.629000000000000226e-01
4.351999999999999758e-01
-7.894999999999999796e-01
4.892000000000000237e-01
-5.210000000000000187e-01
-7.983999999999999986e-01
8.504000000000000448e-01
-3.830000000000000071e-02
4.018999999999999795e-01
9.592000000000000526e-01
-4.002999999999999892e-01
-2.609000000000000208e-01
-4.920999999999999819e-01
-8.776000000000000467e-01
7.496000000000000441e-01
1.889000000000000123e-01
-5.887999999999999901e-01
5.449999999999999983e-02
-7.146000000000000130e-01
-9.324000000000000066e-01
-2.570999999999999952e-01
5.099000000000000199e-01
-3.940000000000000169e-01
3.180000000000000049e-01
-9.051000000000000156e-01
2.923999999999999932e-01
5.241000000000000103e-01
5.063999999999999613e-01
8.345000000000000195e-01
8.699000000000000066e-01
-5.430000000000000382e-01
5.470000000000000417e-01
9.841999999999999638e-01
8.255000000000000115e-01
8.839000000000000190e-01
4.733999999999999875e-01
4.863000000000000100e-01
-1.766000000000000070e-01
4.694999999999999729e-01
8.352000000000000535e-01
9.326999999999999735e-01
-8.882999999999999785e-01
-3.976000000000000090e-01
-6.828999999999999515e-01
4.592999999999999861e-01
-2.480999999999999872e-01
9.892999999999999572e-01
1.464999999999999913e-01
-2.356000000000000039e-01
3.716999999999999749e-01
4.420000000000000040e-01
-6.428000000000000380e-01
7.423999999999999488e-01
-3.413999999999999813e-01
3.153000000000000247e-01
-3.209000000000000186e-01
-9.354000000000000092e-01
5.714000000000000190e-01
3.966000000000000081e-01
9.519999999999999574e-01
4.462999999999999745e-01
3.721999999999999753e-01
-4.830000000000000265e-02
-7.986999999999999655e-01
-7.336000000000000298e-01
6.978999999999999648e-01
-5.553000000000000158e-01
4.611000000000000099e-01
-9.681999999999999496e-01
-5.286999999999999478e-01
4.793999999999999928e-01
-2.510000000000000009e-01
8.959000000000000297e-01
6.009999999999999787e-01
-5.452000000000000179e-01
8.509999999999999787e-01
-4.176000000000000267e-01
9.627000000000000002e-01
6.414999999999999591e-01
-3.698000000000000176e-01
1.045999999999999985e-01
-9.155999999999999694e-01
5.539999999999999786e-02
-2.487999999999999934e-01
-8.504000000000000448e-01
8.602999999999999536e-01
-8.137999999999999678e-01
-5.810999999999999499e-01
5.520000000000000462e-01
2.010000000000000120e-01
-5.462000000000000188e-01
4.232000000000000206e-01
7.089999999999999636e-01
-8.390000000000000235e-02
-7.309999999999999831e-02
3.104999999999999982e-01
-1.645000000000000073e-01
