-5.675000000000000044e-01
3.350000000000000200e-01
8.504000000000000448e-01
-8.324000000000000288e-01
-4.032000000000000028e-01
-8.217999999999999750e-01
-5.149000000000000243e-01
-2.020000000000000129e-01
-2.374999999999999889e-01
7.848000000000000531e-01
7.996999999999999664e-01
9.650000000000000244e-02
3.441000000000000170e-01
-2.424000000000000044e-01
5.666999999999999815e-01
-2.884999999999999787e-01
-4.292000000000000259e-01
1.313000000000000000e-01
-8.017999999999999572e-01
-9.779999999999999805e-01
2.813999999999999835e-01
6.464999999999999636e-01
-9.201000000000000290e-01
1.991999999999999882e-01
-2.540999999999999925e-01
5.050999999999999934e-01
4.425000000000000044e-01
2.170999999999999874e-01
-6.593999999999999861e-01
3.795999999999999930e-01
-3.085999999999999854e-01
-9.893999999999999462e-01
-3.743000000000000216e-01
5.174999999999999600e-01
5.135999999999999455e-01
7.792000000000000037e-01
8.568000000000000060e-01
-6.359000000000000208e-01
6.959999999999999520e-01
1.446000000000000063e-01
9.352000000000000313e-01
1.628999999999999893e-01
5.392000000000000126e-01
6.359000000000000208e-01
-2.533000000000000251e-01
4.732999999999999985e-01
3.074000000000000066e-01
-7.133000000000000451e-01
1.756999999999999951e-01
5.010999999999999899e-01
-8.989000000000000323e-01
-4.549000000000000266e-01
-9.272000000000000242e-01
-6.289999999999999758e-02
2.319999999999999840e-02
2.172000000000000042e-01
5.199000000000000288e-01
-4.536000000000000032e-01
8.185000000000000053e-01
2.529999999999999957e-02
3.642000000000000237e-01
4.864999999999999880e-01
-5.920000000000000262e-02
8.584000000000000519e-01
-3.291000000000000036e-01
-8.320999999999999508e-01
-6.129999999999999893e-01
3.267999999999999794e-01
-1.653000000000000025e-01
-1.459999999999999909e-01
-5.217000000000000526e-01
9.929000000000000048e-01
-3.149000000000000132e-01
3.346000000000000085e-01
-8.084999999999999964e-01
-8.713999999999999524e-01
-4.686000000000000165e-01
-4.042999999999999927e-01
3.456000000000000183e-01
-6.138000000000000123e-01
-6.237000000000000322e-01
6.515999999999999570e-01
-6.853000000000000203e-01
-5.249000000000000332e-01
-6.230999999999999872e-01
9.284000000000000030e-01
1.446999999999999953e-01
5.239000000000000323e-01
-8.017999999999999572e-01
-5.350000000000000311e-01
-6.040999999999999703e-01
-3.961999999999999966e-01
9.724000000000000421e-01
7.220999999999999641e-01
9.795000000000000373e-01
-5.516999999999999682e-01
-4.647999999999999909e-01
5.850999999999999535e-01
9.345999999999999863e-01
2.419999999999999929e-01
