4.099999999999999756e-01
-2.706999999999999962e-01
-6.561000000000000165e-01
9.576000000000000068e-01
1.267000000000000071e-01
-3.642000000000000237e-01
-5.893000000000000460e-01
-5.920999999999999597e-01
3.613999999999999990e-01
-6.382999999999999785e-01
8.294000000000000261e-01
8.830000000000000349e-02
-8.045999999999999819e-01
-4.006000000000000116e-01
-7.383999999999999453e-01
-8.367999999999999883e-01
-9.042000000000000037e-01
-2.642999999999999794e-01
-8.512999999999999456e-01
-5.650000000000000161e-02
4.228999999999999981e-01
-6.515999999999999570e-01
-3.459999999999999881e-02
1.310000000000000053e-01
1.010000000000000064e-01
8.302000000000000490e-01
-6.885000000000000009e-01
5.266999999999999460e-01
4.702999999999999958e-01
7.779000000000000359e-01
-2.051000000000000045e-01
5.012999999999999678e-01
-5.366999999999999549e-01
4.013999999999999790e-01
2.073000000000000120e-01
6.340999999999999970e-01
2.040000000000000147e-02
-8.839000000000000190e-01
-2.650000000000000133e-01
1.524000000000000077e-01
7.647000000000000464e-01
-9.021000000000000130e-01
-9.362000000000000322e-01
-3.069000000000000061e-01
-8.415000000000000258e-01
-7.288999999999999924e-01
-3.920000000000000151e-01
9.184999999999999831e-01
7.096000000000000085e-01
8.084999999999999964e-01
-3.183000000000000274e-01
8.963999999999999746e-01
4.373000000000000220e-01
-8.565000000000000391e-01
-1.842000000000000026e-01
-1.287000000000000088e-01
-8.191000000000000503e-01
1.254000000000000115e-01
-7.990000000000000435e-01
-9.185999999999999721e-01
1.855999999999999872e-01
3.428999999999999826e-01
-8.651999999999999691e-01
5.839999999999999636e-01
-6.889999999999999458e-01
-5.889999999999999680e-01
-1.130000000000000032e-01
-8.126999999999999780e-01
-7.260999999999999677e-01
3.452000000000000068e-01
-6.629000000000000448e-01
-9.766000000000000236e-01
2.933000000000000052e-01
9.254000000000000004e-01
-7.803999999999999826e-01
2.106999999999999984e-01
4.153999999999999915e-01
-5.288000000000000478e-01
-4.791000000000000258e-01
4.667000000000000037e-01
-2.939999999999999836e-01
-3.968999999999999750e-01
-8.732999999999999652e-01
1.074999999999999983e-01
3.811999999999999833e-01
9.011000000000000121e-01
7.028999999999999693e-01
9.454000000000000181e-01
-8.568000000000000060e-01
6.445999999999999508e-01
-3.574999999999999845e-01
7.125000000000000222e-01
-7.318999999999999950e-01
4.329999999999999821e-02
4.880000000000000310e-02
-5.058000000000000274e-01
7.745999999999999552e-01
-8.350000000000000477e-02
-5.993000000000000549e-01
2.291999999999999871e-01
