-3.399999999999999811e-03
-7.336000000000000298e-01
9.257999999999999563e-01
-8.147999999999999687e-01
6.021999999999999575e-01
-7.883000000000000007e-01
-9.735000000000000320e-01
4.784999999999999809e-01
-3.637000000000000233e-01
6.870000000000000551e-01
9.943999999999999506e-01
-8.185000000000000053e-01
7.829000000000000403e-01
1.484000000000000041e-01
9.195999999999999730e-01
3.988999999999999768e-01
-2.330000000000000127e-02
-2.331999999999999906e-01
4.899000000000000021e-01
-5.858999999999999764e-01
-1.136000000000000065e-01
-6.545999999999999597e-01
7.728000000000000425e-01
-8.248999999999999666e-01
-1.446000000000000063e-01
-6.100000000000000387e-03
-4.672999999999999932e-01
-9.285999999999999810e-01
7.844999999999999751e-01
4.959000000000000075e-01
-7.541999999999999815e-01
8.487999999999999989e-01
-3.190000000000000058e-01
8.183000000000000274e-01
6.231999999999999762e-01
-4.230999999999999761e-01
-9.322000000000000286e-01
-4.345999999999999863e-01
9.030000000000000249e-01
-7.987999999999999545e-01
4.380999999999999894e-01
-6.593999999999999861e-01
7.532999999999999696e-01
-5.291000000000000147e-01
-4.531000000000000028e-01
-5.010999999999999899e-01
7.177999999999999936e-01
-1.527000000000000024e-01
8.403000000000000469e-01
-4.047000000000000042e-01
-4.117999999999999994e-01
6.489999999999999936e-02
3.412000000000000033e-01
4.712000000000000077e-01
2.692999999999999838e-01
-8.092000000000000304e-01
5.490000000000000435e-01
8.366999999999999993e-01
3.657000000000000250e-01
-4.762000000000000122e-01
