9.190000000000000391e-01
7.019999999999999851e-02
-6.401000000000000023e-01
-9.943999999999999506e-01
-7.399999999999999911e-01
3.769999999999999740e-02
7.762000000000000011e-01
3.093000000000000194e-01
3.200000000000000067e-01
7.175000000000000266e-01
-2.711000000000000076e-01
8.133000000000000229e-01
-1.067000000000000032e-01
-1.680000000000000104e-01
1.003000000000000003e-01
-8.937000000000000499e-01
-9.151000000000000245e-01
-3.568000000000000060e-01
3.000999999999999779e-01
-7.729000000000000314e-01
-3.391000000000000125e-01
-5.299000000000000377e-01
1.499000000000000055e-01
-4.434000000000000163e-01
-8.647000000000000242e-01
-6.650000000000000355e-02
2.132999999999999896e-01
6.844000000000000083e-01
3.300000000000000155e-01
8.556000000000000272e-01
-3.010999999999999788e-01
-3.225000000000000089e-01
5.936000000000000165e-01
-5.247000000000000552e-01
-6.493999999999999773e-01
1.459000000000000019e-01
-9.210000000000000409e-01
-1.292999999999999983e-01
-5.034999999999999476e-01
-5.524999999999999911e-01
7.721000000000000085e-01
-9.460000000000000353e-02
-5.663000000000000256e-01
1.474000000000000032e-01
-5.450000000000000400e-01
-4.287000000000000255e-01
4.117000000000000104e-01
2.900000000000000147e-02
3.891999999999999904e-01
-4.112000000000000099e-01
6.932000000000000384e-01
2.330000000000000127e-02
-9.043999999999999817e-01
5.335999999999999632e-01
-4.431999999999999829e-01
-6.411999999999999922e-01
9.074999999999999734e-01
8.463000000000000522e-01
-7.052000000000000490e-01
-2.508000000000000229e-01
