-3.242999999999999772e-01
6.237000000000000322e-01
-1.925999999999999934e-01
-1.612000000000000099e-01
9.889000000000000012e-01
6.028000000000000025e-01
-8.958000000000000407e-01
-1.037000000000000005e-01
3.785999999999999921e-01
-6.460000000000000464e-02
7.920000000000000651e-02
5.328000000000000513e-01
-4.541000000000000036e-01
-5.295999999999999597e-01
-6.461999999999999966e-01
-4.274000000000000021e-01
4.057999999999999940e-01
2.958000000000000074e-01
-1.481999999999999984e-01
3.479999999999999760e-02
-3.748000000000000220e-01
-1.680000000000000104e-01
9.920999999999999819e-01
-4.351999999999999758e-01
7.577000000000000401e-01
3.867999999999999772e-01
8.176999999999999824e-01
7.816999999999999504e-01
-4.100000000000000172e-02
-5.819999999999999618e-01
-1.053999999999999937e-01
9.125999999999999668e-01
3.976999999999999980e-01
-2.600999999999999979e-01
-7.549000000000000155e-01
8.115999999999999881e-01
2.218999999999999861e-01
1.526000000000000134e-01
-3.270000000000000129e-01
6.819999999999999674e-02
5.382000000000000117e-01
8.569999999999999840e-01
1.771000000000000074e-01
3.649999999999999772e-02
-9.221000000000000307e-01
-8.273000000000000353e-01
-1.701000000000000012e-01
3.815999999999999948e-01
5.164999999999999591e-01
-3.009000000000000008e-01
-1.680000000000000104e-01
6.288000000000000256e-01
9.203000000000000069e-01
-6.946999999999999842e-01
1.454999999999999905e-01
5.463999999999999968e-01
-1.325000000000000067e-01
-8.915999999999999481e-01
4.859999999999999737e-02
3.513000000000000012e-01
