9.371000000000000441e-01
-2.790000000000000258e-01
-1.792999999999999872e-01
4.254000000000000004e-01
-8.852999999999999758e-01
-6.964000000000000190e-01
-2.497999999999999943e-01
-7.447000000000000286e-01
4.228999999999999981e-01
-9.215999999999999748e-01
-1.839000000000000079e-01
-8.120000000000000551e-01
-1.565000000000000002e-01
-2.240000000000000047e-01
6.239000000000000101e-01
8.764999999999999458e-01
9.629999999999999671e-02
-6.546999999999999487e-01
2.006000000000000005e-01
-4.827000000000000179e-01
6.085000000000000409e-01
6.480000000000000204e-01
9.959999999999999964e-01
-2.894999999999999796e-01
-9.713000000000000522e-01
-4.638999999999999790e-01
6.317000000000000393e-01
3.311000000000000054e-01
3.654000000000000026e-01
9.160000000000000087e-02
-8.057999999999999607e-01
1.472999999999999865e-01
9.781999999999999584e-01
3.472000000000000086e-01
8.597000000000000197e-01
-4.161000000000000254e-01
-7.186000000000000165e-01
-6.332999999999999741e-01
8.036999999999999700e-01
6.190999999999999837e-01
-7.820000000000000284e-01
6.359000000000000208e-01
3.059999999999999873e-02
-7.679000000000000270e-01
2.099999999999999870e-03
-6.009999999999999787e-01
9.439999999999999503e-01
-1.396999999999999909e-01
-7.872000000000000108e-01
3.563000000000000056e-01
4.702999999999999958e-01
3.508999999999999897e-01
9.055999999999999606e-01
-5.241999999999999993e-01
-2.499000000000000110e-01
4.193000000000000060e-01
-5.984000000000000430e-01
-5.372000000000000108e-01
-6.889999999999999458e-01
3.830999999999999961e-01
