6.336000000000000520e-01
-2.670000000000000151e-01
-9.947000000000000286e-01
-8.140000000000000013e-02
-9.935000000000000497e-01
-8.312000000000000499e-01
-1.399999999999999986e-03
9.388999999999999568e-01
7.365000000000000435e-01
-2.861000000000000210e-01
9.710999999999999632e-01
1.918999999999999873e-01
5.491000000000000325e-01
-8.991000000000000103e-01
-4.870000000000000023e-02
-6.741000000000000325e-01
5.197000000000000508e-01
3.755999999999999894e-01
4.124999999999999778e-01
2.079999999999999905e-01
1.708999999999999964e-01
4.354999999999999982e-01
-2.711999999999999966e-01
2.379999999999999893e-01
3.574999999999999845e-01
-5.971999999999999531e-01
-8.708000000000000185e-01
6.250000000000000000e-02
8.909999999999999865e-02
-5.400000000000000286e-03
1.067000000000000032e-01
-3.699000000000000066e-01
7.334000000000000519e-01
-4.577999999999999847e-01
-7.380000000000000449e-02
-8.570999999999999730e-01
-9.112999999999999989e-01
5.958999999999999853e-01
2.812999999999999945e-01
3.032000000000000250e-01
3.911000000000000032e-01
2.472999999999999921e-01
4.873000000000000109e-01
2.290000000000000091e-01
6.209000000000000075e-01
-8.179999999999999494e-01
2.575000000000000067e-01
-3.556000000000000272e-01
-5.048000000000000265e-01
-5.566999999999999726e-01
-9.831999999999999629e-01
9.574000000000000288e-01
7.030999999999999472e-01
-7.755999999999999561e-01
2.947000000000000175e-01
-6.412999999999999812e-01
-4.255999999999999783e-01
-9.567999999999999838e-01
-2.252000000000000113e-01
6.499000000000000332e-01
