1.302000000000000102e-01
-7.221999999999999531e-01
-7.312999999999999501e-01
4.302000000000000268e-01
6.602000000000000091e-01
5.103999999999999648e-01
-1.834999999999999964e-01
4.030000000000000249e-01
9.982999999999999652e-01
-1.280999999999999917e-01
1.365000000000000102e-01
-2.466000000000000136e-01
9.155999999999999694e-01
1.502000000000000002e-01
-8.186999999999999833e-01
7.517000000000000348e-01
-6.421999999999999931e-01
-7.913999999999999924e-01
9.029000000000000359e-01
-3.004000000000000004e-01
3.458999999999999853e-01
7.614999999999999547e-01
-3.830999999999999961e-01
-5.303999999999999826e-01
8.023000000000000131e-01
4.454000000000000181e-01
7.467000000000000304e-01
-6.010000000000000064e-02
-2.773999999999999799e-01
-3.316000000000000059e-01
8.499999999999999778e-01
7.620000000000000107e-01
-2.117999999999999883e-01
-2.258000000000000007e-01
6.471999999999999975e-01
-3.119999999999999996e-01
-8.911999999999999922e-01
1.570000000000000007e-01
-4.415999999999999925e-01
4.789999999999999813e-01
7.732999999999999874e-01
5.655000000000000027e-01
6.964000000000000190e-01
-1.996999999999999886e-01
8.540000000000000369e-02
2.079999999999999905e-02
7.246000000000000218e-01
-2.061999999999999944e-01
2.975999999999999757e-01
-1.917000000000000093e-01
-8.729000000000000092e-01
3.336999999999999966e-01
8.706000000000000405e-01
8.932999999999999829e-01
3.417000000000000037e-01
-9.704000000000000403e-01
-3.842999999999999750e-01
-4.714999999999999747e-01
4.894999999999999907e-01
1.159999999999999920e-02
5.996000000000000218e-01
-2.214000000000000135e-01
-4.349000000000000088e-01
1.559000000000000108e-01
6.784999999999999920e-01
-7.541999999999999815e-01
9.879999999999999893e-02
-7.272999999999999465e-01
-5.473000000000000087e-01
8.806000000000000494e-01
-6.087000000000000188e-01
-1.587000000000000077e-01
8.276999999999999913e-01
3.610999999999999766e-01
6.495999999999999552e-01
