4.429999999999999910e-02
5.887999999999999901e-01
-1.797999999999999876e-01
3.775999999999999912e-01
5.860999999999999543e-01
-8.413000000000000478e-01
3.109999999999999917e-02
-8.210000000000000631e-02
2.536999999999999811e-01
9.566000000000000059e-01
-6.218000000000000194e-01
8.012000000000000233e-01
9.926000000000000378e-01
6.730000000000000426e-01
5.846000000000000085e-01
-9.062999999999999945e-01
6.912000000000000366e-01
1.729999999999999871e-01
-8.036999999999999700e-01
-2.233999999999999875e-01
2.343000000000000083e-01
7.856999999999999540e-01
7.738000000000000433e-01
-1.569000000000000117e-01
8.709999999999999964e-01
2.735000000000000209e-01
-8.652999999999999581e-01
7.150999999999999579e-01
-9.968000000000000194e-01
8.767000000000000348e-01
9.599999999999999159e-03
-4.310999999999999832e-01
7.677000000000000490e-01
2.060000000000000026e-02
-1.537999999999999923e-01
-4.914000000000000035e-01
3.059999999999999942e-01
5.896000000000000130e-01
9.788000000000000034e-01
-8.110000000000000542e-02
-5.273999999999999799e-01
8.323000000000000398e-01
4.844999999999999862e-01
9.769999999999999796e-01
5.140000000000000124e-01
7.639999999999999569e-02
-4.746000000000000218e-01
-4.843000000000000083e-01
4.205999999999999739e-01
-9.255999999999999783e-01
7.100999999999999535e-01
3.484999999999999765e-01
5.051999999999999824e-01
-9.052000000000000046e-01
-8.302000000000000490e-01
-9.616000000000000103e-01
2.812000000000000055e-01
-1.130000000000000032e-01
8.870999999999999996e-01
4.697000000000000064e-01
-5.381000000000000227e-01
3.360000000000000209e-01
2.056000000000000050e-01
-8.770000000000000018e-01
9.666000000000000147e-01
4.719999999999999890e-02
3.034999999999999920e-01
6.902000000000000357e-01
-3.509999999999999926e-02
3.034999999999999920e-01
5.536999999999999700e-01
-8.680999999999999828e-01
8.034999999999999920e-01
-4.680000000000000132e-02
4.566999999999999948e-01
