-3.410000000000000253e-01
5.657999999999999696e-01
-5.772000000000000464e-01
9.048000000000000487e-01
-3.377000000000000002e-01
5.737999999999999767e-01
-5.708999999999999631e-01
4.228000000000000091e-01
4.494000000000000217e-01
3.183000000000000274e-01
9.235999999999999766e-01
2.746000000000000107e-01
8.451999999999999513e-01
6.837999999999999634e-01
-4.565000000000000169e-01
4.874999999999999889e-01
-5.449000000000000510e-01
9.268999999999999462e-01
7.131999999999999451e-01
-1.048999999999999932e-01
8.770000000000000018e-02
9.375999999999999890e-01
5.953000000000000513e-01
7.570000000000000340e-02
-9.086999999999999522e-01
4.433000000000000274e-01
1.995999999999999996e-01
-5.614000000000000101e-01
7.732999999999999874e-01
-7.623999999999999666e-01
4.759999999999999787e-01
-8.780999999999999917e-01
1.351999999999999869e-01
7.262999999999999456e-01
2.515999999999999903e-01
-8.622999999999999554e-01
3.064000000000000057e-01
9.758999999999999897e-01
-7.131999999999999451e-01
-4.507999999999999785e-01
-5.298000000000000487e-01
-6.313999999999999613e-01
9.620999999999999552e-01
1.423999999999999988e-01
-1.577999999999999958e-01
8.068999999999999506e-01
-7.456000000000000405e-01
-7.639000000000000234e-01
-2.500000000000000139e-02
6.450000000000000178e-02
-5.979999999999999760e-01
-3.425000000000000266e-01
7.655999999999999472e-01
7.755999999999999561e-01
6.633000000000000007e-01
-5.476999999999999647e-01
3.327999999999999847e-01
-3.341999999999999971e-01
9.082000000000000073e-01
3.086999999999999744e-01
-1.633000000000000007e-01
3.548999999999999932e-01
-2.983000000000000096e-01
1.095000000000000001e-01
7.813999999999999835e-01
1.960999999999999965e-01
-9.740999999999999659e-01
-4.884999999999999898e-01
3.489999999999999769e-01
-5.548999999999999488e-01
-5.634000000000000119e-01
-9.610000000000000486e-02
-7.288000000000000034e-01
7.689999999999999614e-02
-8.379999999999999949e-02
