8.810000000000000053e-01
4.428000000000000269e-01
-9.274000000000000021e-01
-4.284999999999999920e-01
2.237999999999999989e-01
6.395999999999999464e-01
6.702000000000000179e-01
2.371000000000000052e-01
7.872999999999999998e-01
-2.472999999999999921e-01
3.921000000000000041e-01
5.769999999999999574e-01
4.603999999999999759e-01
-3.155000000000000027e-01
-2.379999999999999893e-01
5.860999999999999543e-01
7.451999999999999735e-01
5.098000000000000309e-01
6.906999999999999806e-01
6.721000000000000307e-01
-8.562999999999999501e-01
6.219999999999999835e-02
-2.817999999999999949e-01
-1.039000000000000062e-01
-7.418000000000000149e-01
-7.570000000000000062e-01
-1.431000000000000050e-01
2.286999999999999866e-01
-2.783999999999999808e-01
7.400000000000000328e-03
9.630999999999999561e-01
-2.762000000000000011e-01
7.135000000000000231e-01
7.640000000000000124e-01
9.102999999999999980e-01
9.396999999999999797e-01
-2.060000000000000026e-02
-6.095000000000000417e-01
7.079999999999999627e-01
9.368999999999999551e-01
-4.130000000000000338e-02
7.630000000000000671e-02
-3.069999999999999951e-01
-7.108999999999999764e-01
7.789999999999999702e-02
7.268000000000000016e-01
-9.062000000000000055e-01
5.899999999999999689e-02
3.719000000000000083e-01
1.516000000000000125e-01
8.019999999999999352e-02
7.258999999999999897e-01
1.637000000000000122e-01
8.819000000000000172e-01
-2.041999999999999926e-01
2.709999999999999909e-02
2.773999999999999799e-01
-3.186999999999999833e-01
-7.129999999999999671e-01
-2.650000000000000133e-01
-7.127999999999999892e-01
4.419000000000000150e-01
-4.288000000000000145e-01
-6.700000000000000226e-03
-7.820000000000000284e-01
4.892000000000000237e-01
7.814999999999999725e-01
-3.425000000000000266e-01
-8.836000000000000520e-01
9.245999999999999774e-01
9.574000000000000288e-01
6.429000000000000270e-01
-2.436000000000000110e-01
9.397999999999999687e-01
8.700999999999999845e-01
