-8.074000000000000066e-01
4.897000000000000242e-01
3.242999999999999772e-01
-9.775000000000000355e-01
-5.229999999999999927e-02
3.819999999999999785e-02
5.948999999999999844e-01
8.779000000000000137e-01
-7.610999999999999988e-01
5.725999999999999979e-01
-6.645999999999999686e-01
-5.600000000000000533e-01
-6.312999999999999723e-01
-6.516999999999999460e-01
-7.412999999999999590e-01
-4.652999999999999914e-01
9.533000000000000362e-01
9.600000000000000200e-02
-8.096999999999999753e-01
-4.650000000000000244e-01
7.295000000000000373e-01
9.489999999999999825e-02
6.954000000000000181e-01
3.578000000000000069e-01
2.883999999999999897e-01
-4.884000000000000008e-01
1.849999999999999908e-02
7.848000000000000531e-01
4.521999999999999909e-01
-9.648999999999999799e-01
2.529999999999999957e-02
5.482000000000000206e-01
-8.121000000000000441e-01
-8.087999999999999634e-01
-1.340999999999999970e-01
9.875000000000000444e-01
7.762000000000000011e-01
8.774999999999999467e-01
-3.513000000000000012e-01
6.342999999999999750e-01
-2.785000000000000253e-01
8.554000000000000492e-01
8.638000000000000123e-01
-1.718000000000000083e-01
1.454999999999999905e-01
-9.520000000000000684e-02
1.860999999999999877e-01
7.294000000000000483e-01
9.445000000000000062e-01
-9.857000000000000206e-01
5.593000000000000194e-01
9.197999999999999510e-01
8.561999999999999611e-01
-1.789999999999999925e-02
2.124999999999999944e-01
1.962000000000000133e-01
4.739999999999999769e-01
5.683000000000000274e-01
-3.607000000000000206e-01
1.233999999999999958e-01
7.391999999999999682e-01
-1.545999999999999874e-01
-8.893999999999999684e-01
-1.220000000000000077e-02
8.155000000000000027e-01
-2.278000000000000025e-01
-2.252000000000000113e-01
5.680000000000000326e-02
9.303000000000000158e-01
7.280000000000000360e-02
8.506000000000000227e-01
5.484999999999999876e-01
9.231000000000000316e-01
2.079999999999999905e-01
-2.500000000000000052e-03
