-3.094000000000000083e-01
-1.943999999999999895e-01
9.829999999999999849e-02
9.202000000000000179e-01
3.519999999999999796e-01
3.904000000000000248e-01
-3.897999999999999798e-01
1.753000000000000114e-01
7.974999999999999867e-01
9.792999999999999483e-01
8.512999999999999456e-01
-2.933999999999999941e-01
2.426999999999999991e-01
2.318000000000000060e-01
4.889000000000000012e-01
-7.689000000000000279e-01
-6.372999999999999776e-01
9.538999999999999702e-01
1.820000000000000090e-02
5.285999999999999588e-01
2.283000000000000029e-01
8.047999999999999599e-01
-4.209999999999999853e-02
4.845999999999999752e-01
-2.743999999999999773e-01
-5.980999999999999650e-01
-5.273999999999999799e-01
7.258000000000000007e-01
-1.739999999999999880e-02
-2.700000000000000143e-03
-3.359999999999999792e-02
1.643000000000000016e-01
9.111000000000000210e-01
3.432999999999999940e-01
-9.299999999999999239e-03
9.006999999999999451e-01
2.819999999999999729e-01
4.309000000000000052e-01
-9.141000000000000236e-01
2.272000000000000131e-01
1.683999999999999941e-01
2.356999999999999929e-01
-5.535999999999999810e-01
9.519999999999999574e-01
-9.822999999999999510e-01
-4.658999999999999808e-01
5.157000000000000473e-01
8.878000000000000336e-01
7.157000000000000028e-01
7.751000000000000112e-01
-5.695000000000000062e-01
-8.113000000000000211e-01
-5.171000000000000041e-01
8.800000000000000530e-03
2.376000000000000056e-01
1.507000000000000006e-01
-3.618000000000000105e-01
-5.977000000000000091e-01
8.655000000000000471e-01
4.470000000000000084e-01
-7.398000000000000131e-01
-6.307000000000000384e-01
7.920000000000000651e-02
7.318000000000000060e-01
-3.125999999999999890e-01
-2.470999999999999863e-01
1.260000000000000009e-02
8.907000000000000473e-01
6.357000000000000428e-01
9.784000000000000474e-01
4.042999999999999927e-01
-3.179000000000000159e-01
3.296000000000000041e-01
3.749999999999999861e-02
7.243000000000000549e-01
