-4.540000000000000285e-02
3.587000000000000188e-01
1.300999999999999934e-01
-5.595999999999999863e-01
1.696999999999999897e-01
-3.860000000000000098e-01
2.879999999999999782e-01
-1.403999999999999970e-01
6.392999999999999794e-01
-5.029999999999999749e-02
-2.020000000000000129e-01
-4.386999999999999789e-01
1.554999999999999993e-01
-1.668000000000000038e-01
-4.151000000000000245e-01
3.420000000000000123e-02
-5.731000000000000538e-01
2.172000000000000042e-01
4.428000000000000269e-01
8.025999999999999801e-01
-2.549000000000000155e-01
-3.684000000000000052e-01
5.628999999999999559e-01
-2.907000000000000139e-01
-3.674000000000000044e-01
-4.670000000000000262e-01
-1.769000000000000017e-01
8.938000000000000389e-01
8.409999999999999420e-02
3.315000000000000169e-01
6.801000000000000378e-01
-5.460000000000000270e-02
5.419999999999999818e-02
-7.116999999999999993e-01
-7.670000000000000429e-02
-2.011000000000000010e-01
-7.106999999999999984e-01
9.959000000000000075e-01
9.963999999999999524e-01
8.820000000000000062e-01
6.420000000000000151e-01
-7.165000000000000258e-01
-6.943000000000000282e-01
-4.480999999999999983e-01
9.977000000000000313e-01
3.168000000000000260e-01
-3.467000000000000082e-01
5.155999999999999472e-01
1.653999999999999915e-01
-6.160000000000000198e-02
9.299999999999999933e-02
4.783999999999999919e-01
-4.495999999999999996e-01
6.505999999999999561e-01
-6.555999999999999606e-01
-8.830000000000000349e-02
6.827999999999999625e-01
1.214999999999999969e-01
-4.158999999999999919e-01
-3.271000000000000019e-01
-1.004000000000000031e-01
-6.381999999999999895e-01
4.479999999999999954e-02
-2.763999999999999790e-01
-6.731000000000000316e-01
5.330000000000000016e-02
8.031000000000000361e-01
8.577000000000000179e-01
5.177000000000000490e-01
4.104999999999999760e-01
2.349999999999999867e-01
-5.328000000000000513e-01
4.603999999999999759e-01
-9.207999999999999519e-01
-4.467999999999999750e-01
