-4.035000000000000253e-01
-7.923000000000000043e-01
9.300000000000000488e-01
-2.001000000000000001e-01
-1.882999999999999952e-01
-3.704999999999999960e-01
6.382999999999999785e-01
-1.613999999999999879e-01
-9.719999999999999474e-02
5.923000000000000487e-01
-4.361999999999999766e-01
-5.300000000000000266e-01
2.011000000000000010e-01
8.911000000000000032e-01
-3.356999999999999984e-01
-5.087000000000000410e-01
-6.260000000000000286e-02
-8.396000000000000130e-01
2.767000000000000015e-01
-4.300000000000000003e-03
5.006000000000000449e-01
-9.425000000000000044e-01
-4.466999999999999860e-01
-2.156000000000000139e-01
1.202000000000000013e-01
2.063000000000000111e-01
-7.576000000000000512e-01
8.598999999999999977e-01
1.789999999999999925e-01
5.303999999999999826e-01
3.709999999999999964e-01
-6.861000000000000432e-01
3.028000000000000136e-01
4.878000000000000114e-01
5.429000000000000492e-01
-2.472000000000000031e-01
7.882000000000000117e-01
-5.538999999999999480e-01
-7.523999999999999577e-01
-5.799999999999999600e-01
5.039000000000000146e-01
-3.528999999999999915e-01
-2.497999999999999943e-01
9.021000000000000130e-01
-1.680000000000000104e-01
-4.702000000000000068e-01
5.099000000000000199e-01
7.225000000000000311e-01
-5.282999999999999918e-01
8.540000000000000369e-02
1.464999999999999913e-01
-6.473999999999999755e-01
-6.469999999999999363e-02
8.997000000000000552e-01
-9.181000000000000272e-01
-6.924000000000000155e-01
5.619999999999999996e-02
-5.272999999999999909e-01
-7.722999999999999865e-01
2.079999999999999905e-02
-2.102999999999999869e-01
8.340999999999999526e-01
2.965999999999999748e-01
-2.107999999999999874e-01
4.830000000000000265e-02
5.872000000000000552e-01
1.444999999999999896e-01
-8.596000000000000307e-01
4.149999999999999800e-01
1.411000000000000032e-01
-5.890999999999999570e-01
6.822000000000000286e-01
-2.826000000000000179e-01
-5.172999999999999821e-01
-9.432000000000000384e-01
