-9.911999999999999700e-01
-4.240000000000000019e-02
-9.745000000000000329e-01
7.753999999999999782e-01
-6.169999999999999790e-02
-4.079999999999999738e-01
2.559000000000000163e-01
9.464000000000000190e-01
-2.020000000000000129e-01
-4.595000000000000195e-01
2.300999999999999990e-01
4.965999999999999859e-01
-8.703999999999999515e-01
-4.471999999999999864e-01
4.245999999999999774e-01
9.955000000000000515e-01
-8.447999999999999954e-01
3.197999999999999732e-01
5.688999999999999613e-01
-7.563999999999999613e-01
6.699000000000000510e-01
-8.890000000000000679e-02
-9.997000000000000330e-01
7.259999999999999787e-01
5.356999999999999540e-01
3.593999999999999972e-01
1.050999999999999990e-01
-7.994999999999999885e-01
-8.394000000000000350e-01
-3.830000000000000071e-01
6.229999999999999982e-01
-5.612000000000000322e-01
-9.109000000000000430e-01
-5.745000000000000107e-01
7.560000000000000053e-02
3.876000000000000001e-01
-3.461000000000000187e-01
-4.673999999999999821e-01
7.741000000000000103e-01
-8.478999999999999870e-01
9.800999999999999712e-01
-2.702999999999999847e-01
2.000000000000000042e-03
-9.290000000000000480e-01
-7.234000000000000430e-01
-6.952000000000000401e-01
6.157000000000000250e-01
8.539999999999999813e-01
1.446000000000000063e-01
2.001999999999999891e-01
-6.269000000000000128e-01
-6.521000000000000130e-01
2.338999999999999968e-01
-6.258000000000000229e-01
2.842000000000000082e-01
-2.731000000000000094e-01
-8.972999999999999865e-01
6.706999999999999629e-01
9.627000000000000002e-01
8.959999999999999909e-02
8.200000000000000344e-02
4.303000000000000158e-01
-6.363999999999999657e-01
4.927000000000000268e-01
-8.045999999999999819e-01
-3.109999999999999917e-02
3.740000000000000269e-02
8.440999999999999615e-01
-8.625000000000000444e-01
8.016999999999999682e-01
-1.940999999999999948e-01
8.305000000000000160e-01
5.198000000000000398e-01
8.696000000000000396e-01
3.670000000000000345e-02
