-1.880999999999999894e-01
-4.158000000000000029e-01
5.812000000000000499e-01
1.980000000000000093e-01
4.486999999999999877e-01
4.959000000000000075e-01
-4.541999999999999926e-01
-8.249999999999999556e-01
-4.500000000000000111e-01
-8.413000000000000478e-01
4.772000000000000131e-01
-7.000000000000000666e-02
-2.316000000000000003e-01
-9.239000000000000545e-01
-2.144000000000000072e-01
-7.393999999999999462e-01
8.491999999999999549e-01
-7.459000000000000075e-01
-7.309999999999999831e-01
8.649999999999999356e-02
7.571999999999999842e-01
-6.776999999999999691e-01
3.185000000000000053e-01
-5.431000000000000272e-01
5.654000000000000137e-01
-1.360999999999999988e-01
7.831000000000000183e-01
2.625000000000000111e-01
5.090000000000000080e-02
-4.798000000000000043e-01
-6.571000000000000174e-01
1.112999999999999962e-01
-7.369999999999999885e-01
-5.512000000000000233e-01
9.201000000000000290e-01
1.918999999999999873e-01
1.428999999999999992e-01
-4.269999999999999907e-01
1.724999999999999867e-01
-7.845999999999999641e-01
1.937000000000000111e-01
3.124000000000000110e-01
-9.348999999999999533e-01
-9.213999999999999968e-01
-8.169999999999999485e-01
3.405000000000000249e-01
1.625000000000000056e-01
-5.269999999999999685e-02
-2.912000000000000144e-01
-8.914999999999999591e-01
3.625999999999999779e-01
5.784000000000000252e-01
-3.185999999999999943e-01
5.953000000000000513e-01
3.261999999999999900e-01
-3.770999999999999908e-01
3.281000000000000028e-01
1.207000000000000017e-01
5.020000000000000018e-01
-8.688000000000000167e-01
-7.230000000000000315e-02
-6.835999999999999854e-01
-9.468999999999999639e-01
3.612000000000000210e-01
-3.639000000000000012e-01
-8.436000000000000165e-01
-3.963999999999999746e-01
-8.004000000000000004e-01
-1.055999999999999994e-01
-8.596000000000000307e-01
9.416999999999999815e-01
3.760999999999999899e-01
-6.350999999999999979e-01
-1.170999999999999958e-01
-6.899999999999999883e-03
