3.114999999999999991e-01
-4.848999999999999977e-01
-5.709999999999999798e-02
-9.957000000000000295e-01
-8.094000000000000083e-01
-8.901999999999999913e-01
-7.257000000000000117e-01
5.866999999999999993e-01
-8.699999999999999400e-03
8.409999999999999420e-02
1.837000000000000022e-01
9.050000000000000266e-01
1.248999999999999971e-01
4.966999999999999749e-01
4.410000000000000031e-02
5.151000000000000023e-01
1.559999999999999998e-01
1.244999999999999996e-01
-1.150999999999999940e-01
2.790000000000000119e-02
-1.430000000000000021e-02
-1.247000000000000053e-01
-1.218000000000000055e-01
1.797999999999999876e-01
2.253000000000000003e-01
6.319000000000000172e-01
1.504999999999999949e-01
-6.949999999999999512e-01
-8.381999999999999451e-01
-3.119999999999999996e-01
8.571999999999999620e-01
-3.570999999999999730e-01
-9.918000000000000149e-01
1.940000000000000058e-01
9.582000000000000517e-01
-4.415000000000000036e-01
-7.600999999999999979e-01
-9.892999999999999572e-01
-2.295000000000000095e-01
-7.219999999999999751e-01
-2.059999999999999887e-01
-6.091999999999999638e-01
4.218000000000000083e-01
-6.699000000000000510e-01
7.670000000000000151e-01
4.682000000000000051e-01
7.015000000000000124e-01
-4.429000000000000159e-01
-4.390000000000000152e-02
6.818999999999999506e-01
8.458999999999999853e-01
-8.224000000000000199e-01
-5.249999999999999806e-02
-4.373000000000000220e-01
-3.185000000000000053e-01
7.383999999999999453e-01
8.637000000000000233e-01
1.165000000000000063e-01
5.436999999999999611e-01
-8.548999999999999932e-01
-1.119999999999999989e-02
-3.519999999999999796e-01
-6.059999999999999831e-01
-6.462999999999999856e-01
3.622000000000000219e-01
8.362000000000000544e-01
-2.480999999999999872e-01
9.055999999999999606e-01
5.260000000000000231e-01
1.129999999999999928e-02
2.975999999999999757e-01
-8.469999999999999751e-01
-8.923999999999999710e-01
6.069999999999999701e-02
-8.417999999999999927e-01
