8.638000000000000123e-01
-1.494999999999999940e-01
4.159999999999999809e-01
-9.916000000000000369e-01
2.752000000000000002e-01
8.526000000000000245e-01
-7.345000000000000417e-01
-2.403000000000000136e-01
2.252000000000000113e-01
-7.684999999999999609e-01
-8.272000000000000464e-01
-5.335999999999999632e-01
-8.213000000000000300e-01
7.226000000000000201e-01
-4.710000000000000298e-02
-4.462999999999999745e-01
8.548999999999999932e-01
1.358000000000000040e-01
-2.121000000000000107e-01
-4.874999999999999889e-01
-5.474999999999999867e-01
-5.510000000000000453e-01
6.381999999999999895e-01
-3.034000000000000030e-01
-5.708999999999999631e-01
-3.897999999999999798e-01
4.610000000000000209e-02
-2.861000000000000210e-01
7.113000000000000433e-01
6.116000000000000325e-01
1.277999999999999969e-01
-9.959999999999999964e-01
-2.953000000000000069e-01
-1.069999999999999944e-02
8.036999999999999700e-01
8.445000000000000284e-01
2.309999999999999901e-02
1.963000000000000023e-01
9.595000000000000195e-01
-5.230000000000000204e-01
-7.157000000000000028e-01
-4.850000000000000144e-02
2.828999999999999848e-01
-4.434000000000000163e-01
-5.052999999999999714e-01
1.068000000000000060e-01
9.998000000000000220e-01
-8.970000000000000195e-02
-2.152999999999999914e-01
4.008999999999999786e-01
-8.559999999999999831e-01
3.876000000000000001e-01
8.083000000000000185e-01
-3.488999999999999879e-01
-2.258000000000000007e-01
8.369999999999999662e-02
4.748999999999999888e-01
4.573999999999999733e-01
-7.945999999999999730e-01
-7.855999999999999650e-01
-9.092000000000000082e-01
-1.952000000000000124e-01
8.949000000000000288e-01
4.588999999999999746e-01
-8.040000000000000480e-01
7.252999999999999448e-01
9.570999999999999508e-01
-8.064000000000000057e-01
6.612999999999999989e-01
-7.421999999999999709e-01
-7.739000000000000323e-01
2.680000000000000160e-01
-4.360999999999999877e-01
-5.599999999999999943e-03
5.359000000000000430e-01
