3.608000000000000096e-01
-9.020000000000000240e-01
-8.872999999999999776e-01
2.910000000000000087e-02
-7.761000000000000121e-01
-6.385999999999999455e-01
-5.331000000000000183e-01
2.630000000000000115e-01
-8.985999999999999543e-01
2.376000000000000056e-01
2.891000000000000236e-01
7.725999999999999535e-01
9.085999999999999632e-01
4.055000000000000271e-01
7.489999999999999991e-01
-1.194000000000000061e-01
4.154999999999999805e-01
2.853999999999999870e-01
-5.767999999999999794e-01
7.977999999999999536e-01
-1.988000000000000045e-01
-2.500000000000000139e-02
9.701999999999999513e-01
8.387000000000000011e-01
5.999999999999999778e-02
1.095000000000000001e-01
-9.715000000000000302e-01
-7.907999999999999474e-01
9.547999999999999821e-01
4.481999999999999873e-01
1.320999999999999952e-01
7.338000000000000078e-01
-8.718000000000000194e-01
8.181000000000000494e-01
-7.557000000000000384e-01
7.926999999999999602e-01
5.799999999999999600e-03
-4.163999999999999924e-01
7.539000000000000146e-01
-7.990000000000000435e-01
-2.726999999999999980e-01
6.667999999999999483e-01
-4.171000000000000263e-01
-5.984000000000000430e-01
1.539000000000000090e-01
-3.936999999999999944e-01
-1.918999999999999873e-01
1.431999999999999940e-01
-6.095000000000000417e-01
2.336000000000000021e-01
-5.361000000000000210e-01
8.635000000000000453e-01
2.713999999999999746e-01
7.184000000000000385e-01
-6.210000000000000242e-02
6.293999999999999595e-01
1.539999999999999980e-01
9.690999999999999615e-01
-7.422999999999999599e-01
1.945000000000000062e-01
-9.989000000000000101e-01
5.680000000000000326e-02
6.783000000000000140e-01
-8.316000000000000059e-01
9.424000000000000155e-01
3.472000000000000086e-01
-2.371000000000000052e-01
7.678000000000000380e-01
-4.798000000000000043e-01
-4.429999999999999910e-02
3.220000000000000084e-01
-5.524999999999999911e-01
7.642999999999999794e-01
2.515999999999999903e-01
-2.722999999999999865e-01
