-5.455999999999999739e-01
-6.768999999999999462e-01
7.863999999999999879e-01
-8.751999999999999780e-01
-2.505999999999999894e-01
2.406000000000000083e-01
-2.137000000000000011e-01
6.815999999999999837e-01
-7.090999999999999526e-01
-8.990000000000000213e-01
6.915000000000000036e-01
1.431999999999999940e-01
1.208000000000000046e-01
9.082000000000000073e-01
7.290000000000000646e-02
5.106000000000000538e-01
5.520000000000000462e-01
-5.150000000000000133e-01
-3.693000000000000171e-01
-5.020000000000000157e-02
-1.693000000000000060e-01
7.213000000000000522e-01
6.165000000000000480e-01
6.240999999999999881e-01
8.738000000000000211e-01
6.746999999999999664e-01
6.650000000000000355e-02
-9.119000000000000439e-01
9.811999999999999611e-01
-4.000000000000000222e-01
8.500000000000000611e-03
8.508000000000000007e-01
-7.309999999999999831e-02
-2.278999999999999915e-01
7.109999999999999654e-02
7.884999999999999787e-01
9.799999999999999822e-01
-1.024999999999999939e-01
-6.714999999999999858e-01
5.735999999999999988e-01
1.784999999999999920e-01
8.283000000000000362e-01
-3.403999999999999804e-01
-7.724999999999999645e-01
-4.899000000000000021e-01
6.634999999999999787e-01
-3.103000000000000203e-01
-2.751000000000000112e-01
1.220000000000000077e-02
-5.568999999999999506e-01
-8.429999999999999993e-02
-5.123999999999999666e-01
3.992999999999999883e-01
-7.036999999999999922e-01
-2.232999999999999985e-01
4.569999999999999757e-02
9.664000000000000368e-01
-8.505000000000000338e-01
7.483999999999999542e-01
-7.109999999999999654e-02
2.526999999999999802e-01
-2.751000000000000112e-01
6.019999999999999796e-01
-7.893999999999999906e-01
-1.761999999999999955e-01
-9.101000000000000201e-01
5.089000000000000190e-01
2.634000000000000230e-01
5.339000000000000412e-01
3.849000000000000199e-01
6.502000000000000002e-01
9.647999999999999909e-01
-2.058999999999999997e-01
-3.326000000000000068e-01
9.339999999999999691e-02
