6.876999999999999780e-01
-7.539999999999999480e-02
3.004999999999999893e-01
-7.962000000000000188e-01
8.401999999999999469e-01
6.851000000000000423e-01
-8.355000000000000204e-01
5.082999999999999741e-01
-1.218999999999999945e-01
5.403000000000000025e-01
-8.772999999999999687e-01
8.836000000000000520e-01
-9.718999999999999861e-01
-7.052000000000000490e-01
9.725000000000000311e-01
3.746999999999999775e-01
-3.539999999999999813e-01
-2.736999999999999988e-01
-7.701000000000000068e-01
9.185999999999999721e-01
7.923000000000000043e-01
8.243000000000000327e-01
9.255999999999999783e-01
-9.451000000000000512e-01
4.008999999999999786e-01
-7.314000000000000501e-01
-3.662000000000000255e-01
7.433999999999999497e-01
-9.538999999999999702e-01
1.416999999999999926e-01
-2.955999999999999739e-01
-8.580999999999999739e-01
