5.225999999999999535e-01
1.824999999999999956e-01
9.080000000000000293e-01
1.756000000000000061e-01
8.824999999999999512e-01
4.329000000000000070e-01
1.980999999999999983e-01
9.653000000000000469e-01
-9.183000000000000052e-01
-1.988000000000000045e-01
-1.089999999999999997e-02
9.405999999999999917e-01
-5.571000000000000396e-01
-5.499000000000000554e-01
-9.820999999999999730e-01
2.006000000000000005e-01
-4.460000000000000075e-02
-7.956999999999999629e-01
-1.872000000000000053e-01
-4.512999999999999790e-01
-3.739999999999999991e-01
3.299999999999999982e-03
-4.262000000000000233e-01
-8.429999999999999716e-01
-9.963999999999999524e-01
-3.783000000000000251e-01
5.513000000000000123e-01
-7.351999999999999647e-01
-7.077999999999999847e-01
-2.165999999999999870e-01
-4.607999999999999874e-01
3.049999999999999933e-01
