-8.148999999999999577e-01
-4.516000000000000014e-01
-8.043000000000000149e-01
4.386999999999999789e-01
1.307000000000000106e-01
-7.190000000000000557e-02
3.094000000000000083e-01
-5.485999999999999766e-01
1.703999999999999959e-01
4.349999999999999700e-02
5.204999999999999627e-01
3.401000000000000134e-01
-5.193999999999999728e-01
-9.761999999999999567e-01
-5.449999999999999983e-02
1.491999999999999993e-01
-2.717999999999999861e-01
8.051000000000000378e-01
7.160999999999999588e-01
-5.189000000000000279e-01
-9.418999999999999595e-01
5.840000000000000052e-02
-6.300000000000000044e-03
4.229999999999999871e-01
6.124000000000000554e-01
-5.197000000000000508e-01
-9.110000000000000042e-02
7.906999999999999584e-01
4.305999999999999828e-01
-5.086000000000000520e-01
-1.484999999999999931e-01
-5.512000000000000233e-01
