-6.812000000000000277e-01
6.009999999999999787e-01
3.602000000000000202e-01
-1.426999999999999935e-01
-1.539999999999999980e-01
-8.066999999999999726e-01
-4.813999999999999946e-01
-4.721000000000000196e-01
-1.613999999999999879e-01
8.565000000000000391e-01
6.866999999999999771e-01
-2.932000000000000162e-01
-5.349999999999999895e-02
-2.525999999999999912e-01
5.705000000000000071e-01
-2.661000000000000032e-01
2.837999999999999967e-01
-4.283000000000000140e-01
6.840000000000000524e-01
-4.675000000000000266e-01
-3.204000000000000181e-01
-2.469999999999999973e-02
-4.484000000000000208e-01
8.866000000000000547e-01
-9.050000000000000266e-01
2.670000000000000151e-01
8.780999999999999917e-01
1.150000000000000050e-01
5.683000000000000274e-01
3.330000000000000182e-01
-7.197999999999999954e-01
5.925000000000000266e-01
