-1.900999999999999912e-01
-2.807000000000000051e-01
9.728999999999999870e-01
9.527999999999999803e-01
1.411000000000000032e-01
9.768000000000000016e-01
-3.679999999999999938e-01
-8.399999999999999481e-03
3.664000000000000035e-01
8.771999999999999797e-01
5.214999999999999636e-01
1.912999999999999978e-01
-2.124000000000000055e-01
-3.977999999999999869e-01
-5.079999999999999793e-02
-5.463000000000000078e-01
-8.042000000000000259e-01
-5.051999999999999824e-01
-6.370999999999999996e-01
3.830999999999999961e-01
-3.375000000000000222e-01
4.563999999999999724e-01
9.959999999999999964e-01
-2.898000000000000020e-01
8.214000000000000190e-01
9.331000000000000405e-01
-5.665000000000000036e-01
-5.714000000000000190e-01
-7.551999999999999824e-01
3.244000000000000217e-01
1.434999999999999887e-01
-5.149000000000000243e-01
