4.760000000000000342e-02
8.407000000000000028e-01
-5.314999999999999725e-01
1.983999999999999930e-01
1.930000000000000049e-01
4.950000000000000233e-02
3.110999999999999877e-01
-2.867000000000000104e-01
4.658999999999999808e-01
6.470000000000000195e-01
3.240000000000000102e-01
-8.842999999999999750e-01
-8.732999999999999652e-01
-5.133999999999999675e-01
-7.399999999999999911e-01
-7.064000000000000279e-01
2.521999999999999797e-01
-8.718000000000000194e-01
1.000000000000000021e-03
6.880000000000000004e-02
1.476000000000000090e-01
1.242000000000000048e-01
-3.998999999999999777e-01
-9.959000000000000075e-01
6.002999999999999448e-01
-8.457999999999999963e-01
5.480000000000000149e-02
-6.744999999999999885e-01
-4.743999999999999884e-01
9.962999999999999634e-01
1.480000000000000066e-02
-7.910000000000000364e-02
