5.999999999999999474e-04
-7.679999999999999327e-02
5.810999999999999499e-01
-2.237999999999999989e-01
-8.907000000000000473e-01
3.513999999999999901e-01
-8.340000000000000191e-02
-3.664000000000000035e-01
-3.009000000000000008e-01
-5.817999999999999838e-01
-3.042000000000000259e-01
-5.794000000000000261e-01
9.135999999999999677e-01
3.670999999999999819e-01
-8.116999999999999771e-01
1.830000000000000029e-02
1.005999999999999950e-01
8.968000000000000416e-01
5.865000000000000213e-01
4.833999999999999964e-01
9.819999999999999840e-01
-7.423999999999999488e-01
-3.451000000000000179e-01
5.759999999999999842e-02
-2.883000000000000007e-01
1.716999999999999915e-01
-8.648000000000000131e-01
-1.444000000000000006e-01
4.707000000000000073e-01
1.504000000000000059e-01
7.806999999999999496e-01
7.841000000000000192e-01
