4.753999999999999893e-01
6.037000000000000144e-01
-1.678000000000000047e-01
-8.500999999999999668e-01
-9.770999999999999686e-01
4.639999999999999680e-02
-3.812999999999999723e-01
-3.487999999999999989e-01
-9.035999999999999588e-01
2.122999999999999887e-01
-8.128999999999999559e-01
-2.736000000000000099e-01
5.190000000000000169e-02
7.456000000000000405e-01
-6.673000000000000043e-01
-7.762000000000000011e-01
5.979999999999999899e-02
9.130000000000000615e-02
9.729999999999999760e-01
-1.579000000000000126e-01
2.174000000000000099e-01
7.597000000000000419e-01
4.346999999999999753e-01
-3.922999999999999821e-01
-2.980999999999999761e-01
9.720999999999999641e-01
-9.342000000000000304e-01
6.217000000000000304e-01
-6.519999999999999407e-02
5.543000000000000149e-01
-3.274000000000000243e-01
-7.570999999999999952e-01
