7.713999999999999746e-01
-4.984999999999999987e-01
1.600000000000000033e-01
-7.994999999999999885e-01
5.977999999999999980e-01
1.134000000000000008e-01
-1.101000000000000034e-01
4.865999999999999770e-01
-8.708000000000000185e-01
4.469000000000000195e-01
-6.473999999999999755e-01
-6.685999999999999721e-01
4.948000000000000176e-01
-1.799000000000000044e-01
3.280000000000000276e-02
-7.900000000000000078e-02
6.481999999999999984e-01
9.109000000000000430e-01
1.149000000000000021e-01
9.796000000000000263e-01
7.733999999999999764e-01
3.950000000000000178e-01
-4.410000000000000031e-02
-1.595999999999999919e-01
-8.884999999999999565e-01
4.854999999999999871e-01
8.942999999999999838e-01
-6.477000000000000535e-01
7.157000000000000028e-01
-9.334000000000000075e-01
-7.004000000000000226e-01
-8.278999999999999693e-01
