-2.288000000000000034e-01
-9.856000000000000316e-01
6.814999999999999947e-01
-9.622000000000000552e-01
3.294000000000000261e-01
2.449999999999999956e-01
6.992000000000000437e-01
-6.844999999999999973e-01
-3.160000000000000309e-02
1.608999999999999875e-01
3.860000000000000098e-01
-9.429999999999999494e-01
-3.457000000000000073e-01
-7.049999999999999323e-02
4.752000000000000113e-01
-3.336000000000000076e-01
6.389000000000000234e-01
-1.502000000000000002e-01
5.947999999999999954e-01
2.737999999999999878e-01
1.754999999999999893e-01
-1.379999999999999977e-02
-8.364000000000000323e-01
4.749999999999999778e-01
9.717000000000000082e-01
-2.836000000000000187e-01
-4.935999999999999832e-01
9.075999999999999623e-01
-3.925000000000000155e-01
1.719999999999999862e-01
-4.222000000000000197e-01
-1.854999999999999982e-01
