-2.011999999999999900e-01
-3.158000000000000251e-01
-1.529999999999999936e-02
9.760000000000000620e-02
1.799000000000000044e-01
7.763999999999999790e-01
-4.984000000000000097e-01
4.531999999999999917e-01
-9.075999999999999623e-01
7.979000000000000536e-01
1.716999999999999915e-01
-4.599999999999999922e-03
7.457000000000000295e-01
8.739000000000000101e-01
3.487999999999999989e-01
4.940999999999999837e-01
4.798000000000000043e-01
-5.416999999999999593e-01
6.790000000000000202e-02
8.322000000000000508e-01
5.038000000000000256e-01
-9.605000000000000204e-01
-3.799999999999999906e-02
5.282000000000000028e-01
7.311999999999999611e-01
-1.032000000000000001e-01
-6.385999999999999455e-01
6.400000000000000133e-01
9.042000000000000037e-01
3.477000000000000091e-01
-4.415999999999999925e-01
1.698000000000000065e-01
