1.168000000000000010e-01
6.177000000000000268e-01
-5.940999999999999615e-01
6.229000000000000092e-01
8.108999999999999542e-01
-4.330999999999999850e-01
5.103999999999999648e-01
9.091000000000000192e-01
-6.498000000000000442e-01
-9.135999999999999677e-01
4.845999999999999752e-01
1.524000000000000077e-01
7.226000000000000201e-01
-8.355000000000000204e-01
9.052000000000000046e-01
1.292999999999999983e-01
-1.489000000000000046e-01
6.841000000000000414e-01
4.714999999999999747e-01
9.352000000000000313e-01
8.264000000000000234e-01
-3.281999999999999917e-01
-8.749000000000000110e-01
8.484000000000000430e-01
3.323999999999999733e-01
3.633000000000000118e-01
9.552000000000000490e-01
-2.938999999999999946e-01
1.991999999999999882e-01
2.089999999999999913e-01
-3.380000000000000226e-01
-8.324000000000000288e-01
