8.115999999999999881e-01
8.767000000000000348e-01
3.385000000000000231e-01
-6.896999999999999797e-01
-6.270000000000000573e-02
-3.942999999999999838e-01
-2.679000000000000270e-01
-7.672999999999999821e-01
6.906999999999999806e-01
1.728000000000000091e-01
5.099999999999999672e-02
-9.608999999999999764e-01
2.097999999999999865e-01
8.082000000000000295e-01
9.689999999999999725e-01
9.348999999999999533e-01
-3.121999999999999775e-01
-9.210000000000000131e-02
7.800000000000000266e-01
8.175999999999999934e-01
3.413999999999999813e-01
2.796000000000000152e-01
7.438000000000000167e-01
-8.086999999999999744e-01
-9.124999999999999778e-01
3.186999999999999833e-01
1.507000000000000006e-01
-3.068000000000000171e-01
-2.546999999999999820e-01
9.219000000000000528e-01
5.835000000000000187e-01
-2.199999999999999872e-02
