5.309000000000000385e-01
-6.569999999999999452e-02
-4.760000000000000342e-02
-7.527000000000000357e-01
1.670999999999999985e-01
5.155999999999999472e-01
5.486999999999999655e-01
6.660000000000000642e-02
1.004000000000000031e-01
-4.497999999999999776e-01
9.606000000000000094e-01
8.821999999999999842e-01
6.995000000000000107e-01
-5.806999999999999940e-01
9.307999999999999607e-01
6.811000000000000387e-01
1.619999999999999912e-02
-5.174999999999999600e-01
-7.695999999999999508e-01
7.411999999999999700e-01
-8.346999999999999975e-01
-5.440000000000000391e-01
2.159999999999999976e-01
-7.906999999999999584e-01
-8.135000000000000009e-01
-9.700000000000000289e-02
-5.738999999999999657e-01
8.931000000000000050e-01
-6.077000000000000179e-01
-4.837000000000000188e-01
8.635000000000000453e-01
2.570999999999999952e-01
