-7.660000000000000142e-02
-5.750999999999999446e-01
-3.667000000000000259e-01
-8.948000000000000398e-01
1.024000000000000049e-01
-4.818000000000000060e-01
2.099999999999999870e-03
-9.902999999999999581e-01
8.078999999999999515e-01
-3.613000000000000100e-01
8.828000000000000291e-01
5.100000000000000366e-03
-1.612999999999999989e-01
-1.418000000000000094e-01
-2.363999999999999990e-01
6.360000000000000375e-02
-9.163999999999999924e-01
2.952000000000000179e-01
-6.553999999999999826e-01
8.859999999999999820e-02
-8.041000000000000369e-01
8.608999999999999986e-01
1.882000000000000062e-01
-9.349999999999999978e-02
5.027000000000000357e-01
4.819999999999999840e-01
7.063000000000000389e-01
2.936000000000000276e-01
-3.881999999999999895e-01
-3.640999999999999792e-01
-1.640000000000000138e-02
5.009999999999999870e-02
