-5.979999999999999899e-02
2.778999999999999804e-01
-7.389000000000000012e-01
-5.292000000000000037e-01
-1.845999999999999863e-01
-2.467000000000000026e-01
-1.607000000000000095e-01
7.923000000000000043e-01
-3.523000000000000020e-01
6.609000000000000430e-01
6.381000000000000005e-01
-2.800000000000000058e-02
7.849000000000000421e-01
-1.905000000000000027e-01
9.503000000000000336e-01
-3.084000000000000075e-01
7.440999999999999837e-01
-6.595999999999999641e-01
4.050000000000000128e-02
3.568000000000000060e-01
-6.019999999999999796e-01
6.572999999999999954e-01
-8.838000000000000300e-01
-2.464999999999999969e-01
-9.552000000000000490e-01
1.874000000000000110e-01
7.380999999999999783e-01
-7.330000000000000404e-02
-5.238000000000000433e-01
-5.431000000000000272e-01
6.790000000000000202e-02
6.519999999999999407e-02
9.162000000000000144e-01
-6.500000000000000222e-01
-3.225999999999999979e-01
7.203000000000000513e-01
-3.649999999999999772e-02
-9.596999999999999975e-01
7.973999999999999977e-01
-8.927000000000000490e-01
7.426000000000000378e-01
-4.900999999999999801e-01
2.356999999999999929e-01
-9.485999999999999988e-01
-4.848999999999999977e-01
