3.981000000000000094e-01
-1.716000000000000025e-01
-1.170000000000000033e-02
8.814999999999999503e-01
-6.898999999999999577e-01
5.322000000000000064e-01
-1.600000000000000033e-01
7.808000000000000496e-01
-3.749000000000000110e-01
5.975000000000000311e-01
-9.257999999999999563e-01
-6.500000000000000222e-02
8.239999999999999547e-01
5.532000000000000250e-01
-6.017000000000000126e-01
-1.932000000000000106e-01
-2.610999999999999988e-01
9.745000000000000329e-01
-1.607999999999999985e-01
8.218999999999999639e-01
-1.829999999999999960e-01
-8.162000000000000366e-01
7.224000000000000421e-01
2.543000000000000260e-01
4.847000000000000197e-01
-2.693999999999999728e-01
-6.564999999999999725e-01
-9.000000000000000222e-01
3.004000000000000004e-01
-2.666999999999999926e-01
-9.224999999999999867e-01
-1.804000000000000048e-01
1.809999999999999942e-01
3.336000000000000076e-01
4.655000000000000249e-01
-4.900000000000000189e-02
4.976999999999999758e-01
7.532999999999999696e-01
2.509000000000000119e-01
-1.239999999999999991e-01
-3.800000000000000044e-01
-8.073000000000000176e-01
-7.589999999999999525e-02
5.514999999999999902e-01
-1.399999999999999986e-03
