2.469999999999999973e-02
4.560000000000000164e-02
-4.613999999999999768e-01
7.803999999999999826e-01
-4.980999999999999872e-01
-4.440000000000000197e-02
-3.927999999999999825e-01
4.013999999999999790e-01
-2.290000000000000091e-01
-7.994999999999999885e-01
-7.668000000000000371e-01
4.830000000000000265e-02
-9.805000000000000382e-01
-5.799999999999999600e-01
3.625999999999999779e-01
5.806000000000000050e-01
-2.321000000000000008e-01
4.798000000000000043e-01
7.789000000000000368e-01
6.553999999999999826e-01
-8.530999999999999694e-01
-3.044000000000000039e-01
7.080000000000000182e-02
-6.502000000000000002e-01
1.804000000000000048e-01
-4.682999999999999940e-01
-1.188000000000000028e-01
-1.126999999999999946e-01
2.841000000000000192e-01
7.308000000000000052e-01
5.651000000000000467e-01
-8.141000000000000458e-01
7.378000000000000114e-01
7.770000000000000240e-01
-2.940999999999999726e-01
7.749999999999999944e-02
-3.387999999999999901e-01
5.047000000000000375e-01
-2.626000000000000001e-01
6.098000000000000087e-01
-1.202000000000000013e-01
6.198000000000000176e-01
-4.285999999999999810e-01
5.703000000000000291e-01
-2.348999999999999977e-01
