9.579999999999999627e-01
-5.132999999999999785e-01
8.783999999999999586e-01
7.143000000000000460e-01
-7.657000000000000473e-01
1.345999999999999974e-01
-9.363000000000000211e-01
9.557999999999999829e-01
-1.615999999999999936e-01
1.748000000000000109e-01
-8.880000000000000393e-02
1.110000000000000014e-01
-4.326999999999999735e-01
-6.095000000000000417e-01
-4.530000000000000138e-01
-9.253000000000000114e-01
-5.466999999999999638e-01
-6.078999999999999959e-01
6.600000000000000311e-01
8.501999999999999558e-01
2.285000000000000087e-01
9.400000000000000369e-03
-6.030999999999999694e-01
-4.329999999999999960e-01
4.830000000000000265e-02
7.033000000000000362e-01
-2.585999999999999965e-01
4.763000000000000012e-01
-8.440999999999999615e-01
-4.789999999999999813e-02
-4.320999999999999841e-01
8.816000000000000503e-01
9.022000000000000020e-01
-6.056000000000000272e-01
7.500999999999999890e-01
-8.356000000000000094e-01
8.899999999999999578e-02
-7.383999999999999453e-01
-3.799999999999999906e-02
-2.336000000000000021e-01
-1.161999999999999977e-01
-8.088999999999999524e-01
1.494999999999999940e-01
-5.947000000000000064e-01
6.277000000000000357e-01
