9.270000000000000462e-02
-8.536000000000000254e-01
-5.220000000000000334e-02
-4.018999999999999795e-01
2.227999999999999980e-01
-3.130999999999999894e-01
-2.822999999999999954e-01
9.013999999999999790e-01
5.329000000000000403e-01
-2.518000000000000238e-01
9.827000000000000179e-01
5.959999999999999742e-01
8.519999999999999796e-01
8.081000000000000405e-01
1.173000000000000015e-01
4.502999999999999781e-01
-1.185999999999999971e-01
2.390000000000000110e-02
4.270000000000000184e-02
-3.158000000000000251e-01
-5.706999999999999851e-01
-1.960999999999999965e-01
-8.549999999999999822e-01
2.209000000000000130e-01
1.666999999999999871e-01
-8.125999999999999890e-01
-3.196999999999999842e-01
5.077000000000000401e-01
-7.883000000000000007e-01
5.003999999999999559e-01
-2.572999999999999732e-01
7.520000000000000295e-02
3.956000000000000072e-01
-5.410000000000000225e-02
9.008000000000000451e-01
6.583999999999999853e-01
1.867000000000000048e-01
8.598999999999999977e-01
-9.350000000000000533e-01
5.953000000000000513e-01
-8.249999999999999556e-01
1.434999999999999887e-01
3.130000000000000143e-02
9.633000000000000451e-01
-2.659000000000000252e-01
