-8.883999999999999675e-01
7.203000000000000513e-01
-4.061000000000000165e-01
-4.162000000000000144e-01
7.613999999999999657e-01
8.568000000000000060e-01
6.432999999999999829e-01
-3.793000000000000260e-01
5.394999999999999796e-01
-2.969999999999999862e-01
1.307000000000000106e-01
-1.469999999999999953e-02
3.496000000000000218e-01
5.899999999999999689e-01
-7.449000000000000066e-01
-6.429000000000000270e-01
5.826000000000000068e-01
-5.050000000000000322e-02
-8.010000000000000453e-02
-8.339999999999999636e-01
-4.769999999999999796e-01
-1.428999999999999992e-01
7.473999999999999533e-01
-7.214000000000000412e-01
6.324999999999999512e-01
-9.806000000000000272e-01
9.921999999999999709e-01
4.425000000000000044e-01
-2.020000000000000129e-01
-4.329999999999999960e-01
8.803999999999999604e-01
-9.985000000000000542e-01
-6.812000000000000277e-01
1.136999999999999955e-01
-8.337999999999999856e-01
-6.210000000000000242e-02
3.492999999999999994e-01
4.628999999999999782e-01
-2.620000000000000107e-02
2.882000000000000117e-01
-6.451000000000000068e-01
-8.690000000000000502e-02
6.369000000000000217e-01
6.737999999999999545e-01
-7.480999999999999872e-01
