-3.800999999999999934e-01
7.653999999999999693e-01
-6.254999999999999449e-01
1.290000000000000001e-02
2.847000000000000086e-01
5.944000000000000394e-01
8.929000000000000270e-01
-9.699999999999999734e-01
5.414999999999999813e-01
8.365000000000000213e-01
-1.522000000000000020e-01
-8.046999999999999709e-01
2.129999999999999949e-02
-2.131000000000000116e-01
-7.223000000000000531e-01
1.441999999999999948e-01
1.444999999999999896e-01
6.250000000000000000e-01
9.304000000000000048e-01
-4.870000000000000023e-02
3.327999999999999847e-01
-8.878000000000000336e-01
8.065999999999999837e-01
-3.644999999999999907e-01
5.825000000000000178e-01
6.109999999999999876e-01
-1.231000000000000011e-01
8.969000000000000306e-01
6.956999999999999851e-01
-8.468999999999999861e-01
4.006000000000000116e-01
-8.385000000000000231e-01
-3.798000000000000265e-01
5.038000000000000256e-01
4.333000000000000185e-01
5.959999999999999742e-01
7.580999999999999961e-01
-1.484000000000000041e-01
-9.589999999999999636e-01
4.395999999999999908e-01
-1.338000000000000023e-01
7.812000000000000055e-01
-3.756999999999999784e-01
-3.819000000000000172e-01
-1.419999999999999873e-01
