9.505000000000000115e-01
-5.532000000000000250e-01
-4.424000000000000155e-01
-6.181999999999999718e-01
-7.023000000000000353e-01
5.108000000000000318e-01
-8.649999999999999356e-02
-8.114000000000000101e-01
-9.297999999999999599e-01
-7.513999999999999568e-01
9.928000000000000158e-01
5.930999999999999606e-01
5.635000000000000009e-01
3.704999999999999960e-01
-4.415000000000000036e-01
4.210999999999999743e-01
8.325000000000000178e-01
2.016000000000000014e-01
3.383999999999999786e-01
9.877000000000000224e-01
-2.560000000000000123e-02
-2.259999999999999856e-02
-3.189000000000000168e-01
-3.921000000000000041e-01
2.379000000000000004e-01
7.445000000000000506e-01
7.272999999999999465e-01
-6.439999999999999891e-02
-1.418000000000000094e-01
4.611999999999999988e-01
-3.259999999999999704e-02
-6.955999999999999961e-01
-9.402000000000000357e-01
4.591000000000000081e-01
1.194999999999999951e-01
4.699999999999999734e-01
-8.403000000000000469e-01
-2.091000000000000081e-01
7.839999999999999747e-02
-2.390000000000000110e-02
-4.113999999999999879e-01
-1.955000000000000071e-01
1.233000000000000068e-01
-6.423999999999999710e-01
4.149999999999999800e-01
