-7.123000000000000442e-01
2.046000000000000041e-01
1.156999999999999973e-01
-7.073000000000000398e-01
3.392999999999999905e-01
7.912000000000000144e-01
-5.524999999999999911e-01
2.479000000000000092e-01
-1.275000000000000022e-01
2.967000000000000193e-01
4.289000000000000035e-01
8.965999999999999526e-01
9.171000000000000263e-01
-6.667999999999999483e-01
-2.316000000000000003e-01
2.939999999999999905e-02
3.956000000000000072e-01
-8.867000000000000437e-01
9.407999999999999696e-01
-3.613999999999999990e-01
-8.874999999999999556e-01
1.282999999999999974e-01
4.124999999999999778e-01
-2.540000000000000036e-01
-9.276999999999999691e-01
-9.977000000000000313e-01
-8.550999999999999712e-01
7.105000000000000204e-01
-4.499000000000000221e-01
6.317000000000000393e-01
-2.078000000000000125e-01
4.777000000000000135e-01
4.759999999999999787e-01
-6.350000000000000089e-02
9.973999999999999533e-01
-6.400000000000000133e-01
-7.644999999999999574e-01
-6.812000000000000277e-01
9.700000000000000289e-02
6.710000000000000409e-01
-7.809000000000000385e-01
-8.937000000000000499e-01
6.785999999999999810e-01
5.717999999999999750e-01
7.428000000000000158e-01
