-6.701000000000000290e-01
9.272000000000000242e-01
-3.421000000000000152e-01
6.510000000000000508e-02
4.089999999999999747e-01
2.741000000000000103e-01
-3.841999999999999860e-01
-8.369999999999999662e-01
9.082000000000000073e-01
4.637000000000000011e-01
9.627000000000000002e-01
-9.426999999999999824e-01
-9.053999999999999826e-01
9.306999999999999718e-01
-5.486999999999999655e-01
-8.045999999999999819e-01
7.730000000000000204e-01
-8.024000000000000021e-01
3.044000000000000039e-01
-5.868999999999999773e-01
-4.627000000000000002e-01
6.337000000000000410e-01
7.852999999999999980e-01
6.179000000000000048e-01
3.662000000000000255e-01
5.580000000000000515e-01
5.978999999999999870e-01
3.345000000000000195e-01
-6.922000000000000375e-01
-7.719000000000000306e-01
3.987999999999999878e-01
-7.981000000000000316e-01
8.399999999999999481e-03
4.586999999999999966e-01
-9.388999999999999568e-01
5.594000000000000083e-01
-9.245999999999999774e-01
-1.663000000000000034e-01
-4.104999999999999760e-01
5.363999999999999879e-01
-9.935000000000000497e-01
6.956999999999999851e-01
9.399999999999999467e-01
-1.564000000000000112e-01
8.145999999999999908e-01
