-7.549999999999999767e-02
-4.149999999999999800e-01
9.379999999999999449e-02
-9.493000000000000327e-01
-6.441000000000000059e-01
-4.894000000000000017e-01
-5.401000000000000245e-01
6.663999999999999924e-01
-6.936999999999999833e-01
8.833999999999999631e-01
2.770000000000000240e-01
-4.416999999999999815e-01
-9.254999999999999893e-01
4.173999999999999932e-01
-5.934000000000000385e-01
3.100999999999999868e-01
8.355000000000000204e-01
6.777999999999999581e-01
-1.496999999999999997e-01
4.088999999999999857e-01
-7.881000000000000227e-01
-2.485999999999999877e-01
-9.932999999999999607e-01
7.732999999999999874e-01
-3.427999999999999936e-01
-2.636000000000000010e-01
2.615999999999999992e-01
4.021000000000000130e-01
-6.461000000000000076e-01
-1.140999999999999931e-01
7.391999999999999682e-01
5.165999999999999481e-01
7.611999999999999877e-01
5.320000000000000284e-01
2.604000000000000203e-01
-3.910000000000000281e-02
-8.895999999999999464e-01
-7.920000000000000651e-02
1.118999999999999995e-01
-2.487999999999999934e-01
-3.910000000000000142e-01
-6.312999999999999723e-01
-8.970000000000000195e-01
-9.475999999999999979e-01
-8.706000000000000405e-01
