2.127000000000000002e-01
6.409000000000000252e-01
-3.239000000000000212e-01
-7.520000000000000018e-01
5.697999999999999732e-01
1.032000000000000001e-01
3.386000000000000121e-01
-5.241000000000000103e-01
4.359999999999999987e-01
-5.373999999999999888e-01
4.009999999999999676e-02
2.003999999999999948e-01
-1.223999999999999949e-01
-4.621000000000000107e-01
3.978999999999999759e-01
-4.280999999999999805e-01
2.585000000000000075e-01
8.268999999999999684e-01
-9.429999999999999494e-01
5.807999999999999829e-01
-7.865999999999999659e-01
8.116999999999999771e-01
-7.745999999999999552e-01
5.687999999999999723e-01
-3.738000000000000211e-01
-1.000000000000000021e-02
7.239999999999999769e-01
-9.808000000000000052e-01
6.901000000000000467e-01
4.258000000000000118e-01
7.683999999999999719e-01
-7.320000000000000118e-02
-2.807999999999999940e-01
-4.583999999999999742e-01
-7.271999999999999575e-01
-3.950000000000000178e-01
1.446000000000000063e-01
-9.818000000000000060e-01
-1.955000000000000071e-01
-5.527999999999999581e-01
3.745999999999999885e-01
8.000000000000000383e-04
2.649999999999999925e-02
-8.977000000000000535e-01
-2.832999999999999963e-01
