-7.579000000000000181e-01
3.608999999999999986e-01
-6.649000000000000465e-01
-1.073999999999999955e-01
-6.391000000000000014e-01
3.130000000000000004e-01
-6.845999999999999863e-01
6.481999999999999984e-01
1.458000000000000129e-01
3.416000000000000147e-01
9.620999999999999552e-01
-6.484999999999999654e-01
8.887000000000000455e-01
-9.549999999999999600e-01
5.891999999999999460e-01
-4.519000000000000239e-01
7.278000000000000025e-01
9.705000000000000293e-01
-6.173999999999999488e-01
-2.827000000000000068e-01
5.434999999999999831e-01
9.717000000000000082e-01
4.415999999999999925e-01
-9.209000000000000519e-01
-9.633000000000000451e-01
-4.398000000000000242e-01
2.217000000000000082e-01
6.592999999999999972e-01
6.140000000000000319e-02
-3.870999999999999996e-01
3.654000000000000026e-01
-7.449000000000000066e-01
8.764999999999999458e-01
8.658000000000000140e-01
4.637000000000000011e-01
-8.102000000000000313e-01
2.149999999999999967e-01
9.052000000000000046e-01
9.377999999999999670e-01
8.675000000000000488e-01
6.780000000000000471e-01
6.584999999999999742e-01
5.449999999999999983e-02
-7.916999999999999593e-01
6.064000000000000501e-01
