7.541999999999999815e-01
-8.890000000000000679e-02
-8.179999999999999771e-02
-8.521999999999999575e-01
-5.997999999999999998e-01
4.059999999999999720e-02
7.159999999999999698e-01
-3.663000000000000145e-01
2.590000000000000080e-01
3.209000000000000186e-01
7.487000000000000322e-01
-3.804000000000000159e-01
7.689999999999999614e-02
2.747999999999999887e-01
-5.292999999999999927e-01
-4.254000000000000004e-01
1.774999999999999911e-01
9.778000000000000025e-01
-3.734999999999999987e-01
2.129999999999999949e-01
-2.541999999999999815e-01
3.624999999999999889e-01
-9.867000000000000215e-01
2.199000000000000121e-01
-7.613999999999999657e-01
8.219999999999999529e-01
1.648999999999999910e-01
-8.649000000000000021e-01
7.426000000000000378e-01
5.585999999999999854e-01
3.822999999999999732e-01
6.961000000000000520e-01
-2.708999999999999742e-01
-6.552999999999999936e-01
1.348999999999999921e-01
-7.920000000000000651e-02
-6.549000000000000377e-01
2.837999999999999967e-01
-7.782000000000000028e-01
-9.640999999999999570e-01
2.823999999999999844e-01
-8.999999999999999754e-04
8.161000000000000476e-01
5.173999999999999710e-01
-7.558000000000000274e-01
