-2.821000000000000174e-01
-2.948999999999999955e-01
-3.366999999999999993e-01
6.505999999999999561e-01
2.288000000000000034e-01
-9.768999999999999906e-01
2.058000000000000107e-01
-1.668000000000000038e-01
3.729000000000000092e-01
9.307999999999999607e-01
-3.165999999999999925e-01
9.412000000000000366e-01
-6.556999999999999496e-01
8.338999999999999746e-01
7.773999999999999799e-01
-1.479999999999999927e-01
-4.541000000000000036e-01
-3.301999999999999935e-01
-8.699999999999999956e-01
9.332000000000000295e-01
4.941999999999999726e-01
-1.796000000000000096e-01
-4.171000000000000263e-01
8.222000000000000419e-01
-8.927000000000000490e-01
-7.527000000000000357e-01
-3.640999999999999792e-01
4.631000000000000116e-01
-8.165000000000000036e-01
-6.627999999999999448e-01
-3.968999999999999750e-01
9.560000000000000442e-02
9.543000000000000371e-01
-4.830999999999999739e-01
-8.820000000000000062e-02
3.795999999999999930e-01
2.840000000000000163e-02
5.020000000000000018e-01
-4.471999999999999864e-01
-3.723000000000000198e-01
2.897000000000000131e-01
-7.211999999999999522e-01
2.514000000000000123e-01
-8.979000000000000314e-01
1.418000000000000094e-01
