6.814000000000000057e-01
7.906999999999999584e-01
8.234000000000000208e-01
-1.454000000000000015e-01
-6.695999999999999730e-01
-8.742999999999999661e-01
-3.629999999999999893e-01
-4.748999999999999888e-01
-9.183000000000000052e-01
-7.036999999999999922e-01
-9.616999999999999993e-01
2.233999999999999875e-01
5.243999999999999773e-01
3.356999999999999984e-01
3.542000000000000148e-01
3.355000000000000204e-01
6.682000000000000162e-01
-2.295999999999999985e-01
-3.592000000000000193e-01
6.067000000000000171e-01
2.079999999999999905e-01
-7.422999999999999599e-01
-1.889000000000000123e-01
6.347000000000000419e-01
-5.934000000000000385e-01
8.055999999999999828e-01
-3.257999999999999785e-01
-6.629000000000000448e-01
-9.889999999999999902e-01
-5.368000000000000549e-01
-4.207000000000000184e-01
8.699999999999999400e-02
-4.924999999999999933e-01
9.709999999999999742e-01
-4.818000000000000060e-01
4.895999999999999797e-01
6.457000000000000517e-01
5.776999999999999913e-01
-4.786000000000000254e-01
-1.423999999999999988e-01
8.365000000000000213e-01
8.344000000000000306e-01
4.319000000000000061e-01
3.739000000000000101e-01
9.506000000000000005e-01
