-9.697999999999999954e-01
-8.509999999999999509e-02
6.380000000000000115e-01
-5.366999999999999549e-01
6.619000000000000439e-01
-9.727000000000000091e-01
9.131000000000000227e-01
-1.204999999999999960e-01
7.557000000000000384e-01
-1.459999999999999909e-01
-4.420000000000000040e-01
7.977999999999999536e-01
-1.663000000000000034e-01
7.902000000000000135e-01
-8.217999999999999750e-01
-7.469999999999999973e-01
9.155999999999999694e-01
-1.127999999999999975e-01
4.111000000000000210e-01
-7.442999999999999616e-01
-6.886999999999999789e-01
6.301999999999999824e-01
-4.657000000000000028e-01
-5.848999999999999755e-01
-7.620000000000000384e-02
-4.487999999999999767e-01
2.892000000000000126e-01
-6.364999999999999547e-01
1.123999999999999999e-01
-4.658999999999999808e-01
-6.410000000000000142e-01
-9.062999999999999945e-01
-2.280999999999999972e-01
-5.391000000000000236e-01
8.932999999999999829e-01
-4.497999999999999776e-01
-5.741000000000000547e-01
9.147999999999999465e-01
-3.832999999999999741e-01
4.304999999999999938e-01
-8.628000000000000114e-01
4.395999999999999908e-01
8.511999999999999567e-01
2.906000000000000250e-01
-6.303999999999999604e-01
