2.705000000000000182e-01
-4.750000000000000056e-02
-2.810000000000000275e-01
7.217000000000000082e-01
-8.584000000000000519e-01
-6.264999999999999458e-01
-9.589999999999999636e-01
5.241999999999999993e-01
5.741000000000000547e-01
-5.162999999999999812e-01
-7.266000000000000236e-01
-4.077999999999999958e-01
7.638000000000000345e-01
3.321000000000000063e-01
2.291999999999999871e-01
-6.961000000000000520e-01
1.069999999999999979e-01
6.687999999999999501e-01
1.252999999999999947e-01
-2.257000000000000117e-01
4.032999999999999918e-01
-9.314999999999999947e-01
-8.819000000000000172e-01
5.324999999999999734e-01
-1.758000000000000118e-01
-1.257999999999999952e-01
6.807999999999999607e-01
-9.796000000000000263e-01
-8.279999999999999583e-01
-3.679999999999999938e-01
1.131000000000000061e-01
-5.131999999999999895e-01
-6.703000000000000069e-01
-4.732000000000000095e-01
7.116000000000000103e-01
2.248999999999999888e-01
-9.031000000000000139e-01
1.490000000000000005e-02
-3.401000000000000134e-01
-1.456000000000000072e-01
7.887999999999999456e-01
-5.051999999999999824e-01
8.922999999999999821e-01
-8.840000000000000080e-01
6.756999999999999673e-01
