1.193000000000000033e-01
9.860999999999999766e-01
-6.979999999999999538e-01
6.463999999999999746e-01
6.649000000000000465e-01
-9.489999999999999547e-01
7.810000000000000275e-01
-9.376999999999999780e-01
-1.179999999999999973e-02
9.049000000000000377e-01
-1.867999999999999938e-01
5.865000000000000213e-01
6.564999999999999725e-01
7.760000000000000231e-01
5.462000000000000188e-01
7.149999999999999689e-01
-7.030999999999999472e-01
-4.968000000000000194e-01
5.927999999999999936e-01
4.879000000000000004e-01
-9.015999999999999570e-01
4.786000000000000254e-01
-1.376999999999999891e-01
2.209000000000000130e-01
-7.506000000000000449e-01
6.655999999999999694e-01
-7.245000000000000329e-01
-4.892000000000000237e-01
-8.667000000000000259e-01
6.323999999999999622e-01
-7.109999999999999654e-02
8.188999999999999613e-01
-1.622000000000000108e-01
-6.579999999999999738e-02
-5.252000000000000002e-01
9.687999999999999945e-01
-8.690999999999999837e-01
5.947999999999999954e-01
1.759999999999999898e-01
-7.235000000000000320e-01
-8.238999999999999657e-01
-7.280999999999999694e-01
4.122000000000000108e-01
-6.844999999999999973e-01
-2.235999999999999932e-01
