-7.160999999999999588e-01
2.240999999999999936e-01
-5.221000000000000085e-01
8.137999999999999678e-01
3.699999999999999817e-02
5.531000000000000361e-01
5.189000000000000279e-01
-4.349999999999999700e-02
6.650000000000000355e-02
7.701999999999999957e-01
-2.938999999999999946e-01
6.703000000000000069e-01
-2.240000000000000047e-01
-3.437000000000000055e-01
-8.777000000000000357e-01
-4.827000000000000179e-01
-6.169999999999999929e-01
-1.170999999999999958e-01
-4.600000000000000200e-01
-4.107999999999999985e-01
3.270000000000000129e-01
3.189999999999999780e-02
-7.420999999999999819e-01
5.906000000000000139e-01
-1.761000000000000065e-01
-5.634000000000000119e-01
6.435999999999999499e-01
-1.590000000000000024e-01
-7.764999999999999680e-01
-5.619999999999999996e-02
-6.909999999999999476e-02
2.752000000000000002e-01
-3.186999999999999833e-01
3.201999999999999846e-01
-1.107000000000000067e-01
-6.671000000000000263e-01
-7.779999999999999416e-02
6.804999999999999938e-01
-7.561999999999999833e-01
7.953000000000000069e-01
-1.892999999999999960e-01
-9.478999999999999648e-01
2.286999999999999866e-01
8.968000000000000416e-01
1.140000000000000041e-02
