-4.028999999999999804e-01
-8.656000000000000361e-01
-6.447000000000000508e-01
9.079000000000000403e-01
-5.960000000000000020e-02
4.899000000000000021e-01
6.893000000000000238e-01
-6.097000000000000197e-01
3.381000000000000116e-01
1.575999999999999901e-01
1.680000000000000104e-01
-8.689999999999999947e-01
3.760000000000000009e-01
6.169000000000000039e-01
-4.994999999999999996e-01
6.459000000000000297e-01
-5.258000000000000451e-01
-1.246000000000000024e-01
7.389000000000000012e-01
-9.427999999999999714e-01
7.499000000000000110e-01
6.478000000000000425e-01
-9.502000000000000446e-01
4.475999999999999979e-01
5.927000000000000046e-01
-9.989999999999999991e-01
-3.013000000000000123e-01
1.602000000000000091e-01
8.494000000000000439e-01
-7.798000000000000487e-01
-9.488999999999999657e-01
-4.076000000000000179e-01
3.652000000000000246e-01
-2.190000000000000002e-01
-8.312000000000000499e-01
5.288000000000000478e-01
-2.041000000000000036e-01
-9.747000000000000108e-01
-4.923000000000000154e-01
1.673000000000000043e-01
4.274999999999999911e-01
4.956999999999999740e-01
-6.030999999999999694e-01
4.859999999999999876e-01
-8.154000000000000137e-01
