4.496999999999999886e-01
-4.990999999999999881e-01
-9.025999999999999579e-01
-5.511000000000000343e-01
1.517000000000000015e-01
-4.298000000000000154e-01
9.064999999999999725e-01
2.511999999999999789e-01
4.368000000000000216e-01
-6.060999999999999721e-01
2.199000000000000121e-01
-6.170999999999999819e-01
3.719999999999999696e-02
2.555000000000000049e-01
3.945000000000000173e-01
-9.065999999999999615e-01
-2.560000000000000123e-02
6.236000000000000432e-01
8.580999999999999739e-01
2.584000000000000186e-01
6.636999999999999567e-01
-1.867000000000000048e-01
7.657000000000000473e-01
8.764999999999999458e-01
-5.795000000000000151e-01
-7.437000000000000277e-01
9.912999999999999590e-01
8.205000000000000071e-01
-1.681999999999999884e-01
6.117000000000000215e-01
-7.399999999999999911e-01
8.438999999999999835e-01
-4.882000000000000228e-01
-1.399999999999999986e-03
-5.447999999999999510e-01
4.945999999999999841e-01
-5.755000000000000115e-01
-7.725999999999999535e-01
-3.062000000000000277e-01
-9.810999999999999721e-01
-3.579999999999999849e-01
1.820000000000000090e-02
-7.328000000000000069e-01
6.820000000000000506e-01
4.429000000000000159e-01
