-4.899999999999999911e-01
-9.283000000000000140e-01
6.070999999999999730e-01
-8.925999999999999490e-01
6.713999999999999968e-01
4.190999999999999726e-01
-3.789000000000000146e-01
4.485000000000000098e-01
2.200000000000000133e-03
-2.610000000000000098e-01
-4.910999999999999810e-01
-4.209999999999999853e-01
-8.717000000000000304e-01
-1.817000000000000004e-01
-4.935999999999999832e-01
7.824999999999999734e-01
-3.785000000000000031e-01
-6.562999999999999945e-01
-1.436999999999999944e-01
-4.823999999999999955e-01
-3.326999999999999957e-01
-8.116999999999999771e-01
2.560000000000000123e-02
-8.778000000000000247e-01
-4.519999999999999712e-02
-6.392999999999999794e-01
-2.207000000000000073e-01
1.439999999999999891e-01
4.113999999999999879e-01
6.549000000000000377e-01
4.154999999999999805e-01
3.323999999999999733e-01
-7.649000000000000243e-01
6.815999999999999837e-01
-4.551000000000000045e-01
-1.087999999999999939e-01
1.628999999999999893e-01
2.823999999999999844e-01
5.563000000000000167e-01
-5.907000000000000028e-01
3.316000000000000059e-01
-7.180000000000000271e-02
-4.320999999999999841e-01
7.540999999999999925e-01
6.684999999999999831e-01
