8.882999999999999785e-01
6.342999999999999750e-01
4.781000000000000250e-01
6.373999999999999666e-01
6.370000000000000107e-01
2.726000000000000090e-01
6.750000000000000444e-01
7.815999999999999615e-01
-1.867000000000000048e-01
4.719999999999999751e-01
4.240999999999999770e-01
7.114000000000000323e-01
-8.921000000000000041e-01
2.403000000000000136e-01
5.292000000000000037e-01
2.253000000000000003e-01
5.816999999999999948e-01
-2.043999999999999984e-01
9.556999999999999940e-01
8.183000000000000274e-01
-2.419999999999999929e-01
-7.628000000000000336e-01
-2.546999999999999820e-01
1.758000000000000118e-01
-4.189999999999999836e-01
-6.742000000000000215e-01
-5.396999999999999575e-01
-5.193999999999999728e-01
-8.715000000000000524e-01
8.524000000000000465e-01
-7.733999999999999764e-01
-5.866000000000000103e-01
-9.888000000000000123e-01
7.328999999999999959e-01
-6.352999999999999758e-01
-7.370000000000000162e-02
-8.899999999999999578e-02
-2.462000000000000022e-01
-9.707000000000000073e-01
-8.015999999999999792e-01
-1.028000000000000025e-01
8.710999999999999854e-01
-4.505000000000000115e-01
-5.746999999999999886e-01
-6.935000000000000053e-01
