-8.302000000000000490e-01
6.502999999999999892e-01
3.561000000000000276e-01
5.449000000000000510e-01
-9.444000000000000172e-01
-6.422999999999999821e-01
2.104999999999999927e-01
8.564000000000000501e-01
6.497000000000000552e-01
8.053000000000000158e-01
-7.961000000000000298e-01
3.165000000000000036e-01
4.045000000000000262e-01
-4.709999999999999742e-01
4.741000000000000214e-01
9.229000000000000536e-01
-1.021999999999999992e-01
4.490000000000000241e-02
3.684000000000000052e-01
8.247999999999999776e-01
-3.456000000000000183e-01
-5.718999999999999639e-01
-4.374000000000000110e-01
4.273000000000000131e-01
-2.510000000000000009e-01
7.643999999999999684e-01
-9.754000000000000448e-01
-5.727999999999999758e-01
9.605000000000000204e-01
-9.572000000000000508e-01
-5.705999999999999961e-01
5.522000000000000242e-01
-6.469999999999999363e-02
6.422999999999999821e-01
-2.482999999999999929e-01
-9.841999999999999638e-01
7.144000000000000350e-01
9.142000000000000126e-01
8.172000000000000375e-01
-9.002000000000000002e-01
-3.469999999999999751e-01
-3.916999999999999926e-01
-9.102999999999999980e-01
-1.180999999999999966e-01
8.568999999999999950e-01
