-5.916000000000000147e-01
-6.211999999999999744e-01
-4.999000000000000110e-01
2.989999999999999949e-02
-4.329000000000000070e-01
7.879000000000000448e-01
-7.738000000000000433e-01
5.940999999999999615e-01
-4.086000000000000187e-01
-6.844999999999999973e-01
1.978000000000000036e-01
-2.237999999999999989e-01
8.406000000000000139e-01
-3.330000000000000321e-02
-4.031000000000000139e-01
6.264999999999999458e-01
-9.202000000000000179e-01
-9.253000000000000114e-01
-4.699999999999999734e-01
1.444999999999999896e-01
-6.211999999999999744e-01
-5.013999999999999568e-01
-8.289999999999999591e-01
1.504999999999999949e-01
-5.837999999999999856e-01
-4.290000000000000063e-02
8.319999999999999618e-02
8.404000000000000359e-01
-9.004999999999999671e-01
-2.791000000000000147e-01
3.074999999999999956e-01
9.180000000000000382e-01
2.011999999999999900e-01
-5.096000000000000529e-01
-7.779999999999999416e-02
1.030000000000000013e-02
7.436000000000000387e-01
1.491999999999999993e-01
-7.753999999999999782e-01
-7.319999999999999840e-01
-1.110000000000000049e-02
3.250000000000000111e-02
-9.231000000000000316e-01
7.733999999999999764e-01
-6.243999999999999551e-01
