-3.568000000000000060e-01
-1.720000000000000001e-02
-3.599999999999999901e-03
-2.285000000000000087e-01
3.009000000000000008e-01
5.594999999999999973e-01
-8.429999999999999716e-01
9.687999999999999945e-01
5.291000000000000147e-01
1.082999999999999935e-01
-8.828000000000000291e-01
-4.721000000000000196e-01
-1.340000000000000080e-01
-9.858000000000000096e-01
3.407999999999999918e-01
8.770000000000000018e-02
9.978000000000000203e-01
1.801999999999999991e-01
8.214000000000000190e-01
-9.859999999999999321e-02
7.169999999999999984e-02
8.622999999999999554e-01
-2.933000000000000052e-01
-8.607000000000000206e-01
5.278000000000000469e-01
-7.186000000000000165e-01
5.672000000000000375e-01
8.971999999999999975e-01
2.300000000000000100e-01
-6.169000000000000039e-01
-5.413999999999999924e-01
-1.748000000000000109e-01
-7.455000000000000515e-01
9.062999999999999945e-01
1.370000000000000037e-02
1.620999999999999941e-01
-7.586000000000000520e-01
3.544999999999999818e-01
4.465999999999999970e-01
9.056999999999999496e-01
-9.992999999999999661e-01
1.396000000000000019e-01
5.846999999999999975e-01
3.798000000000000265e-01
-8.403000000000000469e-01
