-7.832999999999999963e-01
-1.433999999999999997e-01
-5.583000000000000185e-01
8.988000000000000433e-01
-5.946000000000000174e-01
3.240999999999999992e-01
-8.640999999999999792e-01
-7.476000000000000423e-01
-1.436000000000000054e-01
-8.658000000000000140e-01
1.403000000000000080e-01
8.228999999999999648e-01
9.049000000000000377e-01
7.839000000000000412e-01
6.645999999999999686e-01
-3.947999999999999843e-01
3.860999999999999988e-01
2.727999999999999869e-01
-1.749999999999999889e-01
-4.712000000000000077e-01
-7.153000000000000469e-01
-4.622999999999999887e-01
9.044999999999999707e-01
3.000999999999999779e-01
-1.396000000000000019e-01
-9.488999999999999657e-01
2.336000000000000021e-01
-6.127000000000000224e-01
-7.341999999999999638e-01
1.491000000000000103e-01
-6.332999999999999741e-01
-9.708999999999999853e-01
2.800000000000000058e-02
5.334999999999999742e-01
4.005000000000000226e-01
-2.802999999999999936e-01
5.011999999999999789e-01
5.020000000000000157e-02
4.470999999999999974e-01
7.719000000000000306e-01
6.905999999999999917e-01
1.628000000000000003e-01
8.630000000000000171e-02
4.344999999999999973e-01
-9.457999999999999741e-01
