-7.820000000000000562e-02
7.694999999999999618e-01
-9.458999999999999631e-01
3.746999999999999775e-01
6.297000000000000375e-01
7.090999999999999526e-01
-5.780999999999999472e-01
1.212000000000000022e-01
7.574999999999999512e-01
5.410000000000000364e-01
6.186000000000000387e-01
-9.576000000000000068e-01
-5.544999999999999929e-01
-2.358999999999999986e-01
-1.385000000000000120e-01
9.161000000000000254e-01
2.253000000000000003e-01
3.961000000000000076e-01
-7.019999999999999574e-01
-2.184999999999999998e-01
1.822999999999999898e-01
-1.949999999999999997e-02
6.248000000000000220e-01
-2.605000000000000093e-01
5.904000000000000359e-01
-4.545000000000000151e-01
2.160999999999999865e-01
-2.259999999999999856e-02
-1.577999999999999958e-01
-8.142000000000000348e-01
1.791999999999999982e-01
1.474999999999999922e-01
-9.630999999999999561e-01
6.370000000000000107e-01
-7.352999999999999536e-01
-2.810000000000000275e-01
-9.840999999999999748e-01
-9.379999999999999449e-01
5.950999999999999623e-01
8.883999999999999675e-01
-6.710000000000000409e-01
5.151000000000000023e-01
-2.529000000000000137e-01
4.035000000000000253e-01
7.022000000000000464e-01
5.150000000000000133e-01
-3.356999999999999984e-01
8.980000000000000482e-02
-4.625000000000000222e-01
-6.373999999999999666e-01
9.291000000000000369e-01
-7.914999999999999813e-01
-8.419999999999999707e-02
-8.429999999999999716e-01
8.861999999999999877e-01
1.267000000000000071e-01
3.304000000000000270e-01
2.524000000000000132e-01
5.249999999999999806e-02
9.874000000000000554e-01
4.302000000000000268e-01
7.922000000000000153e-01
-9.998000000000000220e-01
-2.023000000000000076e-01
2.854999999999999760e-01
-6.185000000000000497e-01
-1.681999999999999884e-01
8.535000000000000364e-01
4.390000000000000152e-02
-9.338999999999999524e-01
8.948000000000000398e-01
-4.388000000000000234e-01
4.418000000000000260e-01
7.104000000000000314e-01
-5.190000000000000169e-02
-6.650000000000000355e-01
8.911000000000000032e-01
-5.396999999999999575e-01
7.179999999999999716e-01
3.518999999999999906e-01
-7.598000000000000309e-01
-8.480999999999999650e-01
-5.414999999999999813e-01
9.792999999999999483e-01
-9.942999999999999616e-01
-7.449999999999999956e-01
-8.075999999999999845e-01
7.082000000000000517e-01
-3.402000000000000024e-01
5.473999999999999977e-01
6.391999999999999904e-01
-6.623999999999999888e-01
4.490000000000000102e-01
8.839000000000000190e-01
-8.293000000000000371e-01
-9.448999999999999622e-01
