6.168000000000000149e-01
5.109999999999999959e-02
-6.600000000000000311e-02
3.381000000000000116e-01
8.075999999999999845e-01
4.257000000000000228e-01
9.523000000000000353e-01
4.524000000000000243e-01
-1.552999999999999936e-01
-6.726999999999999647e-01
2.800000000000000058e-02
-6.293999999999999595e-01
-2.359999999999999945e-02
-4.516000000000000014e-01
-5.056000000000000494e-01
-4.792000000000000148e-01
-7.079999999999999627e-01
3.125999999999999890e-01
-4.050000000000000128e-02
-6.283999999999999586e-01
8.781999999999999806e-01
3.438999999999999835e-01
4.389000000000000123e-01
2.540999999999999925e-01
1.610999999999999932e-01
6.137000000000000233e-01
8.995999999999999552e-01
1.292000000000000093e-01
-3.212999999999999745e-01
-7.493999999999999551e-01
-1.673000000000000043e-01
-8.496000000000000218e-01
-3.279000000000000248e-01
5.585999999999999854e-01
-8.378999999999999782e-01
9.082999999999999963e-01
-4.940999999999999837e-01
8.104999999999999982e-01
2.589999999999999941e-02
8.725000000000000533e-01
2.873999999999999888e-01
-7.814999999999999725e-01
-5.984000000000000430e-01
2.656999999999999917e-01
7.824999999999999734e-01
4.434000000000000163e-01
9.122000000000000108e-01
-5.310000000000000275e-01
-2.617999999999999772e-01
6.339999999999999802e-02
6.771000000000000352e-01
-9.726000000000000201e-01
-4.817000000000000171e-01
5.765000000000000124e-01
6.664999999999999813e-01
2.644000000000000239e-01
-9.976000000000000423e-01
4.707999999999999963e-01
-5.030999999999999917e-01
9.053999999999999826e-01
4.359000000000000097e-01
5.241999999999999993e-01
2.713999999999999746e-01
7.052000000000000490e-01
7.543999999999999595e-01
-9.220000000000000417e-02
-2.973000000000000087e-01
-7.427000000000000268e-01
4.697000000000000064e-01
4.711000000000000187e-01
4.499999999999999833e-02
-8.407999999999999918e-01
8.068999999999999506e-01
-1.107000000000000067e-01
-5.840999999999999526e-01
3.980000000000000204e-01
8.516000000000000236e-01
8.428999999999999826e-01
5.747999999999999776e-01
-1.549999999999999989e-01
-9.515000000000000124e-01
-1.424999999999999878e-01
-5.117000000000000437e-01
4.520000000000000129e-01
-8.710999999999999854e-01
6.071999999999999620e-01
9.979000000000000092e-01
-1.141999999999999960e-01
-3.452000000000000068e-01
-9.930999999999999828e-01
-3.160000000000000309e-02
-1.029999999999999943e-01
5.210000000000000187e-01
4.288000000000000145e-01
-5.211999999999999966e-01
-9.314000000000000057e-01
