-7.829000000000000403e-01
-5.183999999999999719e-01
-6.287000000000000366e-01
-6.680000000000000382e-01
-7.113000000000000433e-01
9.040000000000000258e-01
-7.309999999999999831e-01
9.500000000000000111e-02
9.425999999999999934e-01
-5.010999999999999899e-01
8.309999999999999609e-01
-1.165999999999999953e-01
-4.479000000000000203e-01
-6.270999999999999908e-01
-7.210999999999999632e-01
4.681000000000000161e-01
-6.850000000000000533e-01
5.564000000000000057e-01
-2.700000000000000143e-03
-8.720999999999999863e-01
-9.389999999999999458e-01
2.494999999999999996e-01
8.829000000000000181e-01
-1.837000000000000022e-01
-7.481999999999999762e-01
7.305000000000000382e-01
-3.379999999999999671e-02
5.077000000000000401e-01
-5.700000000000000205e-03
7.131999999999999451e-01
1.082999999999999935e-01
-6.750000000000000444e-02
7.702999999999999847e-01
9.411000000000000476e-01
6.289000000000000146e-01
-2.750000000000000222e-01
-9.881999999999999673e-01
-1.600000000000000077e-03
7.007999999999999785e-01
-5.739999999999999547e-01
2.800000000000000266e-01
7.332999999999999519e-01
-7.806999999999999496e-01
6.434999999999999609e-01
6.519999999999999407e-02
3.810000000000000053e-01
5.668999999999999595e-01
-2.540000000000000036e-01
-4.469999999999999668e-02
-8.909000000000000252e-01
-3.393999999999999795e-01
1.430000000000000021e-02
-1.565000000000000002e-01
-6.267000000000000348e-01
8.239999999999999547e-01
5.219000000000000306e-01
4.005000000000000226e-01
4.161000000000000254e-01
1.569000000000000117e-01
-6.040999999999999703e-01
-5.970000000000000306e-02
-5.472000000000000197e-01
3.488999999999999879e-01
-6.715999999999999748e-01
1.995999999999999996e-01
9.937000000000000277e-01
-2.929999999999999966e-02
3.160999999999999921e-01
-3.679000000000000048e-01
-5.685000000000000053e-01
-4.017999999999999905e-01
-5.184999999999999609e-01
5.684000000000000163e-01
6.409000000000000252e-01
-7.305000000000000382e-01
8.930000000000000437e-02
4.312000000000000277e-01
-5.383999999999999897e-01
-6.294999999999999485e-01
8.559999999999999554e-02
3.250000000000000111e-01
1.480000000000000066e-02
-8.168999999999999595e-01
-5.184999999999999609e-01
-2.736000000000000099e-01
-3.148000000000000242e-01
2.782000000000000028e-01
-2.753999999999999782e-01
-9.975000000000000533e-01
-9.409999999999999476e-01
6.784999999999999920e-01
-5.455999999999999739e-01
1.950000000000000067e-01
7.432999999999999607e-01
-9.145999999999999686e-01
-2.949999999999999845e-01
