-1.150000000000000050e-01
-5.123999999999999666e-01
2.179999999999999993e-02
1.052000000000000018e-01
4.237000000000000210e-01
5.153999999999999693e-01
-1.554000000000000103e-01
1.295999999999999930e-01
-5.760999999999999455e-01
-9.947000000000000286e-01
-8.046999999999999709e-01
-9.660999999999999588e-01
7.973999999999999977e-01
3.169000000000000150e-01
-2.218999999999999861e-01
7.258999999999999897e-01
-6.302999999999999714e-01
-1.444999999999999896e-01
3.252999999999999781e-01
6.763000000000000123e-01
7.844999999999999751e-01
-1.550999999999999879e-01
6.434999999999999609e-01
6.743000000000000105e-01
2.442000000000000004e-01
3.103000000000000203e-01
-8.435000000000000275e-01
8.137999999999999678e-01
2.766000000000000125e-01
-5.265999999999999570e-01
8.909999999999999865e-02
-3.961000000000000076e-01
1.801999999999999991e-01
-9.245999999999999774e-01
-2.323999999999999955e-01
4.747999999999999998e-01
4.827000000000000179e-01
9.276999999999999691e-01
-1.595999999999999919e-01
-6.381000000000000005e-01
7.178999999999999826e-01
-9.667999999999999927e-01
-8.243000000000000327e-01
8.304000000000000270e-01
-3.073000000000000176e-01
7.989000000000000545e-01
-6.811000000000000387e-01
-7.717000000000000526e-01
2.048000000000000098e-01
1.895999999999999908e-01
-7.901000000000000245e-01
-9.048000000000000487e-01
7.752000000000000002e-01
-9.328999999999999515e-01
-1.087999999999999939e-01
-7.764999999999999680e-01
-1.252999999999999947e-01
7.189999999999999725e-01
1.039000000000000062e-01
9.859999999999999876e-01
3.321999999999999953e-01
-7.429000000000000048e-01
8.135999999999999899e-01
7.436000000000000387e-01
4.828000000000000069e-01
-8.994999999999999662e-01
4.275999999999999801e-01
-2.381000000000000061e-01
-9.734000000000000430e-01
5.389000000000000457e-01
8.537000000000000144e-01
-7.402999999999999581e-01
-8.820000000000000062e-01
-3.659000000000000030e-01
7.338000000000000078e-01
3.817999999999999727e-01
9.774000000000000465e-01
-4.658999999999999808e-01
7.906999999999999584e-01
-6.662000000000000144e-01
-6.592000000000000082e-01
8.285000000000000142e-01
3.854000000000000203e-01
-6.084000000000000519e-01
6.149999999999999911e-02
7.049999999999999600e-01
-9.489999999999999547e-01
1.383999999999999952e-01
7.110999999999999543e-01
-5.734000000000000208e-01
5.584999999999999964e-01
6.434999999999999609e-01
8.050000000000000211e-02
-4.959999999999999964e-01
-6.372999999999999776e-01
3.901999999999999913e-01
