-5.403999999999999915e-01
6.911000000000000476e-01
-6.824000000000000066e-01
9.840999999999999748e-01
-5.293999999999999817e-01
-4.388000000000000234e-01
-3.145999999999999908e-01
-1.236000000000000015e-01
-6.261999999999999789e-01
4.710000000000000298e-02
1.393000000000000071e-01
-8.318999999999999728e-01
5.149000000000000243e-01
9.529999999999999583e-02
2.676000000000000045e-01
9.545000000000000151e-01
6.512999999999999901e-01
-6.657999999999999474e-01
2.762999999999999901e-01
7.689000000000000279e-01
-1.145999999999999935e-01
-5.201999999999999957e-01
-1.325000000000000067e-01
7.430999999999999828e-01
-2.705000000000000182e-01
-2.530999999999999917e-01
-8.592999999999999527e-01
5.129000000000000226e-01
-7.672999999999999821e-01
-2.152000000000000024e-01
4.541000000000000036e-01
-8.486000000000000210e-01
9.569999999999999618e-01
6.252999999999999670e-01
-4.396999999999999797e-01
-4.914999999999999925e-01
-6.223999999999999533e-01
-6.510000000000000508e-02
5.917999999999999927e-01
-5.009999999999999870e-02
-1.299999999999999940e-03
6.080999999999999739e-01
-6.968999999999999639e-01
7.842999999999999972e-01
-4.134999999999999787e-01
-5.515999999999999792e-01
2.509000000000000119e-01
-9.457999999999999741e-01
-6.660000000000000364e-01
-7.651999999999999913e-01
-5.282999999999999918e-01
-5.154999999999999583e-01
2.549999999999999836e-02
-8.951999999999999957e-01
-8.219999999999999529e-02
-2.341000000000000025e-01
5.125999999999999446e-01
9.628999999999999782e-01
9.710999999999999632e-01
6.538000000000000478e-01
5.930999999999999606e-01
4.250000000000000305e-02
-2.215999999999999914e-01
-1.786000000000000087e-01
-5.756000000000000005e-01
-8.989000000000000323e-01
8.798000000000000265e-01
-1.922000000000000097e-01
4.087999999999999967e-01
6.377000000000000446e-01
-8.528000000000000025e-01
-5.427999999999999492e-01
4.606999999999999984e-01
-9.272000000000000242e-01
2.116999999999999993e-01
4.835999999999999743e-01
-7.669000000000000261e-01
-7.851000000000000201e-01
-7.900000000000000772e-03
8.727000000000000313e-01
-8.745000000000000551e-01
-2.500999999999999890e-01
4.953000000000000180e-01
-3.090999999999999859e-01
6.539000000000000368e-01
-6.719000000000000528e-01
2.142999999999999905e-01
-4.380000000000000004e-01
8.970000000000000195e-01
7.223000000000000531e-01
1.203999999999999931e-01
-4.642999999999999905e-01
3.538999999999999924e-01
-8.245999999999999996e-01
-6.058000000000000052e-01
5.836999999999999966e-01
