-1.335000000000000075e-01
-3.675999999999999823e-01
8.777000000000000357e-01
1.653999999999999915e-01
-8.650999999999999801e-01
9.689999999999999725e-01
9.661999999999999478e-01
-7.980000000000000426e-01
-1.738999999999999990e-01
8.463000000000000522e-01
-1.645999999999999963e-01
1.110000000000000049e-02
5.999999999999999778e-01
-9.410000000000000309e-02
-4.764999999999999791e-01
4.072000000000000064e-01
6.921000000000000485e-01
-3.723000000000000198e-01
3.247999999999999776e-01
-6.047000000000000153e-01
-3.449999999999999734e-01
3.027000000000000246e-01
3.476000000000000201e-01
6.209000000000000075e-01
-6.432999999999999829e-01
-8.319999999999999618e-02
-1.050000000000000065e-02
-5.630000000000000282e-02
4.829999999999999849e-01
-5.885000000000000231e-01
-4.000000000000000222e-01
8.487999999999999989e-01
9.485000000000000098e-01
-1.940999999999999948e-01
3.801999999999999824e-01
8.440000000000000280e-02
-3.623000000000000109e-01
-5.949999999999999734e-01
6.538000000000000478e-01
-6.583999999999999853e-01
-4.109999999999999765e-01
-1.111999999999999933e-01
1.020999999999999963e-01
8.729000000000000092e-01
5.325999999999999623e-01
-7.477000000000000313e-01
9.354999999999999982e-01
-3.719999999999999696e-02
-3.144000000000000128e-01
5.697999999999999732e-01
1.539000000000000090e-01
-4.613999999999999768e-01
-8.491999999999999549e-01
-4.830000000000000265e-02
-2.391999999999999960e-01
-7.856999999999999540e-01
6.102999999999999536e-01
7.479000000000000092e-01
1.539999999999999980e-01
3.250000000000000111e-01
-7.568000000000000282e-01
7.540000000000000036e-01
-6.521000000000000130e-01
-5.222999999999999865e-01
-9.550999999999999490e-01
-1.469999999999999918e-01
4.904000000000000026e-01
1.655999999999999972e-01
-9.025999999999999579e-01
2.670000000000000151e-01
3.534999999999999809e-01
-7.365000000000000435e-01
-8.219999999999999529e-02
3.756999999999999784e-01
3.659000000000000030e-01
-6.663999999999999924e-01
-7.815999999999999615e-01
2.449000000000000066e-01
-4.909999999999999781e-02
5.122999999999999776e-01
9.942999999999999616e-01
-5.538999999999999480e-01
5.472000000000000197e-01
-2.215000000000000024e-01
-1.577000000000000068e-01
8.451999999999999513e-01
-4.989999999999999991e-01
3.010999999999999788e-01
-8.854999999999999538e-01
-7.860000000000000320e-02
5.736999999999999877e-01
-3.435000000000000275e-01
7.650000000000000133e-01
3.593999999999999972e-01
6.219999999999999835e-02
5.545999999999999819e-01
