9.088000000000000522e-01
8.409999999999999420e-02
-2.680000000000000090e-02
-2.852000000000000091e-01
-4.264000000000000012e-01
-7.915999999999999703e-01
6.851000000000000423e-01
-7.185000000000000275e-01
-4.295999999999999819e-01
4.873999999999999999e-01
3.225999999999999979e-01
4.334000000000000075e-01
-7.940000000000000391e-01
4.536999999999999922e-01
-3.180000000000000049e-01
-6.094000000000000528e-01
-8.814999999999999503e-01
1.882999999999999952e-01
-2.467999999999999916e-01
-1.600999999999999923e-01
5.010999999999999899e-01
4.853000000000000091e-01
-1.112999999999999962e-01
7.177999999999999936e-01
-3.215999999999999970e-01
8.741999999999999771e-01
7.578000000000000291e-01
5.144999999999999574e-01
7.993999999999999995e-01
-3.487999999999999989e-01
-8.480999999999999650e-01
3.109999999999999987e-01
-9.953999999999999515e-01
-3.049999999999999933e-01
-9.825000000000000400e-01
-4.711000000000000187e-01
-4.389000000000000123e-01
3.378999999999999782e-01
2.879999999999999782e-01
-4.186000000000000276e-01
-3.388999999999999790e-01
-6.958999999999999631e-01
-5.187000000000000499e-01
-3.558000000000000052e-01
-6.953000000000000291e-01
-9.584000000000000297e-01
8.004000000000000004e-01
6.823000000000000176e-01
-9.311000000000000387e-01
-2.579000000000000181e-01
7.937999999999999501e-01
5.250000000000000222e-01
6.921000000000000485e-01
6.330999999999999961e-01
1.919999999999999832e-02
-8.670999999999999819e-01
3.795999999999999930e-01
-8.224000000000000199e-01
1.328000000000000014e-01
-7.879000000000000448e-01
3.500000000000000073e-03
-9.485000000000000098e-01
7.320000000000000118e-02
-6.360000000000000375e-02
-8.259999999999999565e-01
-5.349000000000000421e-01
-2.586999999999999855e-01
9.262000000000000233e-01
4.569999999999999757e-02
4.050000000000000128e-02
-1.940000000000000058e-02
-6.906999999999999806e-01
5.506999999999999673e-01
-5.144999999999999574e-01
-6.776999999999999691e-01
7.933999999999999941e-01
8.852999999999999758e-01
-6.199999999999999956e-01
-3.014000000000000012e-01
8.518000000000000016e-01
-5.899999999999999863e-03
8.302000000000000490e-01
-3.684000000000000052e-01
-2.614000000000000212e-01
-9.665000000000000258e-01
-8.858000000000000318e-01
3.418999999999999817e-01
6.320000000000000617e-02
-2.016999999999999904e-01
6.461000000000000076e-01
4.104999999999999760e-01
-1.305000000000000049e-01
-3.439999999999999725e-01
-4.421999999999999820e-01
8.659000000000000030e-01
-2.942000000000000171e-01
