1.038000000000000034e-01
-6.897999999999999687e-01
2.263999999999999901e-01
-9.889000000000000012e-01
8.407999999999999918e-01
5.931999999999999496e-01
-8.215999999999999970e-01
2.411000000000000087e-01
-2.960000000000000131e-02
-4.480000000000000093e-01
-2.932000000000000162e-01
4.021000000000000130e-01
5.057000000000000384e-01
-7.378000000000000114e-01
1.514999999999999958e-01
2.383000000000000118e-01
-9.110000000000000320e-01
-8.401999999999999469e-01
1.208000000000000046e-01
-7.910000000000000364e-02
2.247999999999999998e-01
-2.239999999999999977e-02
-2.736000000000000099e-01
7.873999999999999888e-01
-3.114999999999999991e-01
-2.585999999999999965e-01
-2.400000000000000050e-02
4.953000000000000180e-01
1.117999999999999966e-01
1.880000000000000004e-01
8.823999999999999622e-01
8.606000000000000316e-01
3.245000000000000107e-01
-9.323000000000000176e-01
-2.381000000000000061e-01
5.445999999999999730e-01
-1.472999999999999865e-01
1.190999999999999975e-01
6.111999999999999655e-01
3.398999999999999799e-01
-2.856000000000000205e-01
-1.416000000000000036e-01
9.054999999999999716e-01
4.128999999999999893e-01
-4.439000000000000168e-01
8.121000000000000441e-01
-3.668000000000000149e-01
1.760000000000000106e-02
8.471999999999999531e-01
-6.448000000000000398e-01
5.093999999999999639e-01
4.070000000000000007e-02
1.067000000000000032e-01
8.558999999999999941e-01
-8.500000000000000611e-02
-1.565000000000000002e-01
5.770000000000000129e-02
8.883999999999999675e-01
8.549999999999999822e-01
-7.270000000000000073e-02
-9.838000000000000078e-01
-4.497999999999999776e-01
-3.990000000000000213e-01
-6.943000000000000282e-01
-2.187000000000000055e-01
7.628000000000000336e-01
6.017000000000000126e-01
1.531000000000000139e-01
4.269000000000000017e-01
-2.323999999999999955e-01
4.970999999999999863e-01
-5.988999999999999879e-01
9.827000000000000179e-01
-2.169000000000000095e-01
5.558999999999999497e-01
-5.360000000000000181e-02
-9.111000000000000210e-01
8.334000000000000297e-01
4.176000000000000267e-01
5.037000000000000366e-01
-2.343000000000000083e-01
1.822000000000000008e-01
4.541000000000000036e-01
-3.261000000000000010e-01
-5.685999999999999943e-01
5.134999999999999565e-01
8.016999999999999682e-01
-6.598000000000000531e-01
-1.817000000000000004e-01
-6.124000000000000554e-01
-1.318000000000000005e-01
-2.562999999999999723e-01
4.102000000000000091e-01
-6.038999999999999924e-01
2.631999999999999895e-01
1.446999999999999953e-01
-8.972999999999999865e-01
-4.505000000000000115e-01
6.772000000000000242e-01
6.163999999999999480e-01
-5.578999999999999515e-01
8.117999999999999661e-01
7.430000000000000493e-02
1.111999999999999933e-01
-4.809999999999999692e-02
