-8.552999999999999492e-01
4.435999999999999943e-01
2.156000000000000139e-01
2.341000000000000025e-01
-4.087000000000000077e-01
-9.163999999999999924e-01
-3.624999999999999889e-01
4.210999999999999743e-01
5.726999999999999869e-01
5.154999999999999583e-01
5.150000000000000133e-01
-8.168999999999999595e-01
6.725999999999999757e-01
3.487000000000000099e-01
1.454000000000000015e-01
-9.204999999999999849e-01
-6.768999999999999462e-01
-1.948999999999999899e-01
-6.502000000000000002e-01
1.529999999999999971e-01
2.200000000000000011e-01
-1.910999999999999921e-01
-3.225999999999999979e-01
-6.844000000000000083e-01
1.615000000000000047e-01
4.020000000000000240e-01
2.336000000000000021e-01
7.199999999999999803e-03
-1.438000000000000111e-01
1.575000000000000011e-01
-8.052000000000000268e-01
9.890999999999999792e-01
-3.635999999999999788e-01
9.858000000000000096e-01
-8.350000000000000477e-02
-1.708999999999999964e-01
4.475000000000000089e-01
-9.199000000000000510e-01
-1.015999999999999959e-01
-5.474999999999999867e-01
-3.160000000000000031e-01
8.802999999999999714e-01
-2.970000000000000070e-02
-2.242999999999999994e-01
-4.138999999999999901e-01
4.541999999999999926e-01
2.110000000000000070e-02
-7.160999999999999588e-01
3.321000000000000063e-01
4.055000000000000271e-01
2.610000000000000098e-01
-7.855999999999999650e-01
7.776999999999999469e-01
-5.280000000000000249e-01
-4.071000000000000174e-01
-5.332000000000000073e-01
6.753000000000000114e-01
-8.121000000000000441e-01
-9.052000000000000046e-01
5.888999999999999790e-01
2.011999999999999900e-01
3.086999999999999744e-01
-8.423000000000000487e-01
-8.529999999999999805e-01
-6.957999999999999741e-01
1.302000000000000102e-01
-9.033999999999999808e-01
-6.188000000000000167e-01
2.043999999999999984e-01
8.982999999999999874e-01
-1.099999999999999936e-02
-3.053000000000000158e-01
-6.957999999999999741e-01
9.636000000000000121e-01
-9.655000000000000249e-01
1.531000000000000139e-01
9.229000000000000536e-01
9.969999999999999696e-02
-2.505999999999999894e-01
8.264000000000000234e-01
7.064000000000000279e-01
8.167999999999999705e-01
-7.762000000000000011e-01
-5.303999999999999826e-01
1.108999999999999986e-01
-5.131999999999999895e-01
-5.231000000000000094e-01
3.829000000000000181e-01
2.174000000000000099e-01
3.170000000000000040e-01
-7.290999999999999703e-01
-9.933999999999999497e-01
7.732999999999999874e-01
6.723000000000000087e-01
-5.263999999999999790e-01
-8.919000000000000261e-01
1.930000000000000118e-02
-6.010000000000000064e-02
-2.780000000000000249e-01
-8.124000000000000110e-01
-8.627000000000000224e-01
5.070000000000000062e-01
5.830999999999999517e-01
2.379999999999999893e-01
-4.209999999999999853e-01
