-5.550000000000000488e-01
-6.273999999999999577e-01
-4.613999999999999768e-01
8.463000000000000522e-01
9.638999999999999790e-01
6.389000000000000234e-01
4.950000000000000233e-02
-5.302999999999999936e-01
-1.810000000000000150e-02
-7.895999999999999686e-01
8.800000000000000044e-01
4.572999999999999843e-01
8.698000000000000176e-01
3.320000000000000173e-01
-8.958000000000000407e-01
8.346999999999999975e-01
8.480000000000000038e-02
6.907999999999999696e-01
-2.494999999999999996e-01
-5.171000000000000041e-01
-3.175000000000000044e-01
-5.701000000000000512e-01
7.425000000000000488e-01
2.560999999999999943e-01
8.378999999999999782e-01
-4.683999999999999830e-01
9.184999999999999831e-01
5.957999999999999963e-01
9.569999999999999618e-01
3.830999999999999961e-01
5.600000000000000117e-02
7.875999999999999668e-01
-1.776999999999999968e-01
6.939999999999999503e-01
-1.288999999999999868e-01
-6.784000000000000030e-01
-1.547000000000000042e-01
-1.223999999999999949e-01
-2.469999999999999973e-02
-3.470000000000000168e-02
4.744999999999999774e-01
8.242000000000000437e-01
-7.558000000000000274e-01
7.804999999999999716e-01
2.116999999999999993e-01
-7.540999999999999925e-01
7.000000000000000666e-02
2.861000000000000210e-01
3.921000000000000041e-01
7.584999999999999520e-01
-1.738000000000000100e-01
-6.381999999999999895e-01
5.037000000000000366e-01
-2.396000000000000074e-01
-8.616000000000000325e-01
7.590999999999999970e-01
3.090000000000000038e-02
-2.732999999999999874e-01
-2.772000000000000020e-01
-7.423999999999999488e-01
6.336000000000000520e-01
-1.504999999999999949e-01
-3.464999999999999747e-01
-4.321999999999999731e-01
9.567999999999999838e-01
9.055999999999999606e-01
-8.777000000000000357e-01
6.726999999999999647e-01
6.149999999999999911e-01
-4.324000000000000066e-01
-8.557000000000000162e-01
-3.089000000000000079e-01
5.020000000000000018e-01
7.330999999999999739e-01
-5.558999999999999497e-01
-8.707000000000000295e-01
1.983999999999999930e-01
4.536999999999999922e-01
-6.393999999999999684e-01
-4.938000000000000167e-01
6.070999999999999730e-01
-6.049999999999999822e-02
-3.210000000000000075e-01
8.236999999999999877e-01
-6.102999999999999536e-01
-9.961999999999999744e-01
-5.446999999999999620e-01
1.656999999999999862e-01
-2.965999999999999748e-01
-5.637999999999999678e-01
-9.237999999999999545e-01
-5.298000000000000487e-01
7.462999999999999634e-01
-5.455999999999999739e-01
3.783000000000000251e-01
-7.181999999999999496e-01
-5.457999999999999519e-01
9.544000000000000261e-01
3.804000000000000159e-01
-3.590000000000000135e-02
7.084000000000000297e-01
-5.300000000000000024e-03
5.560000000000000497e-01
1.248999999999999971e-01
-6.681000000000000272e-01
