3.804000000000000159e-01
-9.955000000000000515e-01
1.386999999999999900e-01
1.430000000000000021e-02
-3.683000000000000163e-01
3.065999999999999837e-01
2.043000000000000094e-01
-6.348000000000000309e-01
-4.976999999999999758e-01
-1.794000000000000039e-01
6.261999999999999789e-01
6.560000000000000275e-01
-3.058000000000000163e-01
-7.880000000000000338e-01
-3.986999999999999988e-01
-5.981999999999999540e-01
-5.552000000000000268e-01
-6.746999999999999664e-01
-4.292000000000000259e-01
5.020000000000000157e-02
5.067000000000000393e-01
-6.219999999999999973e-01
1.632000000000000117e-01
6.778999999999999471e-01
7.947999999999999510e-01
-3.200000000000000153e-03
-1.514999999999999958e-01
-4.495000000000000107e-01
-9.066999999999999504e-01
9.370000000000000551e-02
-4.586000000000000076e-01
-5.790999999999999481e-01
-1.923999999999999877e-01
8.008999999999999453e-01
6.210000000000000242e-02
3.081999999999999740e-01
-3.479999999999999760e-02
9.068000000000000504e-01
5.050000000000000044e-01
-6.608000000000000540e-01
-3.269999999999999990e-02
7.937999999999999501e-01
-4.852000000000000202e-01
-7.903999999999999915e-01
-3.871999999999999886e-01
-7.870000000000000606e-02
8.047999999999999599e-01
3.038000000000000145e-01
5.241000000000000103e-01
2.253999999999999893e-01
-1.756999999999999951e-01
-9.425999999999999934e-01
-3.326999999999999957e-01
-6.914000000000000146e-01
-2.058999999999999997e-01
-4.862000000000000210e-01
5.664000000000000146e-01
-9.260000000000000175e-02
-4.511999999999999900e-01
-1.862000000000000044e-01
3.773000000000000242e-01
-4.859999999999999737e-02
9.827000000000000179e-01
-1.940000000000000058e-01
5.916000000000000147e-01
2.817999999999999949e-01
-7.458000000000000185e-01
-9.560000000000000442e-02
9.560999999999999499e-01
9.481000000000000538e-01
1.766999999999999960e-01
-9.877000000000000224e-01
8.888000000000000345e-01
-9.655000000000000249e-01
4.066000000000000170e-01
-6.261999999999999789e-01
8.387999999999999901e-01
-9.333000000000000185e-01
-6.370999999999999996e-01
-3.078000000000000180e-01
-5.759999999999999565e-01
-6.837999999999999634e-01
-6.893000000000000238e-01
-7.848000000000000531e-01
-5.400000000000000286e-03
8.857000000000000428e-01
-5.001999999999999780e-01
5.711000000000000520e-01
-5.140000000000000124e-02
4.130000000000000338e-02
4.144999999999999796e-01
-5.826999999999999957e-01
-6.027000000000000135e-01
5.702000000000000401e-01
3.665999999999999814e-01
9.468999999999999639e-01
9.112999999999999989e-01
2.900000000000000147e-02
-3.074999999999999956e-01
-2.389999999999999902e-01
7.551999999999999824e-01
9.516999999999999904e-01
-2.837000000000000077e-01
-4.414000000000000146e-01
8.519999999999999796e-01
