1.252999999999999947e-01
-2.958999999999999964e-01
7.900000000000000078e-02
-1.034999999999999948e-01
2.207000000000000073e-01
-9.804000000000000492e-01
-6.458000000000000407e-01
5.898999999999999799e-01
-2.759999999999999953e-02
-8.186999999999999833e-01
-4.217000000000000193e-01
5.002999999999999670e-01
6.072999999999999510e-01
2.094999999999999918e-01
9.524000000000000243e-01
-5.897000000000000020e-01
-6.065000000000000391e-01
-9.302000000000000268e-01
5.595999999999999863e-01
-3.563000000000000056e-01
-1.887000000000000066e-01
-8.826000000000000512e-01
-8.319999999999999618e-02
-7.801000000000000156e-01
4.307000000000000273e-01
-9.777000000000000135e-01
4.405000000000000027e-01
5.696999999999999842e-01
5.243999999999999773e-01
9.690000000000000002e-02
5.674000000000000155e-01
-1.549999999999999989e-02
-6.391000000000000014e-01
-2.597999999999999754e-01
-8.619999999999999885e-02
-5.208000000000000407e-01
2.917000000000000148e-01
6.932000000000000384e-01
2.765000000000000235e-01
4.445999999999999952e-01
-2.417999999999999872e-01
7.092000000000000526e-01
7.106000000000000094e-01
4.661000000000000143e-01
4.890999999999999792e-01
7.185000000000000275e-01
2.283000000000000029e-01
1.307999999999999996e-01
2.286999999999999866e-01
-6.472999999999999865e-01
2.249999999999999917e-02
-7.789999999999999702e-02
-7.913000000000000034e-01
-5.017000000000000348e-01
4.419000000000000150e-01
-4.642999999999999905e-01
5.386999999999999567e-01
1.806999999999999995e-01
-8.061000000000000387e-01
-2.217000000000000082e-01
-1.559000000000000108e-01
7.804999999999999716e-01
1.390000000000000124e-01
-3.399999999999999811e-03
5.011999999999999789e-01
6.469999999999999363e-02
1.317000000000000115e-01
3.966000000000000081e-01
1.925999999999999934e-01
7.127999999999999892e-01
8.478999999999999870e-01
5.659999999999999476e-01
-4.556000000000000050e-01
-7.538000000000000256e-01
2.106999999999999984e-01
-8.421999999999999487e-01
-1.575999999999999901e-01
6.385999999999999455e-01
2.631000000000000005e-01
5.560000000000000497e-01
4.641000000000000125e-01
-4.390000000000000013e-01
-6.475999999999999535e-01
-7.169999999999999984e-02
8.044999999999999929e-01
-1.195999999999999980e-01
2.501999999999999780e-01
1.001999999999999974e-01
7.461999999999999744e-01
3.052000000000000268e-01
-2.822999999999999954e-01
4.340000000000000108e-02
6.908999999999999586e-01
-3.115999999999999881e-01
1.685999999999999999e-01
-4.433000000000000274e-01
2.187000000000000055e-01
-9.313000000000000167e-01
-6.300000000000000044e-03
9.012000000000000011e-01
-5.918999999999999817e-01
-3.593999999999999972e-01
-8.094000000000000083e-01
-6.975000000000000089e-01
-9.475000000000000089e-01
