-7.770000000000000240e-01
2.016999999999999904e-01
-1.562000000000000055e-01
-9.239000000000000545e-01
-7.532999999999999696e-01
8.283000000000000362e-01
-5.197000000000000508e-01
-8.679000000000000048e-01
-3.696999999999999731e-01
1.816000000000000114e-01
-3.104999999999999982e-01
-8.200000000000000344e-02
9.462000000000000410e-01
5.534000000000000030e-01
-6.855999999999999872e-01
8.496000000000000218e-01
-7.829999999999999460e-02
7.714999999999999636e-01
-4.874999999999999889e-01
-9.507999999999999785e-01
-2.750000000000000222e-01
-1.920999999999999930e-01
9.845000000000000417e-01
7.855999999999999650e-01
-1.597000000000000086e-01
3.166999999999999815e-01
-9.030000000000000526e-02
-1.164000000000000035e-01
-3.207999999999999741e-01
-7.597000000000000419e-01
3.291000000000000036e-01
-2.680000000000000090e-02
-6.114000000000000545e-01
-5.009999999999999870e-02
-1.292999999999999983e-01
9.405000000000000027e-01
-9.342000000000000304e-01
1.524000000000000077e-01
2.313000000000000056e-01
-8.866000000000000547e-01
7.907999999999999474e-01
-1.484999999999999931e-01
8.218999999999999639e-01
3.514999999999999791e-01
6.488000000000000433e-01
-3.962999999999999856e-01
3.713000000000000189e-01
-9.947000000000000286e-01
-4.650000000000000244e-01
-4.712999999999999967e-01
-1.521000000000000130e-01
-9.131000000000000227e-01
-1.650999999999999968e-01
-4.894000000000000017e-01
-7.671000000000000041e-01
5.959999999999999742e-01
-1.087000000000000050e-01
-8.108999999999999542e-01
9.528999999999999693e-01
3.330000000000000321e-02
6.108999999999999986e-01
-7.692999999999999838e-01
-4.197000000000000175e-01
4.817000000000000171e-01
2.366000000000000048e-01
-8.349999999999999645e-01
-8.508999999999999897e-01
-8.010000000000000453e-01
1.519999999999999997e-02
4.610000000000000209e-02
-9.244999999999999885e-01
-9.992999999999999661e-01
4.106000000000000205e-01
-3.463999999999999857e-01
9.796000000000000263e-01
-7.340000000000000691e-02
-5.020000000000000018e-01
-2.089999999999999913e-01
7.183000000000000496e-01
4.793999999999999928e-01
-4.603999999999999759e-01
-1.766999999999999960e-01
-4.133000000000000007e-01
-7.002000000000000446e-01
-3.030000000000000054e-02
9.790999999999999703e-01
-1.486999999999999988e-01
-1.995000000000000107e-01
-7.391999999999999682e-01
8.690000000000000502e-02
9.431000000000000494e-01
-2.859999999999999765e-01
4.084999999999999742e-01
-6.717999999999999527e-01
8.117999999999999661e-01
-8.650999999999999801e-01
6.764999999999999902e-01
-2.805000000000000271e-01
7.185000000000000275e-01
6.730000000000000426e-01
9.334000000000000075e-01
9.825000000000000400e-01
-9.133000000000000007e-01
9.729999999999999760e-01
-3.902999999999999803e-01
