-1.355999999999999983e-01
7.610000000000000098e-01
-7.638000000000000345e-01
9.756000000000000227e-01
7.840000000000000302e-01
9.497999999999999776e-01
3.947999999999999843e-01
-8.759000000000000119e-01
2.927000000000000157e-01
9.836000000000000298e-01
8.527000000000000135e-01
8.153000000000000247e-01
-4.430000000000000049e-01
5.924000000000000377e-01
9.539999999999999591e-01
-7.766999999999999460e-01
-3.474999999999999756e-01
-3.462999999999999967e-01
5.070999999999999952e-01
-6.417000000000000481e-01
-6.755999999999999783e-01
4.899999999999999911e-01
4.232000000000000206e-01
-9.741999999999999549e-01
-8.105999999999999872e-01
-5.366999999999999549e-01
-2.263999999999999901e-01
-4.859999999999999737e-02
2.768999999999999795e-01
5.625000000000000000e-01
-4.773999999999999910e-01
5.999999999999999778e-02
5.846999999999999975e-01
-2.225000000000000033e-01
6.369000000000000217e-01
-2.706999999999999962e-01
-5.990999999999999659e-01
-2.948000000000000065e-01
-5.530000000000000471e-01
-4.742999999999999994e-01
-6.760000000000000453e-01
-7.429000000000000048e-01
4.621999999999999997e-01
-2.691000000000000059e-01
-3.605999999999999761e-01
5.516999999999999682e-01
-8.672999999999999599e-01
9.099000000000000421e-01
-2.169999999999999984e-01
-9.919999999999999929e-01
-9.810999999999999721e-01
2.722999999999999865e-01
-8.171000000000000485e-01
2.416999999999999982e-01
9.284999999999999920e-01
-8.214000000000000190e-01
-7.197000000000000064e-01
7.389000000000000012e-01
-5.240000000000000213e-02
-1.970999999999999974e-01
-8.632999999999999563e-01
5.873000000000000442e-01
3.806999999999999829e-01
-8.828000000000000291e-01
-1.441000000000000059e-01
6.813000000000000167e-01
5.241999999999999993e-01
7.155000000000000249e-01
-6.263999999999999568e-01
4.541999999999999926e-01
1.315999999999999948e-01
3.900000000000000133e-01
-1.127999999999999975e-01
9.749999999999999778e-01
-4.480999999999999983e-01
-3.958999999999999742e-01
-9.267999999999999572e-01
2.636000000000000010e-01
-9.583000000000000407e-01
-2.066999999999999948e-01
-7.944999999999999840e-01
4.731000000000000205e-01
3.483999999999999875e-01
7.634999999999999565e-01
6.196000000000000396e-01
-5.746999999999999886e-01
-7.490999999999999881e-01
-4.737000000000000099e-01
-5.071999999999999842e-01
1.527000000000000024e-01
-6.378000000000000336e-01
4.833000000000000074e-01
1.713000000000000078e-01
2.681000000000000050e-01
-9.586000000000000076e-01
1.902000000000000079e-01
-9.131000000000000227e-01
-7.500999999999999890e-01
-4.706000000000000183e-01
-1.008000000000000007e-01
5.622000000000000330e-01
8.788000000000000256e-01
-5.566999999999999726e-01
8.034999999999999920e-01
-8.153000000000000247e-01
