1.491000000000000103e-01
7.451999999999999735e-01
-4.418000000000000260e-01
-8.044000000000000039e-01
8.225000000000000089e-01
-4.950999999999999845e-01
4.302000000000000268e-01
-7.836999999999999522e-01
1.358000000000000040e-01
-7.318000000000000060e-01
-1.265999999999999903e-01
-6.117000000000000215e-01
6.420000000000000151e-01
-3.280000000000000138e-01
1.517999999999999905e-01
6.664999999999999813e-01
2.970000000000000070e-02
2.691000000000000059e-01
9.506999999999999895e-01
7.863999999999999879e-01
-5.985000000000000320e-01
2.479999999999999913e-02
-9.479999999999999538e-02
3.894000000000000239e-01
4.263000000000000123e-01
5.158000000000000362e-01
-4.711000000000000187e-01
7.375000000000000444e-01
-9.421000000000000485e-01
-2.114999999999999936e-01
9.004999999999999671e-01
-7.321999999999999620e-01
-9.939999999999999947e-01
-8.717000000000000304e-01
9.065999999999999615e-01
-3.991000000000000103e-01
-1.857999999999999929e-01
-5.040000000000000036e-02
1.034000000000000058e-01
3.099000000000000088e-01
3.316000000000000059e-01
7.707000000000000517e-01
-6.351999999999999869e-01
8.418999999999999817e-01
-3.135999999999999899e-01
-9.909000000000000030e-01
3.989999999999999797e-02
-5.894000000000000350e-01
-7.751000000000000112e-01
8.922999999999999821e-01
-8.217999999999999750e-01
4.540000000000000285e-02
6.840000000000000246e-02
6.563999999999999835e-01
-3.449999999999999734e-01
-9.617999999999999883e-01
-2.053999999999999992e-01
-7.268999999999999906e-01
-4.778999999999999915e-01
4.959999999999999826e-02
3.115999999999999881e-01
9.110000000000000320e-01
2.064000000000000001e-01
9.203000000000000069e-01
-8.975999999999999535e-01
7.891000000000000236e-01
-9.696000000000000174e-01
3.882999999999999785e-01
6.925000000000000044e-01
4.321999999999999731e-01
-1.013000000000000012e-01
8.490000000000000324e-02
-7.742999999999999883e-01
3.408999999999999808e-01
-3.346999999999999975e-01
-2.136000000000000121e-01
1.574000000000000121e-01
-7.199999999999999803e-03
8.347999999999999865e-01
3.150999999999999912e-01
4.686000000000000165e-01
-6.423999999999999710e-01
4.433000000000000274e-01
-3.798000000000000265e-01
-4.061000000000000165e-01
1.315999999999999948e-01
-7.339999999999999858e-01
3.116999999999999771e-01
2.446000000000000119e-01
1.986999999999999877e-01
-2.099999999999999922e-01
-5.120000000000000107e-01
2.457000000000000017e-01
4.405999999999999917e-01
-9.607999999999999874e-01
4.652999999999999914e-01
6.279000000000000137e-01
7.499999999999999722e-03
-9.439999999999999780e-02
7.799000000000000377e-01
-5.780999999999999472e-01
-2.442999999999999894e-01
1.063999999999999946e-01
3.232999999999999763e-01
1.165999999999999953e-01
