1.512000000000000011e-01
-5.666999999999999815e-01
3.634999999999999898e-01
1.524999999999999967e-01
-9.688999999999999835e-01
-1.260000000000000009e-01
6.088999999999999968e-01
5.463999999999999968e-01
-6.552000000000000046e-01
-8.387000000000000011e-01
6.095000000000000417e-01
-7.670000000000000429e-02
-3.004000000000000004e-01
-7.430000000000000493e-02
8.677000000000000268e-01
5.747999999999999776e-01
3.462999999999999967e-01
-9.949000000000000066e-01
-8.739000000000000101e-01
-6.649000000000000465e-01
7.158999999999999808e-01
5.647999999999999687e-01
9.643000000000000460e-01
2.680000000000000090e-02
-9.013999999999999790e-01
-3.383999999999999786e-01
1.743000000000000105e-01
-9.334000000000000075e-01
-9.503000000000000336e-01
-5.238000000000000433e-01
3.998999999999999777e-01
-3.590000000000000135e-02
-8.931999999999999940e-01
-4.410000000000000031e-02
2.869999999999999982e-02
-5.706999999999999851e-01
-5.333999999999999853e-01
2.319999999999999840e-02
-2.791000000000000147e-01
7.270000000000000073e-02
-5.453000000000000069e-01
2.840000000000000163e-02
6.521000000000000130e-01
4.480000000000000093e-01
-2.335000000000000131e-01
8.029999999999999638e-02
-5.417999999999999483e-01
-4.309999999999999942e-01
4.782000000000000139e-01
-1.163000000000000006e-01
5.000999999999999890e-01
-5.809999999999999609e-01
-2.114000000000000046e-01
4.465000000000000080e-01
2.311999999999999889e-01
1.492999999999999883e-01
-6.099999999999999867e-02
7.032000000000000473e-01
-6.099999999999999867e-01
-6.646999999999999575e-01
-2.671999999999999931e-01
-2.263999999999999901e-01
1.028000000000000025e-01
5.825000000000000178e-01
-7.096999999999999975e-01
-1.910000000000000031e-01
5.404999999999999805e-01
7.137000000000000011e-01
7.884999999999999787e-01
-7.177000000000000046e-01
3.946000000000000063e-01
-3.971999999999999975e-01
8.135000000000000009e-01
9.247999999999999554e-01
5.652000000000000357e-01
-7.184000000000000385e-01
-3.196999999999999842e-01
6.509000000000000341e-01
-8.991999999999999993e-01
5.994000000000000439e-01
2.353999999999999981e-01
8.574000000000000510e-01
6.399000000000000243e-01
2.768999999999999795e-01
-6.906999999999999806e-01
-9.089999999999999469e-02
-3.247999999999999776e-01
4.711000000000000187e-01
-1.103999999999999981e-01
8.506000000000000227e-01
3.478999999999999870e-01
-3.562000000000000166e-01
-5.797999999999999821e-01
-2.873999999999999888e-01
1.739999999999999880e-02
-1.981999999999999873e-01
5.469000000000000528e-01
-1.656999999999999862e-01
1.337000000000000133e-01
6.880000000000000004e-02
6.918999999999999595e-01
9.199000000000000510e-01
3.876000000000000001e-01
-6.203999999999999515e-01
-3.585999999999999743e-01
