-9.518999999999999684e-01
-1.366999999999999882e-01
-6.161999999999999700e-01
6.146000000000000352e-01
-5.641000000000000458e-01
8.377999999999999892e-01
-7.569000000000000172e-01
9.963999999999999524e-01
-5.805000000000000160e-01
-7.187000000000000055e-01
3.970000000000000195e-01
5.799999999999999600e-03
5.627999999999999670e-01
-9.176999999999999602e-01
5.220000000000000195e-01
9.477999999999999758e-01
-7.399999999999999911e-01
1.136000000000000065e-01
-1.799000000000000044e-01
-2.759999999999999953e-02
7.953000000000000069e-01
8.489999999999999769e-01
5.887999999999999901e-01
-1.678000000000000047e-01
-1.700000000000000122e-01
-1.161999999999999977e-01
2.737999999999999878e-01
9.647000000000000020e-01
8.387000000000000011e-01
7.922000000000000153e-01
-4.364999999999999991e-01
-7.037999999999999812e-01
5.466999999999999638e-01
1.439000000000000001e-01
-2.960000000000000131e-02
7.159999999999999698e-01
2.559000000000000163e-01
9.485999999999999988e-01
1.810000000000000150e-02
8.439999999999999725e-01
1.660000000000000087e-01
6.756999999999999673e-01
8.181000000000000494e-01
5.540000000000000480e-01
-8.001000000000000334e-01
3.599999999999999867e-01
8.558999999999999941e-01
-5.583000000000000185e-01
5.305999999999999606e-01
8.619999999999999885e-02
5.725000000000000089e-01
-2.726000000000000090e-01
-6.747999999999999554e-01
1.995000000000000107e-01
-6.571000000000000174e-01
7.868000000000000549e-01
-1.359999999999999924e-02
-5.385999999999999677e-01
-2.501999999999999780e-01
2.832000000000000073e-01
6.881000000000000449e-01
-3.716999999999999749e-01
7.389999999999999902e-01
3.038000000000000145e-01
3.931000000000000050e-01
7.486000000000000432e-01
-9.758999999999999897e-01
6.441000000000000059e-01
-3.171999999999999820e-01
-3.219999999999999946e-02
1.247000000000000053e-01
2.575999999999999956e-01
-8.528999999999999915e-01
5.668999999999999595e-01
3.165999999999999925e-01
4.210999999999999743e-01
-4.399999999999999745e-02
3.202999999999999736e-01
1.761000000000000065e-01
-4.268000000000000127e-01
3.442999999999999949e-01
-4.480000000000000093e-01
7.695999999999999508e-01
-4.537999999999999812e-01
3.902999999999999803e-01
7.966999999999999638e-01
-6.894000000000000128e-01
2.235000000000000042e-01
-6.429000000000000270e-01
8.350999999999999535e-01
-7.150999999999999579e-01
-4.830000000000000265e-02
9.405000000000000027e-01
-7.002000000000000446e-01
-8.209999999999999520e-01
6.502000000000000002e-01
8.100000000000000255e-02
9.649999999999999689e-01
-5.896000000000000130e-01
1.842000000000000026e-01
-6.489000000000000323e-01
4.101000000000000201e-01
1.653000000000000025e-01
-6.576999999999999513e-01
6.549000000000000377e-01
