5.063999999999999613e-01
-7.259999999999999787e-02
-7.055000000000000160e-01
4.400000000000000265e-03
-4.672999999999999932e-01
-6.098999999999999977e-01
-5.214999999999999636e-01
7.306000000000000272e-01
8.941000000000000059e-01
-5.731000000000000538e-01
-7.279999999999999805e-01
-1.582000000000000073e-01
3.467999999999999972e-01
-1.303999999999999881e-01
-3.363999999999999768e-01
-8.215000000000000080e-01
-7.093000000000000416e-01
-1.592999999999999972e-01
-7.568000000000000282e-01
5.632000000000000339e-01
4.449000000000000177e-01
-8.390000000000000235e-02
6.217000000000000304e-01
1.428000000000000103e-01
7.672999999999999821e-01
-9.124999999999999778e-01
-5.759999999999999565e-01
-2.301999999999999880e-01
-3.156999999999999806e-01
5.820999999999999508e-01
-2.011999999999999900e-01
-6.375999999999999446e-01
-8.820000000000000062e-01
2.336000000000000021e-01
4.442999999999999727e-01
3.180999999999999939e-01
-5.789999999999999591e-01
-4.307000000000000273e-01
2.363999999999999990e-01
-7.445000000000000506e-01
8.667000000000000259e-01
-4.843999999999999972e-01
3.508999999999999897e-01
3.052000000000000268e-01
1.781000000000000083e-01
3.365000000000000213e-01
-2.549999999999999836e-02
-1.338999999999999913e-01
8.903999999999999693e-01
8.227999999999999758e-01
4.961999999999999744e-01
2.933000000000000052e-01
1.219999999999999973e-01
8.892999999999999794e-01
-4.445000000000000062e-01
8.776000000000000467e-01
6.441999999999999948e-01
-7.288999999999999924e-01
4.819999999999999840e-01
-8.358999999999999764e-01
8.530000000000000082e-02
-6.608000000000000540e-01
6.889999999999999458e-01
6.202999999999999625e-01
-9.235999999999999766e-01
-1.227000000000000035e-01
7.499999999999999722e-02
-2.940999999999999726e-01
-9.249000000000000554e-01
2.225999999999999923e-01
-7.271999999999999575e-01
-6.259000000000000119e-01
-8.142000000000000348e-01
-2.286999999999999866e-01
8.286000000000000032e-01
-1.363000000000000045e-01
-8.528999999999999915e-01
-5.483000000000000096e-01
7.044000000000000261e-01
8.381999999999999451e-01
6.508000000000000451e-01
7.907999999999999474e-01
5.440000000000000391e-01
-5.937999999999999945e-01
-5.361000000000000210e-01
-2.590999999999999970e-01
-3.939999999999999752e-02
-5.658999999999999586e-01
-2.669000000000000261e-01
-3.033000000000000140e-01
1.630999999999999950e-01
8.154000000000000137e-01
2.642999999999999794e-01
2.051000000000000045e-01
-8.725000000000000533e-01
1.660000000000000087e-01
7.989999999999999880e-02
8.676000000000000378e-01
-1.187000000000000000e-01
-2.751000000000000112e-01
-1.300999999999999934e-01
7.900000000000000078e-02
-7.030999999999999472e-01
-6.011999999999999567e-01
4.758999999999999897e-01
