7.304000000000000492e-01
-7.543999999999999595e-01
3.049999999999999933e-01
5.265999999999999570e-01
-8.269999999999999574e-02
8.599999999999999867e-01
-4.961999999999999744e-01
8.569999999999999840e-02
-7.750000000000000222e-01
-1.612000000000000099e-01
2.290000000000000022e-02
6.856999999999999762e-01
5.697999999999999732e-01
-2.751000000000000112e-01
9.255999999999999783e-01
-4.884999999999999898e-01
-5.554999999999999938e-01
-4.031000000000000139e-01
8.305000000000000160e-01
-3.645999999999999797e-01
-7.530999999999999917e-01
-6.163999999999999480e-01
1.320000000000000062e-01
6.828999999999999515e-01
-9.429999999999999494e-01
8.459999999999999742e-01
5.720000000000000084e-02
5.790999999999999481e-01
7.300000000000000065e-03
6.471000000000000085e-01
-1.499999999999999944e-02
-9.216999999999999638e-01
3.063000000000000167e-01
-4.671000000000000152e-01
-9.850999999999999757e-01
5.325999999999999623e-01
-7.841000000000000192e-01
9.785000000000000364e-01
9.180000000000000659e-02
-8.390000000000000235e-02
9.836000000000000298e-01
1.338999999999999913e-01
-7.772999999999999909e-01
9.487999999999999767e-01
-9.088000000000000522e-01
-8.681999999999999718e-01
9.193999999999999950e-01
-6.894000000000000128e-01
-3.524999999999999800e-01
1.026999999999999996e-01
2.253000000000000003e-01
-4.788999999999999924e-01
-1.706000000000000016e-01
-2.120000000000000009e-02
-7.364000000000000545e-01
6.981000000000000538e-01
2.386000000000000065e-01
2.026000000000000023e-01
-5.981999999999999540e-01
8.971999999999999975e-01
9.229000000000000536e-01
4.919999999999999929e-01
-5.345999999999999641e-01
2.960999999999999743e-01
-9.292000000000000259e-01
7.570000000000000340e-02
8.891000000000000014e-01
6.149999999999999911e-01
7.835999999999999632e-01
1.456999999999999962e-01
3.402999999999999914e-01
-4.920000000000000068e-02
-6.769999999999999629e-02
-6.633000000000000007e-01
8.750000000000000000e-01
-5.907000000000000028e-01
9.334999999999999964e-01
1.248999999999999971e-01
-4.794999999999999818e-01
-6.761000000000000343e-01
-9.140000000000000346e-01
3.966999999999999971e-01
8.660999999999999810e-01
5.894000000000000350e-01
-5.376999999999999558e-01
-3.025999999999999801e-01
1.973000000000000032e-01
-7.140999999999999570e-01
-5.941999999999999504e-01
1.436999999999999944e-01
1.909999999999999892e-02
-3.428999999999999826e-01
-8.627000000000000224e-01
4.399000000000000132e-01
-8.985999999999999543e-01
-9.874000000000000554e-01
-6.755999999999999783e-01
-3.640999999999999792e-01
9.223999999999999977e-01
-7.258999999999999897e-01
-1.006999999999999978e-01
4.388000000000000234e-01
5.168000000000000371e-01
8.540000000000000369e-02
6.401999999999999913e-01
