1.322000000000000119e-01
7.851000000000000201e-01
-1.905999999999999917e-01
9.488999999999999657e-01
-9.405000000000000027e-01
2.197000000000000064e-01
3.091999999999999749e-01
6.774999999999999911e-01
5.103999999999999648e-01
-6.773000000000000131e-01
-1.285000000000000031e-01
-1.434999999999999887e-01
-7.905999999999999694e-01
4.148999999999999910e-01
4.611000000000000099e-01
-7.990000000000000435e-01
1.900999999999999912e-01
1.288999999999999868e-01
7.129999999999999671e-01
4.480000000000000093e-01
-4.559000000000000274e-01
-1.986999999999999877e-01
4.147000000000000131e-01
3.302999999999999825e-01
-7.610000000000000098e-01
3.069000000000000061e-01
8.987000000000000544e-01
-8.534000000000000474e-01
-4.314000000000000057e-01
-8.848000000000000309e-01
9.276999999999999691e-01
-4.994999999999999996e-01
-5.866999999999999993e-01
-7.478000000000000203e-01
-7.073000000000000398e-01
