-9.122999999999999998e-01
8.058999999999999497e-01
-4.563999999999999724e-01
-7.885999999999999677e-01
-4.314000000000000057e-01
-9.294999999999999929e-01
7.829000000000000403e-01
9.072999999999999954e-01
4.575000000000000178e-01
-4.305999999999999828e-01
-9.153000000000000025e-01
9.670999999999999597e-01
-3.726999999999999758e-01
7.921000000000000263e-01
2.039999999999999869e-01
-4.380000000000000004e-01
2.636999999999999900e-01
-3.851999999999999869e-01
8.500000000000000611e-03
-5.012999999999999678e-01
8.809000000000000163e-01
-3.824000000000000177e-01
8.624000000000000554e-01
-4.696000000000000174e-01
8.858000000000000318e-01
9.499999999999999764e-03
-6.250000000000000000e-01
-6.155000000000000471e-01
-7.252999999999999448e-01
-8.544000000000000483e-01
-8.407000000000000028e-01
-4.159999999999999809e-01
-6.876999999999999780e-01
-9.284999999999999920e-01
-9.473000000000000309e-01
