7.845999999999999641e-01
5.872000000000000552e-01
-4.225999999999999757e-01
8.010000000000000453e-01
-9.457999999999999741e-01
8.887000000000000455e-01
5.823000000000000398e-01
7.482999999999999652e-01
3.069000000000000061e-01
7.223000000000000531e-01
-2.933999999999999941e-01
-1.045999999999999985e-01
6.140000000000000319e-02
-6.479000000000000314e-01
2.157000000000000028e-01
-7.328000000000000069e-01
1.044999999999999957e-01
-5.656999999999999806e-01
-1.132999999999999979e-01
-7.257000000000000117e-01
8.713999999999999524e-01
9.281000000000000361e-01
4.001000000000000112e-01
5.833000000000000407e-01
-1.991999999999999882e-01
6.427000000000000490e-01
2.661000000000000032e-01
-9.255999999999999783e-01
9.847000000000000197e-01
1.033000000000000029e-01
2.189999999999999933e-02
9.830999999999999739e-01
5.889999999999999680e-01
-5.380000000000000338e-01
-6.674999999999999822e-01
