-1.890000000000000013e-01
1.236000000000000015e-01
-6.816999999999999726e-01
-4.734999999999999765e-01
7.261999999999999567e-01
1.668000000000000038e-01
5.799999999999999600e-01
1.700000000000000122e-02
-8.833999999999999631e-01
6.030999999999999694e-01
-3.277999999999999803e-01
-3.437000000000000055e-01
6.794999999999999929e-01
1.899000000000000132e-01
-5.796000000000000041e-01
-9.335999999999999854e-01
6.778999999999999471e-01
8.659999999999999920e-01
-2.026999999999999913e-01
-2.854999999999999760e-01
9.173000000000000043e-01
9.707000000000000073e-01
4.117000000000000104e-01
1.048000000000000043e-01
9.183000000000000052e-01
-7.840000000000000302e-01
5.792000000000000481e-01
-5.119000000000000217e-01
1.869000000000000106e-01
4.096000000000000196e-01
-3.459999999999999742e-01
-8.131000000000000449e-01
-7.761000000000000121e-01
8.188999999999999613e-01
-4.850999999999999757e-01
