-9.014999999999999680e-01
-3.600999999999999757e-01
-7.747000000000000552e-01
9.223000000000000087e-01
4.899999999999999842e-03
1.034999999999999948e-01
-6.801000000000000378e-01
9.177999999999999492e-01
6.070999999999999730e-01
-5.598999999999999533e-01
3.623000000000000109e-01
8.967000000000000526e-01
9.200000000000000400e-01
-2.033999999999999975e-01
-3.599999999999999901e-03
7.713999999999999746e-01
3.245000000000000107e-01
-1.436000000000000054e-01
-2.807999999999999940e-01
5.171000000000000041e-01
5.464999999999999858e-01
-5.963000000000000522e-01
3.130000000000000004e-01
8.766000000000000458e-01
-7.593999999999999639e-01
-8.928000000000000380e-01
-6.670000000000000373e-01
-9.146999999999999575e-01
-1.048999999999999932e-01
-8.225999999999999979e-01
5.493999999999999995e-01
-9.786000000000000254e-01
1.421000000000000041e-01
3.590000000000000135e-02
-2.431999999999999995e-01
