-9.929999999999999938e-01
-2.572999999999999732e-01
-4.900999999999999801e-01
-3.321000000000000063e-01
-5.520000000000000462e-01
-6.935000000000000053e-01
2.170000000000000054e-02
4.748999999999999888e-01
-5.002999999999999670e-01
2.940999999999999726e-01
1.275999999999999912e-01
-2.590999999999999970e-01
8.089999999999999969e-02
-8.479999999999999760e-01
1.146999999999999964e-01
3.270000000000000129e-01
4.164999999999999813e-01
-3.568999999999999950e-01
9.729999999999999760e-01
-2.232999999999999985e-01
-2.470999999999999863e-01
5.212999999999999856e-01
-8.384000000000000341e-01
6.460000000000000187e-01
-7.578000000000000291e-01
2.406999999999999973e-01
2.102999999999999869e-01
5.426999999999999602e-01
-8.465000000000000302e-01
2.396999999999999964e-01
-9.572000000000000508e-01
-5.024999999999999467e-01
-8.514000000000000457e-01
-6.089999999999999858e-01
5.630000000000000282e-02
