-8.105999999999999872e-01
-3.781999999999999806e-01
7.720000000000000473e-02
5.102999999999999758e-01
7.073000000000000398e-01
-3.128000000000000225e-01
8.027999999999999581e-01
9.687999999999999945e-01
-3.559999999999999831e-01
8.831999999999999851e-01
-8.429999999999999993e-02
-8.176999999999999824e-01
3.714999999999999969e-01
5.050999999999999934e-01
-5.029999999999999749e-02
-1.165000000000000063e-01
-2.457000000000000017e-01
8.269999999999999574e-02
-4.709999999999999742e-01
6.512000000000000011e-01
8.807000000000000384e-01
4.939999999999999947e-01
-2.837000000000000077e-01
-9.847000000000000197e-01
-3.232999999999999763e-01
2.137000000000000011e-01
-5.702000000000000401e-01
9.547999999999999821e-01
6.872000000000000330e-01
-2.710000000000000187e-01
5.020000000000000018e-01
5.956000000000000183e-01
5.620000000000000551e-01
5.704000000000000181e-01
-2.514000000000000123e-01
