-5.594000000000000083e-01
9.429999999999999494e-01
-4.450999999999999956e-01
-1.034999999999999948e-01
-5.564999999999999947e-01
3.100999999999999868e-01
-3.614999999999999880e-01
1.830000000000000029e-02
-6.193999999999999506e-01
9.667000000000000037e-01
-2.840000000000000163e-02
8.214000000000000190e-01
-5.562000000000000277e-01
4.068999999999999839e-01
-9.733000000000000540e-01
9.650999999999999579e-01
3.504999999999999782e-01
-4.814999999999999836e-01
-6.260999999999999899e-01
7.407000000000000250e-01
-7.330000000000000404e-02
1.872000000000000053e-01
9.726000000000000201e-01
-5.007000000000000339e-01
8.617000000000000215e-01
6.112999999999999545e-01
-4.259000000000000008e-01
-1.381999999999999895e-01
-8.260000000000000675e-02
-2.786000000000000143e-01
-3.832999999999999741e-01
4.420999999999999930e-01
6.433999999999999719e-01
7.974999999999999867e-01
5.201999999999999957e-01
