9.746000000000000218e-01
-6.830000000000000515e-01
-3.758000000000000229e-01
4.501999999999999891e-01
-6.542000000000000037e-01
-6.239999999999999991e-01
3.154000000000000137e-01
-2.298000000000000043e-01
-2.313000000000000056e-01
7.507000000000000339e-01
8.759000000000000119e-01
2.967000000000000193e-01
-8.920000000000000151e-02
8.640999999999999792e-01
1.420000000000000082e-02
7.359999999999999876e-01
1.597000000000000086e-01
1.724999999999999867e-01
5.510000000000000453e-01
6.975000000000000089e-01
-4.170000000000000095e-02
3.906999999999999917e-01
3.076999999999999735e-01
5.679999999999999494e-01
8.807000000000000384e-01
-9.729999999999999760e-01
-9.886000000000000343e-01
3.059999999999999942e-01
-6.919999999999999485e-01
-1.937000000000000111e-01
5.963000000000000522e-01
-8.052000000000000268e-01
-1.371999999999999886e-01
-8.213000000000000300e-01
-3.406000000000000139e-01
