6.300999999999999934e-01
-3.780000000000000027e-02
5.487999999999999545e-01
-6.767999999999999572e-01
-1.129000000000000004e-01
-1.580999999999999905e-01
8.425000000000000266e-01
-2.316999999999999893e-01
-9.339999999999999691e-02
-9.363000000000000211e-01
2.034999999999999865e-01
-7.350999999999999757e-01
-8.869000000000000217e-01
6.875000000000000000e-01
9.785000000000000364e-01
5.984000000000000430e-01
-4.961999999999999744e-01
-2.579000000000000181e-01
-2.947000000000000175e-01
7.092000000000000526e-01
-5.718999999999999639e-01
9.633000000000000451e-01
-2.061000000000000054e-01
5.537999999999999590e-01
-5.423999999999999932e-01
-2.519000000000000128e-01
1.126999999999999946e-01
-4.838000000000000078e-01
-5.815000000000000169e-01
-1.552999999999999936e-01
-9.862999999999999545e-01
8.000000000000000444e-01
-2.450000000000000094e-02
-8.118999999999999551e-01
-7.798000000000000487e-01
