-2.404999999999999916e-01
2.164000000000000090e-01
1.113999999999999990e-01
2.641999999999999904e-01
-2.480999999999999872e-01
7.347000000000000197e-01
-7.760000000000000231e-01
7.234000000000000430e-01
-4.643999999999999795e-01
-1.134000000000000008e-01
1.700000000000000122e-01
-8.242000000000000437e-01
6.783000000000000140e-01
9.999000000000000110e-01
-1.358000000000000040e-01
-5.977000000000000091e-01
-8.455000000000000293e-01
-8.238999999999999657e-01
7.979000000000000536e-01
-3.049000000000000044e-01
7.670000000000000429e-02
-1.969999999999999876e-02
5.109999999999999959e-02
2.069999999999999965e-02
2.179999999999999993e-01
9.560999999999999499e-01
-9.959999999999999409e-02
-9.210000000000000409e-01
-6.423999999999999710e-01
7.510000000000000009e-01
6.939999999999999503e-01
7.832000000000000073e-01
8.457000000000000073e-01
6.660000000000000364e-01
2.245000000000000051e-01
