-8.811999999999999833e-01
5.820999999999999508e-01
5.290000000000000258e-02
-7.934999999999999831e-01
8.091000000000000414e-01
-8.796000000000000485e-01
-2.174999999999999989e-01
-8.352000000000000535e-01
-2.321000000000000008e-01
6.669999999999999540e-02
-1.975000000000000089e-01
9.607999999999999874e-01
-1.880000000000000004e-01
3.966999999999999971e-01
9.586999999999999966e-01
5.359000000000000430e-01
-4.568999999999999728e-01
-3.652000000000000246e-01
2.639999999999999986e-02
-2.429000000000000048e-01
8.080000000000000515e-01
-3.316999999999999948e-01
-2.901000000000000245e-01
2.844999999999999751e-01
-8.617000000000000215e-01
-3.232999999999999763e-01
-6.669000000000000483e-01
7.758000000000000451e-01
-1.350999999999999979e-01
-9.013999999999999790e-01
-4.950999999999999845e-01
-6.996999999999999886e-01
3.753000000000000225e-01
7.800000000000000266e-01
7.208999999999999853e-01
