5.632000000000000339e-01
2.561999999999999833e-01
3.837999999999999745e-01
5.121999999999999886e-01
6.471000000000000085e-01
-4.355999999999999872e-01
-3.499999999999999778e-01
3.966999999999999971e-01
2.620000000000000107e-02
-7.328000000000000069e-01
9.236999999999999655e-01
-2.328000000000000069e-01
8.539999999999999813e-01
-6.529000000000000359e-01
4.808000000000000052e-01
-9.933999999999999497e-01
-8.065999999999999837e-01
-2.310000000000000109e-01
-1.630999999999999950e-01
8.643999999999999462e-01
-5.479000000000000536e-01
4.339000000000000079e-01
-9.052999999999999936e-01
3.600999999999999757e-01
-3.004000000000000004e-01
-1.388999999999999957e-01
-7.681000000000000050e-01
3.191999999999999837e-01
-6.473999999999999755e-01
3.829000000000000181e-01
2.903000000000000025e-01
5.383999999999999897e-01
-9.452000000000000401e-01
-6.219999999999999973e-01
1.988000000000000045e-01
