6.834000000000000075e-01
-5.770999999999999464e-01
7.690000000000000169e-01
-2.318000000000000060e-01
1.466999999999999971e-01
4.364000000000000101e-01
-3.240000000000000102e-01
7.229999999999999760e-01
-6.898999999999999577e-01
8.897000000000000464e-01
-1.768000000000000127e-01
7.131999999999999451e-01
-8.151000000000000467e-01
5.037000000000000366e-01
9.243000000000000105e-01
-2.222000000000000086e-01
6.765999999999999792e-01
-1.226000000000000006e-01
9.708999999999999853e-01
1.307000000000000106e-01
-9.419999999999999485e-01
7.769000000000000350e-01
-9.647000000000000020e-01
4.990999999999999881e-01
5.504999999999999893e-01
-3.119000000000000106e-01
3.719999999999999696e-02
-3.971000000000000085e-01
-7.426000000000000378e-01
-8.443000000000000504e-01
6.288000000000000256e-01
-7.760000000000000231e-01
-1.013000000000000012e-01
6.260999999999999899e-01
2.427999999999999881e-01
