-2.722999999999999865e-01
-6.797999999999999599e-01
6.798999999999999488e-01
5.513000000000000123e-01
6.181999999999999718e-01
-6.820000000000000506e-01
7.443999999999999506e-01
6.822000000000000286e-01
9.422000000000000375e-01
8.974999999999999645e-01
-1.338000000000000023e-01
7.180999999999999606e-01
-7.378000000000000114e-01
1.792999999999999872e-01
-1.519000000000000072e-01
-8.324000000000000288e-01
-2.902000000000000135e-01
8.909000000000000252e-01
6.669999999999999540e-02
-1.812000000000000000e-01
6.447000000000000508e-01
-5.168000000000000371e-01
2.690000000000000169e-01
9.677000000000000046e-01
-9.909999999999999920e-01
4.033999999999999808e-01
-2.931000000000000272e-01
-6.561000000000000165e-01
8.010000000000000453e-02
-9.304999999999999938e-01
-4.718999999999999861e-01
1.577999999999999958e-01
-8.022000000000000242e-01
9.625000000000000222e-01
9.600000000000000200e-02
6.410000000000000420e-02
8.497999999999999998e-01
1.937000000000000111e-01
-6.094000000000000528e-01
-5.668999999999999595e-01
7.259999999999999787e-02
5.272000000000000020e-01
4.043999999999999817e-01
-9.240000000000000435e-01
-7.549000000000000155e-01
4.521000000000000019e-01
-4.578999999999999737e-01
5.689999999999999503e-01
2.639000000000000234e-01
-2.937000000000000166e-01
3.277999999999999803e-01
3.145000000000000018e-01
6.999999999999999929e-04
1.986999999999999877e-01
5.993000000000000549e-01
5.254999999999999671e-01
-4.086000000000000187e-01
8.998000000000000442e-01
4.914999999999999925e-01
9.397999999999999687e-01
2.827999999999999958e-01
7.258999999999999897e-01
-7.501999999999999780e-01
7.613999999999999657e-01
-9.981999999999999762e-01
-7.401999999999999691e-01
-1.567000000000000060e-01
-4.843999999999999972e-01
4.616000000000000103e-01
-9.560000000000000442e-02
-1.559999999999999998e-01
1.796999999999999986e-01
-7.602999999999999758e-01
-4.927000000000000268e-01
-7.419000000000000039e-01
-1.015000000000000069e-01
