3.794000000000000150e-01
-3.325000000000000178e-01
6.581000000000000183e-01
8.827000000000000401e-01
6.266000000000000458e-01
-2.999999999999999889e-01
-4.499999999999999833e-02
7.080000000000000182e-02
-5.158000000000000362e-01
8.100000000000000255e-02
7.278999999999999915e-01
-7.199999999999999803e-03
9.451000000000000512e-01
-7.886999999999999567e-01
8.529999999999999805e-01
-6.300000000000000044e-02
-6.418000000000000371e-01
2.278999999999999915e-01
3.603999999999999981e-01
4.641000000000000125e-01
-9.485000000000000098e-01
8.395000000000000240e-01
-7.659000000000000252e-01
3.857999999999999763e-01
1.429999999999999882e-01
3.982999999999999874e-01
-7.703999999999999737e-01
8.577000000000000179e-01
-7.562999999999999723e-01
-4.608999999999999764e-01
1.562000000000000055e-01
-3.529999999999999805e-01
1.592999999999999972e-01
9.745000000000000329e-01
5.967000000000000082e-01
5.365999999999999659e-01
-8.646000000000000352e-01
6.610000000000000597e-02
-2.464000000000000079e-01
-9.242000000000000215e-01
-7.586000000000000520e-01
-7.136000000000000121e-01
1.413000000000000089e-01
-8.451999999999999513e-01
-1.678000000000000047e-01
9.990000000000000269e-02
8.323000000000000398e-01
7.822000000000000064e-01
2.160999999999999865e-01
1.204999999999999960e-01
8.279999999999999860e-02
7.332999999999999519e-01
9.539999999999999869e-02
-1.494000000000000050e-01
-6.818999999999999506e-01
-3.491000000000000214e-01
-1.691000000000000003e-01
9.595000000000000195e-01
4.850000000000000144e-02
-8.053000000000000158e-01
-8.003000000000000114e-01
4.840999999999999748e-01
-2.230000000000000038e-01
9.700000000000000289e-03
7.019999999999999851e-02
6.615999999999999659e-01
3.128000000000000225e-01
9.928000000000000158e-01
-4.117000000000000104e-01
-7.620000000000000107e-01
-2.409000000000000030e-01
4.207000000000000184e-01
4.009999999999999676e-02
-6.933000000000000274e-01
-7.030000000000000138e-02
-4.484000000000000208e-01
