7.710000000000000187e-02
-4.860999999999999766e-01
3.920000000000000151e-01
1.380000000000000115e-01
6.372999999999999776e-01
-1.242000000000000048e-01
6.329999999999999516e-02
2.992000000000000215e-01
5.859999999999999654e-01
-9.500999999999999446e-01
-5.495999999999999774e-01
2.252000000000000113e-01
4.331999999999999740e-01
4.909999999999999781e-02
-7.930000000000000382e-01
1.389999999999999916e-02
7.864999999999999769e-01
-4.159999999999999809e-01
-6.018000000000000016e-01
2.918999999999999928e-01
-6.161999999999999700e-01
7.500000000000000000e-01
4.824999999999999845e-01
3.229000000000000203e-01
1.882999999999999952e-01
-3.798000000000000265e-01
1.900000000000000022e-01
-7.478000000000000203e-01
2.889999999999999791e-01
-5.171000000000000041e-01
1.250000000000000069e-02
-6.720000000000000417e-01
8.323000000000000398e-01
-4.657999999999999918e-01
-5.807999999999999829e-01
9.182000000000000162e-01
1.922999999999999987e-01
2.089999999999999844e-02
-7.499000000000000110e-01
2.783999999999999808e-01
2.369999999999999885e-01
9.303000000000000158e-01
-7.806999999999999496e-01
5.754000000000000226e-01
1.837999999999999912e-01
-1.930999999999999939e-01
1.658999999999999919e-01
-7.395000000000000462e-01
-1.319999999999999993e-02
-4.045000000000000262e-01
-6.613999999999999879e-01
-9.466999999999999860e-01
2.736000000000000099e-01
9.956000000000000405e-01
1.509999999999999953e-01
-6.257000000000000339e-01
4.884999999999999898e-01
-1.801999999999999991e-01
-4.702999999999999958e-01
6.152999999999999581e-01
-5.807999999999999829e-01
-3.059999999999999873e-02
1.719999999999999862e-01
-5.354999999999999760e-01
3.292999999999999816e-01
-3.326000000000000068e-01
-6.612000000000000099e-01
-9.903999999999999471e-01
3.880000000000000115e-02
5.877999999999999892e-01
5.053999999999999604e-01
-5.299999999999999850e-02
5.670000000000000040e-02
-9.673000000000000487e-01
-3.357999999999999874e-01
-9.030000000000000249e-01
