-5.783000000000000362e-01
-8.922999999999999821e-01
-2.862000000000000099e-01
7.267000000000000126e-01
6.552999999999999936e-01
-3.045999999999999819e-01
-3.133000000000000229e-01
-8.814999999999999503e-01
-7.865999999999999659e-01
-3.608000000000000096e-01
1.760000000000000106e-02
-8.538999999999999924e-01
-6.132999999999999563e-01
-9.689999999999999725e-01
8.504000000000000448e-01
7.610000000000000098e-02
-8.669000000000000039e-01
6.703999999999999959e-01
8.820000000000000062e-02
-6.381999999999999895e-01
1.391999999999999904e-01
3.930000000000000160e-01
-4.540000000000000147e-01
-6.340999999999999970e-01
9.186999999999999611e-01
-7.983000000000000096e-01
7.752000000000000002e-01
7.843999999999999861e-01
5.399000000000000465e-01
-6.411999999999999922e-01
8.155000000000000027e-01
7.667000000000000481e-01
4.224999999999999867e-01
-3.719000000000000083e-01
-4.946999999999999731e-01
5.247000000000000552e-01
-9.747000000000000108e-01
-8.345000000000000195e-01
-1.943999999999999895e-01
8.756000000000000449e-01
4.250999999999999779e-01
3.235000000000000098e-01
-9.942999999999999616e-01
9.864000000000000545e-01
-3.304000000000000270e-01
9.030000000000000249e-01
8.420999999999999597e-01
3.660000000000000059e-02
-3.371999999999999997e-01
8.859000000000000208e-01
1.014000000000000040e-01
4.915999999999999814e-01
3.679999999999999938e-02
-2.205000000000000016e-01
2.630000000000000115e-01
-1.329999999999999932e-02
6.320999999999999952e-01
4.262000000000000233e-01
2.149999999999999828e-02
9.629999999999999671e-01
-9.883999999999999453e-01
8.366000000000000103e-01
-3.015999999999999792e-01
3.820999999999999952e-01
-6.542999999999999927e-01
-2.094999999999999918e-01
-9.772999999999999465e-01
9.399999999999999467e-01
-3.093000000000000194e-01
4.732999999999999985e-01
7.217999999999999972e-01
-7.771000000000000130e-01
6.899999999999999467e-01
5.767999999999999794e-01
9.408999999999999586e-01
9.011000000000000121e-01
