1.675999999999999990e-01
3.523000000000000020e-01
2.786000000000000143e-01
5.147000000000000464e-01
-7.039999999999999591e-01
-5.280000000000000249e-01
6.840000000000000246e-02
5.310000000000000137e-02
-4.988000000000000211e-01
5.676999999999999824e-01
9.963999999999999524e-01
-8.999000000000000332e-01
3.724000000000000088e-01
-1.658000000000000029e-01
7.584999999999999520e-01
6.711000000000000298e-01
3.155999999999999917e-01
-1.269999999999999948e-02
6.620000000000000329e-01
-2.601999999999999869e-01
-9.913999999999999480e-01
-5.332999999999999963e-01
-9.456999999999999851e-01
4.927000000000000268e-01
-8.972999999999999865e-01
-9.596000000000000085e-01
5.273999999999999799e-01
-1.915999999999999925e-01
2.326000000000000012e-01
7.499000000000000110e-01
2.073000000000000120e-01
-3.990000000000000213e-01
6.419000000000000261e-01
-5.729999999999999677e-02
2.783999999999999808e-01
3.789000000000000146e-01
-4.406999999999999806e-01
-9.840000000000000135e-02
9.232000000000000206e-01
6.589000000000000412e-01
-7.115000000000000213e-01
7.617000000000000437e-01
6.340999999999999970e-01
-4.258000000000000118e-01
-4.899000000000000021e-01
-4.067999999999999949e-01
2.948999999999999955e-01
-1.097000000000000058e-01
-8.034999999999999920e-01
4.837000000000000188e-01
-2.230999999999999928e-01
4.279999999999999916e-01
-6.579999999999999738e-02
-3.170999999999999930e-01
-7.381999999999999673e-01
8.971999999999999975e-01
-6.877999999999999670e-01
-7.264000000000000457e-01
1.241000000000000020e-01
8.639000000000000012e-01
-1.705000000000000127e-01
2.104999999999999927e-01
2.102999999999999869e-01
6.862000000000000322e-01
-9.264999999999999902e-01
-5.783000000000000362e-01
-2.609000000000000208e-01
5.743000000000000327e-01
-1.686999999999999889e-01
3.178000000000000269e-01
-9.725000000000000311e-01
1.325999999999999956e-01
-1.131999999999999951e-01
4.506000000000000005e-01
3.004000000000000004e-01
-8.366999999999999993e-01
