6.919999999999999762e-02
9.465000000000000080e-01
-7.510999999999999899e-01
-6.492999999999999883e-01
-4.190999999999999726e-01
-4.215999999999999748e-01
4.889999999999999902e-01
9.816000000000000281e-01
5.629999999999999449e-01
-2.116999999999999993e-01
-3.423999999999999821e-01
-5.527999999999999581e-01
-1.703000000000000069e-01
-3.922999999999999821e-01
-1.706999999999999906e-01
-9.265999999999999792e-01
-4.782000000000000139e-01
2.801000000000000156e-01
8.229999999999999538e-01
3.969999999999999918e-02
-2.715000000000000191e-01
-1.963999999999999913e-01
5.949999999999999734e-01
-1.340000000000000045e-02
1.705000000000000127e-01
-2.973000000000000087e-01
4.112999999999999989e-01
8.649000000000000021e-01
1.502999999999999892e-01
4.641000000000000125e-01
-6.240999999999999881e-01
-6.653999999999999915e-01
4.319000000000000061e-01
-6.137000000000000233e-01
7.979000000000000536e-01
5.382000000000000117e-01
7.127999999999999892e-01
5.150000000000000133e-01
4.819999999999999979e-02
3.322999999999999843e-01
4.020000000000000240e-01
7.773999999999999799e-01
-7.839000000000000412e-01
-3.294000000000000261e-01
8.100000000000000533e-01
-4.860999999999999766e-01
-9.948000000000000176e-01
-9.021000000000000130e-01
6.237000000000000322e-01
-2.434999999999999942e-01
3.075999999999999845e-01
4.631000000000000116e-01
-2.982000000000000206e-01
-2.469000000000000083e-01
-1.250999999999999890e-01
-8.524000000000000465e-01
5.774000000000000243e-01
-4.164999999999999813e-01
2.278999999999999915e-01
8.193000000000000282e-01
9.696000000000000174e-01
6.972000000000000419e-01
-5.100999999999999979e-01
8.191000000000000503e-01
8.096999999999999753e-01
-1.348999999999999921e-01
-3.997999999999999887e-01
-2.235000000000000042e-01
-4.698999999999999844e-01
-1.784999999999999920e-01
-1.517000000000000015e-01
-9.819999999999999840e-01
9.953999999999999515e-01
-7.507000000000000339e-01
9.926000000000000378e-01
7.391999999999999682e-01
