-6.427000000000000490e-01
-9.476999999999999869e-01
2.823999999999999844e-01
1.469000000000000028e-01
-8.879000000000000226e-01
-4.951999999999999735e-01
-9.090000000000000302e-01
7.118999999999999773e-01
7.760000000000000231e-01
6.769999999999999629e-02
2.250999999999999945e-01
3.074999999999999956e-01
-2.970999999999999752e-01
9.395000000000000018e-01
7.698000000000000398e-01
-4.421999999999999820e-01
9.143000000000000016e-01
1.398999999999999966e-01
-2.867000000000000104e-01
-4.100000000000000346e-03
2.936000000000000276e-01
-9.986000000000000432e-01
5.187000000000000499e-01
-6.480000000000000204e-01
-8.377000000000000002e-01
-5.995000000000000329e-01
-9.146999999999999575e-01
8.143000000000000238e-01
1.055999999999999994e-01
-7.236000000000000210e-01
-7.682999999999999829e-01
9.189999999999999558e-02
-8.599999999999999312e-02
3.942999999999999838e-01
9.084999999999999742e-01
1.656999999999999862e-01
-7.187000000000000055e-01
9.597999999999999865e-01
-2.862999999999999989e-01
6.502999999999999892e-01
2.248999999999999888e-01
5.084999999999999520e-01
-3.168000000000000260e-01
-2.686999999999999944e-01
-4.642999999999999905e-01
-7.249999999999999778e-01
-1.413000000000000089e-01
1.003000000000000003e-01
7.641000000000000014e-01
8.569999999999999840e-01
8.279999999999999583e-01
-9.860999999999999766e-01
2.102999999999999869e-01
-3.472000000000000086e-01
2.968999999999999972e-01
-3.991999999999999993e-01
8.006999999999999673e-01
-1.877000000000000057e-01
-5.470000000000000417e-01
-5.038000000000000256e-01
-9.995000000000000551e-01
-1.405000000000000138e-01
-1.016999999999999987e-01
4.405000000000000027e-01
-3.010999999999999788e-01
-1.180999999999999966e-01
4.536999999999999922e-01
-2.823999999999999844e-01
3.901999999999999913e-01
-7.411999999999999700e-01
-6.149999999999999911e-02
-3.850999999999999979e-01
5.614000000000000101e-01
-8.052000000000000268e-01
-4.101000000000000201e-01
-1.516000000000000125e-01
