1.681999999999999884e-01
5.637999999999999678e-01
9.421000000000000485e-01
5.463999999999999968e-01
-5.580000000000000238e-02
5.123999999999999666e-01
6.528000000000000469e-01
6.100000000000000387e-03
2.078000000000000125e-01
4.476999999999999869e-01
-5.471000000000000307e-01
-7.648000000000000353e-01
5.323999999999999844e-01
8.555000000000000382e-01
-7.460999999999999854e-01
2.630000000000000046e-02
-5.143999999999999684e-01
4.599999999999999922e-02
-1.165000000000000063e-01
-4.389000000000000123e-01
9.337999999999999634e-01
2.349999999999999867e-01
6.392999999999999794e-01
3.774000000000000132e-01
-6.409000000000000252e-01
5.038000000000000256e-01
3.763000000000000234e-01
6.088999999999999968e-01
-2.757999999999999896e-01
2.003000000000000058e-01
-4.067000000000000060e-01
9.423000000000000265e-01
-6.026000000000000245e-01
9.705000000000000293e-01
2.008000000000000063e-01
-6.370000000000000107e-01
-1.739999999999999880e-02
1.900999999999999912e-01
-3.701999999999999735e-01
5.351000000000000201e-01
-9.693000000000000504e-01
-2.620000000000000107e-02
2.657999999999999807e-01
9.604000000000000314e-01
9.546000000000000041e-01
-9.790000000000000091e-02
6.640000000000000346e-01
3.135000000000000009e-01
-8.054000000000000048e-01
8.268999999999999684e-01
-5.127000000000000446e-01
-6.061999999999999611e-01
1.812000000000000000e-01
-6.339000000000000190e-01
5.873000000000000442e-01
-6.493999999999999773e-01
7.833999999999999853e-01
-1.129999999999999928e-02
-7.812000000000000055e-01
-8.699999999999999956e-01
-8.006999999999999673e-01
-2.574000000000000177e-01
-1.064999999999999974e-01
-1.325000000000000067e-01
-9.379999999999999449e-01
5.432000000000000162e-01
-6.758999999999999453e-01
2.467000000000000026e-01
9.280000000000000471e-01
9.220000000000000417e-01
-5.161000000000000032e-01
-6.741000000000000325e-01
-1.199999999999999956e-01
6.764000000000000012e-01
-1.671999999999999875e-01
8.699999999999999400e-03
