-1.089999999999999997e-02
-8.011000000000000343e-01
6.001999999999999558e-01
3.342999999999999861e-01
-1.232000000000000040e-01
5.589999999999999830e-02
-3.948999999999999733e-01
-8.449999999999999734e-01
-2.909999999999999809e-01
8.883999999999999675e-01
-8.801999999999999824e-01
-1.619999999999999912e-02
-4.136000000000000232e-01
-1.955999999999999961e-01
5.976000000000000201e-01
-1.005999999999999950e-01
-1.173000000000000015e-01
-2.580000000000000002e-02
-6.749000000000000554e-01
-9.213999999999999968e-01
8.874999999999999556e-01
-4.823000000000000065e-01
4.516000000000000014e-01
-9.419999999999999485e-01
-7.429000000000000048e-01
1.710000000000000062e-02
-5.268000000000000460e-01
7.881000000000000227e-01
-9.393000000000000238e-01
7.164000000000000368e-01
-6.042999999999999483e-01
8.960000000000000187e-01
5.957999999999999963e-01
6.653999999999999915e-01
-3.755999999999999894e-01
4.345999999999999863e-01
3.744000000000000106e-01
8.248999999999999666e-01
5.669999999999999485e-01
-3.361999999999999988e-01
-2.015000000000000124e-01
9.767000000000000126e-01
2.126000000000000112e-01
-8.407999999999999918e-01
1.330999999999999961e-01
-6.005000000000000338e-01
5.870999999999999552e-01
-9.085999999999999632e-01
-1.370000000000000107e-01
-3.815000000000000058e-01
-7.490999999999999881e-01
-8.322000000000000508e-01
6.730000000000000426e-01
5.793000000000000371e-01
6.210000000000000242e-02
7.439999999999999947e-01
3.675999999999999823e-01
-4.839999999999999858e-02
-4.641000000000000125e-01
2.429999999999999938e-01
-6.798999999999999488e-01
7.588000000000000300e-01
3.059000000000000052e-01
2.076000000000000068e-01
-6.187000000000000277e-01
1.228999999999999954e-01
6.435999999999999499e-01
-1.270999999999999908e-01
3.373999999999999777e-01
-5.130000000000000115e-01
6.655999999999999694e-01
-1.570999999999999897e-01
5.947000000000000064e-01
9.957000000000000295e-01
7.709000000000000297e-01
-7.601999999999999869e-01
