7.991000000000000325e-01
1.643999999999999906e-01
4.828000000000000069e-01
1.183000000000000024e-01
-4.666000000000000147e-01
9.072000000000000064e-01
-3.070000000000000159e-02
4.722000000000000086e-01
-9.284000000000000030e-01
-5.112999999999999767e-01
1.226000000000000006e-01
-7.879999999999999505e-02
-7.138999999999999790e-01
3.272999999999999798e-01
-6.596999999999999531e-01
6.555999999999999606e-01
7.116000000000000103e-01
-3.854000000000000203e-01
-1.703000000000000069e-01
-9.688999999999999835e-01
-9.606999999999999984e-01
-6.548000000000000487e-01
7.042000000000000481e-01
-3.682000000000000273e-01
7.550999999999999934e-01
4.184999999999999831e-01
8.073000000000000176e-01
-2.753999999999999782e-01
3.684000000000000052e-01
2.607999999999999763e-01
-1.507999999999999896e-01
-9.411000000000000476e-01
5.462000000000000188e-01
-9.468999999999999639e-01
5.524000000000000021e-01
2.056999999999999940e-01
7.309999999999999831e-02
8.890000000000000124e-01
-1.398000000000000076e-01
-7.211999999999999522e-01
-5.630000000000000282e-02
6.819999999999999674e-02
1.161999999999999977e-01
4.464000000000000190e-01
5.412000000000000144e-01
-6.737999999999999545e-01
3.062000000000000277e-01
-6.445999999999999508e-01
-1.111000000000000043e-01
3.134000000000000119e-01
7.734999999999999654e-01
-1.995000000000000107e-01
5.987999999999999989e-01
-8.061000000000000387e-01
-4.848000000000000087e-01
-6.623999999999999888e-01
-4.961999999999999744e-01
-6.236000000000000432e-01
-6.484999999999999654e-01
9.570999999999999508e-01
-5.211000000000000076e-01
5.920999999999999597e-01
5.927999999999999936e-01
2.180999999999999883e-01
5.047000000000000375e-01
-8.413000000000000478e-01
1.147999999999999993e-01
7.094000000000000306e-01
1.131000000000000061e-01
9.750000000000000333e-02
7.685999999999999499e-01
4.445999999999999952e-01
9.744000000000000439e-01
-5.510000000000000453e-01
1.869000000000000106e-01
5.232999999999999874e-01
