4.506000000000000005e-01
-8.592999999999999527e-01
-4.515000000000000124e-01
-7.579000000000000181e-01
-3.019000000000000017e-01
-3.654999999999999916e-01
-9.179000000000000492e-01
8.612999999999999545e-01
-1.983999999999999930e-01
-1.015999999999999959e-01
-9.517999999999999794e-01
-4.905999999999999805e-01
5.154999999999999583e-01
-7.548000000000000265e-01
-6.944000000000000172e-01
-1.922999999999999987e-01
-5.424999999999999822e-01
3.240999999999999992e-01
-6.863000000000000211e-01
-9.092999999999999972e-01
-2.562999999999999723e-01
-7.308999999999999941e-01
3.421000000000000152e-01
9.778999999999999915e-01
5.731000000000000538e-01
3.497999999999999998e-01
-9.689999999999999725e-01
5.550000000000000072e-02
-5.970999999999999641e-01
-8.887000000000000455e-01
-2.230000000000000038e-02
2.586999999999999855e-01
-2.321999999999999897e-01
8.802999999999999714e-01
-2.200000000000000133e-03
4.086000000000000187e-01
-4.979999999999999705e-02
6.687999999999999501e-01
-6.141999999999999682e-01
3.568999999999999950e-01
2.063000000000000111e-01
-7.677000000000000490e-01
6.045000000000000373e-01
1.207000000000000017e-01
-3.285000000000000142e-01
3.024999999999999911e-01
1.751999999999999946e-01
-7.869000000000000439e-01
-5.173999999999999710e-01
5.850999999999999535e-01
-5.262999999999999901e-01
-8.461999999999999522e-01
1.739999999999999880e-01
2.775000000000000244e-01
2.664000000000000257e-01
-2.836000000000000187e-01
-7.796999999999999487e-01
-7.721999999999999975e-01
8.840999999999999970e-01
2.938000000000000056e-01
-5.829999999999999766e-02
7.427000000000000268e-01
1.680000000000000104e-01
7.022000000000000464e-01
-1.506000000000000116e-01
-7.620000000000000107e-01
4.656000000000000139e-01
-2.631000000000000005e-01
-2.295999999999999985e-01
3.153000000000000247e-01
-6.331999999999999851e-01
4.314000000000000057e-01
-9.556000000000000050e-01
7.396000000000000352e-01
-3.543000000000000038e-01
2.917000000000000148e-01
