-1.587999999999999967e-01
-3.261999999999999900e-01
5.010999999999999899e-01
-7.427000000000000268e-01
-3.714999999999999969e-01
8.063000000000000167e-01
2.543000000000000260e-01
-3.502000000000000113e-01
2.247000000000000108e-01
-2.756000000000000116e-01
-8.834999999999999520e-01
-9.839999999999999858e-01
3.004999999999999893e-01
-2.624000000000000221e-01
-4.544000000000000261e-01
6.152999999999999581e-01
-6.751000000000000334e-01
4.187000000000000166e-01
5.695000000000000062e-01
5.958999999999999853e-01
3.206999999999999851e-01
4.719999999999999890e-02
-7.447000000000000286e-01
-4.169999999999999818e-01
6.510000000000000508e-02
8.050000000000000211e-02
2.883000000000000007e-01
8.508999999999999897e-01
6.208000000000000185e-01
-6.845999999999999863e-01
-4.258000000000000118e-01
-6.099999999999999867e-01
4.388000000000000234e-01
-6.740000000000000435e-01
-8.309999999999999609e-01
-7.992000000000000215e-01
-5.211000000000000076e-01
-7.060999999999999499e-01
2.250999999999999945e-01
1.900000000000000022e-01
3.090000000000000038e-02
-5.305999999999999606e-01
7.106999999999999984e-01
-7.386000000000000343e-01
7.370000000000000162e-02
7.882000000000000117e-01
6.746999999999999664e-01
-9.304999999999999938e-01
2.429000000000000048e-01
-1.751999999999999946e-01
-5.803000000000000380e-01
-4.722000000000000086e-01
-7.425000000000000488e-01
4.787000000000000144e-01
9.151000000000000245e-01
-6.542000000000000037e-01
-7.785999999999999588e-01
-9.631999999999999451e-01
-3.929000000000000270e-01
2.245000000000000051e-01
3.356999999999999984e-01
-8.649000000000000021e-01
-9.768999999999999906e-01
5.435999999999999721e-01
-9.305999999999999828e-01
8.526000000000000245e-01
-9.587999999999999856e-01
3.250000000000000111e-02
9.617999999999999883e-01
5.362000000000000099e-01
-1.885000000000000009e-01
-5.746999999999999886e-01
3.393999999999999795e-01
-1.050999999999999990e-01
3.276999999999999913e-01
-2.185999999999999888e-01
