-1.142999999999999988e-01
7.461999999999999744e-01
2.310000000000000109e-01
2.693999999999999728e-01
-1.560999999999999888e-01
-6.906999999999999806e-01
-2.132999999999999896e-01
-7.637000000000000455e-01
-6.690000000000000391e-01
4.608999999999999764e-01
-2.731999999999999984e-01
6.119999999999999746e-02
-8.055999999999999828e-01
2.779999999999999832e-02
-7.224000000000000421e-01
1.097000000000000058e-01
5.687999999999999723e-01
4.525000000000000133e-01
4.534000000000000252e-01
1.867999999999999938e-01
5.328000000000000513e-01
4.309999999999999942e-01
9.258999999999999453e-01
5.366999999999999549e-01
-3.846999999999999864e-01
-9.775000000000000355e-01
5.303999999999999826e-01
3.018000000000000127e-01
6.477000000000000535e-01
8.599999999999999867e-01
-4.520000000000000129e-01
-5.684000000000000163e-01
6.551000000000000156e-01
7.026999999999999913e-01
7.138999999999999790e-01
7.209999999999999742e-02
1.146999999999999964e-01
1.952000000000000124e-01
4.314999999999999947e-01
-1.517000000000000015e-01
1.617999999999999994e-01
9.199999999999999845e-02
-1.073000000000000065e-01
3.240999999999999992e-01
-3.216999999999999860e-01
-2.170999999999999874e-01
-3.600999999999999757e-01
7.678000000000000380e-01
7.037999999999999812e-01
7.119999999999999662e-01
-5.026000000000000467e-01
8.149999999999999467e-01
-5.654000000000000137e-01
-3.660000000000000059e-02
-1.532000000000000028e-01
9.370000000000000551e-02
-7.910000000000000364e-01
-9.945000000000000506e-01
2.268000000000000016e-01
4.546999999999999931e-01
6.290000000000000036e-01
-9.094999999999999751e-01
3.033000000000000140e-01
-8.700999999999999845e-01
-2.009999999999999981e-02
4.284000000000000030e-01
5.064999999999999503e-01
6.360000000000000375e-02
1.655999999999999972e-01
-8.790999999999999925e-01
-5.294999999999999707e-01
-5.237000000000000544e-01
-3.847999999999999754e-01
8.025999999999999801e-01
1.917000000000000093e-01
-7.913000000000000034e-01
