-4.753999999999999893e-01
-4.602999999999999869e-01
-8.128999999999999559e-01
5.133999999999999675e-01
-9.334999999999999964e-01
1.199999999999999895e-03
-9.787000000000000144e-01
2.753999999999999782e-01
7.067999999999999838e-01
3.401000000000000134e-01
3.976000000000000090e-01
-3.635999999999999788e-01
-4.035000000000000253e-01
3.887999999999999790e-01
-8.273000000000000353e-01
2.326000000000000012e-01
9.328999999999999515e-01
6.790000000000000480e-01
7.359999999999999876e-02
3.331999999999999962e-01
6.929999999999999494e-01
-9.447999999999999732e-01
4.766000000000000236e-01
-9.650000000000000244e-02
8.348999999999999755e-01
2.570000000000000062e-01
-3.704999999999999960e-01
1.640000000000000138e-02
-3.653000000000000136e-01
9.133999999999999897e-01
-5.302000000000000046e-01
-8.210000000000000631e-02
-1.029999999999999943e-01
-8.598000000000000087e-01
-4.600000000000000200e-01
-6.465999999999999526e-01
-5.099999999999999672e-02
6.381000000000000005e-01
-6.357000000000000428e-01
8.832999999999999741e-01
-7.667000000000000481e-01
-8.052000000000000268e-01
9.896000000000000352e-01
-6.098000000000000087e-01
-9.864000000000000545e-01
-4.326999999999999735e-01
4.182000000000000162e-01
2.270999999999999963e-01
1.429999999999999882e-01
7.258000000000000007e-01
-8.022000000000000242e-01
-5.773000000000000353e-01
9.981999999999999762e-01
-6.784999999999999920e-01
9.909000000000000030e-01
-4.844999999999999862e-01
3.017000000000000237e-01
6.672000000000000153e-01
-1.814999999999999947e-01
-5.419000000000000483e-01
-8.344000000000000306e-01
-7.456000000000000405e-01
2.063000000000000111e-01
-4.358000000000000207e-01
-4.299000000000000044e-01
3.990000000000000213e-01
-7.906999999999999584e-01
-9.929000000000000048e-01
-7.408000000000000140e-01
4.012000000000000011e-01
6.081999999999999629e-01
5.251000000000000112e-01
-3.267999999999999794e-01
1.391999999999999904e-01
-9.055999999999999606e-01
4.157000000000000139e-01
