-2.931000000000000272e-01
-3.477999999999999980e-01
5.520000000000000462e-01
-2.560000000000000123e-02
-9.170000000000000373e-02
8.404000000000000359e-01
8.210000000000000631e-02
-1.776999999999999968e-01
3.332999999999999852e-01
-3.002000000000000224e-01
6.477000000000000535e-01
6.670000000000000373e-01
-3.546000000000000263e-01
3.209000000000000186e-01
4.460999999999999965e-01
-8.449999999999999734e-01
6.870000000000000551e-01
4.000000000000000083e-03
5.066000000000000503e-01
9.002999999999999892e-01
-5.263999999999999790e-01
4.809999999999999831e-01
6.452999999999999847e-01
4.013999999999999790e-01
-5.444999999999999840e-01
-8.781999999999999806e-01
7.358999999999999986e-01
6.089999999999999858e-01
5.100000000000000089e-01
7.224000000000000421e-01
2.381000000000000061e-01
-7.692999999999999838e-01
-4.243000000000000105e-01
-6.289000000000000146e-01
-5.664000000000000146e-01
5.957000000000000073e-01
-9.758999999999999897e-01
8.949000000000000288e-01
7.287000000000000144e-01
-9.546999999999999931e-01
7.513999999999999568e-01
6.870000000000000551e-01
6.559000000000000385e-01
-7.493999999999999551e-01
-3.876000000000000001e-01
9.982999999999999652e-01
5.989999999999999769e-01
-4.400000000000000022e-01
5.651000000000000467e-01
9.338999999999999524e-01
9.405999999999999917e-01
3.029999999999999916e-01
-1.145999999999999935e-01
-9.500999999999999446e-01
4.569999999999999757e-02
