-7.811000000000000165e-01
6.706999999999999629e-01
9.172000000000000153e-01
-6.148000000000000131e-01
-2.033999999999999975e-01
9.932999999999999607e-01
2.079000000000000015e-01
-5.333999999999999853e-01
7.185000000000000275e-01
5.713000000000000300e-01
1.330000000000000071e-01
-2.419999999999999929e-01
-2.883000000000000007e-01
6.928999999999999604e-01
-8.798000000000000265e-01
-6.951000000000000512e-01
1.184999999999999942e-01
7.744999999999999662e-01
-1.100000000000000066e-03
-6.924000000000000155e-01
-3.084999999999999964e-01
-9.328999999999999515e-01
-9.971999999999999753e-01
-4.844999999999999862e-01
-3.144000000000000128e-01
1.715000000000000135e-01
-6.611000000000000210e-01
-2.288000000000000034e-01
8.633999999999999453e-01
-9.187999999999999501e-01
8.305000000000000160e-01
9.855000000000000426e-01
2.336999999999999911e-01
9.599999999999999159e-03
-3.718000000000000194e-01
-5.758999999999999675e-01
5.735000000000000098e-01
-4.610000000000000209e-02
-2.411000000000000087e-01
-2.960999999999999743e-01
2.492000000000000048e-01
9.409999999999999476e-01
-5.289000000000000368e-01
6.391999999999999904e-01
-4.379999999999999866e-02
3.166999999999999815e-01
-9.022000000000000020e-01
-2.952000000000000179e-01
-4.114999999999999769e-01
7.300999999999999712e-01
-1.400000000000000029e-02
-4.204999999999999849e-01
7.148999999999999799e-01
8.766000000000000458e-01
-3.620000000000000301e-02
