4.336999999999999744e-01
1.698999999999999955e-01
4.333000000000000185e-01
-5.770000000000000129e-02
3.563000000000000056e-01
-8.326000000000000068e-01
5.614999999999999991e-01
-4.171000000000000263e-01
-6.516999999999999460e-01
6.206000000000000405e-01
-4.326999999999999735e-01
-5.301000000000000156e-01
-1.509000000000000064e-01
-2.426000000000000101e-01
5.653000000000000247e-01
-5.252000000000000002e-01
2.562999999999999723e-01
-7.320000000000000118e-02
5.463999999999999968e-01
2.247999999999999998e-01
1.894000000000000128e-01
4.000000000000000083e-02
-2.536999999999999811e-01
7.884999999999999787e-01
-5.423000000000000043e-01
-1.459999999999999909e-01
-4.561000000000000054e-01
1.892000000000000071e-01
-5.503000000000000114e-01
8.398999999999999799e-01
2.626999999999999891e-01
-3.588000000000000078e-01
-8.699999999999999400e-02
-2.157999999999999918e-01
-1.784999999999999920e-01
5.694000000000000172e-01
-3.719999999999999696e-02
-2.295000000000000095e-01
-1.502000000000000002e-01
5.400000000000000355e-01
5.544999999999999929e-01
7.793999999999999817e-01
-2.672999999999999821e-01
-6.330000000000000071e-01
-5.393999999999999906e-01
7.133000000000000451e-01
-5.460000000000000270e-02
9.311000000000000387e-01
-6.699000000000000510e-01
8.827000000000000401e-01
-3.146999999999999797e-01
6.744999999999999885e-01
7.399999999999999634e-02
5.705000000000000071e-01
9.189000000000000501e-01
