1.175999999999999962e-01
-9.842999999999999527e-01
6.024000000000000465e-01
1.802999999999999881e-01
4.630000000000000226e-01
-8.719000000000000083e-01
9.009999999999999953e-02
-6.840000000000000246e-02
7.072000000000000508e-01
3.490000000000000047e-02
8.133000000000000229e-01
-2.740000000000000074e-02
-4.455000000000000071e-01
-4.449000000000000177e-01
-1.759999999999999898e-01
-5.403999999999999915e-01
6.001999999999999558e-01
7.389999999999999902e-01
9.525000000000000133e-01
-1.628999999999999893e-01
4.658999999999999808e-01
-8.960000000000000187e-01
6.995999999999999996e-01
3.330000000000000321e-02
-7.137999999999999901e-01
-5.973000000000000531e-01
-3.257999999999999785e-01
-9.333000000000000185e-01
-4.398000000000000242e-01
-7.401999999999999691e-01
9.389999999999999736e-02
-3.659000000000000030e-01
7.460999999999999854e-01
3.060999999999999832e-01
-8.672999999999999599e-01
6.610000000000000320e-01
6.893000000000000238e-01
-4.048999999999999821e-01
6.061999999999999611e-01
-8.998000000000000442e-01
-8.661999999999999700e-01
-9.426999999999999824e-01
-8.500000000000000611e-03
-6.495999999999999552e-01
-1.920999999999999930e-01
2.048000000000000098e-01
3.504999999999999782e-01
6.729999999999999871e-02
-1.205999999999999989e-01
-5.854000000000000314e-01
-7.723999999999999755e-01
5.684000000000000163e-01
-5.100000000000000089e-01
-5.023999999999999577e-01
6.199999999999999956e-01
