3.976000000000000090e-01
7.276000000000000245e-01
-1.824000000000000066e-01
-9.897000000000000242e-01
9.880999999999999783e-01
3.411000000000000143e-01
8.266999999999999904e-01
-1.185999999999999971e-01
-3.816999999999999837e-01
6.296000000000000485e-01
7.478000000000000203e-01
-7.782000000000000028e-01
-8.160000000000000586e-02
8.842999999999999750e-01
-7.155000000000000249e-01
7.621999999999999886e-01
3.983999999999999764e-01
6.961000000000000520e-01
6.569000000000000394e-01
6.455999999999999517e-01
4.702999999999999958e-01
-5.162999999999999812e-01
7.691000000000000059e-01
1.204999999999999960e-01
1.265999999999999903e-01
7.185000000000000275e-01
-6.292999999999999705e-01
9.295999999999999819e-01
8.820000000000000062e-01
6.750000000000000444e-02
3.645999999999999797e-01
-1.973000000000000032e-01
-8.680999999999999828e-01
7.158999999999999808e-01
-6.850000000000000533e-01
2.218999999999999861e-01
8.669000000000000039e-01
-2.149000000000000077e-01
2.272000000000000131e-01
-7.145000000000000240e-01
-6.210999999999999854e-01
-5.256999999999999451e-01
5.443999999999999950e-01
6.579999999999999738e-02
3.710999999999999854e-01
9.546999999999999931e-01
8.669999999999999929e-02
-5.410000000000000364e-01
6.795999999999999819e-01
-6.304999999999999494e-01
5.077000000000000401e-01
-2.164000000000000090e-01
8.700999999999999845e-01
-5.968999999999999861e-01
-6.814999999999999947e-01
