1.393000000000000071e-01
-7.823999999999999844e-01
1.255999999999999894e-01
-2.424999999999999933e-01
-8.359999999999999654e-01
-8.890000000000000679e-02
2.898999999999999910e-01
2.963999999999999968e-01
-9.324999999999999956e-01
-5.659999999999999476e-01
-2.437000000000000000e-01
-9.553000000000000380e-01
-3.921999999999999931e-01
1.400000000000000029e-02
-8.555000000000000382e-01
5.336999999999999522e-01
-6.240999999999999881e-01
-1.428999999999999992e-01
-6.742000000000000215e-01
2.730000000000000204e-01
-9.804000000000000492e-01
3.508999999999999897e-01
-5.191000000000000059e-01
7.178999999999999826e-01
-5.696999999999999842e-01
-4.019999999999999962e-02
-1.106000000000000039e-01
-2.386000000000000065e-01
-7.662999999999999812e-01
2.444999999999999951e-01
-2.518000000000000238e-01
3.034999999999999920e-01
6.405999999999999472e-01
-6.508000000000000451e-01
4.264000000000000012e-01
-5.109000000000000208e-01
6.207000000000000295e-01
8.401999999999999469e-01
5.335999999999999632e-01
-1.269999999999999948e-02
2.003000000000000058e-01
-7.347000000000000197e-01
-3.672000000000000264e-01
4.303000000000000158e-01
1.333000000000000018e-01
-9.298999999999999488e-01
-7.328000000000000069e-01
4.106000000000000205e-01
2.283000000000000029e-01
-4.945999999999999841e-01
6.953000000000000291e-01
-2.589999999999999941e-02
5.876000000000000112e-01
-2.662999999999999812e-01
-3.645999999999999797e-01
