9.935000000000000497e-01
8.280999999999999472e-01
-9.219000000000000528e-01
1.280000000000000027e-01
6.812000000000000277e-01
1.272000000000000075e-01
1.940999999999999948e-01
6.625999999999999668e-01
-9.990000000000000269e-02
9.410000000000000309e-02
-1.988000000000000045e-01
-1.456999999999999962e-01
-8.800000000000000530e-03
9.935000000000000497e-01
-4.501000000000000001e-01
-4.077999999999999958e-01
-4.298000000000000154e-01
-6.978999999999999648e-01
-1.859000000000000097e-01
5.559999999999999665e-02
2.817999999999999949e-01
1.207000000000000017e-01
5.486999999999999655e-01
-5.681000000000000494e-01
-8.875999999999999446e-01
-4.663999999999999813e-01
-9.779999999999999805e-02
-4.892000000000000237e-01
1.619999999999999912e-02
2.049999999999999878e-01
7.174000000000000377e-01
4.124999999999999778e-01
-3.423999999999999821e-01
1.650000000000000078e-01
3.689000000000000057e-01
2.091999999999999971e-01
6.019999999999999657e-02
2.973999999999999977e-01
-9.379999999999999449e-02
-5.741000000000000547e-01
-5.300000000000000266e-01
4.739999999999999769e-01
9.676000000000000156e-01
-7.661000000000000032e-01
-7.834999999999999742e-01
-9.314999999999999947e-01
6.462999999999999856e-01
1.814000000000000057e-01
-9.989000000000000101e-01
2.763999999999999790e-01
-4.627999999999999892e-01
2.494000000000000106e-01
-8.193000000000000282e-01
-5.567999999999999616e-01
-1.519999999999999997e-02
