4.648999999999999799e-01
-5.734000000000000208e-01
8.427000000000000046e-01
-2.248999999999999888e-01
-9.306999999999999718e-01
5.907999999999999918e-01
3.521000000000000241e-01
-9.681999999999999496e-01
7.213000000000000522e-01
3.887999999999999790e-01
-6.143999999999999462e-01
6.339000000000000190e-01
4.445000000000000062e-01
3.196999999999999842e-01
2.501999999999999780e-01
4.859999999999999737e-02
-1.419999999999999873e-01
-4.340000000000000108e-02
-4.328000000000000180e-01
-6.844000000000000083e-01
-2.275999999999999968e-01
9.272000000000000242e-01
-9.887000000000000233e-01
3.447999999999999954e-01
8.051000000000000378e-01
-1.839999999999999969e-02
-4.835999999999999743e-01
5.154999999999999583e-01
3.370000000000000079e-02
-6.342999999999999750e-01
8.740999999999999881e-01
-4.943000000000000171e-01
2.482999999999999929e-01
5.793000000000000371e-01
3.855000000000000093e-01
-5.671000000000000485e-01
9.760000000000000620e-02
-9.988000000000000211e-01
2.295999999999999985e-01
-4.153999999999999915e-01
-1.600000000000000033e-01
5.189000000000000279e-01
-1.809999999999999942e-01
5.754000000000000226e-01
-5.867999999999999883e-01
-6.187000000000000277e-01
4.421999999999999820e-01
-5.243999999999999773e-01
4.384000000000000119e-01
4.951999999999999735e-01
-5.790000000000000008e-02
-9.058000000000000496e-01
-5.746999999999999886e-01
9.092000000000000082e-01
-9.379999999999999449e-02
