1.867000000000000048e-01
8.030000000000000471e-01
5.262999999999999901e-01
-4.157000000000000139e-01
-7.673999999999999710e-01
8.416000000000000147e-01
-6.452999999999999847e-01
3.160999999999999921e-01
-7.836999999999999522e-01
6.765999999999999792e-01
-9.987000000000000322e-01
-8.139999999999999458e-01
-3.103000000000000203e-01
-6.797999999999999599e-01
2.832999999999999963e-01
3.986000000000000099e-01
-8.883999999999999675e-01
7.568000000000000282e-01
7.497000000000000330e-01
8.606000000000000316e-01
-8.087999999999999634e-01
2.102999999999999869e-01
4.586000000000000076e-01
8.788000000000000256e-01
8.300000000000000086e-03
-3.375000000000000222e-01
1.383000000000000063e-01
-8.728000000000000203e-01
-7.647000000000000464e-01
-2.840000000000000163e-02
-9.119000000000000439e-01
8.366999999999999993e-01
4.163000000000000034e-01
-9.878000000000000114e-01
4.556000000000000050e-01
2.184999999999999998e-01
-8.385000000000000231e-01
8.406000000000000139e-01
8.662999999999999590e-01
9.020000000000000240e-01
5.888999999999999790e-01
3.579999999999999849e-02
9.339999999999999691e-02
6.717999999999999527e-01
8.649999999999999911e-01
-3.231999999999999873e-01
1.738000000000000100e-01
9.810000000000000664e-02
9.861999999999999655e-01
-5.694000000000000172e-01
7.794999999999999707e-01
-4.279999999999999916e-01
9.397999999999999687e-01
-4.515000000000000124e-01
-2.134000000000000064e-01
