-2.799999999999999972e-03
-2.872000000000000108e-01
2.240000000000000047e-01
7.488000000000000211e-01
-6.326000000000000512e-01
3.150000000000000022e-02
1.602000000000000091e-01
-3.301999999999999935e-01
-4.495000000000000107e-01
-4.741000000000000214e-01
-3.520000000000000212e-02
-1.759000000000000008e-01
6.585999999999999632e-01
5.168000000000000371e-01
-2.119999999999999940e-01
9.175999999999999712e-01
4.143000000000000016e-01
5.454999999999999849e-01
-4.633999999999999786e-01
-8.012000000000000233e-01
1.403000000000000080e-01
3.216999999999999860e-01
9.324999999999999956e-01
7.707000000000000517e-01
-5.714000000000000190e-01
-1.154000000000000026e-01
-4.877000000000000224e-01
-3.739999999999999991e-01
-2.371000000000000052e-01
-2.859999999999999765e-01
2.659999999999999865e-02
-6.895999999999999908e-01
-3.600999999999999757e-01
5.083999999999999631e-01
-6.323999999999999622e-01
-7.285000000000000364e-01
-7.256000000000000227e-01
-6.893000000000000238e-01
-7.461999999999999744e-01
-6.414999999999999591e-01
4.823000000000000065e-01
7.166000000000000147e-01
-9.114999999999999769e-01
2.931000000000000272e-01
-4.130000000000000338e-02
9.035999999999999588e-01
3.140999999999999903e-01
-1.131000000000000061e-01
-8.939999999999999336e-02
9.973999999999999533e-01
9.365999999999999881e-01
-9.274000000000000021e-01
-9.650999999999999579e-01
-4.597999999999999865e-01
-5.252000000000000002e-01
-9.679999999999999716e-01
-1.111000000000000043e-01
-5.877000000000000002e-01
4.243999999999999995e-01
-4.439000000000000168e-01
2.490999999999999881e-01
-6.525999999999999579e-01
5.125999999999999446e-01
8.087999999999999634e-01
-1.444999999999999896e-01
-1.446000000000000063e-01
-5.775000000000000133e-01
-8.984999999999999654e-01
-7.136000000000000121e-01
-3.526000000000000245e-01
5.807999999999999829e-01
-2.318999999999999950e-01
-6.490000000000000213e-01
-8.270999999999999464e-01
7.661999999999999922e-01
-8.450999999999999623e-01
3.458999999999999853e-01
-6.832000000000000295e-01
3.216999999999999860e-01
-3.715999999999999859e-01
8.191000000000000503e-01
-4.545000000000000151e-01
-8.981999999999999984e-01
3.209000000000000186e-01
5.050999999999999934e-01
-4.449999999999999789e-02
8.460999999999999632e-01
4.229999999999999732e-02
-5.364999999999999769e-01
9.099000000000000421e-01
-2.301999999999999880e-01
5.603000000000000203e-01
-9.382000000000000339e-01
-8.885999999999999455e-01
8.195000000000000062e-01
-8.190000000000000058e-02
1.047000000000000014e-01
-8.931000000000000050e-01
7.087999999999999856e-01
-6.687999999999999501e-01
-4.158999999999999919e-01
3.719000000000000083e-01
-3.254000000000000226e-01
-2.894999999999999796e-01
-5.923000000000000487e-01
-2.528000000000000247e-01
2.837999999999999967e-01
4.007000000000000006e-01
9.161000000000000254e-01
-4.061000000000000165e-01
4.209999999999999853e-02
-3.276000000000000023e-01
6.779999999999999916e-02
-7.044000000000000261e-01
8.181000000000000494e-01
-4.302000000000000268e-01
-2.795000000000000262e-01
-8.112000000000000322e-01
-9.479999999999999538e-01
8.671999999999999709e-01
4.994999999999999996e-01
9.255999999999999783e-01
2.320000000000000118e-01
-7.568000000000000282e-01
-8.701999999999999735e-01
1.474000000000000032e-01
3.780000000000000027e-02
-7.723999999999999755e-01
-5.890000000000000097e-02
4.974000000000000088e-01
3.482000000000000095e-01
-2.792000000000000037e-01
-4.240000000000000019e-02
-1.781999999999999973e-01
-5.037000000000000366e-01
-8.840000000000000635e-02
2.124999999999999944e-01
-5.643000000000000238e-01
1.313000000000000000e-01
8.127999999999999670e-01
6.182999999999999607e-01
-6.209000000000000075e-01
-7.770000000000000240e-01
-1.796000000000000096e-01
8.414000000000000368e-01
-8.870000000000000107e-01
4.094999999999999751e-01
6.302999999999999714e-01
-1.365999999999999992e-01
2.309999999999999901e-02
3.789000000000000146e-01
4.314999999999999947e-01
8.125999999999999890e-01
4.419000000000000150e-01
2.356999999999999929e-01
9.082000000000000073e-01
9.658999999999999808e-01
-9.449999999999999512e-01
-3.700999999999999845e-01
5.511000000000000343e-01
3.559999999999999970e-02
-6.594999999999999751e-01
-7.200999999999999623e-01
