-9.251000000000000334e-01
-9.604000000000000314e-01
7.567000000000000393e-01
-2.529000000000000137e-01
9.785000000000000364e-01
8.820999999999999952e-01
-4.892000000000000237e-01
-4.194999999999999840e-01
-7.147999999999999909e-01
3.619999999999999885e-01
-8.421999999999999487e-01
-9.307999999999999607e-01
4.461999999999999855e-01
-7.669000000000000261e-01
-8.689000000000000057e-01
4.087000000000000077e-01
-2.778999999999999804e-01
8.879000000000000226e-01
3.605999999999999761e-01
2.536999999999999811e-01
5.950999999999999623e-01
7.903999999999999915e-01
-4.677000000000000046e-01
8.283000000000000362e-01
-8.143000000000000238e-01
9.859999999999999321e-02
8.202000000000000401e-01
4.248000000000000109e-01
9.364999999999999991e-01
7.793999999999999817e-01
4.195999999999999730e-01
5.409000000000000474e-01
8.003000000000000114e-01
9.554000000000000270e-01
2.414999999999999925e-01
-1.368999999999999939e-01
3.859000000000000208e-01
6.140000000000000319e-02
-2.169999999999999984e-01
6.415999999999999481e-01
7.929000000000000492e-01
-9.821999999999999620e-01
-4.138999999999999901e-01
-4.050000000000000266e-01
-7.961000000000000298e-01
4.700000000000000011e-02
2.374999999999999889e-01
9.650000000000000244e-02
-1.494999999999999940e-01
1.476999999999999980e-01
2.200000000000000011e-01
1.607000000000000095e-01
5.482000000000000206e-01
-9.112999999999999989e-01
-8.100000000000000255e-02
-1.171999999999999986e-01
-7.979999999999999594e-02
9.032000000000000028e-01
2.889999999999999861e-02
9.360000000000000264e-02
-6.858999999999999542e-01
5.170000000000000151e-01
7.165000000000000258e-01
-4.214999999999999858e-01
1.305000000000000049e-01
2.896000000000000241e-01
2.043999999999999984e-01
8.958000000000000407e-01
5.489999999999999741e-02
-1.159000000000000030e-01
-9.649999999999999689e-01
7.604999999999999538e-01
-6.582000000000000073e-01
-4.374000000000000110e-01
-2.924999999999999822e-01
-6.572999999999999954e-01
-2.069999999999999896e-01
-2.888000000000000012e-01
9.154999999999999805e-01
-4.903000000000000136e-01
5.452000000000000179e-01
9.950000000000000511e-02
-8.336000000000000076e-01
9.883999999999999453e-01
2.510000000000000078e-02
4.421999999999999820e-01
6.904000000000000137e-01
5.584000000000000075e-01
6.379999999999999560e-02
-7.046999999999999931e-01
1.820000000000000090e-02
9.207999999999999519e-01
-4.900999999999999801e-01
-9.747000000000000108e-01
-6.502999999999999892e-01
1.567999999999999949e-01
3.279000000000000248e-01
1.000000000000000021e-03
-2.230999999999999928e-01
6.175000000000000488e-01
9.899999999999999911e-01
-8.266999999999999904e-01
5.385999999999999677e-01
-8.216999999999999860e-01
1.511000000000000121e-01
-2.000000000000000042e-02
8.640000000000000457e-02
5.362000000000000099e-01
-1.527999999999999914e-01
-2.331000000000000016e-01
9.029000000000000359e-01
1.144000000000000017e-01
7.014000000000000234e-01
7.264000000000000457e-01
-1.000000000000000021e-03
8.703999999999999515e-01
-4.341999999999999749e-01
2.877000000000000113e-01
-9.771999999999999575e-01
-4.037000000000000033e-01
-7.843999999999999861e-01
9.891999999999999682e-01
-4.581000000000000072e-01
1.635999999999999954e-01
4.043999999999999817e-01
6.579000000000000403e-01
-7.405000000000000471e-01
5.151000000000000023e-01
8.474000000000000421e-01
1.617999999999999994e-01
-6.759999999999999343e-02
5.471000000000000307e-01
5.920999999999999597e-01
1.418000000000000094e-01
6.215000000000000524e-01
-5.808999999999999719e-01
3.287999999999999812e-01
-6.906999999999999806e-01
3.191999999999999837e-01
5.908999999999999808e-01
2.743999999999999773e-01
-3.428999999999999826e-01
-8.195999999999999952e-01
-9.679999999999999716e-01
-2.848999999999999866e-01
-3.435000000000000275e-01
-2.958000000000000074e-01
1.099999999999999936e-02
-2.038000000000000089e-01
2.500000000000000052e-03
-4.943000000000000171e-01
2.005000000000000115e-01
1.290000000000000036e-01
-5.148000000000000353e-01
6.344999999999999529e-01
-2.700000000000000178e-01
-4.713999999999999857e-01
-5.387999999999999456e-01
5.765000000000000124e-01
1.834000000000000075e-01
6.665999999999999703e-01
3.649000000000000021e-01
2.534000000000000141e-01
