-6.479000000000000314e-01
9.341000000000000414e-01
4.408000000000000251e-01
6.593999999999999861e-01
-7.329999999999999849e-01
-7.590999999999999970e-01
-7.891000000000000236e-01
-1.208000000000000046e-01
-9.261000000000000343e-01
-1.557000000000000051e-01
-3.541000000000000258e-01
7.682999999999999829e-01
6.521000000000000130e-01
3.346999999999999975e-01
7.580000000000000626e-02
-2.406000000000000083e-01
6.542999999999999927e-01
-6.036000000000000254e-01
3.059999999999999942e-01
-8.345000000000000195e-01
5.863000000000000433e-01
5.869999999999999662e-01
6.633000000000000007e-01
4.519000000000000239e-01
7.890000000000000346e-01
1.660000000000000017e-02
5.585999999999999854e-01
2.295000000000000095e-01
-2.955999999999999739e-01
-1.441000000000000059e-01
-1.241000000000000020e-01
5.214999999999999636e-01
-5.727999999999999758e-01
9.379999999999999449e-01
-9.291000000000000369e-01
-2.255999999999999950e-01
-2.501999999999999780e-01
-3.880000000000000115e-01
-7.613999999999999657e-01
-4.910999999999999810e-01
7.879999999999999505e-02
-3.835000000000000075e-01
2.932000000000000162e-01
4.101000000000000201e-01
8.743999999999999551e-01
-6.347000000000000419e-01
2.452000000000000013e-01
-2.220000000000000098e-02
-4.217000000000000193e-01
-6.293999999999999595e-01
3.986000000000000099e-01
4.321999999999999731e-01
-4.829999999999999849e-01
7.883999999999999897e-01
-3.064000000000000057e-01
-6.757999999999999563e-01
4.862000000000000210e-01
-7.320000000000000118e-02
6.017000000000000126e-01
-9.227999999999999536e-01
-2.876000000000000223e-01
-3.196999999999999842e-01
-1.597999999999999976e-01
-3.780000000000000027e-01
-8.002000000000000224e-01
-5.151000000000000023e-01
6.272999999999999687e-01
4.302000000000000268e-01
-9.183999999999999941e-01
4.066000000000000170e-01
-4.005000000000000226e-01
8.601999999999999647e-01
-5.469999999999999862e-02
-1.814999999999999947e-01
9.942999999999999616e-01
9.565000000000000169e-01
-8.455000000000000293e-01
8.730999999999999872e-01
8.880000000000000115e-01
3.229000000000000203e-01
1.244999999999999996e-01
-6.070999999999999730e-01
-8.938000000000000389e-01
7.042000000000000481e-01
8.790000000000000591e-02
-7.966999999999999638e-01
-2.214000000000000135e-01
-3.048000000000000154e-01
8.336999999999999966e-01
-4.043999999999999817e-01
-2.550999999999999934e-01
-8.931000000000000050e-01
-8.974999999999999645e-01
-7.983999999999999986e-01
8.918000000000000371e-01
-2.344999999999999862e-01
-8.309999999999999332e-02
-5.769999999999999574e-01
-2.576999999999999846e-01
-7.441999999999999726e-01
-5.214999999999999636e-01
-8.677000000000000268e-01
-2.641000000000000014e-01
4.909999999999999920e-01
-6.710000000000000409e-01
-4.092000000000000082e-01
7.539000000000000146e-01
-9.443000000000000282e-01
5.218000000000000416e-01
-9.818000000000000060e-01
7.274000000000000465e-01
-6.949999999999999512e-01
2.809999999999999998e-02
4.038999999999999813e-01
6.469999999999999363e-02
-2.788999999999999813e-01
5.850999999999999535e-01
-3.183000000000000274e-01
7.925999999999999712e-01
-6.966999999999999860e-01
7.766999999999999460e-01
5.614999999999999991e-01
-5.990999999999999659e-01
4.476999999999999869e-01
5.283999999999999808e-01
6.661000000000000254e-01
6.790000000000000480e-01
-9.555000000000000160e-01
6.806999999999999718e-01
-8.921000000000000041e-01
-2.323000000000000065e-01
7.114000000000000323e-01
-4.154999999999999805e-01
1.020999999999999963e-01
-5.252000000000000002e-01
-3.910000000000000281e-02
8.797000000000000375e-01
8.770000000000000018e-02
-1.854999999999999982e-01
6.505999999999999561e-01
3.579999999999999849e-02
-8.280999999999999472e-01
-3.135000000000000009e-01
-4.946999999999999731e-01
-5.999999999999999778e-02
-3.809000000000000163e-01
2.864999999999999769e-01
5.618999999999999551e-01
4.527999999999999803e-01
-8.162000000000000366e-01
7.869000000000000439e-01
-1.009000000000000036e-01
7.086000000000000076e-01
6.670000000000000373e-01
2.889999999999999861e-02
-8.626000000000000334e-01
-1.648000000000000020e-01
-7.741000000000000103e-01
3.734000000000000097e-01
4.230999999999999761e-01
4.152000000000000135e-01
1.909999999999999892e-02
-1.054999999999999966e-01
