1.074999999999999983e-01
-9.629999999999999671e-01
8.300000000000000433e-02
8.046999999999999709e-01
-9.677000000000000046e-01
-4.549000000000000266e-01
9.619999999999999662e-01
9.389999999999999736e-02
-3.507000000000000117e-01
-5.857999999999999874e-01
-8.315000000000000169e-01
9.222000000000000197e-01
-1.550999999999999879e-01
4.956999999999999740e-01
5.238000000000000433e-01
-4.848000000000000087e-01
-1.627000000000000113e-01
7.833999999999999853e-01
-3.625999999999999779e-01
8.046999999999999709e-01
3.638000000000000123e-01
8.403000000000000469e-01
-3.891000000000000014e-01
-3.875000000000000111e-01
6.404999999999999583e-01
-8.300999999999999490e-01
9.758000000000000007e-01
-7.164000000000000368e-01
-2.847000000000000086e-01
8.473000000000000531e-01
6.531000000000000139e-01
-1.441999999999999948e-01
9.352000000000000313e-01
4.639999999999999680e-02
3.520000000000000212e-02
-6.437000000000000499e-01
5.794000000000000261e-01
4.374000000000000110e-01
-5.907000000000000028e-01
6.866999999999999771e-01
-9.449999999999999512e-01
8.070000000000000506e-01
-7.610000000000000098e-02
-4.535000000000000142e-01
6.576999999999999513e-01
-7.247000000000000108e-01
4.511000000000000010e-01
7.118999999999999773e-01
1.313000000000000000e-01
2.335000000000000131e-01
7.539999999999999480e-02
7.068999999999999728e-01
1.827000000000000013e-01
5.799999999999999600e-03
-5.006000000000000449e-01
9.562000000000000499e-01
-8.878000000000000336e-01
-7.839000000000000412e-01
-8.305000000000000160e-01
-1.661999999999999866e-01
4.425000000000000044e-01
-9.008000000000000451e-01
7.167999999999999927e-01
9.010000000000000231e-01
-5.169000000000000261e-01
7.495000000000000551e-01
-1.071000000000000008e-01
1.161999999999999977e-01
-2.834999999999999742e-01
-8.153000000000000247e-01
-2.832999999999999963e-01
1.112999999999999962e-01
-5.601000000000000423e-01
-4.753000000000000003e-01
5.174999999999999600e-01
4.792000000000000148e-01
2.960999999999999743e-01
-4.373000000000000220e-01
-9.263000000000000123e-01
-4.084999999999999742e-01
4.408000000000000251e-01
-4.076000000000000179e-01
-9.882999999999999563e-01
-5.036000000000000476e-01
1.796999999999999986e-01
6.942000000000000393e-01
2.252000000000000113e-01
2.575999999999999956e-01
2.995999999999999774e-01
-7.099999999999999645e-01
3.582000000000000184e-01
-9.289999999999999647e-02
-8.001000000000000334e-01
2.021999999999999909e-01
-9.274000000000000021e-01
-7.972000000000000197e-01
3.086999999999999744e-01
6.019999999999999657e-02
3.570000000000000256e-02
2.328000000000000069e-01
-8.639000000000000012e-01
-8.221000000000000529e-01
-7.970000000000000417e-01
-4.887000000000000233e-01
-8.803999999999999604e-01
1.399999999999999986e-03
9.101000000000000201e-01
-7.838000000000000522e-01
-7.339999999999999858e-01
-1.184000000000000052e-01
-1.650999999999999968e-01
-5.745000000000000107e-01
8.179999999999999494e-01
5.082999999999999741e-01
-5.887999999999999901e-01
-1.958000000000000018e-01
-8.282000000000000473e-01
-7.480999999999999872e-01
9.629999999999999671e-02
-5.936000000000000165e-01
6.139000000000000012e-01
7.238999999999999879e-01
-3.901000000000000023e-01
-4.544000000000000261e-01
6.791000000000000369e-01
-1.679999999999999896e-02
-6.583999999999999853e-01
7.247999999999999998e-01
7.887999999999999456e-01
4.853999999999999981e-01
-2.696999999999999953e-01
-3.101999999999999758e-01
-3.301999999999999935e-01
-7.589000000000000190e-01
3.049000000000000044e-01
-5.393000000000000016e-01
-2.631000000000000005e-01
4.656000000000000139e-01
6.707999999999999519e-01
8.043000000000000149e-01
-1.532999999999999918e-01
-9.404000000000000137e-01
7.413999999999999480e-01
-2.844999999999999751e-01
2.955999999999999739e-01
-4.233000000000000096e-01
-5.776000000000000023e-01
8.722999999999999643e-01
8.750000000000000000e-01
-9.801999999999999602e-01
-2.690000000000000169e-01
-2.285999999999999976e-01
5.997000000000000108e-01
-2.293999999999999928e-01
-7.819000000000000394e-01
1.663000000000000034e-01
7.199999999999999734e-01
6.514999999999999680e-01
2.862000000000000099e-01
-9.495999999999999996e-01
-3.871999999999999886e-01
-4.898000000000000131e-01
-1.985000000000000098e-01
