-4.302000000000000268e-01
-2.793999999999999817e-01
-7.100999999999999535e-01
-1.889000000000000123e-01
4.591999999999999971e-01
6.558000000000000496e-01
4.033999999999999808e-01
7.738000000000000433e-01
-5.110999999999999988e-01
8.001000000000000334e-01
3.770000000000000018e-01
9.483000000000000318e-01
-7.459999999999999964e-01
-9.437999999999999723e-01
-8.274000000000000243e-01
-9.283000000000000140e-01
-3.582000000000000184e-01
-7.336000000000000298e-01
8.918000000000000371e-01
6.824999999999999956e-01
7.580000000000000626e-02
-2.127000000000000002e-01
9.839999999999999858e-01
9.909999999999999920e-01
-2.624000000000000221e-01
9.126999999999999558e-01
9.416999999999999815e-01
-8.006999999999999673e-01
6.447000000000000508e-01
-9.624000000000000332e-01
-2.038999999999999979e-01
6.311999999999999833e-01
-1.307999999999999996e-01
-7.087999999999999856e-01
-1.218999999999999945e-01
4.662999999999999923e-01
-8.569999999999999840e-01
-4.862000000000000210e-01
2.857000000000000095e-01
8.689999999999999947e-01
-6.132999999999999563e-01
-7.026000000000000023e-01
-7.549000000000000155e-01
-5.298000000000000487e-01
9.243000000000000105e-01
-7.417000000000000259e-01
2.894999999999999796e-01
6.240999999999999881e-01
9.514000000000000234e-01
9.871999999999999664e-01
6.158000000000000140e-01
-5.645000000000000018e-01
8.204000000000000181e-01
-8.934999999999999609e-01
5.839999999999999636e-01
9.032000000000000028e-01
-8.659999999999999643e-02
2.782000000000000028e-01
6.625999999999999668e-01
-9.560000000000000442e-02
2.551999999999999824e-01
-8.942999999999999838e-01
8.088999999999999524e-01
9.608999999999999764e-01
6.981000000000000538e-01
5.931999999999999496e-01
4.148000000000000020e-01
-1.968000000000000027e-01
8.639999999999999902e-01
-7.989000000000000545e-01
-3.439999999999999725e-01
-1.801000000000000101e-01
-7.127000000000000002e-01
-6.550000000000000266e-01
3.932999999999999829e-01
-8.200000000000000344e-02
5.818999999999999728e-01
1.986999999999999877e-01
9.522000000000000464e-01
7.369999999999999885e-01
-9.070000000000000284e-02
-3.388999999999999790e-01
-1.738000000000000100e-01
8.449999999999999734e-01
2.490999999999999881e-01
-6.660000000000000642e-02
4.706000000000000183e-01
1.919999999999999832e-02
8.476000000000000201e-01
-7.308999999999999941e-01
6.539999999999999980e-02
6.884000000000000119e-01
-1.300999999999999934e-01
-4.349999999999999978e-01
4.566999999999999948e-01
-5.397999999999999465e-01
6.548000000000000487e-01
4.205999999999999739e-01
4.737999999999999989e-01
9.715000000000000302e-01
1.889000000000000123e-01
-1.988999999999999935e-01
6.336000000000000520e-01
-6.915999999999999925e-01
9.838000000000000078e-01
-7.367000000000000215e-01
-7.250999999999999668e-01
8.618999999999999995e-01
-7.300999999999999712e-01
-1.213999999999999940e-01
3.860999999999999988e-01
-8.080000000000000515e-01
7.080999999999999517e-01
8.750000000000000000e-01
-4.894000000000000017e-01
9.393000000000000238e-01
5.920000000000000262e-02
4.915999999999999814e-01
-1.706999999999999906e-01
-8.660999999999999810e-01
-3.875000000000000111e-01
-7.779000000000000359e-01
-1.320000000000000062e-01
-1.562000000000000055e-01
-4.215999999999999748e-01
3.209999999999999659e-02
9.003999999999999782e-01
8.037999999999999590e-01
-4.951999999999999735e-01
-5.839999999999999636e-01
9.990000000000000269e-02
9.667000000000000037e-01
-9.328999999999999515e-01
-9.213999999999999968e-01
-1.852000000000000035e-01
9.397999999999999687e-01
-4.490000000000000102e-01
-3.513000000000000012e-01
-3.380000000000000226e-01
-2.376999999999999946e-01
5.569999999999999951e-02
-1.408000000000000085e-01
-1.359999999999999924e-02
-2.781000000000000139e-01
-6.602000000000000091e-01
3.099999999999999891e-03
-7.580000000000000626e-02
9.068000000000000504e-01
5.917999999999999927e-01
3.617000000000000215e-01
8.365000000000000213e-01
3.857999999999999763e-01
6.217000000000000304e-01
-1.028000000000000025e-01
-2.109999999999999931e-01
2.669000000000000261e-01
-1.653000000000000025e-01
5.857999999999999874e-01
-3.805999999999999939e-01
4.389000000000000123e-01
3.438999999999999835e-01
9.450000000000000067e-02
7.537000000000000366e-01
