5.610000000000000542e-01
9.282000000000000250e-01
-1.524000000000000077e-01
9.179000000000000492e-01
4.522999999999999798e-01
-2.038000000000000089e-01
5.835000000000000187e-01
3.522000000000000131e-01
7.645999999999999464e-01
8.669000000000000039e-01
5.107000000000000428e-01
9.472000000000000419e-01
9.046999999999999487e-01
-8.257999999999999785e-01
1.018000000000000016e-01
7.040000000000000424e-02
-8.909999999999999865e-02
8.766000000000000458e-01
9.366999999999999771e-01
-3.729999999999999982e-02
-2.681999999999999940e-01
-3.482000000000000095e-01
-1.686999999999999889e-01
-8.142000000000000348e-01
5.294999999999999707e-01
-2.460000000000000034e-02
-5.539999999999999786e-02
-6.150999999999999801e-01
-3.952999999999999847e-01
9.431000000000000494e-01
7.409999999999999920e-02
-1.781999999999999973e-01
-6.857999999999999652e-01
-7.569000000000000172e-01
-5.370000000000000329e-01
-8.809000000000000163e-01
4.082000000000000073e-01
2.026000000000000023e-01
7.419000000000000039e-01
9.636000000000000121e-01
-7.117999999999999883e-01
-6.251999999999999780e-01
-2.167000000000000037e-01
-4.354999999999999982e-01
8.153000000000000247e-01
8.598999999999999977e-01
9.010000000000000231e-01
2.642999999999999794e-01
-6.987999999999999767e-01
3.291999999999999926e-01
7.944999999999999840e-01
3.719999999999999696e-02
-4.900000000000000189e-02
-7.268999999999999906e-01
-8.266999999999999904e-01
-2.877000000000000113e-01
7.233000000000000540e-01
-9.439999999999999503e-01
3.502000000000000113e-01
-1.680000000000000104e-01
-3.284000000000000252e-01
8.584000000000000519e-01
7.400999999999999801e-01
7.109999999999999654e-02
-5.427999999999999492e-01
-4.688999999999999835e-01
-6.330000000000000071e-01
-5.110000000000000098e-01
4.787000000000000144e-01
-9.405000000000000027e-01
-7.014000000000000234e-01
-3.473999999999999866e-01
4.200000000000000261e-02
8.437000000000000055e-01
-4.910999999999999810e-01
-1.718000000000000083e-01
6.840000000000000246e-02
-3.849999999999999950e-02
1.287000000000000088e-01
-1.218999999999999945e-01
9.443000000000000282e-01
2.197999999999999954e-01
-2.353999999999999981e-01
2.003000000000000058e-01
6.029999999999999943e-02
7.809000000000000385e-01
-1.764000000000000012e-01
2.277000000000000135e-01
8.846000000000000529e-01
3.840999999999999970e-01
-9.322000000000000286e-01
6.622000000000000108e-01
-4.499999999999999833e-02
-9.965000000000000524e-01
3.022000000000000242e-01
-1.190000000000000085e-02
-5.079999999999999793e-02
-6.760000000000000453e-01
-6.195000000000000506e-01
2.447999999999999898e-01
2.582999999999999741e-01
3.909000000000000252e-01
6.612000000000000099e-01
-7.731000000000000094e-01
6.049999999999999822e-02
3.689000000000000057e-01
8.440000000000000280e-02
8.378999999999999782e-01
4.742000000000000104e-01
-3.135999999999999899e-01
-1.365000000000000102e-01
1.769000000000000017e-01
-9.785000000000000364e-01
5.899999999999999689e-01
6.720000000000000417e-01
8.169999999999999485e-01
8.552999999999999492e-01
2.963000000000000078e-01
9.871999999999999664e-01
-7.861000000000000210e-01
6.524999999999999689e-01
8.104999999999999982e-01
2.351000000000000034e-01
9.461000000000000520e-01
2.207000000000000073e-01
3.588000000000000078e-01
4.304000000000000048e-01
-5.900999999999999579e-01
-8.681999999999999718e-01
-1.877999999999999947e-01
-4.287000000000000255e-01
2.762999999999999901e-01
5.905000000000000249e-01
4.284000000000000030e-01
-7.419999999999999929e-01
-9.600999999999999535e-01
-9.290000000000000480e-01
-4.540000000000000147e-01
1.479000000000000037e-01
1.738999999999999990e-01
-8.770000000000000018e-02
-3.300000000000000155e-02
2.712999999999999856e-01
8.820000000000000062e-02
6.929999999999999494e-01
8.004000000000000004e-01
-4.899999999999999911e-01
3.837999999999999745e-01
1.552000000000000046e-01
-9.700000000000000289e-03
-9.694000000000000394e-01
3.549999999999999822e-01
-5.272999999999999909e-01
-6.523999999999999799e-01
-8.428999999999999826e-01
-4.303000000000000158e-01
1.469999999999999918e-01
-1.529999999999999936e-02
-5.924000000000000377e-01
7.954999999999999849e-01
-2.733999999999999764e-01
-8.818000000000000282e-01
5.568999999999999506e-01
