-6.480000000000000204e-01
5.173999999999999710e-01
7.531999999999999806e-01
4.428000000000000269e-01
8.315000000000000169e-01
6.882000000000000339e-01
-3.235999999999999988e-01
-1.170000000000000033e-02
8.247999999999999776e-01
5.473000000000000087e-01
-1.653999999999999915e-01
-7.673999999999999710e-01
-2.822000000000000064e-01
8.405000000000000249e-01
-7.671000000000000041e-01
7.637000000000000455e-01
3.909000000000000252e-01
-5.835000000000000187e-01
-8.777000000000000357e-01
6.850000000000000533e-01
2.605000000000000093e-01
7.046000000000000041e-01
6.493999999999999773e-01
-3.336999999999999966e-01
-8.821999999999999842e-01
-4.717000000000000082e-01
-4.043999999999999817e-01
2.102999999999999869e-01
-8.924999999999999600e-01
-4.949999999999999956e-01
-3.538000000000000034e-01
2.031999999999999917e-01
-5.669999999999999485e-01
-5.102999999999999758e-01
1.673999999999999932e-01
2.270000000000000073e-01
3.624999999999999889e-01
-2.570000000000000062e-01
9.246999999999999664e-01
-8.719999999999999973e-01
-5.120000000000000107e-01
6.296000000000000485e-01
3.407000000000000028e-01
1.965999999999999970e-01
-2.836000000000000187e-01
1.922000000000000097e-01
3.461000000000000187e-01
-6.867999999999999661e-01
-3.402000000000000024e-01
-2.451000000000000123e-01
6.374999999999999556e-01
-3.159000000000000141e-01
-4.943000000000000171e-01
-9.603000000000000425e-01
5.457999999999999519e-01
9.307999999999999607e-01
-8.725000000000000533e-01
-4.951999999999999735e-01
7.237000000000000099e-01
4.243000000000000105e-01
-9.489999999999999547e-01
-6.389999999999999847e-02
2.364999999999999880e-01
-9.418999999999999595e-01
8.999999999999999754e-04
6.088999999999999968e-01
-6.076000000000000290e-01
9.919000000000000039e-01
-8.726000000000000423e-01
4.171000000000000263e-01
-1.600999999999999923e-01
-8.863999999999999657e-01
-6.348000000000000309e-01
-3.435000000000000275e-01
-7.622999999999999776e-01
-9.902999999999999581e-01
4.964000000000000079e-01
6.251999999999999780e-01
5.195999999999999508e-01
-5.500000000000000028e-02
7.832000000000000073e-01
-3.109999999999999917e-02
1.474000000000000032e-01
-2.630000000000000046e-02
4.991999999999999771e-01
6.606999999999999540e-01
7.718000000000000416e-01
-6.803000000000000158e-01
-6.532000000000000028e-01
-4.930999999999999828e-01
-4.873999999999999999e-01
-6.968999999999999639e-01
3.059000000000000052e-01
3.855999999999999983e-01
4.907000000000000250e-01
-7.062000000000000499e-01
9.149000000000000465e-01
5.595999999999999863e-01
7.340000000000000691e-02
3.270000000000000129e-01
2.250000000000000056e-01
-7.259999999999999787e-01
-1.340000000000000045e-02
8.084000000000000075e-01
5.374999999999999778e-01
2.888999999999999901e-01
9.513000000000000345e-01
2.447999999999999898e-01
-8.374000000000000332e-01
5.747999999999999776e-01
-5.881999999999999451e-01
-3.629000000000000004e-01
-4.406999999999999806e-01
2.809999999999999998e-02
8.975999999999999535e-01
8.429999999999999993e-02
-7.058999999999999719e-01
9.747000000000000108e-01
6.561000000000000165e-01
-4.192000000000000171e-01
-2.933000000000000052e-01
-4.615000000000000213e-01
1.814000000000000057e-01
-8.476000000000000201e-01
1.106000000000000039e-01
2.565000000000000058e-01
-3.845999999999999974e-01
5.149999999999999717e-02
6.378000000000000336e-01
-6.796999999999999709e-01
-3.548999999999999932e-01
-6.329999999999999516e-02
9.855000000000000426e-01
7.811000000000000165e-01
9.320000000000000506e-01
1.032000000000000001e-01
-4.462999999999999745e-01
-7.023000000000000353e-01
-6.391999999999999904e-01
2.187000000000000055e-01
-1.464000000000000024e-01
6.991000000000000547e-01
-3.328999999999999737e-01
-5.980999999999999650e-01
5.386999999999999567e-01
-4.031000000000000139e-01
-9.940999999999999837e-01
-2.900000000000000147e-02
4.359000000000000097e-01
7.466000000000000414e-01
-9.276999999999999691e-01
5.474999999999999867e-01
-4.199999999999999740e-03
-9.360000000000000542e-01
-6.018000000000000016e-01
2.164000000000000090e-01
-2.053000000000000103e-01
7.255000000000000338e-01
-7.145000000000000240e-01
-9.707999999999999963e-01
-8.417999999999999927e-01
-6.153999999999999471e-01
-5.453000000000000069e-01
