2.878000000000000003e-01
-6.308000000000000274e-01
5.534000000000000030e-01
-8.559999999999999554e-02
-2.316000000000000003e-01
-7.642999999999999794e-01
-3.840000000000000080e-01
5.536999999999999700e-01
-9.312000000000000277e-01
7.793999999999999817e-01
-6.178000000000000158e-01
-7.186000000000000165e-01
-4.031000000000000139e-01
2.170999999999999874e-01
-1.409999999999999969e-02
-1.605999999999999928e-01
7.274000000000000465e-01
9.078000000000000513e-01
3.481000000000000205e-01
-8.881000000000000005e-01
9.896000000000000352e-01
1.373999999999999944e-01
6.489999999999999936e-02
3.194000000000000172e-01
9.085999999999999632e-01
-2.575999999999999956e-01
-1.923999999999999877e-01
6.487000000000000544e-01
-1.130000000000000032e-01
8.890000000000000124e-01
5.866000000000000103e-01
-3.058000000000000163e-01
2.210999999999999910e-01
2.746000000000000107e-01
-7.426000000000000378e-01
3.942999999999999838e-01
-1.678999999999999937e-01
1.610000000000000042e-01
-4.556999999999999940e-01
-4.628999999999999782e-01
-5.199000000000000288e-01
-9.907000000000000250e-01
7.838000000000000522e-01
7.859000000000000430e-01
2.581999999999999851e-01
4.599999999999999922e-03
-2.852000000000000091e-01
-1.917000000000000093e-01
-7.446000000000000396e-01
7.760000000000000231e-01
5.541000000000000369e-01
-3.059999999999999873e-02
-5.714000000000000190e-01
-8.012000000000000233e-01
-8.145000000000000018e-01
-1.572000000000000064e-01
2.293000000000000038e-01
4.250999999999999779e-01
2.409999999999999920e-01
9.897000000000000242e-01
-6.137000000000000233e-01
7.415000000000000480e-01
-8.062000000000000277e-01
2.626999999999999891e-01
-4.960999999999999854e-01
-5.773000000000000353e-01
-6.168000000000000149e-01
3.523000000000000020e-01
2.579000000000000181e-01
-7.782999999999999918e-01
-7.530000000000000582e-02
-5.047000000000000375e-01
-1.804999999999999938e-01
5.068000000000000282e-01
7.400000000000000328e-03
4.994000000000000106e-01
-3.427999999999999936e-01
4.996999999999999775e-01
1.280000000000000061e-02
-4.444000000000000172e-01
7.216000000000000192e-01
-7.449999999999999956e-01
-4.934999999999999942e-01
-1.064999999999999974e-01
7.785999999999999588e-01
-9.122999999999999998e-01
7.130000000000000226e-02
7.943000000000000060e-01
-3.731999999999999762e-01
4.591999999999999971e-01
-6.286000000000000476e-01
-7.588000000000000300e-01
-7.825999999999999623e-01
-4.959000000000000075e-01
6.114000000000000545e-01
-5.158000000000000362e-01
7.591999999999999860e-01
9.193000000000000060e-01
3.402000000000000024e-01
5.857999999999999874e-01
-1.497999999999999887e-01
5.486999999999999655e-01
2.299999999999999961e-03
1.489000000000000046e-01
3.114999999999999991e-01
4.100000000000000172e-02
-4.900000000000000189e-02
5.919999999999999707e-01
2.853999999999999870e-01
6.723000000000000087e-01
8.368999999999999773e-01
2.687999999999999834e-01
-7.833999999999999853e-01
7.498000000000000220e-01
-3.210000000000000075e-01
-7.681000000000000050e-01
-4.760000000000000342e-02
7.681000000000000050e-01
-6.881000000000000449e-01
2.995999999999999774e-01
9.252000000000000224e-01
1.069999999999999979e-01
-7.354000000000000536e-01
-1.741999999999999937e-01
6.067000000000000171e-01
-5.602000000000000313e-01
-2.807000000000000051e-01
2.088000000000000134e-01
5.179999999999999882e-02
5.878999999999999782e-01
3.775999999999999912e-01
-9.139000000000000457e-01
-4.616000000000000103e-01
-7.110999999999999543e-01
5.261000000000000121e-01
1.679999999999999896e-02
6.802000000000000268e-01
-5.099999999999999672e-02
7.076000000000000068e-01
7.183000000000000496e-01
4.449000000000000177e-01
3.435000000000000275e-01
-5.866000000000000103e-01
-6.690000000000000113e-02
-4.390000000000000152e-02
-2.790000000000000119e-02
-3.089000000000000079e-01
9.658999999999999808e-01
-8.546000000000000263e-01
5.436999999999999611e-01
1.559999999999999928e-02
1.993000000000000049e-01
4.009999999999999676e-02
5.153999999999999693e-01
-2.916000000000000258e-01
2.068000000000000116e-01
7.842000000000000082e-01
3.602000000000000202e-01
9.030000000000000249e-01
-8.643999999999999462e-01
-2.051000000000000045e-01
1.259000000000000119e-01
-7.032000000000000473e-01
