3.910000000000000281e-02
3.971999999999999975e-01
1.401000000000000023e-01
-4.019999999999999962e-02
5.452000000000000179e-01
-2.442999999999999894e-01
-2.939999999999999905e-02
-5.518999999999999462e-01
7.338999999999999968e-01
-8.204000000000000181e-01
-2.829999999999999738e-01
-7.679999999999999327e-02
-5.836999999999999966e-01
-5.009000000000000119e-01
-3.574999999999999845e-01
-1.115000000000000019e-01
7.105000000000000204e-01
-2.046000000000000041e-01
-3.628000000000000114e-01
9.779999999999999805e-02
-3.371000000000000107e-01
8.440999999999999615e-01
-2.551999999999999824e-01
1.526000000000000134e-01
4.778000000000000025e-01
9.797000000000000153e-01
7.538000000000000256e-01
-4.329000000000000070e-01
-3.108000000000000207e-01
3.816999999999999837e-01
-2.888999999999999901e-01
-7.117999999999999883e-01
4.390999999999999903e-01
-7.724999999999999645e-01
7.288000000000000034e-01
4.455999999999999961e-01
8.465000000000000302e-01
4.757000000000000117e-01
7.257000000000000117e-01
6.000000000000000125e-03
7.907999999999999474e-01
1.277999999999999969e-01
-2.278000000000000025e-01
-7.199999999999999456e-02
5.320000000000000284e-01
-8.216999999999999860e-01
8.860999999999999988e-01
-7.340000000000000691e-02
1.073999999999999955e-01
6.800000000000000488e-01
1.105000000000000010e-01
3.640999999999999792e-01
-9.156999999999999584e-01
1.232000000000000040e-01
9.701999999999999513e-01
1.860999999999999877e-01
5.406999999999999584e-01
-9.697999999999999954e-01
5.528999999999999471e-01
1.068000000000000060e-01
8.032000000000000250e-01
8.625000000000000444e-01
-1.607000000000000095e-01
6.895999999999999908e-01
7.112000000000000544e-01
5.865000000000000213e-01
7.936999999999999611e-01
-7.116000000000000103e-01
5.269999999999999685e-02
-6.327000000000000401e-01
7.649000000000000243e-01
-2.494000000000000106e-01
-3.277999999999999803e-01
6.170999999999999819e-01
5.646999999999999797e-01
3.627000000000000224e-01
-3.910000000000000281e-02
4.512999999999999790e-01
-9.594000000000000306e-01
5.475999999999999757e-01
1.170999999999999958e-01
3.590000000000000135e-02
2.016999999999999904e-01
2.220000000000000029e-01
3.705999999999999850e-01
-6.683000000000000052e-01
-3.847999999999999754e-01
-6.439999999999999891e-02
5.335999999999999632e-01
-7.724999999999999645e-01
3.674000000000000044e-01
5.813000000000000389e-01
-6.594999999999999751e-01
9.690000000000000002e-02
-7.157999999999999918e-01
6.692000000000000171e-01
4.793000000000000038e-01
-9.476999999999999869e-01
-2.429000000000000048e-01
6.394999999999999574e-01
-9.674000000000000377e-01
3.854000000000000203e-01
-3.578999999999999959e-01
5.088000000000000300e-01
6.803000000000000158e-01
-8.365000000000000213e-01
-5.391000000000000236e-01
-4.257000000000000228e-01
8.247999999999999776e-01
2.822000000000000064e-01
-6.380000000000000115e-01
-4.076000000000000179e-01
9.518999999999999684e-01
7.771000000000000130e-01
4.750000000000000056e-02
3.590000000000000135e-02
8.531999999999999584e-01
3.719999999999999973e-01
-1.932000000000000106e-01
-3.951999999999999957e-01
3.693000000000000171e-01
5.698999999999999622e-01
-8.366999999999999993e-01
8.265000000000000124e-01
5.180000000000000160e-01
-7.732999999999999874e-01
-1.348999999999999921e-01
9.126999999999999558e-01
-6.373999999999999666e-01
-1.107999999999999957e-01
7.299999999999999545e-02
-2.786000000000000143e-01
-8.266000000000000014e-01
4.460000000000000075e-02
5.532000000000000250e-01
-9.082999999999999963e-01
-8.328999999999999737e-01
7.090999999999999526e-01
-2.298000000000000043e-01
-9.784000000000000474e-01
-2.247000000000000108e-01
-9.968000000000000194e-01
-5.505999999999999783e-01
-6.215000000000000524e-01
6.817999999999999616e-01
1.701999999999999902e-01
-6.226000000000000423e-01
7.738000000000000433e-01
-7.992000000000000215e-01
1.617999999999999994e-01
-5.118000000000000327e-01
7.229999999999999760e-01
-4.959000000000000075e-01
-9.220000000000000417e-02
8.934999999999999609e-01
5.429000000000000492e-01
5.676999999999999824e-01
-5.352000000000000091e-01
-6.316000000000000503e-01
2.953999999999999959e-01
-1.555999999999999883e-01
9.462000000000000410e-01
6.078999999999999959e-01
