2.869999999999999982e-02
6.795999999999999819e-01
5.695000000000000062e-01
8.588000000000000078e-01
7.046000000000000041e-01
-9.035999999999999588e-01
-8.175999999999999934e-01
6.522000000000000020e-01
-2.086000000000000076e-01
3.477999999999999980e-01
7.201999999999999513e-01
3.907999999999999807e-01
-1.383000000000000063e-01
-1.751000000000000056e-01
8.697000000000000286e-01
-9.579999999999999627e-02
-6.058000000000000052e-01
-4.940999999999999837e-01
-9.524000000000000243e-01
6.558000000000000496e-01
-5.970999999999999641e-01
1.131000000000000061e-01
3.881999999999999895e-01
8.560999999999999721e-01
9.056999999999999496e-01
8.899000000000000243e-01
8.431999999999999496e-01
5.522000000000000242e-01
-7.349999999999999589e-02
-9.544000000000000261e-01
-2.877000000000000113e-01
5.989999999999999769e-01
1.676999999999999880e-01
-1.688999999999999946e-01
-1.330000000000000071e-01
-1.899999999999999996e-03
-8.493000000000000549e-01
-9.113999999999999879e-01
9.371000000000000441e-01
1.552999999999999936e-01
4.712999999999999967e-01
5.632000000000000339e-01
-4.355999999999999872e-01
-7.301999999999999602e-01
9.572000000000000508e-01
-5.148000000000000353e-01
2.821000000000000174e-01
7.137999999999999901e-01
-2.936000000000000276e-01
4.546999999999999931e-01
1.345999999999999974e-01
-8.119999999999999440e-02
-4.099999999999999756e-01
-6.197000000000000286e-01
-6.980000000000000093e-02
7.503999999999999559e-01
-4.923000000000000154e-01
-8.135000000000000009e-01
-4.834999999999999853e-01
-2.918000000000000038e-01
8.984999999999999654e-01
-7.211999999999999522e-01
-5.659999999999999476e-01
-6.098000000000000087e-01
-8.540000000000000369e-02
-3.296999999999999931e-01
4.351999999999999758e-01
1.552999999999999936e-01
-9.831999999999999629e-01
3.983999999999999764e-01
-8.618000000000000105e-01
-3.574999999999999845e-01
-5.110000000000000098e-01
3.506000000000000227e-01
-5.262999999999999901e-01
5.815000000000000169e-01
-8.735000000000000542e-01
-4.979999999999999705e-02
5.109999999999999959e-02
5.167000000000000481e-01
1.228999999999999954e-01
3.725999999999999868e-01
5.262000000000000011e-01
5.944000000000000394e-01
-5.544000000000000039e-01
-5.341000000000000192e-01
-5.060000000000000053e-01
5.763000000000000345e-01
-4.070000000000000007e-02
2.348000000000000087e-01
5.572000000000000286e-01
3.709999999999999964e-01
6.818999999999999506e-01
-4.062999999999999945e-01
-1.262000000000000066e-01
2.636999999999999900e-01
4.777000000000000135e-01
-4.721000000000000196e-01
3.513000000000000012e-01
6.119999999999999746e-02
6.049999999999999822e-01
-2.366999999999999937e-01
-5.352999999999999980e-01
-8.901000000000000023e-01
9.043999999999999817e-01
-1.213999999999999940e-01
6.145000000000000462e-01
1.013000000000000012e-01
-4.954999999999999960e-01
9.564000000000000279e-01
-4.530000000000000138e-01
5.486999999999999655e-01
5.840999999999999526e-01
1.865999999999999881e-01
7.842000000000000082e-01
-3.935000000000000164e-01
-1.230000000000000017e-02
-7.798000000000000487e-01
-7.211999999999999522e-01
-8.406000000000000139e-01
4.628999999999999782e-01
-6.707999999999999519e-01
4.005000000000000226e-01
3.361000000000000099e-01
-5.321000000000000174e-01
3.911999999999999922e-01
-3.563999999999999946e-01
-6.030999999999999694e-01
1.907000000000000084e-01
-1.711000000000000021e-01
-7.033000000000000362e-01
4.858999999999999986e-01
-7.983000000000000096e-01
-9.576000000000000068e-01
-8.060000000000000497e-02
9.444000000000000172e-01
7.951000000000000290e-01
-5.766000000000000014e-01
-4.606999999999999984e-01
6.501000000000000112e-01
7.524999999999999467e-01
5.603000000000000203e-01
-1.150999999999999940e-01
-2.519000000000000128e-01
-4.716000000000000192e-01
8.788000000000000256e-01
-4.919999999999999929e-01
-8.559999999999999554e-02
-8.491999999999999549e-01
-7.491999999999999771e-01
-7.921000000000000263e-01
-2.474999999999999978e-01
-1.854999999999999982e-01
5.521000000000000352e-01
-5.460000000000000270e-02
-5.350000000000000311e-01
-3.896000000000000019e-01
-5.443000000000000060e-01
-5.597999999999999643e-01
2.558000000000000274e-01
-5.507999999999999563e-01
1.691000000000000003e-01
-9.249999999999999889e-02
