-4.287000000000000255e-01
4.309000000000000052e-01
9.980999999999999872e-01
-2.124999999999999944e-01
-5.990999999999999659e-01
-7.019999999999999851e-02
-4.102999999999999980e-01
9.299999999999999239e-03
-5.182999999999999829e-01
-9.560999999999999499e-01
8.615000000000000435e-01
-6.422999999999999821e-01
6.213999999999999524e-01
-4.865999999999999770e-01
-7.554999999999999494e-01
-1.150000000000000050e-01
-1.943000000000000005e-01
-5.393999999999999906e-01
-8.727000000000000313e-01
-9.413000000000000256e-01
2.394999999999999907e-01
-9.592000000000000526e-01
6.421000000000000041e-01
-5.417999999999999483e-01
-7.670000000000000151e-01
8.054999999999999938e-01
-6.232999999999999652e-01
4.326999999999999735e-01
-2.538000000000000256e-01
-7.640000000000000124e-01
7.067999999999999838e-01
-6.764999999999999902e-01
8.901999999999999913e-01
-7.729999999999999372e-02
6.999999999999999556e-01
3.019999999999999907e-01
3.602000000000000202e-01
6.690000000000000391e-01
7.220000000000000029e-02
5.099999999999999672e-02
4.194999999999999840e-01
-1.220000000000000077e-02
8.812999999999999723e-01
-5.757999999999999785e-01
5.232999999999999874e-01
-5.150000000000000133e-01
-8.010000000000000453e-02
2.591999999999999860e-01
-2.048999999999999988e-01
7.114000000000000323e-01
-8.676000000000000378e-01
-1.149999999999999981e-02
-1.449999999999999900e-01
4.092999999999999972e-01
5.719999999999999529e-01
-8.205999999999999961e-01
-2.546999999999999820e-01
3.995000000000000218e-01
-8.302000000000000490e-01
-3.185000000000000053e-01
4.855999999999999761e-01
-2.692999999999999838e-01
-4.284000000000000030e-01
8.902999999999999803e-01
-7.069999999999999618e-01
-3.024999999999999911e-01
2.746000000000000107e-01
-5.820000000000000173e-02
4.892000000000000237e-01
9.427999999999999714e-01
-8.853999999999999648e-01
3.406000000000000139e-01
5.151999999999999913e-01
-2.110000000000000070e-02
-2.398000000000000131e-01
1.381999999999999895e-01
2.862000000000000099e-01
9.082999999999999963e-01
-4.022999999999999909e-01
-7.840000000000000302e-01
4.843000000000000083e-01
-7.812999999999999945e-01
1.869999999999999996e-01
-2.190999999999999892e-01
-4.415999999999999925e-01
-1.193000000000000033e-01
-8.034999999999999920e-01
-6.809999999999999387e-02
-6.676999999999999602e-01
-2.978000000000000091e-01
-3.718000000000000194e-01
5.070000000000000201e-02
-8.832999999999999741e-01
1.140000000000000041e-01
3.161999999999999811e-01
-7.137000000000000011e-01
-1.136999999999999955e-01
9.975000000000000533e-01
3.542000000000000148e-01
3.280000000000000276e-02
9.055999999999999606e-01
-3.491000000000000214e-01
6.189999999999999947e-01
9.491000000000000547e-01
4.019999999999999962e-02
3.215000000000000080e-01
2.333999999999999964e-01
-5.189000000000000279e-01
8.806000000000000494e-01
4.798000000000000043e-01
-8.427000000000000046e-01
-6.616999999999999549e-01
7.761000000000000121e-01
-2.225999999999999923e-01
7.613999999999999657e-01
2.997000000000000219e-01
-9.710999999999999632e-01
-3.180999999999999939e-01
4.909000000000000030e-01
4.808000000000000052e-01
4.323000000000000176e-01
-4.757000000000000117e-01
-6.779999999999999916e-02
-7.885999999999999677e-01
9.179000000000000492e-01
7.967999999999999527e-01
-6.300000000000000044e-01
3.688000000000000167e-01
3.119000000000000106e-01
-6.905000000000000027e-01
-4.312000000000000277e-01
6.622999999999999998e-01
-1.746000000000000052e-01
-4.189999999999999836e-01
3.245999999999999996e-01
7.667000000000000481e-01
-3.386000000000000121e-01
7.209999999999999742e-02
-7.308999999999999941e-01
-1.779000000000000026e-01
-7.080999999999999517e-01
1.612000000000000099e-01
7.199999999999999456e-02
7.677000000000000490e-01
2.920000000000000026e-02
-5.850999999999999535e-01
-9.196999999999999620e-01
8.618000000000000105e-01
6.002999999999999448e-01
-5.332000000000000073e-01
5.369999999999999774e-02
3.880000000000000115e-02
-2.479000000000000092e-01
-9.979999999999999982e-02
-3.815999999999999948e-01
5.983000000000000540e-01
-3.968999999999999750e-01
-2.818999999999999839e-01
5.731000000000000538e-01
5.037000000000000366e-01
3.880000000000000115e-01
4.178000000000000047e-01
-3.158000000000000251e-01
