4.173999999999999932e-01
-3.644000000000000017e-01
4.204999999999999849e-01
-8.891000000000000014e-01
-5.369000000000000439e-01
-8.129999999999999727e-02
-1.917000000000000093e-01
-6.239999999999999714e-02
8.316000000000000059e-01
-6.160000000000000198e-02
6.800000000000000488e-02
-4.702999999999999958e-01
1.514000000000000068e-01
-5.141000000000000014e-01
4.176000000000000267e-01
-5.709999999999999520e-01
-7.049999999999999323e-02
-8.010000000000000453e-02
9.767000000000000126e-01
-1.678999999999999937e-01
9.462000000000000410e-01
-6.002999999999999448e-01
-8.274000000000000243e-01
-1.656999999999999862e-01
1.908999999999999864e-01
1.962000000000000133e-01
9.529999999999999583e-01
-5.838999999999999746e-01
-6.652000000000000135e-01
-3.940000000000000169e-01
5.601000000000000423e-01
3.491000000000000214e-01
9.909999999999999920e-01
-8.276999999999999913e-01
4.761000000000000232e-01
-9.384000000000000119e-01
-3.366999999999999993e-01
8.597000000000000197e-01
2.399999999999999911e-01
2.015000000000000124e-01
-5.845000000000000195e-01
-2.607999999999999763e-01
-5.373999999999999888e-01
1.739999999999999880e-02
-6.716999999999999638e-01
-3.337999999999999856e-01
-9.225999999999999757e-01
9.978000000000000203e-01
6.300000000000000044e-01
-8.657000000000000250e-01
-2.918000000000000038e-01
1.058999999999999941e-01
6.754000000000000004e-01
-9.434000000000000163e-01
-7.033000000000000362e-01
-6.359000000000000208e-01
2.654000000000000248e-01
-2.943000000000000060e-01
-4.601999999999999980e-01
-5.792000000000000481e-01
-7.356000000000000316e-01
-6.326000000000000512e-01
-8.262000000000000455e-01
-6.590000000000000024e-02
1.995000000000000107e-01
-5.511000000000000343e-01
-9.610000000000000486e-02
6.371999999999999886e-01
-7.113000000000000433e-01
6.915000000000000036e-01
1.950999999999999956e-01
6.273999999999999577e-01
-1.370000000000000037e-02
-6.008000000000000007e-01
6.237000000000000322e-01
-3.644999999999999907e-01
8.820000000000000062e-01
1.680000000000000104e-01
2.538000000000000256e-01
5.584000000000000075e-01
1.580000000000000016e-01
6.410000000000000420e-02
3.508999999999999897e-01
-3.375000000000000222e-01
9.256999999999999673e-01
5.088000000000000300e-01
4.791000000000000258e-01
-1.600000000000000033e-02
-4.698999999999999844e-01
-2.580000000000000071e-01
9.992999999999999661e-01
-4.507999999999999785e-01
-7.711999999999999966e-01
-3.448999999999999844e-01
5.590000000000000524e-01
-1.058999999999999941e-01
-8.740000000000000546e-02
6.279000000000000137e-01
1.635000000000000064e-01
6.061999999999999611e-01
-1.486000000000000099e-01
-7.423999999999999488e-01
-8.609999999999999598e-02
6.437000000000000499e-01
8.810999999999999943e-01
-9.099000000000000421e-01
8.659999999999999643e-02
-2.523000000000000242e-01
5.201000000000000068e-01
3.306999999999999940e-01
8.671999999999999709e-01
-8.534000000000000474e-01
6.438000000000000389e-01
9.761999999999999567e-01
3.669000000000000039e-01
9.286999999999999700e-01
3.900000000000000133e-01
-1.237999999999999934e-01
-2.136000000000000121e-01
4.904000000000000026e-01
6.180999999999999828e-01
-7.331999999999999629e-01
-2.914999999999999813e-01
-3.276000000000000023e-01
9.046999999999999487e-01
-3.307999999999999829e-01
1.996999999999999886e-01
-2.006000000000000005e-01
5.678999999999999604e-01
-4.108999999999999875e-01
-6.837999999999999634e-01
-1.238999999999999962e-01
2.134999999999999953e-01
8.945999999999999508e-01
2.343000000000000083e-01
1.975999999999999979e-01
-1.386000000000000010e-01
5.148000000000000353e-01
-9.153000000000000025e-01
6.774000000000000021e-01
-2.822000000000000064e-01
5.099999999999999672e-02
6.290999999999999925e-01
-3.711999999999999744e-01
8.626000000000000334e-01
7.463999999999999524e-01
-7.681000000000000050e-01
9.911999999999999700e-01
-4.307000000000000273e-01
-4.776000000000000245e-01
6.030999999999999694e-01
7.215000000000000302e-01
6.548000000000000487e-01
-1.013000000000000012e-01
7.543999999999999595e-01
-6.319000000000000172e-01
1.971999999999999864e-01
-8.099999999999999561e-03
9.830999999999999739e-01
9.800000000000000377e-02
1.340000000000000080e-01
-6.349000000000000199e-01
-7.086000000000000076e-01
