-4.941999999999999726e-01
-1.844999999999999973e-01
-8.214000000000000190e-01
7.862999999999999989e-01
5.786000000000000032e-01
4.976999999999999758e-01
6.980000000000000093e-02
1.925999999999999934e-01
-2.223999999999999866e-01
-4.101000000000000201e-01
4.374000000000000110e-01
9.223000000000000087e-01
-7.819000000000000394e-01
-2.209000000000000130e-01
5.953000000000000513e-01
1.401999999999999913e-01
2.267000000000000126e-01
-2.889999999999999861e-02
-5.289000000000000368e-01
-7.519000000000000128e-01
3.227999999999999758e-01
9.758999999999999897e-01
9.144999999999999796e-01
2.566999999999999837e-01
4.043999999999999817e-01
-6.784000000000000030e-01
-2.250999999999999945e-01
8.901000000000000023e-01
-2.358999999999999986e-01
-1.338999999999999913e-01
2.452999999999999903e-01
-1.930000000000000049e-01
5.870999999999999552e-01
7.752999999999999892e-01
-6.195000000000000506e-01
1.408999999999999975e-01
-1.660000000000000087e-01
3.900000000000000133e-01
1.711000000000000021e-01
3.156999999999999806e-01
9.265999999999999792e-01
-8.961999999999999966e-01
3.421000000000000152e-01
-3.015999999999999792e-01
2.819999999999999729e-01
3.760000000000000148e-02
9.708999999999999853e-01
2.255999999999999950e-01
3.559999999999999831e-01
3.318999999999999728e-01
2.995999999999999774e-01
9.913999999999999480e-01
7.533999999999999586e-01
-1.175999999999999962e-01
3.176999999999999824e-01
2.343000000000000083e-01
6.510000000000000231e-01
-7.165000000000000258e-01
4.944999999999999951e-01
6.338000000000000300e-01
-4.495000000000000107e-01
1.685999999999999999e-01
-3.090999999999999859e-01
8.720999999999999863e-01
-7.620000000000000107e-01
-6.312999999999999723e-01
4.778000000000000025e-01
7.356000000000000316e-01
-7.008999999999999675e-01
-4.166000000000000258e-01
-3.168000000000000260e-01
9.220000000000000417e-01
-6.716999999999999638e-01
8.733999999999999542e-01
9.465999999999999970e-01
-8.891000000000000014e-01
4.424000000000000155e-01
-3.175000000000000044e-01
-6.461000000000000076e-01
-5.362000000000000099e-01
-6.149999999999999911e-02
3.770000000000000018e-01
-3.300000000000000155e-01
1.024000000000000049e-01
-3.512000000000000122e-01
-4.941999999999999726e-01
9.932999999999999607e-01
2.310000000000000109e-01
-2.695000000000000173e-01
-8.607000000000000206e-01
8.374000000000000332e-01
8.885999999999999455e-01
-7.713999999999999746e-01
7.396000000000000352e-01
-4.642000000000000015e-01
1.942000000000000115e-01
-1.794999999999999929e-01
-4.102000000000000091e-01
8.041000000000000369e-01
8.226999999999999869e-01
9.696000000000000174e-01
-7.284000000000000474e-01
-1.957000000000000128e-01
1.360999999999999988e-01
-7.401999999999999691e-01
-9.009999999999999953e-02
-7.810000000000000275e-01
3.710000000000000103e-02
8.958000000000000407e-01
-6.729000000000000536e-01
-7.054000000000000270e-01
-5.901999999999999469e-01
4.122000000000000108e-01
6.870000000000000551e-01
4.517999999999999794e-01
7.304000000000000492e-01
-7.064000000000000279e-01
-6.820000000000000506e-01
9.483000000000000318e-01
-4.499999999999999660e-03
9.689999999999999725e-01
-2.268000000000000016e-01
-8.377999999999999892e-01
2.469999999999999973e-01
-6.392999999999999794e-01
-9.133999999999999897e-01
6.431000000000000050e-01
4.783000000000000029e-01
-9.768999999999999906e-01
-3.442000000000000060e-01
1.718999999999999972e-01
5.757999999999999785e-01
-2.692999999999999838e-01
-1.302000000000000102e-01
7.147000000000000020e-01
-8.729000000000000092e-01
-6.750000000000000444e-01
-5.221000000000000085e-01
-5.657999999999999696e-01
3.670000000000000345e-02
6.590000000000000024e-02
-4.904000000000000026e-01
9.299999999999999933e-02
-6.253999999999999559e-01
-9.663000000000000478e-01
-2.943999999999999950e-01
-4.499999999999999833e-02
-6.992000000000000437e-01
-6.780000000000000471e-01
-7.502999999999999670e-01
-7.744999999999999662e-01
-4.768000000000000016e-01
-9.503000000000000336e-01
-4.305999999999999828e-01
8.738000000000000211e-01
4.220000000000000140e-02
9.787000000000000144e-01
5.070999999999999952e-01
-3.549999999999999684e-02
-3.345000000000000195e-01
2.807999999999999940e-01
8.185000000000000053e-01
-1.696000000000000008e-01
