3.866999999999999882e-01
-5.535999999999999810e-01
3.503000000000000003e-01
-1.705000000000000127e-01
5.999999999999999474e-04
8.068999999999999506e-01
1.768000000000000127e-01
3.612000000000000210e-01
-9.960999999999999854e-01
2.356000000000000039e-01
1.744999999999999885e-01
1.970999999999999974e-01
-6.282999999999999696e-01
-2.969999999999999862e-01
1.721999999999999920e-01
-4.320999999999999841e-01
-8.690000000000000502e-02
8.794999999999999485e-01
-2.882000000000000117e-01
-6.837999999999999634e-01
6.955999999999999961e-01
1.763000000000000123e-01
7.187999999999999945e-01
-3.160000000000000309e-02
-9.257999999999999563e-01
-1.059999999999999970e-01
-9.201000000000000290e-01
-3.993999999999999773e-01
1.313999999999999890e-01
9.395999999999999908e-01
-2.441000000000000114e-01
-3.366000000000000103e-01
-1.239999999999999991e-01
5.164999999999999591e-01
4.025000000000000244e-01
4.363000000000000211e-01
-3.286000000000000032e-01
9.867000000000000215e-01
-3.286000000000000032e-01
-2.267000000000000126e-01
4.532999999999999807e-01
4.396999999999999797e-01
7.074000000000000288e-01
-7.199999999999999456e-02
-8.335000000000000187e-01
-7.073000000000000398e-01
7.446000000000000396e-01
9.616999999999999993e-01
6.240999999999999881e-01
-7.171999999999999487e-01
-9.656000000000000139e-01
-9.658999999999999808e-01
-1.325999999999999956e-01
-6.661000000000000254e-01
-4.384000000000000119e-01
-6.555999999999999606e-01
-3.402000000000000024e-01
9.619999999999999662e-01
-1.181999999999999995e-01
-4.505000000000000115e-01
-6.883000000000000229e-01
-6.694999999999999840e-01
-5.866999999999999993e-01
6.766999999999999682e-01
8.524000000000000465e-01
-5.393999999999999906e-01
-2.296999999999999875e-01
5.809999999999999609e-01
3.822999999999999732e-01
-3.484999999999999765e-01
-3.573999999999999955e-01
-1.091000000000000025e-01
-6.340000000000000080e-01
1.658999999999999919e-01
4.430000000000000049e-01
3.114000000000000101e-01
-4.989999999999999991e-02
6.907999999999999696e-01
7.100999999999999535e-01
9.752999999999999448e-01
-6.793000000000000149e-01
4.056000000000000161e-01
6.135000000000000453e-01
-5.336999999999999522e-01
6.613999999999999879e-01
-4.107999999999999985e-01
8.407999999999999918e-01
7.517000000000000348e-01
-9.255999999999999783e-01
2.580000000000000002e-02
-4.381999999999999784e-01
6.774999999999999911e-01
-5.802000000000000490e-01
6.117000000000000215e-01
-8.922999999999999821e-01
-5.756000000000000005e-01
2.275999999999999968e-01
6.041999999999999593e-01
-5.663000000000000256e-01
-8.343000000000000416e-01
8.913999999999999702e-01
-1.247999999999999943e-01
9.694000000000000394e-01
-4.472999999999999754e-01
-8.899000000000000243e-01
-8.045999999999999819e-01
6.095000000000000417e-01
3.770999999999999908e-01
2.020000000000000129e-01
-2.212999999999999967e-01
-8.639000000000000012e-01
1.274000000000000132e-01
9.203999999999999959e-01
1.096000000000000030e-01
-3.195000000000000062e-01
3.230999999999999983e-01
-7.729999999999999372e-02
9.617999999999999883e-01
-9.275999999999999801e-01
7.286000000000000254e-01
-7.832999999999999963e-01
-8.819000000000000172e-01
7.199999999999999456e-02
-4.764999999999999791e-01
5.895000000000000240e-01
-3.187999999999999723e-01
-7.583999999999999631e-01
-5.826999999999999957e-01
-8.828000000000000291e-01
-7.865999999999999659e-01
4.965999999999999859e-01
6.994000000000000217e-01
-5.451000000000000290e-01
-2.197000000000000064e-01
-4.996999999999999775e-01
-3.440000000000000002e-02
-6.693000000000000060e-01
-4.233000000000000096e-01
8.265000000000000124e-01
7.839999999999999747e-02
-8.084999999999999964e-01
1.213999999999999940e-01
-1.603999999999999870e-01
-1.164000000000000035e-01
-9.903999999999999471e-01
5.043999999999999595e-01
4.500000000000000111e-01
7.057999999999999829e-01
4.912000000000000255e-01
5.920000000000000262e-02
-7.077999999999999847e-01
2.479000000000000092e-01
-1.111999999999999933e-01
-6.303999999999999604e-01
1.288999999999999868e-01
-7.671999999999999931e-01
4.566000000000000059e-01
7.876999999999999558e-01
-5.313999999999999835e-01
8.922999999999999821e-01
-6.800000000000000488e-01
-7.721999999999999975e-01
-3.799000000000000155e-01
