2.020000000000000129e-01
-1.436999999999999944e-01
3.103000000000000203e-01
-2.464999999999999969e-01
7.845999999999999641e-01
9.034999999999999698e-01
8.151000000000000467e-01
5.340000000000000302e-02
3.538000000000000034e-01
-7.617000000000000437e-01
-8.901999999999999913e-01
9.891999999999999682e-01
-5.031999999999999806e-01
4.037000000000000033e-01
-7.138999999999999790e-01
-6.765999999999999792e-01
-3.664000000000000035e-01
-8.542999999999999483e-01
7.076999999999999957e-01
-7.432999999999999607e-01
2.330000000000000127e-01
8.813999999999999613e-01
-6.490000000000000213e-01
7.297000000000000153e-01
7.265000000000000346e-01
1.292999999999999983e-01
-4.248000000000000109e-01
5.538999999999999480e-01
-1.044999999999999957e-01
5.747999999999999776e-01
-1.000000000000000021e-03
3.561000000000000276e-01
4.741000000000000214e-01
-3.779000000000000137e-01
-9.461000000000000520e-01
1.398000000000000076e-01
8.145999999999999908e-01
-4.600000000000000200e-01
-5.476999999999999647e-01
3.613999999999999990e-01
1.842999999999999916e-01
9.009999999999999953e-02
-1.460000000000000013e-02
3.342999999999999861e-01
-4.973000000000000198e-01
-9.496999999999999886e-01
8.125999999999999890e-01
-7.959000000000000519e-01
4.035000000000000253e-01
3.532000000000000139e-01
-5.873000000000000442e-01
5.451000000000000290e-01
-9.249999999999999889e-02
-2.293999999999999928e-01
-9.949999999999999956e-01
2.489000000000000101e-01
5.504000000000000004e-01
-5.325999999999999623e-01
-4.698999999999999844e-01
-5.764000000000000234e-01
-7.185000000000000275e-01
-7.077999999999999847e-01
-8.217999999999999750e-01
5.292999999999999927e-01
1.217000000000000026e-01
2.891000000000000236e-01
5.228000000000000425e-01
-2.321000000000000008e-01
1.965000000000000080e-01
-2.860000000000000042e-02
-8.000000000000000383e-04
6.755999999999999783e-01
9.457999999999999741e-01
6.489000000000000323e-01
8.556000000000000272e-01
6.940000000000000335e-02
3.990000000000000213e-01
9.345999999999999863e-01
8.333000000000000407e-01
9.045999999999999597e-01
6.786999999999999700e-01
-9.331000000000000405e-01
-1.110000000000000014e-01
7.771000000000000130e-01
-4.157000000000000139e-01
-8.781999999999999806e-01
-5.815000000000000169e-01
5.553000000000000158e-01
7.564999999999999503e-01
6.922000000000000375e-01
-9.479999999999999538e-01
-3.058000000000000163e-01
6.743999999999999995e-01
-8.540000000000000369e-02
-7.248999999999999888e-01
2.034999999999999865e-01
-7.267000000000000126e-01
9.730999999999999650e-01
7.298000000000000043e-01
-1.444999999999999896e-01
-5.459000000000000519e-01
6.099999999999999867e-02
-1.839999999999999969e-01
1.569999999999999868e-02
2.179999999999999993e-01
1.242999999999999938e-01
-3.644000000000000017e-01
-2.344999999999999862e-01
3.179000000000000159e-01
7.660000000000000142e-01
5.516999999999999682e-01
8.753999999999999559e-01
-8.256000000000000005e-01
8.235999999999999988e-01
3.169000000000000150e-01
-4.726000000000000201e-01
-4.792000000000000148e-01
-9.437999999999999723e-01
-6.442999999999999838e-01
4.094999999999999751e-01
8.129999999999999727e-02
7.451999999999999735e-01
4.371999999999999775e-01
-8.587000000000000188e-01
-7.118999999999999773e-01
-4.718999999999999861e-01
-2.242999999999999994e-01
9.354999999999999982e-01
5.890999999999999570e-01
9.693000000000000504e-01
-4.411999999999999811e-01
-5.766999999999999904e-01
-8.377000000000000002e-01
-4.050000000000000266e-01
4.489000000000000212e-01
4.425999999999999934e-01
6.555999999999999606e-01
-5.947999999999999954e-01
-4.369999999999999996e-01
6.129999999999999893e-01
2.265000000000000069e-01
5.908999999999999808e-01
-3.910000000000000281e-02
-7.808000000000000496e-01
-9.167999999999999483e-01
1.519000000000000072e-01
6.300000000000000044e-02
-3.713000000000000189e-01
-4.229999999999999732e-02
5.221999999999999975e-01
-7.854999999999999760e-01
-4.279999999999999916e-01
6.110999999999999766e-01
-9.585000000000000187e-01
3.141999999999999793e-01
8.820000000000000062e-01
2.601999999999999869e-01
-1.660000000000000017e-02
4.484000000000000208e-01
6.009999999999999787e-01
-2.619000000000000217e-01
-8.469999999999999751e-02
-7.665999999999999481e-01
