6.412999999999999812e-01
2.978999999999999981e-01
3.869999999999999829e-02
-1.743000000000000105e-01
-9.816000000000000281e-01
6.540000000000000258e-01
6.061999999999999611e-01
-3.341000000000000081e-01
-2.540999999999999925e-01
-3.538999999999999924e-01
-1.230000000000000017e-02
5.604999999999999982e-01
6.646999999999999575e-01
-5.038000000000000256e-01
-5.564999999999999947e-01
-1.242999999999999938e-01
-8.068999999999999506e-01
4.546000000000000041e-01
-4.889999999999999902e-02
-1.875000000000000000e-01
5.695000000000000062e-01
8.730000000000000260e-02
-1.786999999999999977e-01
3.795999999999999930e-01
5.793000000000000371e-01
7.992000000000000215e-01
-3.503999999999999893e-01
-4.015000000000000235e-01
-5.595999999999999863e-01
4.813000000000000056e-01
3.822999999999999732e-01
3.321999999999999953e-01
1.233999999999999958e-01
-1.439999999999999961e-02
-5.921999999999999487e-01
-6.764999999999999902e-01
1.406000000000000028e-01
6.336000000000000520e-01
7.309999999999999831e-02
-3.019000000000000017e-01
9.154999999999999805e-01
9.608999999999999764e-01
-1.806999999999999995e-01
8.570999999999999730e-01
9.101000000000000201e-01
3.835999999999999965e-01
6.625999999999999668e-01
9.134999999999999787e-01
2.141000000000000125e-01
-7.979999999999999594e-02
-4.193000000000000060e-01
2.489999999999999991e-01
-5.643000000000000238e-01
8.297999999999999821e-01
1.380000000000000115e-01
9.025999999999999579e-01
-4.561000000000000054e-01
6.253999999999999559e-01
-2.467999999999999916e-01
-6.510000000000000231e-01
-6.077000000000000179e-01
4.980999999999999872e-01
-2.528000000000000247e-01
-4.803000000000000047e-01
-9.270000000000000462e-01
-9.663000000000000478e-01
7.540000000000000036e-01
6.622999999999999998e-01
-6.558000000000000496e-01
4.778000000000000025e-01
-5.725000000000000089e-01
4.355999999999999872e-01
5.973000000000000531e-01
6.427000000000000490e-01
8.558999999999999941e-01
-8.092000000000000304e-01
-2.290000000000000091e-01
5.748999999999999666e-01
1.899999999999999953e-02
-8.859000000000000208e-01
-5.272999999999999909e-01
9.758999999999999897e-01
4.879999999999999893e-01
1.653999999999999915e-01
-3.447000000000000064e-01
-5.521000000000000352e-01
-4.204999999999999849e-01
7.272999999999999465e-01
-4.611999999999999988e-01
3.628000000000000114e-01
8.998000000000000442e-01
4.399999999999999745e-02
2.650000000000000133e-01
-9.333000000000000185e-01
7.054000000000000270e-01
5.846999999999999975e-01
-7.493999999999999551e-01
5.360000000000000181e-02
-1.965999999999999970e-01
7.010999999999999455e-01
-6.732000000000000206e-01
-5.859999999999999931e-02
6.802000000000000268e-01
-3.370000000000000079e-02
9.320000000000000506e-02
-9.451000000000000512e-01
-8.127999999999999670e-01
7.661999999999999922e-01
1.137999999999999984e-01
-5.685999999999999943e-01
2.918000000000000038e-01
-2.881000000000000227e-01
6.137000000000000233e-01
8.624000000000000554e-01
-7.476000000000000423e-01
-8.537000000000000144e-01
-5.339000000000000412e-01
-2.033999999999999975e-01
8.509999999999999509e-02
-5.461000000000000298e-01
-1.052000000000000018e-01
8.636000000000000343e-01
-3.971000000000000085e-01
3.874000000000000221e-01
9.254999999999999893e-01
9.714000000000000412e-01
4.535000000000000142e-01
6.860000000000000542e-01
4.819999999999999840e-01
-1.975000000000000089e-01
5.000000000000000000e-01
3.639999999999999902e-01
4.356999999999999762e-01
8.938000000000000389e-01
9.570999999999999508e-01
5.431000000000000272e-01
8.728000000000000203e-01
6.562999999999999945e-01
-5.905000000000000249e-01
-1.024000000000000049e-01
-5.870999999999999552e-01
-2.404999999999999916e-01
3.750000000000000000e-01
-4.595000000000000195e-01
7.870000000000000329e-01
3.710999999999999854e-01
2.490999999999999881e-01
6.921000000000000485e-01
-9.882999999999999563e-01
1.696999999999999897e-01
-2.038000000000000089e-01
3.660000000000000059e-02
-8.318999999999999728e-01
-2.400000000000000050e-02
9.363000000000000211e-01
7.278000000000000025e-01
-7.193000000000000504e-01
-7.630000000000000671e-02
9.074999999999999734e-01
7.157999999999999918e-01
-4.189999999999999836e-01
9.638999999999999790e-01
3.337999999999999856e-01
