-8.688000000000000167e-01
-9.648999999999999799e-01
-2.494999999999999996e-01
7.648000000000000353e-01
4.689999999999999725e-01
6.360000000000000375e-02
7.933000000000000052e-01
6.294999999999999485e-01
-7.562999999999999723e-01
7.321999999999999620e-01
-7.939000000000000501e-01
-1.691999999999999893e-01
-5.460000000000000409e-01
7.088999999999999746e-01
-5.214999999999999636e-01
-5.436999999999999611e-01
6.429000000000000270e-01
3.719999999999999973e-01
8.600999999999999757e-01
-7.481999999999999762e-01
5.436999999999999611e-01
-3.740999999999999881e-01
-9.129000000000000448e-01
-1.060999999999999999e-01
-9.000000000000000222e-01
8.300000000000000433e-02
1.744999999999999885e-01
5.613000000000000211e-01
6.107000000000000206e-01
-9.455999999999999961e-01
-7.711999999999999966e-01
9.136999999999999567e-01
1.706000000000000016e-01
3.209999999999999659e-02
-3.669000000000000039e-01
2.419000000000000039e-01
-3.164000000000000146e-01
1.048000000000000043e-01
6.106000000000000316e-01
-5.785000000000000142e-01
2.766000000000000125e-01
-8.400999999999999579e-01
4.420000000000000318e-02
-2.826000000000000179e-01
-4.623999999999999777e-01
-4.618999999999999773e-01
-8.011000000000000343e-01
8.055999999999999828e-01
1.744999999999999885e-01
-9.897000000000000242e-01
-8.703999999999999515e-01
-3.513999999999999901e-01
-3.271999999999999909e-01
-9.495999999999999996e-01
-2.028999999999999970e-01
-3.579999999999999849e-01
8.359999999999999376e-02
-7.758000000000000451e-01
9.173999999999999932e-01
-2.091999999999999971e-01
-2.230999999999999928e-01
5.520000000000000462e-01
-5.916000000000000147e-01
-3.234000000000000208e-01
6.480000000000000204e-01
-3.069999999999999951e-01
-6.786999999999999700e-01
-3.824000000000000177e-01
-4.089999999999999747e-01
6.254999999999999449e-01
-1.579000000000000126e-01
6.778999999999999471e-01
4.260999999999999788e-01
-7.622999999999999776e-01
-7.802000000000000046e-01
-6.450000000000000178e-01
7.250999999999999668e-01
7.749999999999999944e-02
-9.629999999999999671e-02
-5.650000000000000161e-02
-9.415999999999999925e-01
-8.555000000000000382e-01
7.608000000000000318e-01
9.910999999999999810e-01
2.106999999999999984e-01
7.368000000000000105e-01
6.253999999999999559e-01
-1.340000000000000045e-02
-4.361999999999999766e-01
1.854999999999999982e-01
-6.230999999999999872e-01
-7.472999999999999643e-01
-4.035000000000000253e-01
-5.880999999999999561e-01
-9.533000000000000362e-01
-2.545999999999999930e-01
6.443999999999999728e-01
-4.288000000000000145e-01
2.938999999999999946e-01
7.144000000000000350e-01
2.348999999999999977e-01
4.707000000000000073e-01
-4.950000000000000233e-02
1.864000000000000101e-01
1.469999999999999918e-01
-5.199999999999999761e-02
-4.411999999999999811e-01
4.220000000000000140e-02
5.823000000000000398e-01
7.106000000000000094e-01
-5.338000000000000522e-01
8.415000000000000258e-01
-8.804999999999999494e-01
-9.727999999999999980e-01
8.600999999999999757e-01
2.190999999999999892e-01
-3.674999999999999933e-01
6.502999999999999892e-01
-8.671999999999999709e-01
7.388000000000000123e-01
-2.824999999999999734e-01
-2.404999999999999916e-01
-8.150000000000000300e-02
-1.108999999999999986e-01
-8.849000000000000199e-01
-8.950000000000000178e-01
7.753999999999999782e-01
-3.520000000000000212e-02
-8.863999999999999657e-01
-1.703000000000000069e-01
-9.640999999999999570e-01
3.091999999999999749e-01
-2.109999999999999931e-01
9.992999999999999661e-01
8.401999999999999469e-01
-7.633999999999999675e-01
9.726000000000000201e-01
2.797999999999999932e-01
9.972999999999999643e-01
1.421999999999999931e-01
1.360000000000000098e-01
1.849999999999999908e-02
4.653999999999999804e-01
6.586999999999999522e-01
2.620999999999999996e-01
-2.777999999999999914e-01
-1.690000000000000113e-01
7.221999999999999531e-01
-7.124000000000000332e-01
6.481999999999999984e-01
-4.700000000000000011e-02
-1.071000000000000008e-01
-7.789999999999999702e-02
-9.414000000000000146e-01
2.459000000000000075e-01
9.836000000000000298e-01
-5.999999999999999474e-04
5.890999999999999570e-01
-5.929999999999999716e-01
2.708999999999999742e-01
-7.186000000000000165e-01
3.284000000000000252e-01
8.078999999999999515e-01
3.482999999999999985e-01
-2.240000000000000047e-01
4.556999999999999940e-01
1.348000000000000032e-01
-4.031000000000000139e-01
8.831999999999999851e-01
-3.769000000000000128e-01
7.576000000000000512e-01
-1.902000000000000079e-01
-8.508000000000000007e-01
-2.059999999999999887e-01
9.860999999999999766e-01
4.839999999999999858e-02
-7.547000000000000375e-01
-1.388000000000000067e-01
9.727000000000000091e-01
1.887000000000000066e-01
-7.814999999999999725e-01
7.979999999999999594e-02
9.875000000000000444e-01
7.239999999999999769e-01
-2.860000000000000042e-02
4.563999999999999724e-01
-9.190000000000000391e-01
5.202999999999999847e-01
-1.915000000000000036e-01
2.469999999999999973e-02
3.256000000000000005e-01
4.903000000000000136e-01
-1.645000000000000073e-01
1.957000000000000128e-01
6.293999999999999595e-01
7.950000000000000400e-01
3.756999999999999784e-01
-7.498000000000000220e-01
3.444999999999999729e-01
2.823999999999999844e-01
4.490000000000000241e-02
4.729999999999999760e-01
9.668999999999999817e-01
-4.209999999999999853e-02
3.990000000000000213e-01
-5.756999999999999895e-01
-2.354999999999999871e-01
-6.850000000000000533e-02
-7.147000000000000020e-01
-5.899999999999999689e-01
-1.859000000000000097e-01
9.072000000000000064e-01
2.437000000000000000e-01
2.242000000000000104e-01
5.564999999999999947e-01
8.890000000000000124e-01
-7.999000000000000554e-01
3.235000000000000098e-01
8.310999999999999499e-01
-1.760000000000000106e-02
4.637000000000000011e-01
-5.702000000000000401e-01
-3.331000000000000072e-01
-3.280000000000000138e-01
7.155000000000000249e-01
5.809999999999999887e-02
-1.996999999999999886e-01
-8.245999999999999996e-01
4.760000000000000342e-02
9.305999999999999828e-01
2.389999999999999902e-01
7.499000000000000110e-01
9.310000000000000220e-02
-3.160000000000000031e-01
-7.870000000000000606e-02
-3.018000000000000127e-01
-3.748000000000000220e-01
-3.235999999999999988e-01
-7.062000000000000499e-01
4.586999999999999966e-01
-6.510000000000000508e-02
3.373999999999999777e-01
-9.819999999999999840e-01
1.958999999999999908e-01
6.500000000000000222e-02
-1.867999999999999938e-01
5.477999999999999536e-01
-3.872999999999999776e-01
-1.202000000000000013e-01
6.510000000000000508e-02
4.461999999999999855e-01
-9.909999999999999920e-01
-3.452000000000000068e-01
