3.675999999999999823e-01
6.823000000000000176e-01
5.463000000000000078e-01
-9.945000000000000506e-01
9.777000000000000135e-01
-6.810000000000000497e-01
6.090000000000000274e-02
-9.949000000000000066e-01
2.137999999999999901e-01
-3.196999999999999842e-01
-4.717000000000000082e-01
5.326999999999999513e-01
-6.679999999999999827e-02
1.512000000000000011e-01
9.250000000000000444e-01
3.905000000000000138e-01
4.811000000000000276e-01
9.828999999999999959e-01
8.571999999999999620e-01
2.867000000000000104e-01
-4.017000000000000015e-01
4.960999999999999854e-01
-6.225000000000000533e-01
6.585999999999999632e-01
-5.829999999999999766e-02
-9.909000000000000030e-01
1.486999999999999988e-01
8.977000000000000535e-01
-8.753999999999999559e-01
-4.144999999999999796e-01
5.255999999999999561e-01
-8.050000000000000488e-01
8.672999999999999599e-01
-5.584999999999999964e-01
2.688999999999999724e-01
-7.013000000000000345e-01
-8.875999999999999446e-01
1.821000000000000119e-01
4.081000000000000183e-01
-2.604000000000000203e-01
-9.907000000000000250e-01
8.436000000000000165e-01
-3.827999999999999736e-01
6.804000000000000048e-01
6.598000000000000531e-01
5.120000000000000107e-01
6.584999999999999742e-01
-7.608000000000000318e-01
2.167999999999999927e-01
5.150000000000000133e-01
-4.576000000000000068e-01
-8.893999999999999684e-01
9.660000000000000531e-02
6.538000000000000478e-01
6.331999999999999851e-01
3.544999999999999818e-01
8.897000000000000464e-01
2.242999999999999994e-01
4.275999999999999801e-01
-2.827999999999999958e-01
-9.578999999999999737e-01
9.979000000000000092e-01
3.058000000000000163e-01
-3.370000000000000218e-01
-7.309999999999999831e-01
9.554000000000000270e-01
-2.503000000000000225e-01
-9.990000000000000269e-02
-1.055999999999999994e-01
-3.682000000000000273e-01
2.746000000000000107e-01
-1.323000000000000009e-01
7.941000000000000281e-01
-2.612999999999999767e-01
8.590999999999999748e-01
-7.097999999999999865e-01
4.465999999999999970e-01
3.358999999999999764e-01
5.335999999999999632e-01
-1.619999999999999912e-02
8.355000000000000204e-01
1.112999999999999962e-01
7.296000000000000263e-01
5.423000000000000043e-01
-7.592999999999999750e-01
-3.091999999999999749e-01
-5.604000000000000092e-01
5.372999999999999998e-01
-2.192999999999999949e-01
5.645000000000000018e-01
-9.308999999999999497e-01
-1.650000000000000078e-01
8.594000000000000528e-01
6.716999999999999638e-01
2.738999999999999768e-01
1.456999999999999962e-01
1.248999999999999971e-01
5.864000000000000323e-01
-2.369999999999999885e-02
-9.386999999999999789e-01
-5.845000000000000195e-01
-5.364999999999999769e-01
8.758000000000000229e-01
-6.622000000000000108e-01
-2.795000000000000262e-01
-9.625000000000000222e-01
-2.592999999999999750e-01
8.490999999999999659e-01
-3.086999999999999744e-01
-1.574000000000000121e-01
-8.000000000000000444e-01
-3.914000000000000257e-01
2.419000000000000039e-01
-1.663999999999999924e-01
6.653000000000000025e-01
-2.189000000000000112e-01
-7.771000000000000130e-01
5.023999999999999577e-01
5.059000000000000163e-01
4.430999999999999939e-01
-9.064999999999999725e-01
5.941999999999999504e-01
-5.379000000000000448e-01
5.850000000000000339e-02
2.086000000000000076e-01
-1.959999999999999937e-02
8.793999999999999595e-01
-6.951000000000000512e-01
-5.013999999999999568e-01
2.867999999999999994e-01
-2.209000000000000130e-01
-9.677999999999999936e-01
-9.462000000000000410e-01
-6.761000000000000343e-01
7.207000000000000073e-01
2.904999999999999805e-01
3.353999999999999759e-01
2.419999999999999929e-01
8.010000000000000453e-01
1.970000000000000084e-01
8.118999999999999551e-01
-4.730000000000000177e-02
5.467999999999999527e-01
-4.738999999999999879e-01
-5.825000000000000178e-01
1.101000000000000034e-01
6.179999999999999938e-01
6.945999999999999952e-01
8.494000000000000439e-01
9.711999999999999522e-01
9.582000000000000517e-01
-2.187999999999999945e-01
-4.492999999999999772e-01
5.940000000000000141e-02
-8.752999999999999670e-01
6.837999999999999634e-01
-6.415999999999999481e-01
-8.999999999999999320e-03
4.383000000000000229e-01
-6.550000000000000266e-01
-6.037000000000000144e-01
-2.179000000000000103e-01
5.773000000000000353e-01
1.877000000000000057e-01
-4.419000000000000150e-01
7.330999999999999739e-01
-8.709999999999999964e-01
-1.779999999999999916e-01
-9.371000000000000441e-01
7.661000000000000032e-01
-4.477999999999999758e-01
5.295999999999999597e-01
8.107999999999999652e-01
3.675999999999999823e-01
5.847999999999999865e-01
-9.272000000000000242e-01
9.326999999999999735e-01
-5.605999999999999872e-01
2.074000000000000010e-01
-9.744000000000000439e-01
-8.151000000000000467e-01
-4.112999999999999989e-01
-9.789999999999999813e-01
-1.726000000000000034e-01
-3.294000000000000261e-01
-5.666999999999999815e-01
3.490000000000000047e-02
1.860999999999999877e-01
-2.692999999999999838e-01
-4.205999999999999739e-01
-8.125999999999999890e-01
2.615999999999999992e-01
3.497000000000000108e-01
1.880999999999999894e-01
-2.169000000000000095e-01
2.960999999999999743e-01
6.140000000000000319e-02
3.170999999999999930e-01
9.356999999999999762e-01
1.136000000000000065e-01
-4.122000000000000108e-01
6.736999999999999655e-01
3.168000000000000260e-01
6.756999999999999673e-01
-9.213999999999999968e-01
3.733000000000000207e-01
-3.350000000000000200e-02
8.014000000000000012e-01
-5.244999999999999662e-01
-6.088999999999999968e-01
9.667000000000000037e-01
-6.182999999999999607e-01
4.759999999999999787e-01
4.460999999999999965e-01
6.971000000000000529e-01
-6.834000000000000075e-01
-5.383000000000000007e-01
8.990000000000000213e-01
6.697999999999999510e-01
8.760000000000000009e-01
4.374000000000000110e-01
8.072000000000000286e-01
2.444999999999999951e-01
-2.237999999999999989e-01
8.979000000000000314e-01
-5.191000000000000059e-01
-3.068000000000000171e-01
2.053999999999999992e-01
-3.795999999999999930e-01
2.750000000000000222e-01
5.130000000000000115e-01
5.564000000000000057e-01
5.171000000000000041e-01
7.532999999999999696e-01
-4.052999999999999936e-01
7.974999999999999867e-01
2.833999999999999853e-01
1.179000000000000048e-01
-7.591999999999999860e-01
7.090999999999999526e-01
4.318000000000000171e-01
3.775000000000000022e-01
9.550000000000000155e-02
7.511999999999999789e-01
9.563000000000000389e-01
6.293999999999999595e-01
-3.114999999999999991e-01
-5.527999999999999581e-01
-6.040999999999999703e-01
-9.385999999999999899e-01
1.932000000000000106e-01
1.439000000000000001e-01
6.379000000000000226e-01
