-9.136999999999999567e-01
1.303999999999999881e-01
6.494999999999999662e-01
-2.210999999999999910e-01
9.325999999999999845e-01
1.100000000000000066e-03
1.764000000000000012e-01
-1.698000000000000065e-01
9.606999999999999984e-01
-4.107000000000000095e-01
-8.770000000000000018e-01
-7.677000000000000490e-01
9.030000000000000526e-02
-9.856000000000000316e-01
-3.785000000000000031e-01
-5.990999999999999659e-01
4.098999999999999866e-01
-9.215999999999999748e-01
-8.933999999999999719e-01
-3.568000000000000060e-01
7.428000000000000158e-01
-7.805999999999999606e-01
7.029999999999999583e-01
-4.771000000000000241e-01
7.308000000000000052e-01
5.384999999999999787e-01
-4.405000000000000027e-01
-1.313999999999999890e-01
3.519999999999999796e-01
-1.519999999999999997e-02
1.970999999999999974e-01
7.699000000000000288e-01
2.255000000000000060e-01
8.441999999999999504e-01
5.403999999999999915e-01
-1.575999999999999901e-01
5.423999999999999932e-01
-3.607000000000000206e-01
-2.630000000000000115e-01
-3.542000000000000148e-01
-4.647999999999999909e-01
9.018000000000000460e-01
8.332000000000000517e-01
-2.300000000000000100e-01
2.348000000000000087e-01
-5.617999999999999661e-01
-9.039999999999999425e-02
6.837999999999999634e-01
-6.726999999999999647e-01
-7.032000000000000473e-01
3.119999999999999857e-02
7.278999999999999915e-01
8.851999999999999869e-01
4.052000000000000046e-01
-9.713000000000000522e-01
-2.147999999999999909e-01
-8.266000000000000014e-01
9.711999999999999522e-01
6.058999999999999941e-01
-4.650000000000000244e-01
5.727999999999999758e-01
-7.635999999999999455e-01
7.165000000000000258e-01
4.265999999999999792e-01
4.569999999999999757e-02
-8.537000000000000144e-01
-4.374000000000000110e-01
3.230000000000000232e-02
8.082000000000000295e-01
9.173999999999999932e-01
-9.303000000000000158e-01
5.047000000000000375e-01
-6.060999999999999721e-01
-2.331000000000000016e-01
4.862000000000000210e-01
3.810000000000000053e-01
1.560999999999999888e-01
-8.375000000000000222e-01
3.881999999999999895e-01
-8.838000000000000300e-01
-3.249000000000000221e-01
-4.899999999999999911e-01
-1.262000000000000066e-01
-7.420999999999999819e-01
-2.713999999999999746e-01
2.071000000000000063e-01
7.270999999999999686e-01
-6.665999999999999703e-01
-8.699000000000000066e-01
-5.481000000000000316e-01
9.339999999999999691e-02
-3.598000000000000087e-01
9.082999999999999963e-01
-9.247999999999999554e-01
-1.025999999999999968e-01
5.645000000000000018e-01
-5.271000000000000130e-01
-2.088000000000000134e-01
-5.682000000000000384e-01
3.765999999999999903e-01
-3.093000000000000194e-01
6.351999999999999869e-01
3.009999999999999828e-02
-9.395999999999999908e-01
-1.088999999999999968e-01
9.932999999999999607e-01
-1.600000000000000033e-02
-9.135999999999999677e-01
8.508999999999999897e-01
2.990999999999999770e-01
2.888000000000000012e-01
-7.095000000000000195e-01
9.398999999999999577e-01
9.399999999999999467e-01
-7.578000000000000291e-01
-7.082000000000000517e-01
-7.326000000000000290e-01
-2.988000000000000100e-01
-2.626999999999999891e-01
-7.855999999999999650e-01
-8.400999999999999579e-01
-7.504999999999999449e-01
1.218000000000000055e-01
-3.819999999999999785e-02
-2.323000000000000065e-01
1.333999999999999908e-01
-3.207999999999999741e-01
8.989999999999999380e-02
7.115000000000000213e-01
4.889000000000000012e-01
8.429999999999999993e-02
8.836000000000000520e-01
-9.569999999999999618e-01
-5.022999999999999687e-01
-4.022999999999999909e-01
-1.469999999999999918e-01
5.837999999999999856e-01
8.329999999999999627e-01
7.030999999999999472e-01
4.778999999999999915e-01
8.178999999999999604e-01
-2.636000000000000010e-01
8.390000000000000235e-02
5.469999999999999862e-02
3.464999999999999747e-01
-5.252999999999999892e-01
5.525999999999999801e-01
-5.721000000000000529e-01
6.828999999999999515e-01
5.330000000000000016e-02
5.900999999999999579e-01
-1.287000000000000088e-01
-8.214000000000000190e-01
-1.731000000000000039e-01
-9.100000000000000311e-01
2.983999999999999986e-01
9.292000000000000259e-01
1.635999999999999954e-01
-2.195000000000000007e-01
7.124000000000000332e-01
-8.384000000000000341e-01
8.278999999999999693e-01
-1.526000000000000134e-01
7.098999999999999755e-01
3.665999999999999814e-01
7.792000000000000037e-01
-4.591999999999999971e-01
-3.239999999999999825e-02
-8.770000000000000018e-02
8.922999999999999821e-01
-1.756000000000000061e-01
-4.652999999999999914e-01
8.668000000000000149e-01
8.580000000000000127e-02
2.268999999999999906e-01
-5.312000000000000055e-01
5.800000000000000294e-02
-2.212999999999999967e-01
8.244000000000000217e-01
-2.336999999999999911e-01
-5.407999999999999474e-01
5.229000000000000314e-01
9.435000000000000053e-01
6.787999999999999590e-01
2.427999999999999881e-01
2.569000000000000172e-01
-9.295999999999999819e-01
2.802000000000000046e-01
6.707999999999999519e-01
8.964999999999999636e-01
6.018999999999999906e-01
9.129000000000000448e-01
8.809999999999999776e-02
-7.573999999999999622e-01
6.677999999999999492e-01
9.890000000000000180e-02
5.473000000000000087e-01
7.854999999999999760e-01
4.459000000000000186e-01
6.512999999999999901e-01
-9.308999999999999497e-01
5.380000000000000338e-01
-1.996999999999999886e-01
-8.000000000000000444e-01
-6.228000000000000203e-01
6.118999999999999995e-01
3.450000000000000289e-02
2.411999999999999977e-01
2.524000000000000132e-01
6.663999999999999924e-01
9.427999999999999714e-01
-8.165999999999999925e-01
-4.546999999999999931e-01
-5.352000000000000091e-01
-9.807000000000000162e-01
6.124000000000000554e-01
7.832999999999999963e-01
6.925999999999999934e-01
-2.167999999999999927e-01
2.250999999999999945e-01
4.870999999999999774e-01
7.905999999999999694e-01
-4.469000000000000195e-01
-4.299999999999999933e-01
-1.764999999999999902e-01
-3.230000000000000232e-02
-3.500000000000000333e-02
-6.420000000000000151e-01
5.067000000000000393e-01
-7.302999999999999492e-01
-8.238999999999999657e-01
2.906000000000000250e-01
2.447999999999999898e-01
-4.192000000000000171e-01
-9.039000000000000368e-01
-4.102000000000000091e-01
8.046999999999999709e-01
-2.607999999999999763e-01
8.787000000000000366e-01
1.928999999999999881e-01
6.830000000000000515e-01
-4.059999999999999720e-02
-6.747999999999999554e-01
2.589000000000000190e-01
7.620000000000000384e-02
2.299999999999999961e-03
-8.379999999999999949e-02
7.883000000000000007e-01
7.131999999999999451e-01
-4.475000000000000089e-01
1.448000000000000120e-01
-1.283999999999999864e-01
-3.150999999999999912e-01
