-7.219999999999999751e-01
7.102000000000000535e-01
-5.725999999999999979e-01
8.699999999999999400e-02
2.939999999999999905e-02
8.096999999999999753e-01
-8.635000000000000453e-01
-3.604999999999999871e-01
2.520999999999999908e-01
7.234000000000000430e-01
-3.907999999999999807e-01
-1.020000000000000073e-02
1.821000000000000119e-01
-8.433000000000000496e-01
1.025999999999999968e-01
-8.481999999999999540e-01
-5.101999999999999869e-01
-4.424000000000000155e-01
-9.618999999999999773e-01
6.170999999999999819e-01
6.464999999999999636e-01
-8.617000000000000215e-01
9.165999999999999703e-01
-4.645000000000000240e-01
-6.744999999999999885e-01
3.462000000000000077e-01
1.716999999999999915e-01
-7.980000000000000426e-01
6.233999999999999542e-01
-2.785000000000000253e-01
1.971999999999999864e-01
-2.842000000000000082e-01
7.873999999999999888e-01
-5.763000000000000345e-01
8.106999999999999762e-01
-2.497000000000000053e-01
4.950999999999999845e-01
7.937999999999999501e-01
-6.840000000000000246e-02
3.383999999999999786e-01
1.899999999999999996e-03
9.899999999999999911e-01
6.719000000000000528e-01
8.224000000000000199e-01
5.392000000000000126e-01
4.949999999999999956e-01
2.119000000000000050e-01
8.377000000000000002e-01
2.799999999999999972e-03
-2.220999999999999919e-01
4.537999999999999812e-01
-3.660000000000000059e-02
5.760999999999999455e-01
7.691000000000000059e-01
1.381000000000000005e-01
-3.834000000000000186e-01
6.530000000000000249e-01
-1.920000000000000040e-01
4.451999999999999846e-01
-8.628000000000000114e-01
8.730999999999999872e-01
5.170000000000000290e-02
1.406999999999999917e-01
5.130000000000000115e-01
-3.748000000000000220e-01
-5.991999999999999549e-01
9.950999999999999845e-01
9.214999999999999858e-01
-8.627000000000000224e-01
-5.199000000000000288e-01
6.455999999999999517e-01
-6.004000000000000448e-01
-1.246000000000000024e-01
-2.414999999999999925e-01
5.805000000000000160e-01
9.769999999999999796e-01
4.742999999999999994e-01
-2.877000000000000113e-01
6.028999999999999915e-01
-9.697000000000000064e-01
-3.190000000000000058e-01
1.572000000000000064e-01
3.793000000000000260e-01
2.602999999999999758e-01
-9.707999999999999963e-01
-7.578000000000000291e-01
2.826000000000000179e-01
-9.274000000000000021e-01
-5.133999999999999675e-01
-9.031000000000000139e-01
-9.893999999999999462e-01
-4.440999999999999948e-01
-4.046000000000000152e-01
-5.582000000000000295e-01
6.010999999999999677e-01
-6.322999999999999732e-01
-5.269000000000000350e-01
2.359999999999999876e-01
-5.737999999999999767e-01
3.027000000000000246e-01
5.338000000000000522e-01
8.909000000000000252e-01
4.323000000000000176e-01
-3.331999999999999962e-01
4.571999999999999953e-01
-6.645999999999999686e-01
-2.316999999999999893e-01
1.627000000000000113e-01
3.608000000000000096e-01
6.836999999999999744e-01
-1.496000000000000107e-01
8.681999999999999718e-01
8.898000000000000353e-01
-1.484999999999999931e-01
7.843999999999999861e-01
6.096000000000000307e-01
-2.265999999999999959e-01
6.350999999999999979e-01
-3.938999999999999724e-01
8.004999999999999893e-01
-7.385000000000000453e-01
-2.719999999999999848e-02
-7.240999999999999659e-01
-9.458999999999999631e-01
2.682999999999999829e-01
-9.411000000000000476e-01
8.699999999999999400e-02
3.085999999999999854e-01
-1.335999999999999965e-01
-9.291000000000000369e-01
2.700000000000000143e-03
-9.643000000000000460e-01
-7.083000000000000407e-01
8.319999999999999618e-01
-1.338999999999999913e-01
1.720000000000000001e-02
7.549000000000000155e-01
-1.333999999999999908e-01
3.306000000000000050e-01
-4.462999999999999745e-01
4.643999999999999795e-01
-3.865000000000000102e-01
-7.204000000000000403e-01
-4.842000000000000193e-01
9.183000000000000052e-01
4.546999999999999931e-01
3.472999999999999976e-01
-8.612999999999999545e-01
-2.094000000000000028e-01
-4.883000000000000118e-01
-9.400000000000000369e-03
4.227000000000000202e-01
4.828000000000000069e-01
-8.542999999999999483e-01
5.815000000000000169e-01
9.508999999999999675e-01
-4.476999999999999869e-01
-3.251000000000000001e-01
5.699999999999999512e-01
-4.933000000000000163e-01
1.839999999999999969e-01
6.336000000000000520e-01
5.810999999999999499e-01
9.610999999999999543e-01
-9.385000000000000009e-01
3.890000000000000124e-01
7.138999999999999790e-01
7.224000000000000421e-01
-2.733999999999999764e-01
-6.257000000000000339e-01
1.102000000000000063e-01
3.768000000000000238e-01
-6.834000000000000075e-01
-7.339999999999999858e-01
6.050999999999999712e-01
-6.525999999999999579e-01
1.559999999999999928e-02
-4.250999999999999779e-01
5.547999999999999599e-01
2.707999999999999852e-01
-7.479999999999999982e-01
3.538999999999999924e-01
-1.721000000000000030e-01
-6.759999999999999343e-02
8.050000000000000211e-02
5.968999999999999861e-01
8.479999999999999760e-01
-5.759999999999999565e-01
4.398000000000000242e-01
6.844000000000000083e-01
4.706000000000000183e-01
-1.915999999999999925e-01
9.332000000000000295e-01
5.290000000000000258e-01
-7.033000000000000362e-01
-3.093000000000000194e-01
-7.756999999999999451e-01
-4.880999999999999783e-01
4.719999999999999751e-01
1.229999999999999982e-01
1.116000000000000048e-01
9.310000000000000497e-01
-7.405000000000000471e-01
-2.696000000000000063e-01
2.494999999999999996e-01
1.000000000000000048e-04
8.901000000000000023e-01
9.197999999999999510e-01
3.388999999999999790e-01
-5.217000000000000526e-01
-7.940000000000000391e-01
-6.969999999999999807e-02
-4.803999999999999937e-01
6.459000000000000297e-01
2.109000000000000041e-01
7.627000000000000446e-01
5.687999999999999723e-01
-1.869999999999999996e-01
-1.693999999999999950e-01
3.726999999999999758e-01
-8.076999999999999735e-01
-8.953999999999999737e-01
-6.935000000000000053e-01
-9.635000000000000231e-01
7.049999999999999323e-02
-7.008999999999999675e-01
3.748000000000000220e-01
9.982999999999999652e-01
-2.580000000000000071e-01
-4.736000000000000210e-01
-1.519999999999999962e-01
4.389000000000000123e-01
-2.369999999999999885e-02
3.968999999999999750e-01
7.960000000000000409e-01
3.075999999999999845e-01
-5.058000000000000274e-01
3.447999999999999954e-01
7.435000000000000497e-01
6.482999999999999874e-01
8.781999999999999806e-01
-7.409999999999999920e-02
-7.023000000000000353e-01
-3.311000000000000054e-01
8.151000000000000467e-01
1.127999999999999975e-01
-7.198999999999999844e-01
8.820000000000000062e-02
-2.016000000000000014e-01
7.825999999999999623e-01
6.927999999999999714e-01
3.790999999999999925e-01
-2.121000000000000107e-01
