6.372999999999999776e-01
1.034000000000000058e-01
2.736000000000000099e-01
-8.129999999999999727e-02
1.490000000000000005e-02
9.886000000000000343e-01
-3.094999999999999973e-01
7.680000000000000160e-01
3.120999999999999885e-01
8.145999999999999908e-01
4.739999999999999769e-01
-7.321999999999999620e-01
-9.041000000000000147e-01
-2.021000000000000019e-01
-5.020999999999999908e-01
7.045000000000000151e-01
-7.979999999999999594e-02
9.801999999999999602e-01
-8.822999999999999732e-01
7.215000000000000302e-01
-2.530999999999999917e-01
2.679000000000000270e-01
-6.337000000000000410e-01
2.699999999999999969e-02
3.497999999999999998e-01
9.159000000000000474e-01
1.889000000000000123e-01
1.067000000000000032e-01
-8.900000000000000133e-01
6.062999999999999501e-01
-9.802999999999999492e-01
2.228999999999999870e-01
5.036000000000000476e-01
5.097000000000000419e-01
-6.551000000000000156e-01
2.690000000000000169e-01
-2.550999999999999934e-01
3.664000000000000035e-01
3.121999999999999775e-01
3.607000000000000206e-01
3.366000000000000103e-01
-2.940999999999999726e-01
-5.125999999999999446e-01
6.956999999999999851e-01
2.250000000000000056e-01
-9.012999999999999901e-01
9.324000000000000066e-01
4.499000000000000221e-01
3.034000000000000030e-01
-7.562999999999999723e-01
1.993000000000000049e-01
-9.999000000000000110e-01
4.842000000000000193e-01
8.609999999999999876e-01
7.532999999999999696e-01
-9.555000000000000160e-01
7.507000000000000339e-01
5.852000000000000535e-01
6.834000000000000075e-01
-5.342000000000000082e-01
2.026000000000000023e-01
-4.920999999999999819e-01
5.513000000000000123e-01
2.160000000000000114e-02
-1.544999999999999984e-01
-4.046000000000000152e-01
-4.647999999999999909e-01
1.097999999999999948e-01
7.128999999999999782e-01
-3.169999999999999901e-02
-3.751999999999999780e-01
-1.839000000000000079e-01
-6.051999999999999602e-01
7.711999999999999966e-01
7.159999999999999698e-02
-7.977999999999999536e-01
6.170999999999999819e-01
4.238999999999999990e-01
7.735999999999999543e-01
-8.296999999999999931e-01
6.533999999999999808e-01
4.038999999999999813e-01
7.268999999999999906e-01
-7.183000000000000496e-01
6.070999999999999730e-01
-2.927000000000000157e-01
1.320000000000000062e-01
1.166999999999999982e-01
5.647999999999999687e-01
8.375000000000000222e-01
-8.556000000000000272e-01
4.138999999999999901e-01
-6.753000000000000114e-01
5.110999999999999988e-01
-1.600000000000000033e-02
-8.468999999999999861e-01
2.629000000000000226e-01
6.251999999999999780e-01
-1.786999999999999977e-01
-4.984999999999999987e-01
-6.618000000000000549e-01
4.655000000000000249e-01
6.347000000000000419e-01
9.293000000000000149e-01
7.800000000000000266e-01
-2.841000000000000192e-01
6.861000000000000432e-01
-6.364999999999999547e-01
-5.352000000000000091e-01
-6.110999999999999766e-01
-6.850000000000000533e-01
-7.010999999999999455e-01
4.425000000000000044e-01
-5.406999999999999584e-01
6.483999999999999764e-01
1.952000000000000124e-01
-3.758000000000000229e-01
-8.719999999999999973e-02
-6.133999999999999453e-01
5.484999999999999876e-01
-9.615000000000000213e-01
-5.887999999999999901e-01
-2.775000000000000244e-01
7.684999999999999609e-01
-3.267999999999999794e-01
-7.524999999999999467e-01
9.491000000000000547e-01
-8.642999999999999572e-01
6.142999999999999572e-01
7.126000000000000112e-01
-5.331000000000000183e-01
2.511999999999999789e-01
-1.663000000000000034e-01
-9.048000000000000487e-01
-4.137000000000000122e-01
-3.735999999999999877e-01
-5.564000000000000057e-01
-1.700000000000000122e-01
3.769999999999999740e-02
-8.806000000000000494e-01
-3.952999999999999847e-01
-5.987000000000000099e-01
-9.307999999999999607e-01
-4.660000000000000253e-01
-9.518999999999999684e-01
4.139999999999999791e-01
-1.776999999999999968e-01
2.541999999999999815e-01
-2.487000000000000044e-01
-8.265000000000000124e-01
-3.780000000000000027e-02
-2.335000000000000131e-01
-1.215999999999999998e-01
7.098999999999999755e-01
9.891999999999999682e-01
7.006000000000000005e-01
7.704999999999999627e-01
2.202999999999999958e-01
2.464999999999999969e-01
-9.527999999999999803e-01
2.671000000000000041e-01
7.361999999999999655e-01
-8.172000000000000375e-01
-5.652000000000000357e-01
-7.215000000000000302e-01
-1.988999999999999935e-01
7.607000000000000428e-01
5.060999999999999943e-01
5.915000000000000258e-01
-1.170000000000000068e-01
9.487999999999999767e-01
-3.373999999999999777e-01
4.096000000000000196e-01
4.681000000000000161e-01
7.250999999999999668e-01
1.420000000000000082e-02
-6.040000000000000230e-02
-1.827000000000000013e-01
9.747999999999999998e-01
6.643999999999999906e-01
3.523999999999999910e-01
-3.407999999999999918e-01
-8.478999999999999870e-01
8.893999999999999684e-01
-9.950999999999999845e-01
-6.071999999999999620e-01
-7.663999999999999702e-01
7.657000000000000473e-01
9.688999999999999835e-01
-5.000000000000000278e-02
-3.347999999999999865e-01
8.252000000000000446e-01
6.734999999999999876e-01
8.930000000000000160e-01
-4.965999999999999859e-01
-3.872999999999999776e-01
-7.715999999999999526e-01
-3.486000000000000210e-01
6.676999999999999602e-01
-4.697000000000000064e-01
1.396000000000000019e-01
3.760000000000000148e-02
-8.139999999999999458e-01
7.740000000000000213e-01
8.002000000000000224e-01
6.724999999999999867e-01
2.280999999999999972e-01
-1.015000000000000069e-01
-6.228000000000000203e-01
-6.943000000000000282e-01
-9.867000000000000215e-01
9.669999999999999707e-01
-7.875999999999999668e-01
-6.293999999999999595e-01
-4.914999999999999925e-01
2.262000000000000122e-01
-9.569999999999999341e-02
-5.943000000000000504e-01
-4.848000000000000087e-01
3.761999999999999789e-01
8.060000000000000497e-02
-4.176000000000000267e-01
-5.189000000000000279e-01
-2.142000000000000015e-01
-2.711000000000000076e-01
4.403000000000000247e-01
-2.204000000000000126e-01
1.023000000000000020e-01
5.364999999999999769e-01
7.713999999999999746e-01
-7.654999999999999583e-01
-1.882000000000000062e-01
-6.242999999999999661e-01
4.847000000000000197e-01
3.309999999999999748e-02
7.100999999999999535e-01
9.378999999999999559e-01
-8.879000000000000226e-01
-8.577000000000000179e-01
-5.306999999999999496e-01
-3.200000000000000067e-02
6.111999999999999655e-01
5.050000000000000044e-01
9.768999999999999906e-01
8.092000000000000304e-01
-4.575000000000000178e-01
-9.491000000000000547e-01
-5.967999999999999972e-01
-9.315999999999999837e-01
-5.403999999999999915e-01
-1.791000000000000092e-01
-7.147999999999999909e-01
9.600999999999999535e-01
