-2.006000000000000005e-01
2.245999999999999941e-01
8.612999999999999545e-01
4.321999999999999731e-01
1.131000000000000061e-01
3.580999999999999739e-01
8.604000000000000536e-01
1.899999999999999996e-03
7.783999999999999808e-01
-4.037000000000000033e-01
2.922000000000000153e-01
7.106999999999999984e-01
2.104999999999999927e-01
2.599999999999999881e-03
4.693999999999999839e-01
-8.672999999999999599e-01
-4.979000000000000092e-01
-5.302999999999999936e-01
-4.666000000000000147e-01
-9.060000000000000275e-01
7.135000000000000231e-01
4.272000000000000242e-01
-8.817000000000000393e-01
4.636000000000000121e-01
5.954000000000000403e-01
-8.064000000000000057e-01
9.995000000000000551e-01
-8.419999999999999707e-02
-5.089000000000000190e-01
-9.709999999999999742e-01
-4.760000000000000342e-02
-5.960000000000000020e-02
5.215999999999999526e-01
8.809000000000000163e-01
5.323999999999999844e-01
2.369999999999999885e-02
6.169000000000000039e-01
-6.599000000000000421e-01
5.372000000000000108e-01
-7.189999999999999725e-01
8.405000000000000249e-01
-4.979999999999999705e-02
-4.203999999999999959e-01
3.983999999999999764e-01
1.706999999999999906e-01
-9.529999999999999583e-01
-7.429999999999999938e-01
-1.285999999999999921e-01
-1.559000000000000108e-01
-3.924000000000000266e-01
9.545000000000000151e-01
-2.074000000000000010e-01
-4.450000000000000067e-01
-5.874000000000000332e-01
1.169000000000000039e-01
-4.456999999999999851e-01
8.578000000000000069e-01
6.933000000000000274e-01
-2.149999999999999967e-01
-3.043000000000000149e-01
4.728999999999999870e-01
7.977999999999999536e-01
-2.906000000000000250e-01
-6.516999999999999460e-01
-8.830000000000000349e-02
9.786000000000000254e-01
2.938000000000000056e-01
-3.146999999999999797e-01
-5.038000000000000256e-01
3.795000000000000040e-01
-3.889999999999999708e-02
-3.033000000000000140e-01
1.801999999999999991e-01
3.252999999999999781e-01
-6.243999999999999551e-01
-5.770999999999999464e-01
-2.823999999999999844e-01
4.583999999999999742e-01
7.016000000000000014e-01
-2.225000000000000033e-01
3.440000000000000002e-02
-5.785000000000000142e-01
6.447000000000000508e-01
8.861999999999999877e-01
4.349999999999999978e-01
5.447999999999999510e-01
2.819999999999999729e-01
4.025000000000000244e-01
1.044999999999999957e-01
8.598999999999999977e-01
3.587000000000000188e-01
-5.335999999999999632e-01
-6.993000000000000327e-01
1.047000000000000014e-01
-7.449999999999999956e-01
-7.469999999999999973e-01
8.068999999999999506e-01
-4.400000000000000265e-03
1.958000000000000018e-01
6.189999999999999669e-02
-8.610999999999999766e-01
7.488000000000000211e-01
-9.697999999999999954e-01
-2.520000000000000018e-02
4.683999999999999830e-01
-8.608000000000000096e-01
3.259999999999999704e-02
4.072000000000000064e-01
9.534000000000000252e-01
3.461000000000000187e-01
-5.467999999999999527e-01
-3.425000000000000266e-01
-1.970999999999999974e-01
-1.726000000000000034e-01
-1.691999999999999893e-01
3.936999999999999944e-01
6.700000000000000400e-01
8.650999999999999801e-01
-1.653999999999999915e-01
-5.415999999999999703e-01
-7.113000000000000433e-01
-1.892000000000000071e-01
9.004999999999999671e-01
1.389999999999999916e-02
7.135000000000000231e-01
3.664999999999999925e-01
-5.715999999999999970e-01
-5.705999999999999961e-01
-4.259000000000000008e-01
6.847999999999999643e-01
-9.041000000000000147e-01
2.558000000000000274e-01
-3.687000000000000277e-01
-5.827999999999999847e-01
-8.364000000000000323e-01
-8.016999999999999682e-01
5.248000000000000442e-01
-4.057999999999999940e-01
1.474000000000000032e-01
9.929999999999999938e-02
5.017000000000000348e-01
-4.057999999999999940e-01
-6.219999999999999973e-01
-6.857999999999999652e-01
-9.086999999999999522e-01
3.396000000000000130e-01
6.739000000000000545e-01
6.455999999999999517e-01
-7.251999999999999558e-01
-7.076000000000000068e-01
8.167999999999999705e-01
2.048999999999999988e-01
9.164999999999999813e-01
2.814999999999999725e-01
-1.962000000000000133e-01
-9.299999999999999239e-03
7.078999999999999737e-01
-7.050999999999999490e-01
1.471999999999999975e-01
7.756999999999999451e-01
6.885000000000000009e-01
6.119999999999999746e-02
-2.828999999999999848e-01
-3.086999999999999744e-01
6.170999999999999819e-01
-6.452999999999999847e-01
3.537000000000000144e-01
-8.646000000000000352e-01
-4.381999999999999784e-01
-7.889999999999999791e-02
8.087999999999999634e-01
-3.985000000000000209e-01
3.071999999999999731e-01
-3.504999999999999782e-01
-3.558999999999999941e-01
-4.193000000000000060e-01
-2.661999999999999922e-01
-4.753000000000000003e-01
1.292999999999999983e-01
4.636000000000000121e-01
-8.629000000000000004e-01
-2.192000000000000060e-01
8.114000000000000101e-01
-6.764000000000000012e-01
2.079000000000000015e-01
8.416000000000000147e-01
4.516999999999999904e-01
9.487999999999999767e-01
2.399999999999999911e-01
4.954000000000000070e-01
-5.001999999999999780e-01
-9.909000000000000030e-01
-9.747000000000000108e-01
-5.701000000000000512e-01
7.581999999999999851e-01
-9.348999999999999533e-01
5.840000000000000052e-02
7.599999999999999985e-03
-4.914999999999999925e-01
-3.789000000000000146e-01
9.566999999999999948e-01
-5.864000000000000323e-01
-8.676000000000000378e-01
-1.859999999999999848e-02
3.019999999999999907e-01
-2.437999999999999889e-01
-2.335000000000000131e-01
-9.172000000000000153e-01
8.390000000000000235e-02
-3.768000000000000238e-01
5.318000000000000504e-01
3.289000000000000257e-01
1.575999999999999901e-01
-7.778000000000000469e-01
-5.369999999999999774e-02
3.700999999999999845e-01
-2.487999999999999934e-01
6.450000000000000178e-01
-9.032000000000000028e-01
9.858000000000000096e-01
-4.398000000000000242e-01
-5.809999999999999887e-02
2.257000000000000117e-01
-4.637000000000000011e-01
-7.828000000000000513e-01
1.708000000000000074e-01
3.852999999999999758e-01
7.721999999999999975e-01
-7.685999999999999499e-01
9.344000000000000083e-01
8.325000000000000178e-01
-5.406999999999999584e-01
-2.580000000000000002e-02
5.804000000000000270e-01
6.269000000000000128e-01
1.831000000000000127e-01
-3.759000000000000119e-01
1.487999999999999878e-01
2.894999999999999796e-01
-2.232999999999999985e-01
-1.602000000000000091e-01
8.108999999999999542e-01
5.240000000000000213e-02
-6.909999999999999476e-01
-3.660999999999999810e-01
-7.602999999999999758e-01
8.437000000000000055e-01
-5.687999999999999723e-01
-6.512999999999999901e-01
-1.280000000000000027e-01
2.919999999999999818e-01
5.467999999999999527e-01
-1.733000000000000096e-01
