-8.435000000000000275e-01
-3.343999999999999750e-01
-6.143999999999999462e-01
8.719000000000000083e-01
2.336999999999999911e-01
8.169999999999999485e-02
-8.840000000000000635e-02
3.377999999999999892e-01
-4.672999999999999932e-01
5.485999999999999766e-01
-3.491000000000000214e-01
4.621999999999999997e-01
-6.602999999999999980e-01
-6.185000000000000497e-01
3.366999999999999993e-01
-2.149999999999999828e-02
9.765000000000000346e-01
1.003000000000000003e-01
3.662000000000000255e-01
7.755999999999999561e-01
2.570999999999999952e-01
8.024999999999999911e-01
-5.304999999999999716e-01
-3.876999999999999891e-01
-3.558000000000000052e-01
6.716999999999999638e-01
4.808000000000000052e-01
3.780999999999999917e-01
-2.100000000000000130e-02
3.678000000000000158e-01
4.632999999999999896e-01
6.179000000000000048e-01
6.420000000000000151e-01
1.174999999999999933e-01
-8.789000000000000146e-01
-7.841000000000000192e-01
-9.220000000000000417e-01
4.647999999999999909e-01
8.770000000000000018e-02
-8.457999999999999963e-01
-8.160000000000000586e-02
5.599999999999999943e-03
3.509999999999999926e-02
5.362999999999999989e-01
-8.157999999999999696e-01
1.300000000000000044e-01
-9.289999999999999647e-02
3.902999999999999803e-01
-8.839000000000000190e-01
8.508999999999999897e-01
-8.799999999999999489e-02
2.887000000000000122e-01
1.449000000000000010e-01
-1.900999999999999912e-01
-5.387999999999999456e-01
-9.683000000000000496e-01
-7.763999999999999790e-01
1.555999999999999883e-01
9.094999999999999751e-01
1.736000000000000043e-01
2.948999999999999955e-01
-6.807999999999999607e-01
-9.516000000000000014e-01
8.895999999999999464e-01
3.783000000000000251e-01
3.766999999999999793e-01
6.743000000000000105e-01
-7.084000000000000297e-01
-8.219999999999999529e-01
-6.352999999999999758e-01
6.534999999999999698e-01
2.585999999999999965e-01
4.435000000000000053e-01
-4.222000000000000197e-01
9.032000000000000028e-01
-8.558000000000000052e-01
6.945999999999999952e-01
-3.958999999999999742e-01
7.991000000000000325e-01
-3.410000000000000253e-01
1.542999999999999927e-01
6.972000000000000419e-01
-6.837999999999999634e-01
-7.518000000000000238e-01
6.700000000000000400e-02
-5.312999999999999945e-01
-4.953000000000000180e-01
-4.677999999999999936e-01
-3.784000000000000141e-01
-3.285000000000000142e-01
-3.529999999999999805e-02
-2.159999999999999976e-01
5.109999999999999959e-02
4.573999999999999733e-01
3.224000000000000199e-01
1.048999999999999932e-01
-7.877999999999999448e-01
6.400000000000000307e-03
-7.009999999999999565e-01
2.509000000000000119e-01
7.573999999999999622e-01
6.805999999999999828e-01
-8.491999999999999549e-01
5.998999999999999888e-01
-2.079000000000000015e-01
-8.596000000000000307e-01
5.663000000000000256e-01
-4.409000000000000141e-01
-1.804000000000000048e-01
-9.529999999999999583e-02
-8.770000000000000018e-01
7.237000000000000099e-01
-4.359999999999999987e-02
-2.091000000000000081e-01
-9.183000000000000052e-01
8.869000000000000217e-01
3.044000000000000039e-01
-7.922000000000000153e-01
6.528000000000000469e-01
-5.631000000000000449e-01
-5.672000000000000375e-01
-1.630999999999999950e-01
-6.712000000000000188e-01
1.844999999999999973e-01
-8.999999999999999754e-04
-7.268000000000000016e-01
-3.854000000000000203e-01
-1.170000000000000068e-01
-8.161000000000000476e-01
-3.911999999999999922e-01
-5.645999999999999908e-01
8.388999999999999790e-01
9.050000000000000266e-01
-8.616000000000000325e-01
2.373999999999999999e-01
4.341999999999999749e-01
-2.051000000000000045e-01
-3.879000000000000226e-01
7.447000000000000286e-01
5.830999999999999517e-01
-2.000000000000000111e-01
4.139999999999999791e-01
-6.641000000000000236e-01
-9.530999999999999472e-01
8.807000000000000384e-01
-5.444999999999999840e-01
1.338000000000000023e-01
-8.580999999999999739e-01
6.899999999999999467e-01
-2.336999999999999911e-01
-7.741999999999999993e-01
8.584000000000000519e-01
6.895000000000000018e-01
7.750000000000000222e-01
-2.429999999999999868e-02
9.424000000000000155e-01
-5.097000000000000419e-01
-8.804999999999999494e-01
7.452999999999999625e-01
8.682999999999999607e-01
2.364999999999999880e-01
9.871999999999999664e-01
-9.091000000000000192e-01
1.804999999999999938e-01
-2.285000000000000087e-01
-3.377999999999999892e-01
-4.688999999999999835e-01
-2.132999999999999896e-01
-3.891999999999999904e-01
7.467000000000000304e-01
-2.661999999999999922e-01
7.587000000000000410e-01
-9.491000000000000547e-01
1.729999999999999871e-01
-8.948000000000000398e-01
-2.705000000000000182e-01
-1.595000000000000029e-01
-6.938999999999999613e-01
1.277999999999999969e-01
2.326999999999999902e-01
4.632000000000000006e-01
2.691000000000000059e-01
-9.076999999999999513e-01
4.329999999999999960e-01
7.093000000000000416e-01
-8.689999999999999947e-01
-5.960999999999999632e-01
2.894999999999999796e-01
-1.300999999999999934e-01
2.152999999999999914e-01
-8.084999999999999964e-01
-7.398000000000000131e-01
-5.209000000000000297e-01
6.306000000000000494e-01
-1.380000000000000115e-01
5.302000000000000046e-01
1.005999999999999950e-01
-8.717000000000000304e-01
6.915000000000000036e-01
-9.063999999999999835e-01
-6.002999999999999448e-01
-6.852000000000000313e-01
7.267000000000000126e-01
8.330999999999999517e-01
-9.103999999999999870e-01
-5.716999999999999860e-01
4.033999999999999808e-01
-9.419999999999999485e-01
-1.360000000000000098e-01
-3.219999999999999946e-02
-5.080000000000000071e-01
1.092999999999999944e-01
9.403000000000000247e-01
5.499000000000000554e-01
-3.275000000000000133e-01
1.516000000000000125e-01
2.524000000000000132e-01
-9.022000000000000020e-01
-4.540000000000000147e-01
-8.400999999999999579e-01
9.855000000000000426e-01
5.033999999999999586e-01
6.411000000000000032e-01
-2.160999999999999865e-01
7.324000000000000510e-01
6.684999999999999831e-01
8.596000000000000307e-01
2.515000000000000013e-01
1.409999999999999969e-02
-2.263000000000000012e-01
7.749999999999999944e-02
4.512999999999999790e-01
-5.040000000000000036e-01
-6.746999999999999664e-01
3.992999999999999883e-01
6.127000000000000224e-01
-1.554999999999999993e-01
-5.819999999999999618e-01
-8.125999999999999890e-01
-2.674000000000000266e-01
8.636000000000000343e-01
6.344999999999999529e-01
-8.515000000000000346e-01
4.566000000000000059e-01
-2.214000000000000135e-01
-9.467999999999999750e-01
8.238999999999999657e-01
5.541000000000000369e-01
-7.049999999999999323e-02
-7.912000000000000144e-01
-3.811999999999999833e-01
9.519999999999999574e-01
-6.693000000000000060e-01
