7.317000000000000171e-01
5.600000000000000533e-01
-3.437999999999999945e-01
-4.865999999999999770e-01
-8.618999999999999995e-01
3.519999999999999796e-01
-7.618000000000000327e-01
-9.103999999999999870e-01
9.968000000000000194e-01
-2.182999999999999940e-01
1.720000000000000001e-02
-6.686999999999999611e-01
6.549000000000000377e-01
2.482000000000000040e-01
-1.408000000000000085e-01
6.363999999999999657e-01
-6.170999999999999819e-01
8.770000000000000018e-02
-2.949999999999999845e-01
-5.319999999999999729e-02
-7.086000000000000076e-01
-3.598999999999999977e-01
-4.094999999999999751e-01
-9.325999999999999845e-01
5.845000000000000195e-01
6.540000000000000258e-01
3.950000000000000039e-02
-4.198000000000000065e-01
6.058000000000000052e-01
3.966000000000000081e-01
4.602999999999999869e-01
8.128999999999999559e-01
-9.811999999999999611e-01
-6.940000000000000335e-02
3.259999999999999704e-02
-2.957000000000000184e-01
5.927000000000000046e-01
-7.045000000000000151e-01
4.058999999999999830e-01
-2.051999999999999935e-01
1.446000000000000063e-01
-3.695999999999999841e-01
3.916999999999999926e-01
6.026000000000000245e-01
4.381999999999999784e-01
8.507000000000000117e-01
8.056999999999999718e-01
-3.282999999999999807e-01
-3.229000000000000203e-01
2.818999999999999839e-01
-9.694000000000000394e-01
-3.358999999999999764e-01
7.409999999999999920e-01
-5.007000000000000339e-01
-4.113999999999999879e-01
-6.287000000000000366e-01
2.584000000000000186e-01
3.336000000000000076e-01
-8.566000000000000281e-01
-2.526999999999999802e-01
4.166000000000000258e-01
5.340000000000000302e-01
-8.509999999999999509e-02
9.056999999999999496e-01
7.413999999999999480e-01
4.154999999999999805e-01
-3.800000000000000044e-01
3.710999999999999854e-01
9.600999999999999535e-01
4.655000000000000249e-01
-6.707999999999999519e-01
-6.539999999999999980e-02
-7.704999999999999627e-01
3.186999999999999833e-01
5.151999999999999913e-01
-7.900000000000000078e-02
4.181000000000000272e-01
-4.829999999999999849e-01
1.764000000000000012e-01
-9.126999999999999558e-01
6.985000000000000098e-01
-6.495999999999999552e-01
6.927999999999999714e-01
4.454000000000000181e-01
7.794999999999999707e-01
-2.167999999999999927e-01
5.220000000000000195e-01
7.399000000000000021e-01
9.421000000000000485e-01
9.972999999999999643e-01
5.060000000000000053e-01
5.129999999999999838e-02
9.186999999999999611e-01
-8.779000000000000137e-01
-5.859999999999999654e-01
-2.457000000000000017e-01
5.000000000000000104e-03
-4.002000000000000002e-01
-6.700000000000000226e-03
5.682000000000000384e-01
-8.238999999999999657e-01
-3.286999999999999922e-01
7.295000000000000373e-01
9.183999999999999941e-01
-8.390000000000000235e-02
-3.962999999999999856e-01
-2.310000000000000109e-01
-4.593999999999999750e-01
2.950999999999999734e-01
-1.615000000000000047e-01
-8.495000000000000329e-01
9.147999999999999465e-01
1.721000000000000030e-01
-4.996999999999999775e-01
-3.165000000000000036e-01
-1.345000000000000084e-01
9.070000000000000284e-02
-9.699999999999999734e-01
-9.093999999999999861e-01
-4.485999999999999988e-01
6.057000000000000162e-01
-7.913999999999999924e-01
5.214999999999999636e-01
-1.950999999999999956e-01
7.430000000000000493e-02
7.067999999999999838e-01
2.500999999999999890e-01
-9.975000000000000533e-01
7.157000000000000028e-01
-3.195999999999999952e-01
-1.922999999999999987e-01
1.847000000000000031e-01
5.725999999999999979e-01
3.951000000000000068e-01
-9.787000000000000144e-01
-2.570000000000000062e-01
8.225999999999999979e-01
1.444000000000000006e-01
-3.637000000000000233e-01
-8.272000000000000464e-01
-1.756000000000000061e-01
-5.080999999999999961e-01
-3.748000000000000220e-01
7.852999999999999980e-01
7.019999999999999851e-02
-1.080000000000000057e-02
-2.079999999999999905e-02
-7.685999999999999499e-01
-3.422999999999999932e-01
2.265000000000000069e-01
-6.550000000000000266e-02
-7.461999999999999744e-01
-9.271000000000000352e-01
-1.365000000000000102e-01
-2.731999999999999984e-01
-3.249000000000000221e-01
-7.154000000000000359e-01
4.504000000000000226e-01
1.401999999999999913e-01
-6.383999999999999675e-01
6.599000000000000421e-01
-3.904000000000000248e-01
-9.714000000000000412e-01
1.618999999999999884e-01
-2.368999999999999995e-01
9.243000000000000105e-01
-1.869000000000000106e-01
5.909999999999999698e-01
2.963000000000000078e-01
-1.909999999999999892e-02
4.719999999999999890e-02
-2.245000000000000051e-01
9.105999999999999650e-01
5.808999999999999719e-01
-1.661999999999999866e-01
7.959000000000000519e-01
8.612999999999999545e-01
-5.205999999999999517e-01
4.610000000000000209e-02
-2.606999999999999873e-01
9.400000000000000369e-03
5.639999999999999875e-02
-2.990999999999999770e-01
4.519000000000000239e-01
1.100000000000000006e-01
-9.439999999999999780e-02
7.288999999999999924e-01
6.544999999999999707e-01
-2.580999999999999961e-01
-1.716999999999999915e-01
7.695999999999999508e-01
3.688000000000000167e-01
-8.562999999999999501e-01
9.550000000000000155e-02
2.411999999999999977e-01
-5.539999999999999786e-02
-6.737999999999999545e-01
3.538000000000000034e-01
-1.208000000000000046e-01
-6.136000000000000343e-01
-3.271000000000000019e-01
1.514000000000000068e-01
9.848999999999999977e-01
-9.628999999999999782e-01
-8.219999999999999529e-02
9.669999999999999707e-01
7.298999999999999932e-01
8.899999999999999578e-02
8.636000000000000343e-01
-9.122000000000000108e-01
-4.850000000000000144e-02
-3.553999999999999937e-01
-3.136999999999999789e-01
-9.982999999999999652e-01
-5.565999999999999837e-01
7.722999999999999865e-01
1.199999999999999956e-01
8.866000000000000547e-01
4.767000000000000126e-01
-5.862000000000000544e-01
6.408000000000000362e-01
6.829999999999999960e-02
-5.878999999999999782e-01
1.582000000000000073e-01
1.774000000000000021e-01
-6.866999999999999771e-01
1.658999999999999919e-01
2.850000000000000103e-02
-6.868999999999999551e-01
3.111999999999999766e-01
5.722000000000000419e-01
-1.451999999999999957e-01
7.861000000000000210e-01
-1.180999999999999966e-01
-7.564999999999999503e-01
4.199999999999999740e-03
6.218000000000000194e-01
1.759000000000000008e-01
-8.416000000000000147e-01
-1.602000000000000091e-01
1.514000000000000068e-01
-1.909999999999999892e-02
-2.785000000000000253e-01
-1.991999999999999882e-01
4.502999999999999781e-01
-7.802999999999999936e-01
5.359000000000000430e-01
-2.232999999999999985e-01
-6.538000000000000478e-01
6.471000000000000085e-01
-7.999000000000000554e-01
-9.382000000000000339e-01
-2.787000000000000033e-01
