-3.054000000000000048e-01
-7.610999999999999988e-01
1.589000000000000135e-01
-9.573000000000000398e-01
2.167999999999999927e-01
9.670999999999999597e-01
5.273999999999999799e-01
1.013000000000000012e-01
-3.613000000000000100e-01
-6.236000000000000432e-01
-3.205999999999999961e-01
-8.861999999999999877e-01
-2.829999999999999738e-01
6.130000000000000032e-02
2.457999999999999907e-01
6.811000000000000387e-01
9.768999999999999906e-01
3.808000000000000274e-01
-3.996000000000000107e-01
2.464000000000000079e-01
-3.466000000000000192e-01
3.360000000000000209e-01
-6.131999999999999673e-01
-8.102000000000000313e-01
9.064999999999999725e-01
8.487000000000000099e-01
-3.540000000000000091e-02
9.197999999999999510e-01
4.274999999999999911e-01
-9.143000000000000016e-01
-8.853999999999999648e-01
-8.034999999999999920e-01
1.499999999999999944e-01
-5.646999999999999797e-01
-6.438000000000000389e-01
-6.084000000000000519e-01
-3.493999999999999884e-01
1.880000000000000074e-02
1.029000000000000054e-01
5.412000000000000144e-01
9.018000000000000460e-01
-5.799999999999999600e-03
7.003000000000000336e-01
4.259999999999999898e-02
4.650000000000000244e-01
-4.910999999999999810e-01
1.700000000000000122e-01
7.950000000000000122e-02
7.163000000000000478e-01
-6.352999999999999758e-01
5.220000000000000195e-01
7.400999999999999801e-01
-1.948000000000000009e-01
-3.015999999999999792e-01
-5.539999999999999786e-02
-4.247000000000000219e-01
-9.449999999999999512e-01
-3.304000000000000270e-01
3.005999999999999783e-01
-9.344000000000000083e-01
3.187999999999999723e-01
4.133999999999999897e-01
3.820000000000000062e-01
-7.417000000000000259e-01
9.192000000000000171e-01
7.002000000000000446e-01
-7.130999999999999561e-01
6.548000000000000487e-01
-2.460000000000000034e-02
-4.726000000000000201e-01
8.849999999999999534e-02
8.296000000000000041e-01
-5.057000000000000384e-01
6.645999999999999686e-01
3.986000000000000099e-01
-7.337000000000000188e-01
9.173000000000000043e-01
8.800000000000000530e-03
8.016999999999999682e-01
-8.582999999999999519e-01
-8.496000000000000218e-01
1.320000000000000062e-01
-1.365000000000000102e-01
1.811000000000000110e-01
-9.928000000000000158e-01
-6.655999999999999694e-01
8.574000000000000510e-01
8.349999999999999645e-01
-8.607000000000000206e-01
7.056000000000000050e-01
7.604999999999999538e-01
2.817999999999999949e-01
-3.914000000000000257e-01
-9.300000000000000488e-01
6.081999999999999629e-01
7.725999999999999535e-01
2.233999999999999875e-01
-5.189000000000000279e-01
3.432000000000000051e-01
5.897000000000000020e-01
-5.898999999999999799e-01
-5.301000000000000156e-01
9.229000000000000536e-01
-8.305000000000000160e-01
9.623000000000000442e-01
8.920000000000000151e-02
-9.310000000000000220e-02
1.005999999999999950e-01
-4.314000000000000057e-01
6.120999999999999774e-01
-4.642000000000000015e-01
8.473000000000000531e-01
3.326000000000000068e-01
-8.364000000000000323e-01
-5.948999999999999844e-01
9.657999999999999918e-01
-2.419999999999999929e-01
-2.923999999999999932e-01
-7.879000000000000448e-01
-1.360000000000000098e-01
9.108000000000000540e-01
-6.590000000000000024e-02
7.217000000000000082e-01
3.390000000000000235e-01
7.009999999999999565e-01
-1.691999999999999893e-01
7.809000000000000385e-01
1.476000000000000090e-01
6.273999999999999577e-01
4.304000000000000048e-01
-2.439000000000000057e-01
7.190999999999999615e-01
1.092000000000000054e-01
-9.385999999999999899e-01
-9.003999999999999782e-01
9.498999999999999666e-01
-2.081000000000000072e-01
-6.131999999999999673e-01
3.874000000000000221e-01
-6.037000000000000144e-01
3.739999999999999991e-01
-9.166999999999999593e-01
-2.182999999999999940e-01
6.783000000000000140e-01
-7.521999999999999797e-01
9.299999999999999933e-02
3.356999999999999984e-01
9.200000000000000400e-01
7.770000000000000240e-01
6.138000000000000123e-01
7.097999999999999865e-01
-5.650000000000000161e-02
2.361000000000000043e-01
-9.493000000000000327e-01
-5.020999999999999908e-01
9.936000000000000387e-01
4.829999999999999849e-01
7.731000000000000094e-01
-8.546000000000000263e-01
-6.472999999999999865e-01
7.288999999999999924e-01
-6.533999999999999808e-01
7.336000000000000298e-01
6.121999999999999664e-01
-4.400000000000000022e-01
5.050999999999999934e-01
9.705000000000000293e-01
-5.469999999999999862e-02
1.880000000000000004e-01
-1.570999999999999897e-01
-8.378999999999999782e-01
-2.500000000000000000e-01
7.133000000000000451e-01
-3.114000000000000101e-01
-2.741000000000000103e-01
7.681999999999999940e-01
-7.812000000000000055e-01
4.350999999999999868e-01
-5.292000000000000037e-01
3.575999999999999734e-01
-1.426000000000000045e-01
-5.613000000000000211e-01
-4.032999999999999918e-01
-8.148999999999999577e-01
-5.020000000000000018e-01
-4.189999999999999836e-01
-2.536999999999999811e-01
-2.033999999999999975e-01
2.293000000000000038e-01
2.955999999999999739e-01
7.465000000000000524e-01
-8.695000000000000506e-01
-2.386999999999999955e-01
5.042999999999999705e-01
-2.949999999999999845e-02
4.924000000000000044e-01
-5.322000000000000064e-01
-4.707999999999999963e-01
9.454000000000000181e-01
3.300000000000000155e-01
8.218999999999999639e-01
-9.310000000000000497e-01
-7.425000000000000488e-01
-5.998999999999999888e-01
1.033000000000000029e-01
-9.454000000000000181e-01
-2.232000000000000095e-01
9.916000000000000369e-01
4.421999999999999820e-01
-3.830000000000000071e-01
-7.891000000000000236e-01
3.296999999999999931e-01
1.499999999999999944e-01
-7.208999999999999853e-01
-1.154000000000000026e-01
-5.344999999999999751e-01
-9.956000000000000405e-01
-5.818999999999999728e-01
-1.628999999999999893e-01
4.358000000000000207e-01
8.929000000000000270e-01
-1.290999999999999925e-01
8.938000000000000389e-01
-4.561999999999999944e-01
-7.531999999999999806e-01
-1.637000000000000122e-01
-2.932000000000000162e-01
4.008999999999999786e-01
9.919999999999999651e-02
6.166000000000000369e-01
9.557999999999999829e-01
-5.396999999999999575e-01
8.389999999999999680e-01
7.900000000000000772e-03
7.060999999999999499e-01
6.528000000000000469e-01
4.018999999999999795e-01
1.885999999999999899e-01
-9.184999999999999831e-01
3.156999999999999806e-01
-1.922999999999999987e-01
1.239999999999999956e-02
3.588999999999999968e-01
-7.067999999999999838e-01
4.278000000000000136e-01
-4.138999999999999901e-01
7.734999999999999654e-01
9.084999999999999742e-01
-7.753999999999999782e-01
-3.306000000000000050e-01
-8.379999999999999671e-01
2.396000000000000074e-01
-4.991999999999999771e-01
