-9.548999999999999710e-01
5.324999999999999734e-01
-7.732999999999999874e-01
-6.320999999999999952e-01
-8.320999999999999508e-01
1.567000000000000060e-01
-4.480000000000000093e-01
7.870000000000000329e-01
-8.277999999999999803e-01
2.028999999999999970e-01
5.935000000000000275e-01
2.589999999999999941e-02
-8.145999999999999908e-01
-2.712999999999999856e-01
-6.666999999999999593e-01
6.815999999999999837e-01
8.980000000000000482e-02
-4.606999999999999984e-01
4.436999999999999833e-01
-7.338999999999999968e-01
3.089000000000000079e-01
7.370000000000000162e-02
-7.538000000000000256e-01
-2.222999999999999976e-01
-1.370999999999999996e-01
6.087000000000000188e-01
-6.654999999999999805e-01
-9.560999999999999499e-01
2.968000000000000083e-01
-3.532000000000000139e-01
8.433000000000000496e-01
-6.677999999999999492e-01
9.516999999999999904e-01
7.705999999999999517e-01
7.723999999999999755e-01
6.136000000000000343e-01
-9.332000000000000295e-01
6.653999999999999915e-01
-8.426000000000000156e-01
9.529999999999999583e-02
-6.119999999999999746e-02
9.595000000000000195e-01
-4.880000000000000310e-02
6.765999999999999792e-01
2.876000000000000223e-01
5.167000000000000481e-01
7.129999999999999671e-01
-8.044000000000000039e-01
-6.237000000000000322e-01
-4.292000000000000259e-01
3.867999999999999772e-01
-8.443000000000000504e-01
-7.097999999999999865e-01
9.280000000000000471e-01
-9.470000000000000639e-02
6.613999999999999879e-01
-7.699000000000000288e-01
6.200999999999999845e-01
5.248000000000000442e-01
-5.447999999999999510e-01
-3.899000000000000243e-01
-8.665000000000000480e-01
4.078999999999999848e-01
-2.341000000000000025e-01
-2.447000000000000008e-01
1.489999999999999936e-01
-4.414000000000000146e-01
8.086999999999999744e-01
1.270000000000000018e-01
-5.799999999999999600e-01
5.018000000000000238e-01
-9.620999999999999552e-01
-6.794999999999999929e-01
-6.357000000000000428e-01
3.861999999999999877e-01
6.166000000000000369e-01
-3.039000000000000035e-01
2.144999999999999962e-01
-7.923000000000000043e-01
7.214000000000000412e-01
-9.009000000000000341e-01
2.421999999999999986e-01
-4.188000000000000056e-01
4.109999999999999765e-02
-2.746999999999999997e-01
2.736000000000000099e-01
-3.726999999999999758e-01
-5.937000000000000055e-01
-5.405999999999999694e-01
-3.501000000000000223e-01
6.491000000000000103e-01
-3.140999999999999903e-01
-1.280000000000000061e-02
6.530000000000000249e-01
-1.021999999999999992e-01
7.100000000000000408e-03
7.350999999999999757e-01
-4.309000000000000052e-01
-3.477000000000000091e-01
-7.129999999999999671e-01
3.477999999999999980e-01
5.979999999999999760e-01
1.208999999999999936e-01
-9.572000000000000508e-01
-1.423000000000000098e-01
-2.839999999999999747e-01
1.069999999999999979e-01
-7.315000000000000391e-01
4.899999999999999842e-03
4.208000000000000074e-01
-7.094000000000000306e-01
-9.042000000000000037e-01
-8.212000000000000410e-01
-6.303999999999999604e-01
-7.399000000000000021e-01
-6.551000000000000156e-01
7.539000000000000146e-01
-2.765000000000000235e-01
-5.512000000000000233e-01
-2.119000000000000050e-01
-6.620000000000000329e-01
8.273000000000000353e-01
-8.818000000000000282e-01
7.476000000000000423e-01
4.195999999999999730e-01
3.673000000000000154e-01
-3.689000000000000057e-01
6.761000000000000343e-01
4.571999999999999953e-01
-3.143000000000000238e-01
-6.128000000000000114e-01
8.491999999999999549e-01
-3.549999999999999684e-02
3.570999999999999730e-01
7.687000000000000499e-01
6.021999999999999575e-01
-7.254000000000000448e-01
-3.751999999999999780e-01
5.890000000000000097e-02
5.703000000000000291e-01
1.300999999999999934e-01
7.661000000000000032e-01
2.490999999999999881e-01
-2.028000000000000080e-01
7.258999999999999897e-01
4.169999999999999818e-01
4.486999999999999877e-01
3.311000000000000054e-01
7.714999999999999636e-01
9.966000000000000414e-01
-7.146000000000000130e-01
8.107999999999999652e-01
-1.940000000000000058e-02
1.501000000000000112e-01
6.270999999999999908e-01
6.549000000000000377e-01
1.318999999999999895e-01
7.183000000000000496e-01
6.568000000000000504e-01
8.144000000000000128e-01
8.961999999999999966e-01
-5.779999999999999583e-01
-8.999999999999999754e-04
5.521000000000000352e-01
-9.458999999999999631e-01
-9.265999999999999792e-01
1.132999999999999979e-01
9.809999999999999831e-01
-9.136999999999999567e-01
2.787999999999999923e-01
-5.823000000000000398e-01
3.309999999999999748e-02
-4.290000000000000063e-02
7.863999999999999879e-01
-5.041999999999999815e-01
9.627999999999999892e-01
4.949000000000000066e-01
2.746000000000000107e-01
4.873999999999999999e-01
-9.748999999999999888e-01
9.635000000000000231e-01
-8.905999999999999472e-01
4.789999999999999813e-02
7.842999999999999972e-01
8.627000000000000224e-01
-5.295999999999999597e-01
3.739000000000000101e-01
9.403000000000000247e-01
-3.340000000000000191e-01
-5.040000000000000036e-02
5.173999999999999710e-01
-4.181000000000000272e-01
6.710000000000000409e-01
8.810000000000000053e-01
-1.678999999999999937e-01
-6.106000000000000316e-01
-9.499999999999999556e-01
4.696000000000000174e-01
5.817999999999999838e-01
-7.970000000000000417e-01
4.868999999999999995e-01
-1.967000000000000137e-01
-8.730999999999999872e-01
8.826000000000000512e-01
7.366000000000000325e-01
1.149000000000000021e-01
-8.888000000000000345e-01
8.925999999999999490e-01
3.484999999999999765e-01
1.711999999999999911e-01
-9.159000000000000474e-01
7.510000000000000009e-02
8.532999999999999474e-01
-9.903999999999999471e-01
-1.060999999999999999e-01
6.292999999999999705e-01
-2.570000000000000062e-01
3.531000000000000250e-01
-5.094999999999999529e-01
-2.887000000000000122e-01
8.010000000000000453e-01
-9.867000000000000215e-01
7.149999999999999412e-02
-5.611000000000000432e-01
-9.347999999999999643e-01
-6.644999999999999796e-01
4.683999999999999830e-01
-9.932999999999999607e-01
-8.086999999999999744e-01
7.642999999999999794e-01
-3.740000000000000269e-02
-6.805999999999999828e-01
6.451000000000000068e-01
-8.421999999999999487e-01
4.338000000000000189e-01
-5.705000000000000071e-01
-5.079000000000000181e-01
-2.671000000000000041e-01
-4.754999999999999782e-01
-8.405000000000000249e-01
-2.817000000000000060e-01
7.179999999999999716e-01
-7.470000000000000251e-02
-3.403999999999999804e-01
-5.823000000000000398e-01
-4.696000000000000174e-01
-3.054000000000000048e-01
6.439999999999999891e-02
4.000000000000000083e-02
8.849000000000000199e-01
1.739999999999999880e-01
9.600999999999999535e-01
-6.851000000000000423e-01
