7.459999999999999964e-01
5.330000000000000293e-01
1.880999999999999894e-01
-9.081000000000000183e-01
7.930000000000000382e-01
-5.110999999999999988e-01
-3.524999999999999800e-01
-6.690000000000000391e-01
-7.288000000000000034e-01
9.016999999999999460e-01
-4.939999999999999947e-02
-9.495000000000000107e-01
2.351000000000000034e-01
-9.379999999999999449e-02
-5.235999999999999543e-01
3.286000000000000032e-01
-1.319999999999999993e-02
-8.847000000000000419e-01
-1.960000000000000075e-01
8.989999999999999380e-02
-1.965000000000000080e-01
8.197999999999999732e-01
8.205999999999999961e-01
1.183000000000000024e-01
2.947000000000000175e-01
3.234000000000000208e-01
6.178000000000000158e-01
3.084999999999999964e-01
9.675000000000000266e-01
6.493999999999999773e-01
8.988000000000000433e-01
-1.557000000000000051e-01
-4.546000000000000041e-01
-1.489000000000000046e-01
2.747999999999999887e-01
-1.950999999999999956e-01
-1.935999999999999943e-01
8.584000000000000519e-01
9.226999999999999647e-01
-5.043999999999999595e-01
-5.645000000000000018e-01
-3.553000000000000047e-01
6.882000000000000339e-01
-2.980000000000000010e-02
6.864000000000000101e-01
-8.622999999999999554e-01
6.696999999999999620e-01
-3.372999999999999887e-01
6.904000000000000137e-01
-6.162999999999999590e-01
6.441000000000000059e-01
-6.774999999999999911e-01
1.779999999999999985e-02
-8.831999999999999851e-01
-3.068000000000000171e-01
-7.835999999999999632e-01
4.979999999999999705e-02
1.629999999999999852e-02
-8.030000000000000471e-01
7.509000000000000119e-01
-8.186999999999999833e-01
-4.889000000000000012e-01
-8.988000000000000433e-01
8.437000000000000055e-01
-4.188999999999999946e-01
-5.384999999999999787e-01
-6.740000000000000435e-01
-2.179000000000000103e-01
8.387000000000000011e-01
-1.943999999999999895e-01
4.828000000000000069e-01
-3.809000000000000163e-01
-9.070000000000000284e-02
6.418000000000000371e-01
4.350999999999999868e-01
1.839999999999999969e-01
8.214000000000000190e-01
-3.508000000000000007e-01
-8.004000000000000004e-01
-7.024000000000000243e-01
2.862000000000000099e-01
2.575000000000000067e-01
-1.050999999999999990e-01
-8.439999999999999725e-01
5.729999999999999677e-02
8.743999999999999551e-01
-3.832999999999999741e-01
8.309999999999999609e-01
-1.396999999999999909e-01
-9.878000000000000114e-01
-2.061999999999999944e-01
-3.768000000000000238e-01
3.950000000000000039e-02
2.033000000000000085e-01
-8.435000000000000275e-01
3.230999999999999983e-01
-6.090999999999999748e-01
-7.523999999999999577e-01
-3.976999999999999980e-01
-7.806999999999999496e-01
-9.749999999999999778e-01
-9.028000000000000469e-01
-2.411000000000000087e-01
-4.476999999999999869e-01
4.954000000000000070e-01
-1.720000000000000001e-02
-3.729999999999999982e-01
1.433999999999999997e-01
3.412000000000000033e-01
-4.814999999999999836e-01
7.249999999999999778e-01
9.040000000000000258e-01
8.063000000000000167e-01
-6.915000000000000036e-01
-5.564000000000000057e-01
-9.619999999999999662e-01
-2.421000000000000096e-01
-4.704999999999999738e-01
-9.434000000000000163e-01
-1.960999999999999965e-01
8.540000000000000369e-02
2.257000000000000117e-01
-8.948000000000000398e-01
-3.247999999999999776e-01
3.605999999999999761e-01
-8.881999999999999895e-01
3.275000000000000133e-01
-5.484999999999999876e-01
8.747000000000000330e-01
-8.084999999999999964e-01
9.952999999999999625e-01
6.132999999999999563e-01
-1.600000000000000033e-02
-7.822999999999999954e-01
-3.860000000000000236e-02
3.420000000000000262e-01
-3.014999999999999902e-01
7.760000000000000231e-01
-1.208999999999999936e-01
-4.390000000000000013e-01
1.032000000000000001e-01
5.714000000000000190e-01
-8.323000000000000398e-01
9.485000000000000098e-01
5.102999999999999758e-01
-1.413000000000000089e-01
7.415000000000000480e-01
2.886000000000000232e-01
7.067999999999999838e-01
3.624999999999999889e-01
2.260999999999999954e-01
7.901000000000000245e-01
4.275999999999999801e-01
1.830000000000000029e-02
2.253999999999999893e-01
-4.894999999999999907e-01
5.522000000000000242e-01
6.088000000000000078e-01
-2.242000000000000104e-01
4.691000000000000170e-01
3.729000000000000092e-01
5.819999999999999618e-01
-4.666000000000000147e-01
-6.088999999999999968e-01
1.097000000000000058e-01
8.218999999999999639e-01
-1.084999999999999992e-01
8.567000000000000171e-01
-6.313999999999999613e-01
4.768000000000000016e-01
-8.003000000000000114e-01
1.676999999999999880e-01
-9.293000000000000149e-01
8.092000000000000304e-01
-2.884999999999999787e-01
-8.209999999999999520e-01
1.552999999999999936e-01
-3.030000000000000054e-02
-3.200000000000000153e-03
6.544999999999999707e-01
-8.643999999999999462e-01
7.114000000000000323e-01
9.522000000000000464e-01
-8.242000000000000437e-01
3.492000000000000104e-01
1.915999999999999925e-01
9.694000000000000394e-01
-8.643999999999999462e-01
6.421999999999999931e-01
-8.891999999999999904e-01
-7.940000000000000391e-01
8.504000000000000448e-01
9.075999999999999623e-01
5.998999999999999888e-01
-7.620000000000000384e-02
-7.523999999999999577e-01
-5.372000000000000108e-01
5.920999999999999597e-01
7.309999999999999831e-02
-3.808000000000000274e-01
-2.318999999999999950e-01
-7.818000000000000504e-01
-2.684000000000000274e-01
1.718000000000000083e-01
4.698999999999999844e-01
-8.708000000000000185e-01
-7.864999999999999769e-01
8.565000000000000391e-01
4.329999999999999960e-01
1.247000000000000053e-01
5.967000000000000082e-01
-5.724000000000000199e-01
-4.321999999999999731e-01
-5.996000000000000218e-01
8.134000000000000119e-01
1.179999999999999938e-01
9.437999999999999723e-01
-9.054999999999999716e-01
2.539000000000000146e-01
-8.663999999999999480e-01
-8.951999999999999957e-01
6.008000000000000007e-01
-8.645000000000000462e-01
3.588000000000000078e-01
9.185999999999999721e-01
-5.808999999999999719e-01
4.970999999999999863e-01
-1.703000000000000069e-01
9.502000000000000446e-01
-5.199000000000000288e-01
-2.555999999999999939e-01
-8.315000000000000169e-01
-9.622000000000000552e-01
-3.704000000000000070e-01
-9.352000000000000313e-01
6.976999999999999869e-01
9.839999999999999858e-01
-4.608999999999999764e-01
-8.920000000000000151e-01
-4.825999999999999734e-01
-2.878999999999999893e-01
7.699000000000000288e-01
9.022999999999999909e-01
4.323000000000000176e-01
2.914999999999999813e-01
6.622999999999999998e-01
-2.819999999999999937e-02
6.422999999999999821e-01
-3.220999999999999974e-01
1.089999999999999997e-02
6.857999999999999652e-01
-9.638999999999999790e-01
8.722999999999999643e-01
