-7.609000000000000208e-01
-1.769999999999999907e-01
4.181000000000000272e-01
9.921999999999999709e-01
8.360999999999999543e-01
1.731000000000000039e-01
4.153999999999999915e-01
1.955999999999999961e-01
7.979999999999999594e-02
7.571999999999999842e-01
1.147999999999999993e-01
-1.839999999999999969e-02
3.249000000000000221e-01
6.823000000000000176e-01
-4.537999999999999812e-01
-8.600000000000000006e-03
7.441999999999999726e-01
1.995000000000000107e-01
-3.059999999999999873e-02
5.482000000000000206e-01
9.882999999999999563e-01
9.899000000000000021e-01
3.634000000000000008e-01
5.102999999999999758e-01
4.708999999999999853e-01
3.420000000000000262e-01
-1.693000000000000060e-01
-7.839000000000000412e-01
1.426999999999999935e-01
-9.959000000000000075e-01
-7.936999999999999611e-01
3.750999999999999890e-01
1.481999999999999984e-01
6.159999999999999920e-01
-2.167999999999999927e-01
-8.877000000000000446e-01
8.660999999999999810e-01
-3.181999999999999829e-01
3.461000000000000187e-01
-7.006999999999999895e-01
-1.529999999999999936e-02
-8.608000000000000096e-01
-5.532000000000000250e-01
3.300000000000000155e-01
-6.997999999999999776e-01
-8.646000000000000352e-01
-4.610000000000000209e-02
-6.660000000000000642e-02
2.968999999999999972e-01
-6.929999999999999494e-01
7.215000000000000302e-01
6.104000000000000536e-01
7.349999999999999589e-02
-3.829000000000000181e-01
7.228999999999999870e-01
-5.880999999999999561e-01
1.597000000000000086e-01
-4.040000000000000258e-01
8.461999999999999522e-01
3.526000000000000245e-01
-3.819999999999999785e-02
-1.650999999999999968e-01
5.891999999999999460e-01
-5.855000000000000204e-01
9.251000000000000334e-01
-1.751000000000000056e-01
-1.176999999999999991e-01
-9.207999999999999519e-01
4.863999999999999990e-01
-7.996999999999999664e-01
-7.986999999999999655e-01
8.250999999999999446e-01
-5.757999999999999785e-01
3.895000000000000129e-01
-6.288000000000000256e-01
5.656999999999999806e-01
5.517999999999999572e-01
1.968999999999999917e-01
6.100999999999999757e-01
-7.733999999999999764e-01
2.380000000000000171e-02
-1.034999999999999948e-01
-8.526000000000000245e-01
2.604000000000000203e-01
2.505999999999999894e-01
-2.217000000000000082e-01
-9.016999999999999460e-01
3.429999999999999716e-02
7.140000000000000513e-02
-9.864000000000000545e-01
4.133999999999999897e-01
-4.324000000000000066e-01
-6.308000000000000274e-01
6.723999999999999977e-01
-8.007999999999999563e-01
1.189000000000000057e-01
-3.416000000000000147e-01
-5.234999999999999654e-01
-7.584999999999999520e-01
-7.006000000000000005e-01
-7.087999999999999856e-01
1.287000000000000088e-01
-2.854999999999999760e-01
1.981999999999999873e-01
5.402000000000000135e-01
-9.074999999999999734e-01
4.499999999999999660e-03
-1.932999999999999996e-01
7.552999999999999714e-01
-7.836999999999999522e-01
6.907999999999999696e-01
-6.605999999999999650e-01
-9.653000000000000469e-01
8.138999999999999568e-01
-9.820999999999999730e-01
3.502000000000000113e-01
-5.622000000000000330e-01
-1.439000000000000001e-01
3.499999999999999778e-01
-4.194999999999999840e-01
9.083999999999999853e-01
3.366999999999999993e-01
-4.535000000000000142e-01
4.411999999999999811e-01
6.289000000000000146e-01
6.270999999999999908e-01
-7.765999999999999570e-01
9.484000000000000208e-01
-9.795000000000000373e-01
5.473000000000000087e-01
-7.668000000000000371e-01
-6.190999999999999837e-01
2.923000000000000043e-01
-7.610999999999999988e-01
7.734999999999999654e-01
8.981000000000000094e-01
5.368000000000000549e-01
-7.156000000000000139e-01
4.308000000000000163e-01
-6.714999999999999858e-01
-2.089000000000000024e-01
4.116000000000000214e-01
6.280999999999999917e-01
-8.624000000000000554e-01
-5.663000000000000256e-01
-1.960000000000000075e-01
7.810000000000000275e-02
-9.454000000000000181e-01
8.052000000000000268e-01
-2.359999999999999876e-01
-1.907000000000000084e-01
9.707000000000000073e-01
1.059999999999999970e-01
-3.094999999999999973e-01
-7.783999999999999808e-01
8.589999999999999858e-01
1.998000000000000054e-01
-4.754999999999999782e-01
-3.574999999999999845e-01
1.834999999999999964e-01
7.780000000000000249e-01
-1.756000000000000061e-01
4.262000000000000233e-01
3.700000000000000164e-03
-9.203999999999999959e-01
9.580999999999999517e-01
-6.914000000000000146e-01
5.812000000000000499e-01
-4.610000000000000209e-02
9.636000000000000121e-01
5.959999999999999742e-01
2.447999999999999898e-01
2.595999999999999974e-01
7.654999999999999583e-01
-5.935000000000000275e-01
-6.811000000000000387e-01
-8.577000000000000179e-01
3.443999999999999839e-01
-2.369999999999999885e-01
2.602999999999999758e-01
3.015999999999999792e-01
-2.227000000000000091e-01
7.411999999999999700e-01
1.965999999999999970e-01
-1.299999999999999940e-02
8.618999999999999995e-01
4.259999999999999898e-02
1.408999999999999975e-01
3.225000000000000089e-01
6.654999999999999805e-01
2.359999999999999945e-02
-7.720000000000000195e-01
-1.413000000000000089e-01
8.028999999999999471e-01
7.157999999999999918e-01
-5.648999999999999577e-01
9.189999999999999558e-02
-5.219000000000000306e-01
-3.584999999999999853e-01
4.979000000000000092e-01
-3.000999999999999779e-01
-7.357000000000000206e-01
-3.415000000000000258e-01
-4.680000000000000132e-02
-1.310000000000000053e-01
-8.934999999999999609e-01
-4.675000000000000266e-01
-7.108999999999999764e-01
-1.575000000000000011e-01
-6.314999999999999503e-01
5.926000000000000156e-01
7.641000000000000014e-01
3.069000000000000061e-01
6.969999999999999529e-01
1.872999999999999943e-01
7.537000000000000366e-01
-8.395000000000000240e-01
-8.536000000000000254e-01
7.399999999999999911e-01
9.089999999999999469e-02
5.399000000000000465e-01
6.586999999999999522e-01
-2.797999999999999932e-01
-9.516999999999999904e-01
2.432999999999999885e-01
-1.077000000000000041e-01
3.372999999999999887e-01
-7.371999999999999664e-01
7.380000000000000449e-02
-5.129000000000000226e-01
5.524999999999999911e-01
6.187000000000000277e-01
7.228999999999999870e-01
-3.996999999999999997e-01
-8.675000000000000488e-01
-2.669000000000000261e-01
-7.412999999999999590e-01
1.854000000000000092e-01
-4.630000000000000226e-01
-4.107999999999999985e-01
-3.219000000000000195e-01
4.037999999999999923e-01
1.728000000000000091e-01
-6.017000000000000126e-01
6.329999999999999516e-02
1.560999999999999888e-01
-1.872999999999999943e-01
7.358999999999999986e-01
-1.183000000000000024e-01
-7.681000000000000050e-01
7.496000000000000441e-01
-4.940999999999999837e-01
-4.475000000000000089e-01
