-2.769999999999999893e-02
1.724999999999999867e-01
3.682000000000000273e-01
-4.400000000000000022e-01
1.047000000000000014e-01
7.893000000000000016e-01
2.285999999999999976e-01
-3.449999999999999734e-01
-4.768999999999999906e-01
9.631999999999999451e-01
9.495999999999999996e-01
-4.662999999999999923e-01
-6.341999999999999860e-01
-7.649999999999999856e-02
-5.111999999999999877e-01
-5.863000000000000433e-01
-9.111000000000000210e-01
-2.508000000000000229e-01
2.757000000000000006e-01
-7.639000000000000234e-01
-1.827000000000000013e-01
-4.616000000000000103e-01
3.574999999999999845e-01
1.092999999999999944e-01
-9.660000000000000531e-02
9.069000000000000394e-01
-4.908000000000000140e-01
2.146000000000000130e-01
8.601999999999999647e-01
2.560999999999999943e-01
-6.727999999999999536e-01
8.150000000000000300e-02
6.554999999999999716e-01
9.469999999999999529e-01
-5.159000000000000252e-01
-7.864999999999999769e-01
2.711999999999999966e-01
-1.693999999999999950e-01
2.330000000000000127e-02
1.799999999999999951e-03
5.178000000000000380e-01
-7.035000000000000142e-01
3.261999999999999900e-01
-2.515000000000000013e-01
-3.567000000000000171e-01
-2.765000000000000235e-01
-8.327999999999999847e-01
-4.525000000000000133e-01
2.122999999999999887e-01
-8.306999999999999940e-01
-2.690000000000000169e-01
2.701999999999999957e-01
8.495000000000000329e-01
-6.118000000000000105e-01
6.087000000000000188e-01
8.287999999999999812e-01
6.757999999999999563e-01
6.368000000000000327e-01
2.649999999999999925e-02
2.709999999999999909e-02
3.176999999999999824e-01
5.929999999999999716e-01
-1.949999999999999997e-02
-7.038999999999999702e-01
6.203999999999999515e-01
-2.205999999999999905e-01
9.946000000000000396e-01
6.420000000000000151e-01
3.770999999999999908e-01
-6.067000000000000171e-01
8.165999999999999925e-01
-7.720000000000000473e-02
-7.330999999999999739e-01
-1.282000000000000084e-01
-1.844999999999999973e-01
6.249000000000000110e-01
-9.610999999999999543e-01
-5.462000000000000188e-01
6.936999999999999833e-01
-5.958999999999999853e-01
3.934000000000000274e-01
-6.414999999999999591e-01
7.230000000000000315e-02
-9.711999999999999522e-01
-4.179999999999999827e-01
-8.894999999999999574e-01
-3.669999999999999929e-01
-3.741999999999999771e-01
-8.595000000000000417e-01
8.822999999999999732e-01
7.969000000000000528e-01
5.784000000000000252e-01
7.379999999999999893e-01
-3.412000000000000033e-01
9.072999999999999954e-01
8.938000000000000389e-01
6.952000000000000401e-01
-8.224000000000000199e-01
6.552999999999999936e-01
5.201999999999999957e-01
-1.302000000000000102e-01
-7.448000000000000176e-01
1.870999999999999885e-01
1.066000000000000003e-01
-1.933999999999999886e-01
-6.633999999999999897e-01
3.269999999999999990e-02
-6.336000000000000520e-01
-7.354000000000000536e-01
4.470999999999999974e-01
-8.812999999999999723e-01
-1.064999999999999974e-01
2.899999999999999800e-03
-5.148000000000000353e-01
8.511999999999999567e-01
-1.048999999999999932e-01
-7.441999999999999726e-01
-6.415999999999999481e-01
-3.699000000000000066e-01
2.129999999999999949e-01
-5.883000000000000451e-01
3.250000000000000111e-02
7.872999999999999998e-01
1.140000000000000041e-02
9.263000000000000123e-01
-3.865000000000000102e-01
8.742999999999999661e-01
1.542999999999999927e-01
3.250000000000000111e-02
9.076999999999999513e-01
2.923999999999999932e-01
7.713999999999999746e-01
-8.028999999999999471e-01
-7.881000000000000227e-01
4.320000000000000229e-02
-5.296999999999999487e-01
-7.315000000000000391e-01
-7.276000000000000245e-01
-5.447999999999999510e-01
6.437000000000000499e-01
8.403000000000000469e-01
6.613999999999999879e-01
3.835999999999999965e-01
-6.736999999999999655e-01
4.018999999999999795e-01
7.649999999999999856e-02
4.719999999999999751e-01
7.066000000000000059e-01
2.313999999999999946e-01
-5.737999999999999767e-01
7.869000000000000439e-01
-4.834999999999999853e-01
4.612999999999999878e-01
5.836999999999999966e-01
1.699999999999999905e-03
8.715000000000000524e-01
-2.358000000000000096e-01
1.930000000000000118e-02
-7.107999999999999874e-01
-2.931000000000000272e-01
-6.907999999999999696e-01
6.870000000000000551e-01
4.687000000000000055e-01
-6.170999999999999819e-01
8.090000000000000524e-01
6.751000000000000334e-01
3.256999999999999895e-01
3.719999999999999973e-01
8.225000000000000089e-01
7.086999999999999966e-01
-3.037000000000000255e-01
-7.934999999999999831e-01
9.747999999999999998e-01
5.356999999999999540e-01
-9.556000000000000050e-01
7.456000000000000405e-01
-4.275999999999999801e-01
5.779999999999999583e-01
8.769000000000000128e-01
1.150000000000000050e-01
9.871999999999999664e-01
-9.441000000000000503e-01
-2.667999999999999816e-01
-3.795999999999999930e-01
8.428999999999999826e-01
7.658000000000000362e-01
1.159999999999999920e-02
5.167000000000000481e-01
-2.799999999999999972e-03
7.299999999999999545e-02
-5.252000000000000002e-01
9.680999999999999606e-01
-8.640000000000000457e-02
-3.950000000000000178e-01
8.647000000000000242e-01
-5.483999999999999986e-01
8.801999999999999824e-01
-7.806999999999999496e-01
3.439999999999999725e-01
-6.919999999999999762e-02
-7.460999999999999854e-01
5.305999999999999606e-01
8.420999999999999597e-01
-9.314999999999999947e-01
-6.518000000000000460e-01
9.961999999999999744e-01
-5.310000000000000137e-02
5.891999999999999460e-01
-3.914000000000000257e-01
-7.631999999999999895e-01
-2.061999999999999944e-01
-6.833000000000000185e-01
2.787999999999999923e-01
8.306000000000000050e-01
-8.789000000000000146e-01
-8.427999999999999936e-01
6.352999999999999758e-01
4.314000000000000057e-01
7.236000000000000210e-01
6.060000000000000109e-02
-1.829000000000000070e-01
5.931999999999999496e-01
8.497999999999999998e-01
-8.791999999999999815e-01
-3.231999999999999873e-01
-8.008999999999999453e-01
-6.010999999999999677e-01
-7.400999999999999801e-01
7.772000000000000020e-01
5.362999999999999989e-01
5.344999999999999751e-01
-3.439999999999999725e-01
1.491000000000000103e-01
4.823000000000000065e-01
-3.623999999999999999e-01
8.386000000000000121e-01
-5.652000000000000357e-01
9.558999999999999719e-01
-5.252999999999999892e-01
-2.965999999999999748e-01
-9.364000000000000101e-01
-3.827999999999999736e-01
5.812000000000000499e-01
-5.299000000000000377e-01
8.350999999999999535e-01
1.996999999999999886e-01
-2.630000000000000115e-01
-6.925000000000000044e-01
-3.557000000000000162e-01
6.515999999999999570e-01
-6.758999999999999453e-01
-7.022000000000000464e-01
-1.039999999999999952e-01
