-7.995999999999999774e-01
-7.850000000000000311e-01
-7.309999999999999831e-02
-7.254000000000000448e-01
5.752000000000000446e-01
1.574000000000000121e-01
2.174000000000000099e-01
-6.149999999999999911e-01
-3.361000000000000099e-01
2.151000000000000134e-01
4.178999999999999937e-01
6.792000000000000259e-01
-4.399999999999999745e-02
-5.140000000000000124e-01
7.916999999999999593e-01
-4.154999999999999805e-01
-2.253999999999999893e-01
7.710000000000000187e-02
3.679999999999999938e-02
8.693999999999999506e-01
-4.750000000000000056e-02
-3.492000000000000104e-01
-5.099999999999999672e-02
-6.918999999999999595e-01
-4.269999999999999907e-01
-8.269999999999999574e-01
-8.105999999999999872e-01
-9.412000000000000366e-01
-8.397999999999999909e-01
-3.729999999999999982e-01
4.103999999999999870e-01
-6.169999999999999790e-02
6.640000000000000069e-02
-5.844000000000000306e-01
-5.029999999999999749e-02
2.209000000000000130e-01
-2.298000000000000043e-01
-4.139999999999999930e-02
7.258000000000000007e-01
-3.104000000000000092e-01
6.694999999999999840e-01
7.862999999999999989e-01
1.517999999999999905e-01
-8.155999999999999917e-01
-3.368999999999999773e-01
1.499999999999999944e-01
-3.864000000000000212e-01
1.265000000000000013e-01
-5.460000000000000270e-02
5.866999999999999993e-01
8.777000000000000357e-01
-8.434000000000000385e-01
-2.160999999999999865e-01
-9.175999999999999712e-01
-1.011999999999999983e-01
7.879999999999999505e-02
8.941000000000000059e-01
-6.975999999999999979e-01
-4.721000000000000196e-01
-1.711999999999999911e-01
-2.615000000000000102e-01
-1.171999999999999986e-01
4.449000000000000177e-01
2.903000000000000025e-01
1.812000000000000000e-01
-8.195000000000000062e-01
4.403000000000000247e-01
-9.950999999999999845e-01
-5.898999999999999799e-01
4.591999999999999971e-01
6.867999999999999661e-01
-3.042000000000000259e-01
-5.560000000000000497e-01
-2.722999999999999865e-01
6.873000000000000220e-01
4.848000000000000087e-01
2.038000000000000089e-01
7.080000000000000182e-02
-1.963999999999999913e-01
-5.787999999999999812e-01
7.036000000000000032e-01
7.029999999999999583e-01
-5.624000000000000110e-01
9.520999999999999464e-01
3.991999999999999993e-01
8.908000000000000362e-01
-8.620999999999999774e-01
5.920999999999999597e-01
7.850000000000000033e-02
-1.441999999999999948e-01
2.038000000000000089e-01
8.113000000000000211e-01
7.702999999999999847e-01
-8.346000000000000085e-01
-4.466999999999999860e-01
-3.739999999999999991e-01
7.015000000000000124e-01
-4.835999999999999743e-01
5.137000000000000455e-01
-5.915000000000000258e-01
1.164000000000000035e-01
-7.315000000000000391e-01
-3.827999999999999736e-01
-1.097000000000000058e-01
3.178000000000000269e-01
-5.838999999999999746e-01
4.325999999999999845e-01
7.994999999999999885e-01
5.637999999999999678e-01
-4.958000000000000185e-01
-8.476000000000000201e-01
2.064000000000000001e-01
-6.932000000000000384e-01
-6.199000000000000066e-01
-1.238999999999999962e-01
-5.684000000000000163e-01
7.390999999999999792e-01
2.255000000000000060e-01
6.743000000000000105e-01
-4.295999999999999819e-01
-8.088999999999999524e-01
-7.016000000000000014e-01
-3.675999999999999823e-01
-9.398999999999999577e-01
1.053999999999999937e-01
4.100000000000000346e-03
-7.995999999999999774e-01
-6.916999999999999815e-01
1.209999999999999964e-02
6.502999999999999892e-01
6.530000000000000249e-01
6.730000000000000426e-01
-4.383000000000000229e-01
-3.454999999999999738e-01
1.136999999999999955e-01
3.694999999999999951e-01
-4.635000000000000231e-01
-9.401000000000000467e-01
6.998999999999999666e-01
-9.636000000000000121e-01
6.649000000000000465e-01
2.313000000000000056e-01
-2.459000000000000075e-01
3.396000000000000130e-01
-2.575000000000000067e-01
4.466999999999999860e-01
7.441999999999999726e-01
1.625000000000000056e-01
8.720999999999999863e-01
1.575000000000000011e-01
8.881999999999999895e-01
5.974000000000000421e-01
-5.312000000000000055e-01
5.666999999999999815e-01
-8.099999999999999561e-03
1.168000000000000010e-01
-7.455000000000000515e-01
-4.290000000000000063e-02
6.925999999999999934e-01
-5.006000000000000449e-01
-1.053000000000000047e-01
-7.641000000000000014e-01
4.491999999999999882e-01
-5.197000000000000508e-01
-4.632000000000000006e-01
9.074999999999999734e-01
-5.123999999999999666e-01
1.779999999999999916e-01
7.028999999999999693e-01
-3.518000000000000016e-01
-2.760000000000000231e-01
3.989999999999999797e-02
-9.387999999999999678e-01
-8.851999999999999869e-01
2.028999999999999970e-01
-4.608999999999999764e-01
-1.766000000000000070e-01
7.815999999999999615e-01
1.973999999999999921e-01
-9.973999999999999533e-01
-3.468999999999999861e-01
-3.542000000000000148e-01
-6.485999999999999543e-01
-8.882999999999999785e-01
-9.083999999999999853e-01
-8.148999999999999577e-01
5.383000000000000007e-01
8.105999999999999872e-01
-4.169999999999999818e-01
-9.395000000000000018e-01
9.878000000000000114e-01
2.501999999999999780e-01
3.295000000000000151e-01
-3.531000000000000250e-01
-5.474999999999999867e-01
5.170000000000000290e-02
-3.806999999999999829e-01
3.734999999999999987e-01
3.389999999999999958e-02
8.172000000000000375e-01
6.211999999999999744e-01
5.033999999999999586e-01
2.958000000000000074e-01
-2.230000000000000038e-02
-6.621000000000000218e-01
-9.671999999999999487e-01
3.517000000000000126e-01
5.241000000000000103e-01
-9.072000000000000064e-01
9.125999999999999668e-01
8.024000000000000021e-01
-4.520000000000000129e-01
9.519999999999999574e-01
6.110000000000000153e-02
5.585999999999999854e-01
-3.330000000000000321e-02
9.516000000000000014e-01
8.305000000000000160e-01
-1.781999999999999973e-01
2.081999999999999962e-01
3.477999999999999980e-01
8.750999999999999890e-01
-3.224000000000000199e-01
-8.840999999999999970e-01
-5.121999999999999886e-01
-7.640000000000000124e-01
8.679999999999999938e-01
8.344000000000000306e-01
3.407000000000000028e-01
-2.711000000000000076e-01
2.151000000000000134e-01
8.712999999999999634e-01
8.169999999999999485e-01
-1.081000000000000016e-01
-6.470000000000000195e-01
-5.860999999999999543e-01
3.377000000000000002e-01
8.246999999999999886e-01
-4.631000000000000116e-01
-3.318999999999999728e-01
1.015000000000000069e-01
-9.865000000000000435e-01
-4.364999999999999991e-01
1.608999999999999875e-01
8.843999999999999639e-01
-6.441999999999999948e-01
4.409000000000000141e-01
-5.750000000000000250e-02
-8.706000000000000405e-01
-7.300999999999999712e-01
1.751000000000000056e-01
-3.492999999999999994e-01
4.068999999999999839e-01
