3.091999999999999749e-01
1.469999999999999953e-02
-6.169999999999999790e-02
8.304000000000000270e-01
8.222000000000000419e-01
2.852999999999999980e-01
-6.229999999999999982e-01
-3.565999999999999726e-01
-2.011999999999999900e-01
-7.929999999999999549e-02
-6.226000000000000423e-01
9.586000000000000076e-01
-3.013000000000000123e-01
8.388999999999999790e-01
-2.687999999999999834e-01
-6.156000000000000361e-01
-7.720000000000000473e-02
3.855999999999999983e-01
2.506999999999999784e-01
5.032999999999999696e-01
-8.702999999999999625e-01
4.487999999999999767e-01
4.600000000000000200e-01
-9.180000000000000659e-02
-1.426999999999999935e-01
-2.681000000000000050e-01
-2.531999999999999806e-01
-3.936999999999999944e-01
6.946999999999999842e-01
-4.719999999999999890e-02
-3.318999999999999728e-01
-9.454000000000000181e-01
2.837999999999999967e-01
-7.973999999999999977e-01
2.548000000000000265e-01
1.890000000000000013e-02
5.999999999999999778e-01
8.869000000000000217e-01
1.947000000000000119e-01
-5.764000000000000234e-01
3.500000000000000073e-03
-9.691999999999999504e-01
2.202000000000000068e-01
-5.152999999999999803e-01
-9.889999999999999902e-01
2.323000000000000065e-01
-1.640000000000000138e-02
-7.514999999999999458e-01
7.203000000000000513e-01
3.039999999999999925e-01
-1.928999999999999881e-01
-8.151000000000000467e-01
7.026000000000000023e-01
-6.900000000000000577e-02
7.637000000000000455e-01
3.316999999999999948e-01
-8.877000000000000446e-01
-8.529999999999999805e-01
5.419000000000000483e-01
2.700000000000000143e-03
-5.245999999999999552e-01
8.178999999999999604e-01
7.669000000000000261e-01
7.066999999999999948e-01
9.085999999999999632e-01
6.851000000000000423e-01
1.744999999999999885e-01
-3.784000000000000141e-01
2.944999999999999840e-01
-2.530000000000000027e-01
6.795999999999999819e-01
-5.324999999999999734e-01
3.897999999999999798e-01
8.555000000000000382e-01
-9.326999999999999735e-01
-3.359999999999999792e-02
-5.340000000000000302e-01
3.647000000000000242e-01
-4.358000000000000207e-01
9.241000000000000325e-01
-1.484999999999999931e-01
-3.420000000000000123e-02
5.335999999999999632e-01
-1.675000000000000100e-01
-2.319999999999999840e-02
2.273000000000000020e-01
-2.388000000000000123e-01
-6.048000000000000043e-01
-3.598999999999999977e-01
-9.484000000000000208e-01
-6.294999999999999485e-01
2.245999999999999941e-01
-5.383999999999999897e-01
2.399000000000000021e-01
6.385999999999999455e-01
7.310999999999999721e-01
6.741000000000000325e-01
-9.481000000000000538e-01
-6.991000000000000547e-01
9.675000000000000266e-01
-4.470999999999999974e-01
-5.884000000000000341e-01
-1.589000000000000135e-01
9.980999999999999872e-01
4.159999999999999809e-02
8.467999999999999972e-01
-7.789000000000000368e-01
-7.852000000000000091e-01
-7.744999999999999662e-01
-3.105999999999999872e-01
-8.007999999999999563e-01
-6.211999999999999744e-01
7.622999999999999776e-01
9.432000000000000384e-01
8.441999999999999504e-01
-4.354999999999999982e-01
-7.645999999999999464e-01
3.642000000000000237e-01
-2.558000000000000274e-01
-4.739999999999999769e-02
7.019999999999999574e-01
-9.826000000000000290e-01
9.392000000000000348e-01
-4.435000000000000053e-01
-2.702999999999999847e-01
-7.599999999999999985e-03
-8.508999999999999897e-01
9.395000000000000018e-01
-7.592999999999999750e-01
5.296999999999999487e-01
4.142000000000000126e-01
3.245999999999999996e-01
-1.517999999999999905e-01
7.449999999999999956e-01
7.739999999999999658e-02
9.193999999999999950e-01
-9.161000000000000254e-01
1.381000000000000005e-01
3.017000000000000237e-01
-1.953000000000000014e-01
-6.847999999999999643e-01
-5.824000000000000288e-01
1.170000000000000068e-01
-2.189000000000000112e-01
-6.042999999999999483e-01
-6.796999999999999709e-01
-4.225999999999999757e-01
-4.557999999999999829e-01
2.726999999999999980e-01
-1.370999999999999996e-01
-2.500999999999999890e-01
-7.211999999999999522e-01
2.580000000000000071e-01
-8.889000000000000234e-01
-7.741999999999999993e-01
-4.223999999999999977e-01
-5.669999999999999485e-01
9.589999999999999913e-02
1.857000000000000040e-01
-6.235000000000000542e-01
3.235000000000000098e-01
-1.000000000000000021e-02
8.591999999999999638e-01
-6.407000000000000473e-01
3.225999999999999979e-01
-4.410999999999999921e-01
8.387000000000000011e-01
2.892000000000000126e-01
-4.239999999999999880e-01
5.605999999999999872e-01
-2.129999999999999949e-02
-1.590000000000000024e-01
-2.525999999999999912e-01
1.779999999999999985e-02
8.065999999999999837e-01
-5.000000000000000104e-04
-7.325000000000000400e-01
2.892000000000000126e-01
7.196000000000000174e-01
5.433000000000000052e-01
2.795000000000000262e-01
8.255000000000000115e-01
8.010000000000000453e-02
7.140999999999999570e-01
4.315999999999999837e-01
5.504999999999999893e-01
-7.149999999999999412e-02
-1.529999999999999971e-01
-1.557000000000000051e-01
-5.806999999999999940e-01
5.493999999999999995e-01
2.200000000000000133e-03
-6.755999999999999783e-01
-4.152000000000000135e-01
8.712999999999999634e-01
-4.842000000000000193e-01
6.619000000000000439e-01
5.047000000000000375e-01
-5.310000000000000275e-01
-4.512999999999999790e-01
-9.173000000000000043e-01
-8.299999999999999600e-01
3.835999999999999965e-01
-9.820999999999999730e-01
4.549999999999999878e-02
8.501999999999999558e-01
2.691999999999999948e-01
9.453000000000000291e-01
-9.009000000000000341e-01
-1.337000000000000133e-01
-8.947000000000000508e-01
-7.547000000000000375e-01
-9.796000000000000263e-01
3.976999999999999980e-01
-9.746000000000000218e-01
2.338999999999999968e-01
-9.478999999999999648e-01
-4.491999999999999882e-01
8.172000000000000375e-01
-1.510000000000000057e-02
3.963999999999999746e-01
8.381999999999999451e-01
9.982999999999999652e-01
5.309000000000000385e-01
-7.907999999999999474e-01
-8.335000000000000187e-01
2.411000000000000087e-01
-7.842999999999999972e-01
4.270999999999999797e-01
7.133000000000000451e-01
-2.137999999999999901e-01
-9.676000000000000156e-01
5.545999999999999819e-01
-5.349999999999999895e-02
-6.491999999999999993e-01
-8.144000000000000128e-01
5.129000000000000226e-01
4.303000000000000158e-01
-3.973999999999999755e-01
8.867000000000000437e-01
1.535999999999999865e-01
7.274000000000000465e-01
-7.360999999999999766e-01
-2.033999999999999975e-01
1.221000000000000002e-01
-1.063999999999999946e-01
5.098000000000000309e-01
-3.846999999999999864e-01
4.722999999999999976e-01
1.854000000000000092e-01
-6.338000000000000300e-01
3.168000000000000260e-01
6.785999999999999810e-01
3.674999999999999933e-01
5.262999999999999901e-01
3.471000000000000196e-01
8.854999999999999538e-01
-1.683999999999999941e-01
-1.149000000000000021e-01
1.456999999999999962e-01
9.838999999999999968e-01
3.803000000000000269e-01
2.847999999999999976e-01
-4.161000000000000254e-01
-5.240000000000000213e-02
6.790000000000000480e-01
9.841999999999999638e-01
4.496999999999999886e-01
8.601999999999999647e-01
-8.719999999999999973e-01
-9.049000000000000377e-01
-3.049999999999999933e-01
-8.692999999999999616e-01
-7.072000000000000508e-01
5.416999999999999593e-01
1.318999999999999895e-01
2.626999999999999891e-01
-2.960000000000000131e-02
4.540000000000000285e-02
-5.006000000000000449e-01
4.813000000000000056e-01
-2.879999999999999921e-02
-3.185000000000000053e-01
4.789999999999999813e-02
-4.385000000000000009e-01
-8.722999999999999643e-01
-2.896000000000000241e-01
-6.414999999999999591e-01
-3.114999999999999991e-01
5.622000000000000330e-01
-8.599999999999999867e-01
7.637000000000000455e-01
-9.020000000000000240e-01
9.265999999999999792e-01
8.758000000000000229e-01
3.852999999999999758e-01
5.084999999999999520e-01
4.470000000000000084e-01
7.561999999999999833e-01
8.717000000000000304e-01
