-1.744999999999999885e-01
3.256000000000000005e-01
8.157999999999999696e-01
-6.211999999999999744e-01
-8.615000000000000435e-01
7.712999999999999856e-01
8.334000000000000297e-01
5.394999999999999796e-01
1.214999999999999969e-01
1.194000000000000061e-01
-8.830000000000000349e-02
-2.958000000000000074e-01
-2.245999999999999941e-01
-3.446000000000000174e-01
-4.119999999999999774e-01
9.211000000000000298e-01
2.328999999999999959e-01
-7.724999999999999645e-01
-7.000000000000000666e-02
-3.877999999999999781e-01
-1.081000000000000016e-01
7.387000000000000233e-01
-5.667999999999999705e-01
5.415999999999999703e-01
-6.908999999999999586e-01
-1.230000000000000017e-02
9.850999999999999757e-01
-4.408000000000000251e-01
-5.454999999999999849e-01
5.322000000000000064e-01
3.030000000000000054e-02
8.129999999999999449e-01
9.529999999999999583e-02
-2.174999999999999989e-01
7.418000000000000149e-01
8.335000000000000187e-01
8.268999999999999684e-01
8.578999999999999959e-01
5.000000000000000104e-04
9.660999999999999588e-01
-2.026000000000000023e-01
3.904000000000000248e-01
-6.300000000000000044e-02
-4.198000000000000065e-01
4.355999999999999872e-01
-7.439999999999999947e-01
8.846000000000000529e-01
-3.348999999999999755e-01
-2.752999999999999892e-01
4.773000000000000020e-01
7.167000000000000037e-01
7.892000000000000126e-01
-4.059999999999999720e-02
5.983000000000000540e-01
-8.525000000000000355e-01
-6.784999999999999920e-01
-2.411000000000000087e-01
-9.710000000000000575e-02
6.149000000000000021e-01
-7.547000000000000375e-01
-3.503000000000000003e-01
3.429999999999999716e-02
4.023999999999999799e-01
8.539999999999999813e-01
2.000000000000000096e-04
-2.711999999999999966e-01
2.041000000000000036e-01
6.964000000000000190e-01
2.330000000000000127e-02
-8.693999999999999506e-01
9.859999999999999876e-01
4.842000000000000193e-01
2.139999999999999888e-02
5.326999999999999513e-01
5.709999999999999798e-02
1.243999999999999967e-01
-5.959999999999999742e-01
1.185999999999999971e-01
-6.300999999999999934e-01
7.032000000000000473e-01
-9.929000000000000048e-01
6.290000000000000036e-01
9.464000000000000190e-01
-4.525000000000000133e-01
-6.582999999999999963e-01
-8.336000000000000076e-01
-1.204999999999999960e-01
9.818999999999999950e-01
-3.809000000000000163e-01
-3.265000000000000124e-01
-9.133000000000000007e-01
-4.580000000000000043e-02
3.008000000000000118e-01
-4.053999999999999826e-01
-2.336999999999999911e-01
6.290000000000000036e-01
-4.996999999999999775e-01
3.024999999999999911e-01
9.012000000000000011e-01
-6.468000000000000416e-01
7.682999999999999829e-01
8.409999999999999420e-02
-6.481000000000000094e-01
-9.074999999999999734e-01
-6.058000000000000052e-01
6.834999999999999964e-01
8.689000000000000057e-01
-6.890000000000000291e-02
-7.355000000000000426e-01
8.390999999999999570e-01
6.118999999999999995e-01
4.245999999999999774e-01
-1.285000000000000031e-01
4.825999999999999734e-01
8.064000000000000057e-01
-6.324999999999999512e-01
-7.939999999999999836e-02
8.683999999999999497e-01
3.099999999999999891e-03
-4.932000000000000273e-01
-2.147999999999999909e-01
-1.456999999999999962e-01
9.955000000000000515e-01
-3.632000000000000228e-01
-3.070999999999999841e-01
6.100999999999999757e-01
8.346999999999999975e-01
7.248999999999999888e-01
-4.053999999999999826e-01
2.109000000000000041e-01
-6.699000000000000510e-01
-5.859999999999999654e-01
-2.741000000000000103e-01
7.806999999999999496e-01
5.807999999999999829e-01
-9.116999999999999549e-01
-9.373000000000000220e-01
-2.281999999999999862e-01
4.359000000000000097e-01
1.453000000000000125e-01
-3.099999999999999978e-01
-5.110999999999999988e-01
-9.676000000000000156e-01
3.526000000000000245e-01
1.715000000000000135e-01
1.122999999999999970e-01
9.575000000000000178e-01
2.601999999999999869e-01
5.626999999999999780e-01
-1.884000000000000119e-01
8.173000000000000265e-01
-5.175999999999999490e-01
-3.542000000000000148e-01
-6.889999999999999458e-01
-6.130999999999999783e-01
-7.879999999999999505e-02
-5.784000000000000252e-01
-5.610000000000000542e-01
1.230000000000000017e-02
-7.902000000000000135e-01
-7.894999999999999796e-01
-7.026000000000000023e-01
5.423000000000000043e-01
2.102999999999999869e-01
-2.631000000000000005e-01
-5.500000000000000028e-02
9.533000000000000362e-01
9.167999999999999483e-01
-6.856999999999999762e-01
-5.336999999999999522e-01
-2.175999999999999879e-01
-1.985999999999999988e-01
7.435000000000000497e-01
6.912000000000000366e-01
6.199999999999999956e-02
2.348000000000000087e-01
8.720999999999999863e-01
-9.049999999999999711e-02
-9.629999999999999671e-02
1.519999999999999962e-01
-7.083000000000000407e-01
-3.900000000000000133e-01
-5.238000000000000433e-01
-6.551000000000000156e-01
-4.375999999999999890e-01
-4.157000000000000139e-01
-6.933000000000000274e-01
9.150000000000000355e-01
-7.370000000000000162e-02
-5.010999999999999899e-01
-6.854999999999999982e-01
8.309999999999999332e-02
5.613000000000000211e-01
9.071000000000000174e-01
-9.093999999999999861e-01
5.550000000000000488e-01
5.959999999999999742e-01
-8.910000000000000142e-01
-3.548000000000000043e-01
9.337999999999999634e-01
-6.160999999999999810e-01
2.607999999999999763e-01
-9.839999999999999858e-01
-5.994000000000000439e-01
-7.599000000000000199e-01
-3.825999999999999956e-01
-8.726000000000000423e-01
2.928999999999999937e-01
6.693999999999999950e-01
7.850000000000000033e-02
-2.606999999999999873e-01
-6.200999999999999845e-01
7.310999999999999721e-01
-5.749999999999999556e-01
-9.012000000000000011e-01
-4.223999999999999977e-01
-7.281999999999999584e-01
2.840000000000000163e-02
2.100000000000000130e-02
6.317000000000000393e-01
8.604000000000000536e-01
5.343999999999999861e-01
5.967000000000000082e-01
-6.604999999999999760e-01
-5.014999999999999458e-01
9.560999999999999499e-01
-6.362999999999999767e-01
-2.268000000000000016e-01
2.079000000000000015e-01
-3.189000000000000168e-01
-3.135999999999999899e-01
-3.109999999999999987e-01
-8.074999999999999956e-01
2.916000000000000258e-01
4.724999999999999756e-01
1.920000000000000040e-01
-2.099999999999999870e-03
7.641999999999999904e-01
9.180000000000000382e-01
-8.352000000000000535e-01
3.582000000000000184e-01
-3.642000000000000237e-01
-4.138999999999999901e-01
-8.538000000000000034e-01
-1.643999999999999906e-01
4.386999999999999789e-01
6.439999999999999891e-02
-7.953999999999999959e-01
-7.543999999999999595e-01
3.546000000000000263e-01
1.252999999999999947e-01
-1.723999999999999977e-01
-1.370999999999999996e-01
-8.541999999999999593e-01
-7.718000000000000416e-01
1.789000000000000035e-01
5.312000000000000055e-01
-1.580999999999999905e-01
-4.229999999999999871e-01
-2.202000000000000068e-01
-5.941999999999999504e-01
-4.648999999999999799e-01
7.764999999999999680e-01
-6.781000000000000361e-01
4.395999999999999908e-01
-4.228000000000000091e-01
-8.201000000000000512e-01
9.575000000000000178e-01
9.975000000000000533e-01
-9.829999999999999849e-01
5.390000000000000346e-01
2.043999999999999984e-01
5.485999999999999766e-01
-6.059999999999999831e-01
-5.646999999999999797e-01
-4.166000000000000258e-01
3.160999999999999921e-01
-9.715000000000000302e-01
2.472000000000000031e-01
8.241000000000000547e-01
7.332999999999999519e-01
5.020999999999999908e-01
9.485000000000000098e-01
-1.272999999999999965e-01
2.614000000000000212e-01
-2.422999999999999876e-01
-1.223000000000000059e-01
8.995999999999999552e-01
6.105000000000000426e-01
3.931999999999999940e-01
-5.118000000000000327e-01
-9.879999999999999893e-02
5.505999999999999783e-01
9.048000000000000487e-01
5.956000000000000183e-01
-9.947000000000000286e-01
-6.059999999999999831e-01
2.094999999999999918e-01
-8.759999999999999731e-02
7.214000000000000412e-01
