8.764999999999999458e-01
-1.034000000000000058e-01
5.017000000000000348e-01
3.726999999999999758e-01
9.907000000000000250e-01
-4.027000000000000024e-01
3.124000000000000110e-01
8.980000000000000204e-01
-2.369999999999999885e-01
6.526999999999999469e-01
-3.093000000000000194e-01
-1.887999999999999956e-01
-9.308999999999999497e-01
-2.199000000000000121e-01
5.665999999999999925e-01
-5.877999999999999892e-01
-2.878999999999999893e-01
-1.875999999999999890e-01
-7.168999999999999817e-01
-6.700000000000000226e-03
-8.643999999999999462e-01
2.534000000000000141e-01
-4.697000000000000064e-01
-9.901999999999999691e-01
3.556000000000000272e-01
3.318999999999999728e-01
3.392999999999999905e-01
9.949000000000000066e-01
3.099999999999999891e-03
9.667000000000000037e-01
4.777000000000000135e-01
-2.535999999999999921e-01
-1.107000000000000067e-01
1.617999999999999994e-01
-4.655000000000000249e-01
-2.581999999999999851e-01
-6.127000000000000224e-01
8.316999999999999948e-01
2.900000000000000147e-02
1.577000000000000068e-01
3.407999999999999918e-01
-4.395999999999999908e-01
-9.609999999999999654e-01
3.007000000000000228e-01
-1.048000000000000043e-01
-7.127999999999999892e-01
6.505999999999999561e-01
-5.070000000000000201e-02
5.639999999999999458e-01
-6.090999999999999748e-01
-2.378000000000000114e-01
9.650999999999999579e-01
-8.738000000000000211e-01
-9.036999999999999478e-01
-7.570999999999999952e-01
5.100000000000000089e-01
7.311999999999999611e-01
-7.834999999999999742e-01
-2.829999999999999738e-01
-5.639999999999999458e-01
-7.679999999999999327e-02
4.753000000000000003e-01
1.194999999999999951e-01
1.899000000000000132e-01
8.497999999999999998e-01
-4.039999999999999841e-02
-8.666000000000000369e-01
-8.146999999999999797e-01
-3.080000000000000099e-02
-2.816000000000000170e-01
3.392999999999999905e-01
5.000000000000000000e-01
-3.070000000000000159e-02
5.362999999999999989e-01
-4.577999999999999847e-01
6.510000000000000231e-01
-3.397000000000000020e-01
-5.041999999999999815e-01
-2.790000000000000258e-01
3.733000000000000207e-01
-1.600000000000000033e-01
2.335000000000000131e-01
1.537999999999999923e-01
6.423999999999999710e-01
-4.143999999999999906e-01
8.673999999999999488e-01
-3.876999999999999891e-01
3.837999999999999745e-01
-8.128999999999999559e-01
7.349999999999999589e-02
-4.259999999999999898e-02
7.480999999999999872e-01
-1.779000000000000026e-01
1.140000000000000041e-02
4.335999999999999854e-01
-3.910000000000000281e-02
1.267999999999999960e-01
5.854000000000000314e-01
2.582999999999999741e-01
-5.409000000000000474e-01
3.831999999999999851e-01
-5.709999999999999520e-01
-9.839999999999999858e-01
-1.168000000000000010e-01
-8.632999999999999563e-01
6.482999999999999874e-01
6.599999999999999964e-03
8.819000000000000172e-01
1.648000000000000020e-01
-6.481000000000000094e-01
-4.349999999999999700e-02
5.175999999999999490e-01
-3.638000000000000123e-01
-4.395000000000000018e-01
4.189999999999999836e-01
-3.169999999999999901e-02
8.514000000000000457e-01
-3.322999999999999843e-01
4.129999999999999782e-01
3.911000000000000032e-01
7.799000000000000377e-01
7.834999999999999742e-01
-5.899999999999999863e-03
8.599999999999999867e-01
5.099000000000000199e-01
-8.823999999999999622e-01
-5.856000000000000094e-01
-8.203000000000000291e-01
9.100000000000000450e-03
-5.445999999999999730e-01
7.429999999999999938e-01
6.472999999999999865e-01
-6.074000000000000510e-01
4.769999999999999796e-01
6.675999999999999712e-01
9.113999999999999879e-01
4.549000000000000266e-01
-7.249999999999999778e-01
-1.902999999999999969e-01
6.693000000000000060e-01
8.651999999999999691e-01
-2.629000000000000226e-01
6.114000000000000545e-01
-5.775000000000000133e-01
-8.352000000000000535e-01
7.233000000000000540e-01
9.667999999999999927e-01
1.237999999999999934e-01
-1.223999999999999949e-01
5.395999999999999686e-01
8.912999999999999812e-01
6.937999999999999723e-01
-4.890999999999999792e-01
-7.779000000000000359e-01
6.809999999999999387e-02
4.890999999999999792e-01
-6.079999999999999849e-01
1.228999999999999954e-01
4.137000000000000122e-01
5.658999999999999586e-01
5.999999999999999778e-02
5.647999999999999687e-01
3.796999999999999820e-01
3.323999999999999733e-01
-9.953999999999999515e-01
7.859000000000000430e-01
-7.761000000000000121e-01
5.041999999999999815e-01
-5.070000000000000062e-01
-9.213000000000000078e-01
1.428000000000000103e-01
4.687999999999999945e-01
-1.690000000000000113e-01
4.190999999999999726e-01
-4.733999999999999875e-01
2.791000000000000147e-01
8.726000000000000423e-01
-9.897000000000000242e-01
4.469999999999999668e-02
6.434999999999999609e-01
6.329999999999999516e-02
2.394999999999999907e-01
-5.799999999999999600e-03
2.403000000000000136e-01
8.715000000000000524e-01
-7.518000000000000238e-01
1.006999999999999978e-01
1.496999999999999997e-01
-8.638000000000000123e-01
6.909999999999999476e-02
-1.857000000000000040e-01
-8.021000000000000352e-01
7.766999999999999460e-01
4.319999999999999951e-01
8.137999999999999678e-01
-1.824999999999999956e-01
-2.386000000000000065e-01
-7.470000000000000251e-02
5.292000000000000037e-01
-7.932000000000000162e-01
-3.513000000000000012e-01
7.468000000000000194e-01
-7.106999999999999984e-01
4.752000000000000113e-01
4.112000000000000099e-01
4.995999999999999885e-01
-4.017999999999999905e-01
1.482999999999999874e-01
-7.522999999999999687e-01
5.443000000000000060e-01
2.212000000000000077e-01
-1.063000000000000056e-01
5.201000000000000068e-01
-1.532999999999999918e-01
-4.460000000000000075e-01
8.842999999999999750e-01
5.022999999999999687e-01
5.907000000000000028e-01
1.194999999999999951e-01
-1.910999999999999921e-01
9.553000000000000380e-01
-1.396000000000000019e-01
9.529999999999999583e-02
-6.769999999999999629e-02
9.829999999999999849e-02
-5.802000000000000490e-01
7.680000000000000160e-01
-4.411999999999999811e-01
1.895999999999999908e-01
8.429999999999999716e-01
-5.301000000000000156e-01
5.812000000000000499e-01
-1.753000000000000114e-01
8.500999999999999668e-01
-9.868999999999999995e-01
3.830000000000000071e-02
-1.887999999999999956e-01
4.613999999999999768e-01
3.734000000000000097e-01
-8.235999999999999988e-01
5.863000000000000433e-01
-8.288999999999999702e-01
-4.472999999999999754e-01
-5.750000000000000250e-02
2.033000000000000085e-01
-8.740999999999999881e-01
-9.602000000000000535e-01
9.913999999999999480e-01
3.479999999999999760e-01
6.552000000000000046e-01
4.630000000000000226e-01
8.598000000000000087e-01
-2.293000000000000038e-01
-9.036999999999999478e-01
5.413999999999999924e-01
8.800000000000000530e-03
9.646000000000000130e-01
7.217000000000000082e-01
7.079999999999999627e-01
-9.020000000000000240e-02
9.508999999999999675e-01
8.757000000000000339e-01
6.782000000000000250e-01
-7.236000000000000210e-01
-8.759000000000000119e-01
-7.095000000000000195e-01
-2.908999999999999919e-01
-3.020000000000000115e-02
1.042000000000000010e-01
5.816000000000000059e-01
2.341999999999999915e-01
8.069999999999999396e-02
3.506000000000000227e-01
-6.028999999999999915e-01
7.735999999999999543e-01
6.816999999999999726e-01
-3.640000000000000180e-02
5.379000000000000448e-01
-5.451000000000000290e-01
-4.208000000000000074e-01
-4.511999999999999900e-01
-5.824000000000000288e-01
-7.497000000000000330e-01
9.708999999999999853e-01
7.842000000000000082e-01
8.459999999999999742e-01
-5.396999999999999575e-01
-7.544999999999999485e-01
4.104999999999999760e-01
6.147000000000000242e-01
-5.414999999999999813e-01
-5.909999999999999698e-01
-6.328000000000000291e-01
4.143999999999999906e-01
2.635000000000000120e-01
-2.636999999999999900e-01
3.770000000000000018e-01
-6.308000000000000274e-01
9.778000000000000025e-01
9.868000000000000105e-01
