-8.099999999999999561e-03
-5.721000000000000529e-01
1.686999999999999889e-01
-7.881000000000000227e-01
-7.610000000000000098e-01
-5.395999999999999686e-01
4.687999999999999945e-01
5.930999999999999606e-01
2.041000000000000036e-01
1.593999999999999861e-01
6.461999999999999966e-01
-4.304999999999999938e-01
5.979999999999999899e-02
7.300999999999999712e-01
2.466000000000000136e-01
-8.377999999999999892e-01
8.592999999999999527e-01
4.929000000000000048e-01
3.151999999999999802e-01
1.708999999999999964e-01
9.074999999999999734e-01
1.004000000000000031e-01
-2.828999999999999848e-01
6.606999999999999540e-01
-5.556999999999999718e-01
-9.172000000000000153e-01
-1.937000000000000111e-01
-7.863999999999999879e-01
8.568000000000000060e-01
-8.028999999999999471e-01
-2.544000000000000150e-01
7.466000000000000414e-01
1.955000000000000071e-01
-9.939000000000000057e-01
-4.610000000000000209e-02
4.780000000000000221e-02
2.096000000000000085e-01
-5.685999999999999943e-01
-3.161999999999999811e-01
1.179999999999999938e-01
-9.050000000000000266e-01
-8.070000000000000506e-01
4.956999999999999740e-01
-2.500999999999999890e-01
-5.072999999999999732e-01
8.275000000000000133e-01
-9.447999999999999732e-01
-8.474000000000000421e-01
-1.048000000000000043e-01
-1.055999999999999994e-01
-4.794999999999999818e-01
7.045000000000000151e-01
-3.773000000000000242e-01
3.437000000000000055e-01
-1.650000000000000078e-01
5.738999999999999657e-01
3.654000000000000026e-01
-5.129999999999999838e-02
-3.977999999999999869e-01
4.091000000000000192e-01
-4.787000000000000144e-01
-2.686999999999999944e-01
6.098000000000000087e-01
8.030000000000000471e-01
-1.386000000000000010e-01
-7.297000000000000153e-01
-2.757000000000000006e-01
-8.384000000000000341e-01
8.010000000000000453e-02
-9.983999999999999542e-01
6.279999999999999472e-02
5.466999999999999638e-01
-9.687000000000000055e-01
8.054999999999999938e-01
-4.661000000000000143e-01
-6.629000000000000448e-01
1.103999999999999981e-01
5.625999999999999890e-01
3.436000000000000165e-01
5.717999999999999750e-01
-3.412999999999999923e-01
6.370000000000000107e-01
4.862000000000000210e-01
-3.892999999999999794e-01
-8.895999999999999464e-01
-4.428000000000000269e-01
7.052000000000000490e-01
6.034000000000000474e-01
-2.602999999999999758e-01
3.709999999999999964e-01
1.419999999999999873e-01
-8.590999999999999748e-01
1.782999999999999863e-01
-8.300000000000000433e-02
-6.750000000000000444e-02
-8.298999999999999710e-01
-8.195999999999999952e-01
3.479999999999999760e-02
7.193000000000000504e-01
5.434999999999999831e-01
-3.486000000000000210e-01
5.870000000000000218e-02
-1.613999999999999879e-01
-7.820000000000000284e-01
-2.780000000000000249e-01
1.355000000000000093e-01
-3.057000000000000273e-01
-8.590999999999999748e-01
9.549999999999999600e-01
-1.728999999999999981e-01
2.404000000000000026e-01
5.763000000000000345e-01
4.626000000000000112e-01
5.960000000000000020e-02
-9.294000000000000039e-01
7.083000000000000407e-01
-1.163000000000000006e-01
-6.891000000000000458e-01
9.362000000000000322e-01
7.553999999999999604e-01
2.564000000000000168e-01
5.838999999999999746e-01
-1.411000000000000032e-01
-1.019000000000000045e-01
-3.306000000000000050e-01
4.738999999999999879e-01
8.637000000000000233e-01
-8.711999999999999744e-01
7.890000000000000346e-01
2.199000000000000121e-01
2.386999999999999955e-01
-8.880000000000000115e-01
-4.762000000000000122e-01
-1.269000000000000128e-01
-3.670999999999999819e-01
-8.951999999999999957e-01
-7.512999999999999678e-01
3.522000000000000131e-01
-3.906000000000000028e-01
-2.953999999999999959e-01
5.909999999999999976e-02
-7.390999999999999792e-01
3.098000000000000198e-01
-3.023000000000000131e-01
8.581999999999999629e-01
8.632999999999999563e-01
6.240999999999999881e-01
-5.680000000000000326e-02
7.631999999999999895e-01
5.441000000000000281e-01
-1.544999999999999984e-01
-5.897999999999999909e-01
9.360000000000000542e-01
-5.863000000000000433e-01
-1.925000000000000044e-01
-9.665000000000000258e-01
-9.363000000000000211e-01
7.371999999999999664e-01
8.681999999999999718e-01
-9.707999999999999963e-01
-3.534999999999999809e-01
7.258000000000000007e-01
-9.525000000000000133e-01
-9.417999999999999705e-01
7.929000000000000492e-01
3.402999999999999914e-01
-6.645999999999999686e-01
7.582999999999999741e-01
-4.147000000000000131e-01
-7.711000000000000076e-01
8.837000000000000410e-01
-1.751000000000000056e-01
4.101000000000000201e-01
3.946999999999999953e-01
-5.692000000000000393e-01
6.157000000000000250e-01
6.404999999999999583e-01
4.939999999999999947e-02
6.370000000000000107e-01
-4.395000000000000018e-01
1.619999999999999912e-02
4.303000000000000158e-01
-1.054999999999999966e-01
-7.540999999999999925e-01
3.215000000000000080e-01
9.962999999999999634e-01
2.411999999999999977e-01
6.036000000000000254e-01
-9.869999999999999885e-01
-5.253999999999999782e-01
-1.978999999999999926e-01
4.072999999999999954e-01
-6.461000000000000076e-01
4.743999999999999884e-01
-7.400999999999999801e-01
1.688999999999999946e-01
-4.760000000000000342e-02
2.813999999999999835e-01
5.272000000000000020e-01
4.280999999999999805e-01
-8.204000000000000181e-01
-8.891000000000000014e-01
-7.629000000000000226e-01
9.212000000000000188e-01
9.507999999999999785e-01
8.458999999999999853e-01
-2.602999999999999758e-01
-6.239000000000000101e-01
4.505000000000000115e-01
4.887000000000000233e-01
6.731000000000000316e-01
-6.733999999999999986e-01
-3.079999999999999960e-01
-1.103999999999999981e-01
3.300000000000000155e-02
4.716000000000000192e-01
-9.909000000000000030e-01
4.445000000000000062e-01
-3.205000000000000071e-01
-2.560000000000000123e-02
-1.995999999999999996e-01
-4.544000000000000261e-01
1.806999999999999995e-01
-3.332999999999999852e-01
2.227000000000000091e-01
3.690000000000000224e-02
-2.089999999999999913e-01
2.456000000000000127e-01
7.269999999999999796e-01
8.531999999999999584e-01
-5.120000000000000245e-02
-8.930000000000000437e-02
-5.927000000000000046e-01
8.911999999999999922e-01
-5.400000000000000286e-03
8.110000000000000542e-01
8.867000000000000437e-01
-5.350000000000000311e-01
9.690000000000000002e-02
7.623999999999999666e-01
-7.955999999999999739e-01
5.188000000000000389e-01
7.320000000000000118e-02
-6.532999999999999918e-01
-7.741999999999999993e-01
-3.240999999999999992e-01
2.404999999999999916e-01
-3.569999999999999840e-01
-4.117000000000000104e-01
-8.612999999999999545e-01
1.166999999999999982e-01
-2.160000000000000114e-02
-7.398000000000000131e-01
-7.294000000000000483e-01
-9.279999999999999361e-02
-9.296999999999999709e-01
2.936000000000000276e-01
-3.262999999999999790e-01
5.120000000000000107e-01
9.734000000000000430e-01
-2.832000000000000073e-01
2.896000000000000241e-01
-2.799999999999999972e-03
1.965999999999999970e-01
2.010000000000000120e-01
4.879000000000000004e-01
-9.828999999999999959e-01
-1.456999999999999962e-01
-2.409000000000000030e-01
-8.598999999999999977e-01
-4.032999999999999918e-01
-8.410999999999999588e-01
2.846000000000000196e-01
-9.945000000000000506e-01
2.721999999999999975e-01
9.048000000000000487e-01
3.059999999999999942e-01
2.642999999999999794e-01
6.985999999999999988e-01
3.664999999999999925e-01
2.609000000000000208e-01
4.571000000000000063e-01
-3.789000000000000146e-01
-1.305000000000000049e-01
-6.350000000000000089e-01
-3.508999999999999897e-01
5.825000000000000178e-01
5.406999999999999584e-01
7.463999999999999524e-01
-8.676000000000000378e-01
9.133999999999999897e-01
3.957999999999999852e-01
-1.340000000000000045e-02
-9.415999999999999925e-01
3.739000000000000101e-01
6.238000000000000211e-01
-1.514000000000000068e-01
-6.657999999999999474e-01
4.119999999999999774e-01
-4.262000000000000233e-01
