-5.070999999999999952e-01
9.556999999999999940e-01
2.639000000000000234e-01
7.324000000000000510e-01
-6.886999999999999789e-01
8.821999999999999842e-01
1.552000000000000046e-01
4.551999999999999935e-01
7.348999999999999977e-01
7.562999999999999723e-01
-3.768000000000000238e-01
6.955000000000000071e-01
5.837999999999999856e-01
-4.586999999999999966e-01
4.619999999999999801e-02
7.327000000000000179e-01
2.615000000000000102e-01
9.674000000000000377e-01
-9.260000000000000453e-01
3.973999999999999755e-01
2.197000000000000064e-01
-2.270000000000000143e-02
-2.645000000000000129e-01
-1.592000000000000082e-01
4.101000000000000201e-01
-9.450000000000000067e-02
8.091000000000000414e-01
7.150999999999999579e-01
2.740000000000000074e-02
5.568999999999999506e-01
-5.419000000000000483e-01
1.812000000000000000e-01
6.139000000000000012e-01
-5.285999999999999588e-01
8.036999999999999700e-01
-3.645999999999999797e-01
-2.973000000000000087e-01
-3.257999999999999785e-01
-1.295000000000000040e-01
8.506000000000000227e-01
-7.936999999999999611e-01
-2.631999999999999895e-01
6.560000000000000275e-01
2.086999999999999966e-01
3.639000000000000012e-01
-3.291999999999999926e-01
-9.392000000000000348e-01
5.315999999999999615e-01
8.820000000000000062e-02
4.460000000000000075e-02
8.074000000000000066e-01
-6.052999999999999492e-01
6.661000000000000254e-01
8.940000000000000169e-01
-8.215999999999999970e-01
-8.196999999999999842e-01
-2.505999999999999894e-01
-7.090999999999999526e-01
2.452000000000000013e-01
2.711000000000000076e-01
8.868000000000000327e-01
-5.419999999999999818e-02
-1.507999999999999896e-01
-3.442000000000000060e-01
-7.429000000000000048e-01
-5.540000000000000480e-01
1.988999999999999935e-01
-5.278000000000000469e-01
9.663000000000000478e-01
-7.372999999999999554e-01
-5.614000000000000101e-01
-8.369999999999999662e-02
-7.610000000000000098e-02
4.828000000000000069e-01
-2.036999999999999922e-01
9.236999999999999655e-01
6.357000000000000428e-01
-6.034000000000000474e-01
-1.140000000000000041e-01
5.684000000000000163e-01
3.961000000000000076e-01
-8.923999999999999710e-01
7.723999999999999755e-01
1.333000000000000018e-01
-5.204999999999999627e-01
9.947000000000000286e-01
-3.034000000000000030e-01
-6.410000000000000142e-01
1.117999999999999966e-01
-6.848999999999999533e-01
9.109000000000000430e-01
-2.965999999999999748e-01
6.479000000000000314e-01
5.358000000000000540e-01
-7.663999999999999702e-01
-9.339999999999999691e-02
-4.148999999999999910e-01
2.659999999999999865e-02
-7.112000000000000544e-01
-4.939000000000000057e-01
2.356999999999999929e-01
-6.495999999999999552e-01
6.859999999999999432e-02
4.203000000000000069e-01
1.509000000000000064e-01
1.060000000000000005e-02
6.375999999999999446e-01
-7.100999999999999535e-01
5.836000000000000076e-01
-6.411999999999999922e-01
3.299000000000000266e-01
4.773999999999999910e-01
6.181999999999999718e-01
-2.336999999999999911e-01
1.642000000000000126e-01
8.891999999999999904e-01
3.449999999999999734e-01
9.747999999999999998e-01
1.491999999999999993e-01
3.059999999999999942e-01
8.688000000000000167e-01
-3.245999999999999996e-01
2.411000000000000087e-01
-1.421999999999999931e-01
-6.442999999999999838e-01
-1.738000000000000100e-01
-2.858999999999999875e-01
7.791000000000000147e-01
-3.387000000000000011e-01
4.128000000000000003e-01
1.160999999999999949e-01
-4.630000000000000088e-02
-6.508000000000000451e-01
9.304999999999999938e-01
-6.947999999999999732e-01
-6.230999999999999872e-01
5.800000000000000294e-02
-5.057000000000000384e-01
9.886000000000000343e-01
-9.851999999999999647e-01
-8.235999999999999988e-01
7.590000000000000080e-01
-4.225999999999999757e-01
2.823999999999999844e-01
8.427000000000000046e-01
-4.781000000000000250e-01
-6.709000000000000519e-01
7.340000000000000691e-02
-5.739999999999999963e-02
9.548999999999999710e-01
3.538999999999999924e-01
-6.377000000000000446e-01
-1.040999999999999981e-01
-9.641999999999999460e-01
-2.923999999999999932e-01
-5.457999999999999519e-01
5.100000000000000089e-01
7.312999999999999501e-01
-8.759000000000000119e-01
9.423000000000000265e-01
9.471000000000000529e-01
-1.333999999999999908e-01
6.850000000000000533e-02
4.467999999999999750e-01
-2.247000000000000108e-01
9.635000000000000231e-01
5.419000000000000483e-01
1.257999999999999952e-01
4.620000000000000218e-01
9.538999999999999702e-01
1.968999999999999917e-01
-6.677999999999999492e-01
1.325999999999999956e-01
3.079000000000000070e-01
-4.319999999999999951e-01
9.502000000000000446e-01
8.459999999999999465e-02
-4.288000000000000145e-01
-8.609999999999999876e-01
-8.608000000000000096e-01
5.129999999999999838e-02
4.796000000000000263e-01
3.805000000000000049e-01
6.980000000000000093e-02
-8.536000000000000254e-01
-8.404000000000000359e-01
-5.585999999999999854e-01
8.340999999999999526e-01
8.502999999999999448e-01
-4.677000000000000046e-01
8.833999999999999631e-01
5.131000000000000005e-01
-2.651999999999999913e-01
7.460999999999999854e-01
9.268999999999999462e-01
-3.876000000000000001e-01
-9.159000000000000474e-01
8.510999999999999677e-01
9.637999999999999901e-01
4.324999999999999956e-01
1.460000000000000013e-02
-3.408999999999999808e-01
-1.713000000000000078e-01
3.158000000000000251e-01
-2.842999999999999972e-01
-2.031999999999999917e-01
4.632000000000000006e-01
3.553000000000000047e-01
-8.509999999999999787e-01
4.233999999999999986e-01
-5.016000000000000458e-01
-5.290000000000000258e-01
1.622999999999999998e-01
4.182000000000000162e-01
-2.421999999999999986e-01
1.776000000000000079e-01
-7.510000000000000009e-02
-6.793000000000000149e-01
6.803000000000000158e-01
1.668000000000000038e-01
-8.375000000000000222e-01
3.010999999999999788e-01
-4.127000000000000113e-01
-6.232999999999999652e-01
-1.550999999999999879e-01
2.983000000000000096e-01
-5.182999999999999829e-01
-3.450000000000000289e-02
-5.819999999999999618e-01
8.378999999999999782e-01
-8.882999999999999785e-01
8.179999999999999494e-01
-8.245000000000000107e-01
-7.953999999999999959e-01
-2.482000000000000040e-01
1.400000000000000133e-01
-9.229999999999999316e-02
-4.822000000000000175e-01
-9.598999999999999755e-01
1.325000000000000067e-01
-6.032999999999999474e-01
-1.310000000000000053e-02
-5.056000000000000494e-01
-2.331000000000000016e-01
-7.993000000000000105e-01
-4.694999999999999729e-01
5.541000000000000369e-01
-9.442000000000000393e-01
-1.948999999999999899e-01
-9.152000000000000135e-01
2.336999999999999911e-01
-9.607999999999999874e-01
7.538000000000000256e-01
6.090000000000000274e-02
2.943999999999999950e-01
7.812999999999999945e-01
-2.899999999999999800e-01
9.828999999999999959e-01
9.133999999999999897e-01
8.921000000000000041e-01
-7.750000000000000222e-01
9.385999999999999899e-01
7.953000000000000069e-01
3.723000000000000198e-01
4.581000000000000072e-01
-3.130000000000000004e-01
-7.284000000000000474e-01
-8.156999999999999806e-01
9.576000000000000068e-01
1.386999999999999900e-01
6.821000000000000396e-01
5.562000000000000277e-01
8.369999999999999662e-01
-9.404000000000000137e-01
8.961000000000000076e-01
2.503000000000000225e-01
-3.128000000000000225e-01
1.032000000000000001e-01
6.531000000000000139e-01
-9.539999999999999869e-02
8.345000000000000195e-01
-1.482999999999999874e-01
-5.326999999999999513e-01
2.280000000000000082e-01
-5.990000000000000185e-02
-9.810999999999999721e-01
-7.842999999999999972e-01
-6.676999999999999602e-01
-1.540000000000000049e-02
-8.576000000000000290e-01
-6.339999999999999802e-02
-7.789999999999999702e-02
6.356000000000000538e-01
9.175999999999999712e-01
-7.209999999999999742e-01
-4.676000000000000156e-01
-2.639999999999999986e-02
-9.389999999999999736e-02
3.453999999999999848e-01
3.507000000000000117e-01
