7.829000000000000403e-01
4.112999999999999989e-01
-1.290000000000000001e-02
4.516000000000000014e-01
2.489000000000000101e-01
-2.753999999999999782e-01
8.419999999999999707e-02
8.277999999999999803e-01
3.652000000000000246e-01
-4.418000000000000260e-01
-8.944999999999999618e-01
5.967000000000000082e-01
5.990000000000000185e-02
-1.748999999999999999e-01
-6.807999999999999607e-01
-6.922000000000000375e-01
8.091000000000000414e-01
-2.591999999999999860e-01
-3.718000000000000194e-01
2.849999999999999756e-01
-1.203000000000000042e-01
-8.041000000000000369e-01
9.328999999999999515e-01
-4.632999999999999896e-01
2.585999999999999965e-01
6.809999999999999387e-02
4.850999999999999757e-01
-1.949999999999999997e-02
-5.370000000000000329e-01
-1.144000000000000017e-01
5.680000000000000326e-02
9.373000000000000220e-01
9.774000000000000465e-01
-4.658999999999999808e-01
1.822999999999999898e-01
-1.466000000000000081e-01
-5.082999999999999741e-01
-9.696000000000000174e-01
9.820999999999999730e-01
5.782000000000000473e-01
9.088000000000000522e-01
-6.157000000000000250e-01
-4.027999999999999914e-01
5.201000000000000068e-01
8.710999999999999854e-01
9.517999999999999794e-01
8.323000000000000398e-01
-8.198999999999999622e-01
-7.965999999999999748e-01
5.763000000000000345e-01
-4.000000000000000192e-04
1.176999999999999991e-01
-7.537000000000000366e-01
8.158999999999999586e-01
-8.534000000000000474e-01
5.192999999999999838e-01
-9.757000000000000117e-01
8.859000000000000208e-01
-8.629000000000000004e-01
2.025000000000000133e-01
-3.235000000000000098e-01
-8.743999999999999551e-01
-3.781999999999999806e-01
7.826999999999999513e-01
7.510999999999999899e-01
-6.049999999999999822e-02
-2.411999999999999977e-01
3.570000000000000256e-02
9.012999999999999901e-01
-8.968000000000000416e-01
-6.640000000000000346e-01
2.667999999999999816e-01
6.525999999999999579e-01
-2.053000000000000103e-01
-2.757999999999999896e-01
-6.210999999999999854e-01
-8.385000000000000231e-01
-7.237999999999999989e-01
-3.408999999999999808e-01
3.653000000000000136e-01
8.156999999999999806e-01
-4.895999999999999797e-01
-6.501000000000000112e-01
-4.774999999999999800e-01
-5.359000000000000430e-01
8.344000000000000306e-01
4.638999999999999790e-01
-7.822000000000000064e-01
1.562000000000000055e-01
6.239999999999999991e-01
-2.595999999999999974e-01
6.914000000000000146e-01
3.402999999999999914e-01
6.099999999999999867e-02
3.453999999999999848e-01
-1.181999999999999995e-01
-8.599999999999999867e-01
-5.214999999999999636e-01
-8.282000000000000473e-01
5.439000000000000501e-01
-6.419999999999999318e-02
-3.877999999999999781e-01
5.152999999999999803e-01
-1.100000000000000006e-01
5.850999999999999535e-01
6.153999999999999471e-01
-1.799000000000000044e-01
-8.962999999999999856e-01
-2.399999999999999790e-03
-2.247000000000000108e-01
7.933000000000000052e-01
1.688999999999999946e-01
-3.499999999999999778e-01
-6.780000000000000471e-01
3.469999999999999751e-01
-6.784999999999999920e-01
2.731999999999999984e-01
-2.184000000000000108e-01
-8.710999999999999854e-01
2.086999999999999966e-01
-6.532000000000000028e-01
3.926000000000000045e-01
-9.240000000000000435e-01
4.184999999999999831e-01
-6.663999999999999924e-01
7.927999999999999492e-01
1.302999999999999992e-01
7.669000000000000261e-01
-4.274999999999999911e-01
-6.142999999999999572e-01
1.720000000000000001e-02
4.481999999999999873e-01
9.579999999999999627e-01
-4.927000000000000268e-01
-5.414999999999999813e-01
7.560000000000000053e-01
2.790000000000000119e-02
-4.078999999999999848e-01
-1.383000000000000063e-01
-3.095999999999999863e-01
2.998000000000000109e-01
3.531000000000000250e-01
1.519999999999999997e-02
-7.974999999999999867e-01
-5.999999999999999474e-04
4.526000000000000023e-01
-2.247000000000000108e-01
-1.418000000000000094e-01
-3.227999999999999758e-01
-3.287999999999999812e-01
-1.839000000000000079e-01
7.960000000000000409e-02
-2.343999999999999972e-01
2.258999999999999897e-01
-7.714999999999999636e-01
-8.325000000000000178e-01
7.799000000000000377e-01
4.318000000000000171e-01
4.036000000000000143e-01
-3.175999999999999934e-01
-2.270999999999999963e-01
7.471999999999999753e-01
-8.582999999999999519e-01
7.380999999999999783e-01
9.579999999999999627e-01
-3.342999999999999861e-01
5.830999999999999517e-01
1.265999999999999903e-01
-3.029000000000000026e-01
-2.829999999999999738e-01
-6.413999999999999702e-01
4.979999999999999705e-02
-9.199999999999999845e-03
-2.814999999999999725e-01
-7.514999999999999458e-01
6.185000000000000497e-01
-8.740999999999999881e-01
-9.543000000000000371e-01
-7.397000000000000242e-01
-3.427999999999999936e-01
-6.623999999999999888e-01
4.747999999999999998e-01
-9.420000000000000595e-02
6.632000000000000117e-01
8.746000000000000441e-01
4.819999999999999840e-01
2.641000000000000014e-01
3.264000000000000234e-01
-8.353000000000000425e-01
2.371999999999999942e-01
8.545000000000000373e-01
-8.528999999999999915e-01
3.960000000000000325e-02
7.389000000000000012e-01
3.874000000000000221e-01
6.118999999999999995e-01
3.009000000000000008e-01
5.319000000000000394e-01
-1.008000000000000007e-01
4.149999999999999800e-01
-6.699000000000000510e-01
2.536999999999999811e-01
-6.534999999999999698e-01
5.953000000000000513e-01
-8.178999999999999604e-01
-9.921999999999999709e-01
-1.078000000000000069e-01
-4.889999999999999902e-01
-4.369000000000000106e-01
4.278000000000000136e-01
6.679999999999999827e-02
8.799000000000000155e-01
3.810000000000000192e-02
3.027000000000000246e-01
-6.482999999999999874e-01
8.884999999999999565e-01
4.850000000000000144e-02
-8.310999999999999499e-01
-9.514000000000000234e-01
-6.432999999999999829e-01
-5.805000000000000160e-01
7.995999999999999774e-01
-9.060000000000000275e-01
-3.835999999999999965e-01
-7.485000000000000542e-01
-3.880000000000000115e-01
-5.844000000000000306e-01
5.171999999999999931e-01
7.163000000000000478e-01
-7.301999999999999602e-01
3.200000000000000067e-01
-6.199999999999999782e-03
2.980000000000000010e-02
-3.180999999999999939e-01
-9.717000000000000082e-01
3.079000000000000070e-01
6.854000000000000092e-01
4.833999999999999964e-01
-5.965000000000000302e-01
3.714999999999999969e-01
-4.924999999999999933e-01
4.460000000000000075e-01
1.308999999999999886e-01
-7.610000000000000098e-01
-1.771000000000000074e-01
7.732999999999999874e-01
5.433999999999999941e-01
9.119000000000000439e-01
-2.147000000000000020e-01
-7.022000000000000464e-01
-1.766999999999999960e-01
3.210999999999999965e-01
2.657999999999999807e-01
-6.026000000000000245e-01
-5.104999999999999538e-01
6.344999999999999529e-01
-6.674999999999999822e-01
-3.180999999999999939e-01
5.374999999999999778e-01
-5.074999999999999512e-01
-5.274999999999999689e-01
-1.560999999999999888e-01
-3.623000000000000109e-01
1.370000000000000037e-02
-4.400000000000000022e-01
3.685999999999999832e-01
-3.155000000000000027e-01
2.664000000000000257e-01
-1.950000000000000067e-01
2.044999999999999873e-01
2.167999999999999927e-01
2.363999999999999990e-01
4.760000000000000342e-02
-4.310999999999999832e-01
2.227999999999999980e-01
8.612999999999999545e-01
3.049000000000000044e-01
-1.895000000000000018e-01
1.295999999999999930e-01
-9.270000000000000462e-02
-1.552999999999999936e-01
-3.700999999999999845e-01
-5.712000000000000410e-01
3.911999999999999922e-01
-4.766000000000000236e-01
-9.438999999999999613e-01
8.278999999999999693e-01
1.642000000000000126e-01
-4.413000000000000256e-01
6.906999999999999806e-01
6.084000000000000519e-01
-8.484000000000000430e-01
-4.625000000000000222e-01
-3.690999999999999837e-01
-6.538000000000000478e-01
-7.440999999999999837e-01
4.922000000000000264e-01
1.557999999999999940e-01
9.408999999999999586e-01
-7.698000000000000398e-01
