-7.557000000000000384e-01
4.182000000000000162e-01
5.252999999999999892e-01
-2.501999999999999780e-01
-5.129999999999999838e-02
8.409999999999999420e-02
-7.410999999999999810e-01
9.558999999999999719e-01
3.795999999999999930e-01
3.259000000000000230e-01
-1.555999999999999883e-01
-1.091000000000000025e-01
-1.040999999999999981e-01
6.240999999999999881e-01
-8.348999999999999755e-01
2.380000000000000171e-02
9.061000000000000165e-01
9.414000000000000146e-01
-6.901000000000000467e-01
-4.991999999999999771e-01
-6.400000000000000307e-03
9.180000000000000659e-02
9.072999999999999954e-01
3.749999999999999861e-02
1.857000000000000040e-01
-8.105999999999999872e-01
-2.097999999999999865e-01
-2.740000000000000074e-02
-6.579000000000000403e-01
3.741999999999999771e-01
-5.534999999999999920e-01
-9.015999999999999570e-01
4.660000000000000253e-02
3.464999999999999747e-01
-7.349999999999999867e-01
-5.716999999999999860e-01
-9.102000000000000091e-01
5.957999999999999963e-01
-2.149000000000000077e-01
2.872000000000000108e-01
-7.625999999999999446e-01
-2.950999999999999734e-01
2.132999999999999896e-01
-2.792999999999999927e-01
4.300999999999999823e-01
4.064999999999999725e-01
-1.962000000000000133e-01
-6.294999999999999485e-01
-2.386999999999999955e-01
-9.445999999999999952e-01
-2.093000000000000138e-01
4.245999999999999774e-01
-2.970000000000000070e-02
-9.966000000000000414e-01
7.660000000000000142e-01
-8.890000000000000124e-01
3.871999999999999886e-01
-9.127999999999999448e-01
1.751000000000000056e-01
-8.730000000000000260e-02
-3.718000000000000194e-01
-4.299000000000000044e-01
1.322000000000000119e-01
6.100999999999999757e-01
-3.948999999999999733e-01
7.776999999999999469e-01
3.250000000000000111e-01
-6.451999999999999957e-01
2.050000000000000086e-02
-8.039999999999999925e-02
1.265999999999999903e-01
-2.444000000000000061e-01
-8.038999999999999480e-01
7.290999999999999703e-01
-9.286999999999999700e-01
8.348999999999999755e-01
-9.235999999999999766e-01
-5.088000000000000300e-01
-3.214000000000000190e-01
3.069999999999999951e-01
9.016999999999999460e-01
-1.829000000000000070e-01
5.873000000000000442e-01
-4.106000000000000205e-01
8.797000000000000375e-01
-8.030000000000000471e-01
-5.870000000000000218e-02
-1.875000000000000000e-01
-8.959999999999999909e-02
6.915999999999999925e-01
-4.225999999999999757e-01
1.132999999999999979e-01
3.458999999999999853e-01
-6.546999999999999487e-01
2.650000000000000133e-01
4.515000000000000124e-01
7.589000000000000190e-01
-7.200999999999999623e-01
-4.536000000000000032e-01
4.771000000000000241e-01
-9.299999999999999239e-03
-2.982000000000000206e-01
-9.997000000000000330e-01
-9.890999999999999792e-01
-4.383000000000000229e-01
-8.777000000000000357e-01
-9.635000000000000231e-01
-7.358000000000000096e-01
-7.488000000000000211e-01
-4.098999999999999866e-01
-7.440999999999999837e-01
4.808000000000000052e-01
-2.614000000000000212e-01
-1.806999999999999995e-01
6.041999999999999593e-01
-2.554000000000000159e-01
-5.531000000000000361e-01
1.319999999999999993e-02
-8.127999999999999670e-01
-8.401999999999999469e-01
5.463000000000000078e-01
-8.395000000000000240e-01
-4.415999999999999925e-01
1.489000000000000046e-01
4.000000000000000222e-01
3.206999999999999851e-01
-3.470000000000000168e-02
3.000000000000000062e-03
4.520000000000000129e-01
-5.199999999999999761e-03
3.942999999999999838e-01
8.780000000000000027e-01
-3.023000000000000131e-01
-4.122999999999999998e-01
7.520000000000000018e-01
-3.820999999999999952e-01
8.149999999999999467e-01
-3.437999999999999945e-01
-1.613999999999999879e-01
4.320000000000000229e-02
6.158000000000000140e-01
-3.400000000000000244e-01
-7.963000000000000078e-01
4.324999999999999956e-01
5.564999999999999947e-01
-1.859999999999999987e-01
2.373000000000000109e-01
3.980000000000000204e-01
4.726000000000000201e-01
4.733999999999999875e-01
1.152999999999999997e-01
-9.970999999999999863e-01
-8.719000000000000083e-01
-9.288999999999999480e-01
4.475999999999999979e-01
8.101000000000000423e-01
2.888000000000000012e-01
-4.933000000000000163e-01
-9.112999999999999989e-01
-3.425000000000000266e-01
3.574999999999999845e-01
-5.107000000000000428e-01
-7.633999999999999675e-01
6.660000000000000364e-01
8.357999999999999874e-01
5.897000000000000020e-01
-1.477999999999999869e-01
-5.248000000000000442e-01
2.174999999999999989e-01
9.872999999999999554e-01
3.570000000000000256e-02
-1.721999999999999920e-01
1.739999999999999880e-01
9.729999999999999760e-02
-7.610000000000000098e-02
-5.161000000000000032e-01
9.070000000000000284e-01
-5.111999999999999877e-01
-8.990000000000000213e-01
-3.079000000000000070e-01
-4.182000000000000162e-01
7.774999999999999689e-01
1.330000000000000071e-01
2.832000000000000073e-01
-3.516000000000000236e-01
-7.973999999999999977e-01
-6.590000000000000024e-02
-7.931000000000000272e-01
7.026999999999999913e-01
-2.013000000000000067e-01
-7.895999999999999686e-01
1.844000000000000083e-01
2.299999999999999961e-02
5.393999999999999906e-01
4.569999999999999757e-02
3.442999999999999949e-01
-1.975999999999999979e-01
-2.124000000000000055e-01
-1.087000000000000050e-01
-3.832999999999999741e-01
6.824000000000000066e-01
1.454000000000000015e-01
5.834000000000000297e-01
-8.800000000000000044e-01
-1.388000000000000067e-01
-8.725000000000000533e-01
-9.627000000000000002e-01
-6.871000000000000441e-01
1.703999999999999959e-01
8.225000000000000089e-01
-7.044000000000000261e-01
-7.299999999999999822e-01
-8.290999999999999481e-01
4.426999999999999824e-01
9.254999999999999893e-01
-5.623000000000000220e-01
-2.993999999999999995e-01
-4.611999999999999988e-01
3.721999999999999753e-01
2.707999999999999852e-01
2.923999999999999932e-01
9.020000000000000240e-02
9.460000000000000353e-02
5.220000000000000195e-01
6.066000000000000281e-01
-2.685000000000000164e-01
-4.406999999999999806e-01
4.590000000000000330e-02
-9.487999999999999767e-01
4.334999999999999964e-01
4.828999999999999959e-01
4.771000000000000241e-01
6.871000000000000441e-01
3.093000000000000194e-01
-5.737999999999999767e-01
2.513000000000000234e-01
7.426000000000000378e-01
-4.718999999999999861e-01
-6.328000000000000291e-01
-3.179000000000000159e-01
-4.099999999999999756e-01
8.483000000000000540e-01
-5.264999999999999680e-01
-4.742999999999999994e-01
9.703000000000000513e-01
3.684000000000000052e-01
7.538000000000000256e-01
-1.082999999999999935e-01
-9.237999999999999545e-01
-3.109000000000000097e-01
4.117999999999999994e-01
-8.421999999999999487e-01
-6.480000000000000204e-01
9.144999999999999796e-01
-2.506999999999999784e-01
3.634999999999999898e-01
3.961000000000000076e-01
9.339999999999999691e-02
2.660000000000000142e-01
-5.028000000000000247e-01
7.366000000000000325e-01
1.106000000000000039e-01
-9.435999999999999943e-01
7.157000000000000028e-01
-3.786999999999999811e-01
-1.897000000000000075e-01
1.361999999999999877e-01
3.665999999999999814e-01
-8.579999999999999849e-01
-2.373999999999999999e-01
9.187999999999999501e-01
2.023000000000000076e-01
3.054999999999999938e-01
-9.302000000000000268e-01
3.392999999999999905e-01
-4.908000000000000140e-01
7.459000000000000075e-01
8.995999999999999552e-01
-7.415000000000000480e-01
5.256999999999999451e-01
6.320000000000000062e-01
8.029999999999999638e-02
7.795999999999999597e-01
8.250000000000000389e-02
1.768000000000000127e-01
-2.770000000000000240e-01
-3.684999999999999942e-01
-8.601999999999999647e-01
-1.292999999999999983e-01
-9.638999999999999790e-01
-9.607999999999999874e-01
3.075999999999999845e-01
-9.179000000000000492e-01
-4.041000000000000147e-01
5.954000000000000403e-01
9.876000000000000334e-01
2.316000000000000003e-01
-9.694000000000000394e-01
5.214999999999999636e-01
8.167999999999999705e-01
