-6.258000000000000229e-01
2.510999999999999899e-01
9.186999999999999611e-01
4.792000000000000148e-01
4.919999999999999929e-01
2.152000000000000024e-01
5.121999999999999886e-01
-2.346999999999999920e-01
5.264999999999999680e-01
-9.933999999999999497e-01
-2.487000000000000044e-01
6.448000000000000398e-01
1.166999999999999982e-01
-4.329000000000000070e-01
-1.069999999999999944e-02
5.518999999999999462e-01
-3.910000000000000281e-02
8.962999999999999856e-01
8.300000000000000433e-02
-4.973000000000000198e-01
-6.049999999999999822e-01
2.288000000000000034e-01
3.584999999999999853e-01
-8.210000000000000631e-02
-5.905000000000000249e-01
-7.910000000000000364e-01
1.248999999999999971e-01
8.574000000000000510e-01
3.531000000000000250e-01
-4.371999999999999775e-01
6.293999999999999595e-01
2.615999999999999992e-01
-8.114000000000000101e-01
5.299000000000000377e-01
-9.587999999999999856e-01
8.928000000000000380e-01
6.590000000000000024e-02
6.508000000000000451e-01
-2.992000000000000215e-01
9.379999999999999449e-02
-3.070999999999999841e-01
-4.680000000000000132e-02
5.504000000000000004e-01
-7.123000000000000442e-01
1.246000000000000024e-01
-4.643999999999999795e-01
7.497000000000000330e-01
-8.010000000000000453e-02
1.406999999999999917e-01
5.611000000000000432e-01
8.145999999999999908e-01
6.434999999999999609e-01
-7.911000000000000254e-01
-5.496999999999999664e-01
6.091999999999999638e-01
-9.432000000000000384e-01
5.604999999999999982e-01
8.496000000000000218e-01
-6.963000000000000300e-01
4.645000000000000240e-01
4.436999999999999833e-01
2.051000000000000045e-01
-8.353000000000000425e-01
7.742999999999999883e-01
-4.142000000000000126e-01
-6.726999999999999647e-01
-2.511999999999999789e-01
-3.840000000000000080e-01
-8.511999999999999567e-01
-8.981000000000000094e-01
8.296000000000000041e-01
-7.088999999999999746e-01
3.976999999999999980e-01
1.439000000000000001e-01
7.728000000000000425e-01
1.829999999999999960e-01
-1.971999999999999864e-01
7.799000000000000377e-01
6.621000000000000218e-01
-9.542000000000000481e-01
5.188000000000000389e-01
3.462000000000000077e-01
-3.159000000000000141e-01
5.987000000000000099e-01
3.078000000000000180e-01
9.184999999999999831e-01
7.599999999999999811e-02
5.365999999999999659e-01
-7.613999999999999657e-01
9.889000000000000012e-01
5.090000000000000080e-01
6.044000000000000483e-01
1.971999999999999864e-01
-7.326000000000000290e-01
7.718000000000000416e-01
-6.588000000000000522e-01
-3.946999999999999953e-01
-2.265000000000000069e-01
5.434999999999999831e-01
6.383999999999999675e-01
-8.790000000000000591e-02
2.434000000000000052e-01
-3.870999999999999996e-01
5.161000000000000032e-01
-2.811000000000000165e-01
4.305999999999999828e-01
3.180000000000000188e-02
-1.899999999999999953e-02
-2.321999999999999897e-01
7.919000000000000483e-01
7.507000000000000339e-01
-8.659999999999999643e-02
-3.543999999999999928e-01
-3.600999999999999757e-01
7.114000000000000323e-01
8.658000000000000140e-01
-3.375000000000000222e-01
-3.861999999999999877e-01
3.584999999999999853e-01
-4.884999999999999898e-01
-5.335999999999999632e-01
5.456999999999999629e-01
-6.519000000000000350e-01
9.769999999999999518e-02
2.636999999999999900e-01
6.494999999999999662e-01
8.819000000000000172e-01
-6.044000000000000483e-01
3.266000000000000014e-01
-4.490000000000000241e-02
7.610000000000000098e-02
3.089000000000000079e-01
-8.345000000000000195e-01
9.429999999999999494e-02
-4.808999999999999941e-01
1.854999999999999982e-01
-5.718999999999999639e-01
3.311999999999999944e-01
4.359000000000000097e-01
-6.142999999999999572e-01
2.298000000000000043e-01
3.058000000000000163e-01
-8.435000000000000275e-01
-5.656999999999999806e-01
4.556999999999999940e-01
-9.506999999999999895e-01
3.090000000000000038e-02
-3.604999999999999871e-01
-3.856999999999999873e-01
3.381000000000000116e-01
6.389000000000000234e-01
6.842000000000000304e-01
-2.814999999999999725e-01
-3.333999999999999742e-01
-3.644000000000000017e-01
-4.736000000000000210e-01
-2.585000000000000075e-01
-5.833000000000000407e-01
-3.427000000000000046e-01
5.279000000000000359e-01
3.810000000000000053e-01
-8.003000000000000114e-01
-7.657000000000000473e-01
3.281999999999999917e-01
8.181000000000000494e-01
-2.994999999999999885e-01
4.677999999999999936e-01
9.786000000000000254e-01
4.512999999999999790e-01
2.813999999999999835e-01
9.860999999999999766e-01
-4.979999999999999705e-02
3.790000000000000313e-02
-6.027000000000000135e-01
1.630999999999999950e-01
5.733000000000000318e-01
-5.671000000000000485e-01
-3.620999999999999774e-01
9.331000000000000405e-01
3.300000000000000155e-02
1.814000000000000057e-01
9.610999999999999543e-01
4.757000000000000117e-01
6.382999999999999785e-01
3.226999999999999869e-01
1.069999999999999979e-01
-5.810999999999999499e-01
-5.816000000000000059e-01
2.253999999999999893e-01
4.700000000000000011e-02
-9.707000000000000073e-01
8.729999999999999982e-01
-3.340000000000000191e-01
7.445000000000000506e-01
8.728000000000000203e-01
-3.491000000000000214e-01
-9.804000000000000492e-01
2.910000000000000087e-02
8.370999999999999552e-01
-3.709000000000000075e-01
-2.504000000000000115e-01
-1.927000000000000102e-01
-8.156999999999999806e-01
9.393000000000000238e-01
2.975999999999999757e-01
-9.608999999999999764e-01
7.853999999999999870e-01
-6.032999999999999474e-01
9.226999999999999647e-01
-6.503999999999999782e-01
6.644999999999999796e-01
-3.215000000000000080e-01
7.613999999999999657e-01
5.086000000000000520e-01
-4.994000000000000106e-01
7.643999999999999684e-01
-7.106000000000000094e-01
-2.228999999999999870e-01
9.448999999999999622e-01
-2.336000000000000021e-01
-2.466000000000000136e-01
6.980000000000000093e-02
-9.510000000000000397e-02
4.801000000000000267e-01
8.964999999999999636e-01
-9.141000000000000236e-01
4.839999999999999858e-01
7.171999999999999487e-01
-1.529000000000000081e-01
2.746000000000000107e-01
-3.728000000000000203e-01
9.576999999999999957e-01
-8.076999999999999735e-01
-6.159000000000000030e-01
4.406999999999999806e-01
4.819999999999999840e-01
8.720999999999999863e-01
-9.134999999999999787e-01
2.960999999999999743e-01
7.197000000000000064e-01
-8.294000000000000261e-01
-8.140000000000000013e-02
7.897999999999999465e-01
7.237999999999999989e-01
3.195000000000000062e-01
3.839999999999999664e-02
-1.166999999999999982e-01
4.966999999999999749e-01
2.860000000000000042e-02
-6.310000000000000053e-01
2.992000000000000215e-01
-5.026000000000000467e-01
5.591000000000000414e-01
-8.014999999999999902e-01
-7.368999999999999995e-01
8.148999999999999577e-01
1.832000000000000017e-01
-4.059999999999999720e-02
7.507000000000000339e-01
-2.862000000000000099e-01
-5.410000000000000225e-02
-4.072999999999999954e-01
-9.890999999999999792e-01
1.750000000000000167e-02
1.900999999999999912e-01
-5.654000000000000137e-01
-8.027999999999999581e-01
-7.097999999999999865e-01
-5.562000000000000277e-01
-6.403999999999999693e-01
-8.364000000000000323e-01
-5.023999999999999577e-01
2.399000000000000021e-01
5.798999999999999710e-01
4.081000000000000183e-01
1.000000000000000021e-02
-8.333000000000000407e-01
6.259000000000000119e-01
-3.620000000000000301e-02
-5.739999999999999963e-02
-1.074999999999999983e-01
5.380000000000000060e-02
-9.487999999999999767e-01
-6.786999999999999700e-01
-7.660000000000000142e-02
-9.103999999999999870e-01
8.528999999999999915e-01
-3.729999999999999982e-01
-5.559999999999999665e-02
7.592999999999999750e-01
6.951000000000000512e-01
-5.686999999999999833e-01
-2.817000000000000060e-01
-7.014000000000000234e-01
-9.279999999999999361e-02
4.595000000000000195e-01
-6.641000000000000236e-01
-4.113999999999999879e-01
-1.433999999999999997e-01
6.619000000000000439e-01
