3.467999999999999972e-01
-9.342000000000000304e-01
-8.732999999999999652e-01
8.352000000000000535e-01
7.860000000000000320e-02
-3.090000000000000038e-02
4.302000000000000268e-01
-6.158000000000000140e-01
-9.647999999999999909e-01
-2.592999999999999750e-01
-1.338999999999999913e-01
-8.050000000000000488e-01
-3.901000000000000023e-01
5.282999999999999918e-01
-1.317000000000000115e-01
9.700000000000000289e-03
3.687000000000000277e-01
-2.942000000000000171e-01
-9.461000000000000520e-01
4.312000000000000277e-01
-8.125999999999999890e-01
-4.123999999999999888e-01
-5.940000000000000141e-02
-8.223000000000000309e-01
-5.502000000000000224e-01
5.731000000000000538e-01
5.158000000000000362e-01
9.049000000000000377e-01
8.576000000000000290e-01
-8.407000000000000028e-01
-4.021000000000000130e-01
8.814999999999999503e-01
5.109999999999999959e-02
-2.000000000000000042e-02
-8.707000000000000295e-01
5.973000000000000531e-01
6.474999999999999645e-01
-6.700000000000000226e-03
6.402999999999999803e-01
4.359999999999999987e-01
3.366999999999999993e-01
1.857999999999999929e-01
4.218000000000000083e-01
5.151000000000000023e-01
-4.753999999999999893e-01
-4.273000000000000131e-01
9.679999999999999716e-02
-8.093000000000000194e-01
3.672000000000000264e-01
4.766000000000000236e-01
4.420000000000000040e-01
-7.926999999999999602e-01
7.933000000000000052e-01
7.128999999999999782e-01
8.994999999999999662e-01
5.712000000000000410e-01
1.267999999999999960e-01
-5.326999999999999513e-01
2.061000000000000054e-01
-8.830000000000000071e-01
-1.517000000000000015e-01
7.574999999999999512e-01
4.979999999999999982e-01
1.885000000000000009e-01
7.290000000000000646e-02
9.679999999999999716e-01
-6.079999999999999988e-02
1.453000000000000125e-01
1.988999999999999935e-01
7.782999999999999918e-01
-3.769999999999999740e-02
8.264000000000000234e-01
-8.486000000000000210e-01
-5.844000000000000306e-01
1.731999999999999929e-01
8.389999999999999680e-01
-5.559999999999999665e-02
7.439999999999999947e-01
-7.526000000000000467e-01
3.250000000000000111e-01
4.260999999999999788e-01
-9.260000000000000453e-01
2.393000000000000127e-01
8.001000000000000334e-01
1.496000000000000107e-01
-6.812000000000000277e-01
4.137000000000000122e-01
-4.375000000000000000e-01
-6.439000000000000279e-01
-7.772999999999999909e-01
-6.894000000000000128e-01
2.917000000000000148e-01
-9.562000000000000499e-01
-3.789000000000000146e-01
-4.918000000000000149e-01
-9.874000000000000554e-01
1.464999999999999913e-01
-6.893000000000000238e-01
4.406999999999999806e-01
-6.896999999999999797e-01
2.487999999999999934e-01
-8.870000000000000107e-02
-2.500000000000000052e-03
-7.534999999999999476e-01
8.602999999999999536e-01
7.002000000000000446e-01
2.847000000000000086e-01
8.435000000000000275e-01
2.508000000000000229e-01
4.637999999999999901e-01
9.118000000000000549e-01
9.472000000000000419e-01
3.181999999999999829e-01
-3.320000000000000173e-01
3.713000000000000189e-01
-2.111999999999999988e-01
7.247999999999999998e-01
-4.260999999999999788e-01
7.640000000000000124e-01
4.169999999999999818e-01
-7.376000000000000334e-01
1.188000000000000028e-01
1.179999999999999973e-02
5.691000000000000503e-01
3.785999999999999921e-01
-8.750000000000000000e-01
5.034999999999999476e-01
1.791000000000000092e-01
-2.079000000000000015e-01
1.670999999999999985e-01
-9.254999999999999893e-01
-4.176000000000000267e-01
-8.332000000000000517e-01
1.067000000000000032e-01
7.522999999999999687e-01
9.634000000000000341e-01
-8.064000000000000057e-01
1.625999999999999945e-01
-4.485999999999999988e-01
8.044999999999999929e-01
4.036000000000000143e-01
1.260000000000000009e-02
-2.798999999999999821e-01
-5.072999999999999732e-01
-2.539000000000000146e-01
3.846999999999999864e-01
-1.542999999999999927e-01
2.970000000000000070e-02
-6.109999999999999876e-01
-9.166999999999999593e-01
9.938000000000000167e-01
4.652999999999999914e-01
6.149999999999999911e-02
6.225000000000000533e-01
-3.533000000000000029e-01
-4.541000000000000036e-01
4.469999999999999668e-02
6.207000000000000295e-01
9.941999999999999726e-01
-6.359000000000000208e-01
-1.739999999999999880e-01
1.040999999999999981e-01
-8.569999999999999840e-01
-9.526999999999999913e-01
1.537000000000000033e-01
-3.749000000000000110e-01
-8.004999999999999893e-01
-7.312999999999999501e-01
-4.875999999999999779e-01
3.590999999999999748e-01
-9.091000000000000192e-01
6.866999999999999771e-01
2.048000000000000098e-01
1.035999999999999976e-01
3.292999999999999816e-01
8.346000000000000085e-01
5.204999999999999627e-01
-9.410000000000000309e-02
-4.699999999999999734e-01
8.204000000000000181e-01
-3.499999999999999778e-01
6.536999999999999478e-01
-5.215999999999999526e-01
-8.058999999999999497e-01
-4.186000000000000276e-01
5.149000000000000243e-01
4.027999999999999914e-01
-8.467999999999999972e-01
3.139999999999999736e-02
2.210999999999999910e-01
3.024000000000000021e-01
5.762000000000000455e-01
-7.088999999999999746e-01
3.330000000000000182e-01
1.580999999999999905e-01
-7.903000000000000025e-01
-7.909000000000000474e-01
-9.112999999999999989e-01
-3.399999999999999811e-03
8.737000000000000322e-01
-1.736000000000000043e-01
9.154999999999999805e-01
-5.349999999999999895e-02
-2.149000000000000077e-01
-6.271999999999999797e-01
6.193999999999999506e-01
-7.744999999999999662e-01
-2.390000000000000110e-02
-8.019999999999999352e-02
-9.976000000000000423e-01
-1.451000000000000068e-01
3.008000000000000118e-01
3.627000000000000224e-01
1.069999999999999979e-01
-4.218999999999999972e-01
-1.865999999999999881e-01
7.714999999999999636e-01
-1.857999999999999929e-01
1.165999999999999953e-01
-4.682000000000000051e-01
8.207999999999999741e-01
-7.930000000000000382e-01
-1.756000000000000061e-01
9.871999999999999664e-01
-2.711999999999999966e-01
-2.197999999999999954e-01
4.551999999999999935e-01
5.849999999999999645e-01
-7.449999999999999678e-02
3.970000000000000195e-01
6.692000000000000171e-01
-4.184999999999999831e-01
-3.492999999999999994e-01
8.210000000000000631e-02
6.541000000000000147e-01
-1.574000000000000121e-01
1.899999999999999953e-02
-5.209000000000000297e-01
2.812000000000000055e-01
1.645999999999999963e-01
7.035000000000000142e-01
1.958999999999999908e-01
8.732999999999999652e-01
-9.153000000000000025e-01
-2.555000000000000049e-01
8.192000000000000393e-01
1.643000000000000016e-01
1.203999999999999931e-01
-1.241000000000000020e-01
-5.375999999999999668e-01
-6.790000000000000202e-02
-7.166000000000000147e-01
2.361999999999999933e-01
-4.069999999999999729e-01
-8.626000000000000334e-01
-6.343999999999999639e-01
1.416999999999999926e-01
-8.719000000000000083e-01
2.856000000000000205e-01
5.712000000000000410e-01
-3.763000000000000234e-01
-7.197999999999999954e-01
6.451000000000000068e-01
-6.169999999999999929e-01
9.674000000000000377e-01
8.690999999999999837e-01
-5.701000000000000512e-01
2.492000000000000048e-01
6.273999999999999577e-01
1.864000000000000101e-01
-3.076999999999999735e-01
1.633000000000000007e-01
-9.619999999999999662e-01
-8.782999999999999696e-01
-5.017000000000000348e-01
4.547999999999999821e-01
-9.241000000000000325e-01
-8.678000000000000158e-01
7.791000000000000147e-01
7.478000000000000203e-01
-8.592999999999999527e-01
-1.620000000000000051e-01
-4.440999999999999948e-01
-1.869999999999999996e-01
9.798999999999999932e-01
-8.268999999999999684e-01
6.982000000000000428e-01
1.744999999999999885e-01
-8.380999999999999561e-01
-2.790000000000000119e-02
9.221000000000000307e-01
-8.055999999999999828e-01
-2.676999999999999935e-01
7.297000000000000153e-01
-4.788999999999999924e-01
-1.043000000000000038e-01
-5.495999999999999774e-01
5.190000000000000169e-02
6.344999999999999529e-01
9.491000000000000547e-01
