6.959999999999999520e-01
7.165000000000000258e-01
8.947000000000000508e-01
4.192000000000000171e-01
1.897999999999999965e-01
2.492999999999999938e-01
-3.719999999999999696e-02
-5.715999999999999970e-01
-4.116000000000000214e-01
4.295999999999999819e-01
-7.728000000000000425e-01
9.036999999999999478e-01
9.456999999999999851e-01
5.954000000000000403e-01
7.859000000000000430e-01
2.671000000000000041e-01
-8.565000000000000391e-01
-7.514999999999999458e-01
6.653999999999999915e-01
6.932000000000000384e-01
9.386999999999999789e-01
-3.829000000000000181e-01
4.005000000000000226e-01
1.197000000000000008e-01
4.918000000000000149e-01
6.318000000000000282e-01
8.915999999999999481e-01
6.868999999999999551e-01
5.653000000000000247e-01
3.176999999999999824e-01
-6.792000000000000259e-01
7.889999999999999791e-02
-5.384999999999999787e-01
6.579000000000000403e-01
-7.348000000000000087e-01
-1.327000000000000124e-01
-6.381000000000000005e-01
3.684999999999999942e-01
-9.623000000000000442e-01
3.549999999999999822e-01
7.521999999999999797e-01
7.486000000000000432e-01
8.057999999999999607e-01
2.170000000000000054e-02
-1.685999999999999999e-01
7.078999999999999737e-01
4.000000000000000192e-04
2.676999999999999935e-01
8.828000000000000291e-01
8.652999999999999581e-01
8.374000000000000332e-01
5.583000000000000185e-01
-2.800000000000000058e-02
4.642999999999999905e-01
2.215000000000000024e-01
-8.151000000000000467e-01
-8.915999999999999481e-01
7.788000000000000478e-01
9.916000000000000369e-01
-1.902000000000000079e-01
-1.444999999999999896e-01
3.170999999999999930e-01
-3.322999999999999843e-01
-8.829000000000000181e-01
-7.548000000000000265e-01
-4.289999999999999925e-01
7.209999999999999742e-02
-4.062999999999999945e-01
-7.148999999999999799e-01
-8.690999999999999837e-01
1.092000000000000054e-01
-8.995999999999999552e-01
2.803999999999999826e-01
-3.326999999999999957e-01
-8.948000000000000398e-01
4.638999999999999790e-01
-3.528999999999999915e-01
-8.266000000000000014e-01
-7.422999999999999599e-01
9.822999999999999510e-01
8.053000000000000158e-01
6.820000000000000506e-01
1.819999999999999951e-01
8.770999999999999908e-01
2.359999999999999945e-02
-4.000000000000000192e-04
-8.630000000000000171e-02
6.959999999999999520e-01
-5.965000000000000302e-01
9.365999999999999881e-01
2.051999999999999935e-01
8.002000000000000224e-01
-9.199999999999999845e-02
-6.782000000000000250e-01
-5.528999999999999471e-01
7.148999999999999799e-01
-3.670000000000000345e-02
-9.001000000000000112e-01
9.062999999999999945e-01
6.888999999999999568e-01
4.630000000000000226e-01
2.159000000000000086e-01
-3.929000000000000270e-01
-8.899999999999999925e-03
-5.649999999999999467e-01
4.302000000000000268e-01
6.390000000000000124e-01
-1.796999999999999986e-01
8.958000000000000407e-01
-6.843000000000000194e-01
-2.642999999999999794e-01
-9.542000000000000481e-01
-9.987000000000000322e-01
-9.489999999999999547e-01
-6.887999999999999678e-01
9.533000000000000362e-01
3.738000000000000211e-01
-9.810000000000000664e-02
3.677000000000000268e-01
-7.914999999999999813e-01
3.995000000000000218e-01
-8.568000000000000060e-01
-6.409000000000000252e-01
1.529999999999999971e-01
-2.922000000000000153e-01
4.653999999999999804e-01
-1.050000000000000065e-02
-5.967999999999999972e-01
1.779999999999999916e-01
-6.348000000000000309e-01
-8.959999999999999909e-02
-7.448000000000000176e-01
-8.982999999999999874e-01
4.619999999999999801e-02
-2.651999999999999913e-01
5.565999999999999837e-01
5.348000000000000531e-01
5.538999999999999480e-01
-3.247999999999999776e-01
-6.855999999999999872e-01
-1.087999999999999939e-01
-1.399999999999999986e-03
-2.620999999999999996e-01
6.627999999999999448e-01
9.647000000000000020e-01
-2.439000000000000057e-01
-3.728000000000000203e-01
7.123000000000000442e-01
-5.014999999999999458e-01
5.302999999999999936e-01
-6.510000000000000508e-02
-3.526000000000000245e-01
7.426000000000000378e-01
1.119999999999999989e-02
9.094999999999999751e-01
-7.804999999999999716e-01
-2.787999999999999923e-01
-8.414000000000000368e-01
-8.021000000000000352e-01
3.980000000000000204e-02
-4.515000000000000124e-01
-7.379999999999999893e-01
-1.900000000000000022e-01
-7.708000000000000407e-01
-4.078999999999999848e-01
-6.178000000000000158e-01
5.779999999999999721e-02
3.594999999999999862e-01
8.888000000000000345e-01
-8.773999999999999577e-01
-3.880000000000000115e-02
1.690000000000000113e-01
-2.127999999999999892e-01
4.675000000000000266e-01
-1.451999999999999957e-01
7.678000000000000380e-01
-3.436000000000000165e-01
-5.667999999999999705e-01
-5.741000000000000547e-01
-2.812000000000000055e-01
4.405000000000000027e-01
-4.102999999999999980e-01
6.666999999999999593e-01
-8.145999999999999908e-01
-6.572999999999999954e-01
-6.254999999999999449e-01
2.590000000000000080e-01
4.924000000000000044e-01
1.750000000000000167e-02
-6.468000000000000416e-01
2.159999999999999976e-01
-4.479000000000000203e-01
-7.650000000000000133e-01
-8.243000000000000327e-01
-8.384000000000000341e-01
-2.411000000000000087e-01
-4.184999999999999831e-01
3.855999999999999983e-01
-1.207000000000000017e-01
7.026999999999999913e-01
1.559000000000000108e-01
-6.441000000000000059e-01
-3.815999999999999948e-01
6.045000000000000373e-01
-2.459999999999999964e-01
8.407000000000000028e-01
4.762000000000000122e-01
-7.075000000000000178e-01
8.577000000000000179e-01
6.672000000000000153e-01
7.238999999999999879e-01
-4.989000000000000101e-01
1.250000000000000000e-01
-8.842999999999999750e-01
9.088000000000000522e-01
7.093000000000000416e-01
-1.489000000000000046e-01
-9.650000000000000244e-02
-1.492999999999999883e-01
7.705999999999999517e-01
4.929999999999999938e-01
-2.740000000000000213e-01
8.735000000000000542e-01
9.071000000000000174e-01
-1.123999999999999999e-01
-2.172000000000000042e-01
4.390000000000000152e-02
-2.992000000000000215e-01
-5.829999999999999766e-02
2.610999999999999988e-01
-3.109999999999999987e-01
-2.681999999999999940e-01
-9.737999999999999989e-01
2.587999999999999745e-01
8.776000000000000467e-01
-4.182000000000000162e-01
-7.761000000000000121e-01
6.326000000000000512e-01
4.917000000000000259e-01
-2.295999999999999985e-01
-4.154999999999999805e-01
-3.266999999999999904e-01
-8.186999999999999833e-01
-5.377999999999999448e-01
6.110999999999999766e-01
-5.980999999999999650e-01
-2.790000000000000258e-01
-2.144999999999999962e-01
-2.909999999999999809e-01
-4.048999999999999821e-01
-7.135000000000000231e-01
-8.930000000000000437e-02
-7.183000000000000496e-01
2.752000000000000002e-01
3.418999999999999817e-01
-2.489999999999999852e-02
7.348999999999999977e-01
-7.865999999999999659e-01
7.773999999999999799e-01
6.401999999999999913e-01
-7.732999999999999874e-01
7.193000000000000504e-01
-2.615999999999999992e-01
5.269000000000000350e-01
8.171000000000000485e-01
-4.925999999999999823e-01
-6.461999999999999966e-01
8.534000000000000474e-01
-5.906000000000000139e-01
3.549999999999999684e-02
-9.275999999999999801e-01
-2.899999999999999800e-01
3.542000000000000148e-01
6.268000000000000238e-01
1.799999999999999951e-03
6.018000000000000016e-01
9.784000000000000474e-01
5.768999999999999684e-01
8.669999999999999929e-01
-5.581000000000000405e-01
6.022999999999999465e-01
4.732999999999999985e-01
-9.502000000000000446e-01
-5.682000000000000384e-01
9.119000000000000439e-01
1.728000000000000091e-01
5.293999999999999817e-01
9.826000000000000290e-01
1.444000000000000006e-01
5.069000000000000172e-01
-1.174999999999999933e-01
7.806999999999999496e-01
4.193000000000000060e-01
-4.964999999999999969e-01
4.215999999999999748e-01
-7.979999999999999594e-02
-7.904999999999999805e-01
-9.291000000000000369e-01
7.230000000000000315e-02
-8.939000000000000279e-01
