4.742999999999999994e-01
-3.022000000000000242e-01
-3.029999999999999916e-01
1.237999999999999934e-01
-1.831000000000000127e-01
8.085999999999999854e-01
-4.620000000000000218e-01
-4.689999999999999725e-01
-9.658999999999999808e-01
-9.733000000000000540e-01
5.187000000000000499e-01
-9.070000000000000284e-02
-2.182999999999999940e-01
8.466000000000000192e-01
-4.546999999999999931e-01
-5.799999999999999600e-03
4.918000000000000149e-01
-2.610000000000000167e-02
6.400000000000000133e-02
-1.208000000000000046e-01
8.679999999999999938e-01
-6.927999999999999714e-01
-8.440999999999999615e-01
-2.909999999999999809e-01
-1.081000000000000016e-01
-5.380000000000000338e-01
-1.375000000000000111e-01
-5.844000000000000306e-01
9.774000000000000465e-01
7.979999999999999594e-02
-5.290000000000000258e-02
-3.429999999999999716e-02
8.592999999999999527e-01
-4.295999999999999819e-01
-9.908000000000000140e-01
-3.086999999999999744e-01
-9.008000000000000451e-01
-9.765000000000000346e-01
3.998999999999999777e-01
-2.001000000000000001e-01
2.141000000000000125e-01
-4.707000000000000073e-01
9.960999999999999854e-01
-8.997000000000000552e-01
9.871999999999999664e-01
-2.008000000000000063e-01
-3.200999999999999956e-01
9.325999999999999845e-01
2.759999999999999953e-02
8.387999999999999901e-01
1.080000000000000057e-02
-9.102000000000000091e-01
-1.797999999999999876e-01
2.437999999999999889e-01
-2.008999999999999952e-01
2.479999999999999982e-01
-6.061999999999999611e-01
-3.222999999999999754e-01
7.537000000000000366e-01
1.188000000000000028e-01
-4.051000000000000156e-01
-6.646999999999999575e-01
3.311000000000000054e-01
-1.842999999999999916e-01
-2.857000000000000095e-01
-1.107999999999999957e-01
5.472000000000000197e-01
-3.731999999999999762e-01
-6.332999999999999741e-01
-9.687000000000000055e-01
4.630000000000000226e-01
7.770000000000000240e-01
-1.340000000000000080e-01
6.847999999999999643e-01
2.175999999999999879e-01
-7.945999999999999730e-01
-8.144000000000000128e-01
3.060999999999999832e-01
1.769999999999999907e-01
1.055999999999999994e-01
-5.091999999999999860e-01
-1.539999999999999980e-01
3.417000000000000037e-01
2.260999999999999954e-01
-9.785000000000000364e-01
8.509999999999999509e-02
5.427999999999999492e-01
-3.988999999999999768e-01
1.691999999999999893e-01
-1.700000000000000122e-01
-2.637999999999999790e-01
7.832999999999999963e-01
-9.389999999999999736e-02
-1.171999999999999986e-01
2.195000000000000007e-01
-1.969999999999999876e-02
-9.848999999999999977e-01
7.227999999999999980e-01
-4.354999999999999982e-01
7.318000000000000060e-01
4.524000000000000243e-01
-3.907999999999999807e-01
4.371999999999999775e-01
-4.621000000000000107e-01
-5.056000000000000494e-01
2.728999999999999759e-01
-4.275999999999999801e-01
-5.592000000000000304e-01
-7.130999999999999561e-01
4.071000000000000174e-01
-2.539999999999999897e-02
1.701000000000000012e-01
7.144000000000000350e-01
-4.000000000000000083e-02
8.292000000000000481e-01
3.849000000000000199e-01
-1.794999999999999929e-01
-6.995000000000000107e-01
-3.726999999999999758e-01
-3.299000000000000266e-01
-1.850999999999999868e-01
-5.643000000000000238e-01
-5.240000000000000213e-02
3.040999999999999814e-01
1.822999999999999898e-01
-1.635999999999999954e-01
4.350999999999999868e-01
-8.314000000000000279e-01
8.289999999999999591e-01
7.603999999999999648e-01
7.147999999999999909e-01
-5.370000000000000329e-01
-4.803000000000000047e-01
1.287000000000000088e-01
2.373000000000000109e-01
-5.971999999999999531e-01
-8.748000000000000220e-01
1.416000000000000036e-01
7.128999999999999782e-01
-6.764999999999999902e-01
5.719999999999999529e-01
-8.290999999999999481e-01
-5.833000000000000407e-01
-6.014000000000000457e-01
-4.799999999999999580e-03
-1.395000000000000129e-01
3.216999999999999860e-01
7.462999999999999634e-01
2.650000000000000133e-01
1.718999999999999972e-01
-1.004000000000000031e-01
-2.121999999999999997e-01
-5.147000000000000464e-01
9.979000000000000092e-01
-6.833000000000000185e-01
7.383999999999999453e-01
-9.247999999999999554e-01
8.922999999999999821e-01
6.180000000000000077e-02
6.645999999999999686e-01
1.255999999999999894e-01
1.078000000000000069e-01
6.949999999999999512e-01
-9.848000000000000087e-01
-2.288999999999999924e-01
-2.810000000000000275e-01
2.000000000000000096e-04
-5.665000000000000036e-01
-1.912999999999999978e-01
2.250000000000000056e-01
9.990000000000000269e-02
1.738000000000000100e-01
-4.621999999999999997e-01
-4.848000000000000087e-01
3.668000000000000149e-01
-2.599999999999999881e-03
-5.240000000000000213e-01
4.990999999999999881e-01
-7.366000000000000325e-01
-8.561999999999999611e-01
2.666999999999999926e-01
9.563000000000000389e-01
5.899999999999999689e-01
-9.009000000000000341e-01
5.322000000000000064e-01
-5.844000000000000306e-01
9.061000000000000165e-01
8.757000000000000339e-01
6.302999999999999714e-01
5.204999999999999627e-01
-7.496000000000000441e-01
-5.412000000000000144e-01
-1.532000000000000028e-01
2.019999999999999921e-02
1.844999999999999973e-01
-6.262999999999999678e-01
-7.085000000000000187e-01
2.323000000000000065e-01
-5.019000000000000128e-01
-4.583999999999999742e-01
-9.869999999999999607e-02
4.320000000000000229e-02
-3.217999999999999750e-01
-6.481999999999999984e-01
-8.287999999999999812e-01
-2.346000000000000030e-01
3.775999999999999912e-01
-6.490000000000000213e-01
2.338000000000000078e-01
-7.910000000000000364e-02
2.131000000000000116e-01
2.877000000000000113e-01
-9.291000000000000369e-01
-6.664999999999999813e-01
-4.712999999999999967e-01
-8.136999999999999789e-01
-5.111999999999999877e-01
7.308999999999999941e-01
-9.825000000000000400e-01
-7.449999999999999678e-02
9.670999999999999597e-01
7.178999999999999826e-01
-8.622999999999999554e-01
8.290999999999999481e-01
2.464999999999999969e-01
5.048000000000000265e-01
1.043000000000000038e-01
-5.036000000000000476e-01
6.268000000000000238e-01
-9.818000000000000060e-01
-1.021999999999999992e-01
9.135999999999999677e-01
1.857000000000000040e-01
-2.544000000000000150e-01
-3.034999999999999920e-01
1.628000000000000003e-01
-6.791000000000000369e-01
8.023000000000000131e-01
3.527000000000000135e-01
7.927999999999999492e-01
6.297000000000000375e-01
2.344999999999999862e-01
8.096999999999999753e-01
9.930999999999999828e-01
-9.070000000000000284e-02
1.161999999999999977e-01
5.228000000000000425e-01
-5.163999999999999702e-01
-5.554000000000000048e-01
-1.183000000000000024e-01
-2.124999999999999944e-01
-5.794000000000000261e-01
-9.721999999999999531e-01
-9.907000000000000250e-01
2.237000000000000099e-01
3.673000000000000154e-01
5.083999999999999631e-01
-9.147999999999999465e-01
-4.642000000000000015e-01
-9.795000000000000373e-01
-2.869999999999999774e-01
-3.870999999999999996e-01
2.558000000000000274e-01
-4.566000000000000059e-01
-9.499999999999999556e-01
2.773999999999999799e-01
3.643000000000000127e-01
-2.530000000000000027e-01
7.029999999999999583e-01
3.955000000000000182e-01
-2.253999999999999893e-01
9.879999999999999893e-01
-9.002999999999999892e-01
-5.802000000000000490e-01
-8.223000000000000309e-01
7.230000000000000315e-02
4.960999999999999854e-01
-9.217999999999999527e-01
5.718999999999999639e-01
4.403000000000000247e-01
5.305999999999999606e-01
-6.803000000000000158e-01
6.032999999999999474e-01
1.549999999999999989e-02
-5.191999999999999948e-01
-2.249999999999999917e-02
-2.144000000000000072e-01
-4.398000000000000242e-01
-4.907000000000000250e-01
-9.768999999999999906e-01
-7.490999999999999881e-01
-2.530000000000000027e-01
4.462999999999999745e-01
3.731999999999999762e-01
1.145000000000000046e-01
-5.977000000000000091e-01
5.881999999999999451e-01
2.716000000000000081e-01
2.721999999999999975e-01
1.060000000000000005e-02
