-6.232999999999999652e-01
4.253000000000000114e-01
7.097999999999999865e-01
7.923999999999999932e-01
4.567999999999999838e-01
3.529999999999999805e-02
-9.334000000000000075e-01
-2.702999999999999847e-01
8.353000000000000425e-01
8.570999999999999730e-01
-2.672999999999999821e-01
7.510999999999999899e-01
-2.970000000000000070e-02
2.921000000000000263e-01
4.465999999999999970e-01
7.257000000000000117e-01
2.326999999999999902e-01
-1.298999999999999877e-01
-2.250000000000000056e-01
-5.788999999999999702e-01
7.889000000000000457e-01
1.729999999999999941e-02
-1.827000000000000013e-01
-7.654999999999999583e-01
4.420000000000000318e-02
3.235000000000000098e-01
7.832999999999999963e-01
4.914999999999999925e-01
3.245999999999999996e-01
-6.058000000000000052e-01
6.558000000000000496e-01
-1.426999999999999935e-01
8.761999999999999789e-01
-7.570999999999999952e-01
-8.167999999999999705e-01
4.923000000000000154e-01
-9.227999999999999536e-01
8.889000000000000234e-01
-3.805000000000000049e-01
7.735999999999999543e-01
-7.269999999999999796e-01
-1.421999999999999931e-01
-9.510000000000000397e-02
-6.012999999999999456e-01
-7.039999999999999591e-01
-2.192999999999999949e-01
-8.111000000000000432e-01
-2.470999999999999863e-01
3.719999999999999696e-02
-2.262000000000000122e-01
-3.664000000000000035e-01
-7.829000000000000403e-01
1.922000000000000097e-01
5.936000000000000165e-01
-2.018000000000000071e-01
6.261999999999999789e-01
-1.819999999999999951e-01
7.230999999999999650e-01
7.799000000000000377e-01
8.176999999999999824e-01
1.512999999999999901e-01
8.780000000000000027e-01
1.260000000000000009e-01
1.703999999999999959e-01
9.202000000000000179e-01
-1.197000000000000008e-01
9.625000000000000222e-01
3.529999999999999805e-01
9.986000000000000432e-01
-5.594999999999999973e-01
7.220999999999999641e-01
-1.519999999999999962e-01
5.806999999999999940e-01
8.525000000000000355e-01
-3.726999999999999758e-01
8.329999999999999627e-01
9.349999999999999978e-02
6.391000000000000014e-01
5.161999999999999922e-01
-6.153999999999999471e-01
-5.181000000000000050e-01
-3.698000000000000176e-01
2.740000000000000074e-02
7.127000000000000002e-01
9.486999999999999877e-01
-6.844999999999999973e-01
-9.594000000000000306e-01
-8.690000000000000502e-02
-2.117999999999999883e-01
7.641999999999999904e-01
9.786000000000000254e-01
-3.484999999999999765e-01
-9.429999999999999494e-02
-5.410000000000000364e-01
2.018000000000000071e-01
-7.990000000000000435e-01
-3.232999999999999763e-01
4.240000000000000019e-02
3.684999999999999942e-01
-7.771000000000000130e-01
-8.209999999999999520e-01
-1.113999999999999990e-01
-3.126999999999999780e-01
3.472999999999999976e-01
8.431999999999999496e-01
4.071000000000000174e-01
-1.510000000000000057e-02
5.171999999999999931e-01
9.120000000000000329e-02
1.129000000000000004e-01
-6.129999999999999893e-01
5.970999999999999641e-01
8.433000000000000496e-01
-2.896000000000000241e-01
3.612000000000000210e-01
1.796000000000000096e-01
5.877000000000000002e-01
3.789000000000000146e-01
-7.699000000000000288e-01
-9.407999999999999696e-01
-5.689999999999999503e-01
3.262999999999999790e-01
-4.112999999999999989e-01
-5.651000000000000467e-01
-1.678999999999999937e-01
-7.745999999999999552e-01
-9.098000000000000531e-01
-7.879999999999999505e-02
1.940000000000000058e-02
-5.439999999999999697e-02
2.612999999999999767e-01
7.641999999999999904e-01
-1.214999999999999969e-01
8.989000000000000323e-01
7.569000000000000172e-01
-8.920000000000000151e-02
4.825999999999999734e-01
-7.234000000000000430e-01
-1.806999999999999995e-01
6.600000000000000311e-02
6.090999999999999748e-01
-6.493999999999999773e-01
-2.388000000000000123e-01
1.799000000000000044e-01
2.409000000000000030e-01
1.154000000000000026e-01
-7.536000000000000476e-01
7.118999999999999773e-01
-7.099999999999999645e-01
-7.216000000000000192e-01
-4.760000000000000342e-02
4.460000000000000075e-02
7.062000000000000499e-01
5.581000000000000405e-01
7.163000000000000478e-01
9.475999999999999979e-01
-1.134000000000000008e-01
9.610999999999999543e-01
-4.943000000000000171e-01
-3.800999999999999934e-01
8.799999999999999489e-02
-3.541000000000000258e-01
-6.588000000000000522e-01
6.554999999999999716e-01
-6.118999999999999995e-01
-5.120999999999999996e-01
1.696000000000000008e-01
-6.583999999999999853e-01
-9.508999999999999675e-01
5.121999999999999886e-01
-7.782000000000000028e-01
2.174000000000000099e-01
-6.631000000000000227e-01
1.468000000000000138e-01
8.479999999999999760e-01
-3.971000000000000085e-01
-4.148999999999999910e-01
8.067999999999999616e-01
-7.183000000000000496e-01
-8.831999999999999851e-01
5.803000000000000380e-01
-7.352999999999999536e-01
4.583999999999999742e-01
1.058999999999999941e-01
3.029000000000000026e-01
3.557000000000000162e-01
9.971999999999999753e-01
-1.504999999999999949e-01
-3.804000000000000159e-01
2.364999999999999880e-01
2.840000000000000163e-02
2.806000000000000161e-01
-9.895000000000000462e-01
-7.219999999999999751e-01
-2.843999999999999861e-01
1.968999999999999917e-01
6.247000000000000330e-01
-8.798000000000000265e-01
-6.500000000000000222e-02
-6.056000000000000272e-01
5.214999999999999636e-01
2.023999999999999966e-01
6.733999999999999986e-01
1.165000000000000063e-01
-6.209000000000000075e-01
5.433999999999999941e-01
8.300999999999999490e-01
-3.695999999999999841e-01
4.512999999999999790e-01
4.561000000000000054e-01
8.014000000000000012e-01
5.604000000000000092e-01
-9.679999999999999716e-01
7.312999999999999501e-01
-9.828999999999999959e-01
5.614000000000000101e-01
-8.033000000000000140e-01
3.138000000000000234e-01
2.442000000000000004e-01
-2.877000000000000113e-01
-2.634000000000000230e-01
-6.324999999999999512e-01
-8.211000000000000520e-01
-8.790999999999999925e-01
6.068999999999999950e-01
-8.318999999999999728e-01
-8.365000000000000213e-01
-4.285999999999999810e-01
-8.879000000000000226e-01
-2.426000000000000101e-01
-8.790000000000000591e-02
-8.784999999999999476e-01
-7.140999999999999570e-01
9.885000000000000453e-01
-7.667000000000000481e-01
4.476999999999999869e-01
7.852000000000000091e-01
-2.073000000000000120e-01
-1.875000000000000000e-01
3.896999999999999909e-01
-7.809000000000000385e-01
7.652999999999999803e-01
-4.920999999999999819e-01
-9.002999999999999892e-01
3.237999999999999767e-01
-5.991999999999999549e-01
6.373999999999999666e-01
-3.235000000000000098e-01
7.056999999999999940e-01
8.892999999999999794e-01
-7.781000000000000139e-01
-6.458000000000000407e-01
2.766000000000000125e-01
6.531000000000000139e-01
1.880999999999999894e-01
-3.234000000000000208e-01
3.230000000000000093e-01
-5.395999999999999686e-01
-7.446000000000000396e-01
-5.587999999999999634e-01
-1.711999999999999911e-01
-7.220000000000000029e-02
9.939000000000000057e-01
7.069999999999999618e-01
-4.726000000000000201e-01
1.097999999999999948e-01
-7.511999999999999789e-01
3.059999999999999942e-01
-1.782999999999999863e-01
7.715999999999999526e-01
8.888000000000000345e-01
8.999000000000000332e-01
