-8.401999999999999469e-01
-2.064000000000000001e-01
7.571999999999999842e-01
2.303000000000000047e-01
7.325000000000000400e-01
2.076999999999999957e-01
3.835000000000000075e-01
-4.661000000000000143e-01
8.045999999999999819e-01
-5.553000000000000158e-01
-4.859999999999999737e-02
7.812000000000000055e-01
3.886999999999999900e-01
8.459999999999999742e-01
-8.345000000000000195e-01
1.199999999999999956e-01
-5.483999999999999986e-01
8.340999999999999526e-01
-5.682000000000000384e-01
3.338999999999999746e-01
6.058999999999999941e-01
-9.272000000000000242e-01
9.594000000000000306e-01
4.945999999999999841e-01
8.622999999999999554e-01
-1.047000000000000014e-01
-7.524999999999999467e-01
9.349999999999999978e-02
2.056000000000000050e-01
6.141999999999999682e-01
8.266999999999999904e-01
-8.939000000000000279e-01
8.967000000000000526e-01
-5.776000000000000023e-01
-6.081999999999999629e-01
6.423999999999999710e-01
8.235000000000000098e-01
-4.303000000000000158e-01
-2.888999999999999901e-01
6.216000000000000414e-01
-8.217999999999999750e-01
5.745999999999999996e-01
1.030000000000000013e-02
-5.403999999999999915e-01
7.456000000000000405e-01
-9.869999999999999607e-02
9.539999999999999591e-01
5.399999999999999939e-02
7.556000000000000494e-01
-4.403000000000000247e-01
-9.572000000000000508e-01
-6.664999999999999813e-01
-8.685000000000000497e-01
-2.807000000000000051e-01
-9.270000000000000462e-01
8.540000000000000369e-02
-7.875999999999999668e-01
4.420999999999999930e-01
-4.756000000000000227e-01
-1.110000000000000014e-01
-5.113999999999999657e-01
-1.441000000000000059e-01
2.984999999999999876e-01
-8.549999999999999822e-01
-9.808000000000000052e-01
-5.499000000000000554e-01
3.247999999999999776e-01
-5.940000000000000141e-02
-4.612999999999999878e-01
-5.576999999999999735e-01
-2.994999999999999885e-01
4.890999999999999792e-01
-8.997000000000000552e-01
3.444999999999999729e-01
5.311000000000000165e-01
-3.709999999999999964e-01
-9.059999999999999998e-02
1.365999999999999992e-01
2.985999999999999766e-01
9.328999999999999515e-01
-5.689999999999999919e-02
2.331999999999999906e-01
4.159999999999999809e-02
-9.745000000000000329e-01
-8.200000000000000691e-03
1.827999999999999903e-01
-7.100000000000000408e-03
-4.536000000000000032e-01
-7.407000000000000250e-01
-6.124000000000000554e-01
-8.612999999999999545e-01
5.090999999999999970e-01
-5.596999999999999753e-01
-1.837000000000000022e-01
-9.360000000000000542e-01
-7.365000000000000435e-01
-1.729999999999999871e-01
4.721000000000000196e-01
6.505999999999999561e-01
-6.437000000000000499e-01
-8.121000000000000441e-01
-3.013000000000000123e-01
-1.489000000000000046e-01
5.433999999999999941e-01
2.617999999999999772e-01
9.258999999999999453e-01
5.728999999999999648e-01
8.104000000000000092e-01
-4.335999999999999854e-01
2.800000000000000266e-01
-7.044000000000000261e-01
-8.726000000000000423e-01
-4.250000000000000305e-02
-4.610000000000000209e-02
-8.409999999999999698e-01
7.580000000000000626e-02
-3.736999999999999766e-01
8.110000000000000542e-01
-7.472999999999999643e-01
-3.156999999999999806e-01
-2.534000000000000141e-01
3.366000000000000103e-01
-5.923000000000000487e-01
3.350000000000000200e-01
5.986000000000000210e-01
5.436999999999999611e-01
-1.340999999999999970e-01
-8.199999999999999512e-01
3.065999999999999837e-01
-2.767999999999999905e-01
-2.369999999999999885e-02
5.422000000000000153e-01
-6.979999999999999538e-01
5.775000000000000133e-01
-6.772000000000000242e-01
-2.343999999999999972e-01
8.686000000000000387e-01
2.038000000000000089e-01
7.947999999999999510e-01
-9.347999999999999643e-01
-1.759999999999999898e-01
-2.716999999999999971e-01
-9.246999999999999664e-01
6.582000000000000073e-01
-5.759999999999999565e-01
-3.811999999999999833e-01
3.950000000000000178e-01
6.191999999999999726e-01
-4.625000000000000222e-01
5.878999999999999782e-01
-3.020000000000000115e-02
9.822999999999999510e-01
-3.160000000000000031e-01
-4.914000000000000035e-01
-8.388999999999999790e-01
-7.405000000000000471e-01
3.909000000000000252e-01
4.030000000000000249e-02
-6.921000000000000485e-01
1.549999999999999989e-02
-6.199999999999999956e-02
9.870999999999999774e-01
4.137000000000000122e-01
3.865000000000000102e-01
7.720000000000000473e-02
3.613999999999999990e-01
6.660000000000000642e-02
9.636000000000000121e-01
-1.451999999999999957e-01
6.332999999999999741e-01
5.521000000000000352e-01
-7.479000000000000092e-01
-6.176000000000000378e-01
-1.436000000000000054e-01
1.009000000000000036e-01
3.915000000000000147e-01
8.870000000000000107e-02
9.913999999999999480e-01
2.722999999999999865e-01
7.330999999999999739e-01
2.872999999999999998e-01
8.814999999999999503e-01
-4.813000000000000056e-01
-3.350000000000000200e-01
-5.949999999999999734e-01
6.070999999999999730e-01
-7.549999999999999767e-02
7.133000000000000451e-01
5.929999999999999716e-01
-8.961000000000000076e-01
-3.287999999999999812e-01
-5.181999999999999940e-01
3.454999999999999738e-01
1.187000000000000000e-01
-8.466000000000000192e-01
5.103999999999999648e-01
1.242999999999999938e-01
-2.296999999999999875e-01
4.924000000000000044e-01
5.939999999999999725e-01
2.139999999999999888e-02
9.310000000000000497e-01
-8.336999999999999966e-01
3.235000000000000098e-01
1.010000000000000064e-01
-2.923999999999999932e-01
4.440999999999999948e-01
8.650999999999999801e-01
3.850000000000000089e-01
-7.976999999999999647e-01
-3.570999999999999730e-01
-3.032000000000000250e-01
1.850999999999999868e-01
-6.739000000000000545e-01
-8.145000000000000018e-01
-7.602999999999999758e-01
-9.619999999999999385e-02
6.580000000000000293e-01
5.500000000000000028e-02
-9.756000000000000227e-01
9.992999999999999661e-01
-8.125000000000000000e-01
2.016000000000000014e-01
7.792999999999999927e-01
4.031000000000000139e-01
1.746999999999999942e-01
-4.873999999999999999e-01
-8.269999999999999574e-01
1.373000000000000054e-01
4.037000000000000033e-01
-1.491999999999999993e-01
3.280000000000000138e-01
-8.893999999999999684e-01
-4.514000000000000234e-01
4.087999999999999967e-01
2.497000000000000053e-01
4.801000000000000267e-01
-1.652000000000000135e-01
-7.543999999999999595e-01
-7.752000000000000002e-01
5.783000000000000362e-01
9.479999999999999538e-02
8.461999999999999522e-01
-3.599999999999999901e-03
7.869000000000000439e-01
-2.026000000000000023e-01
8.309999999999999332e-02
9.226999999999999647e-01
-3.640999999999999792e-01
-2.104999999999999927e-01
-6.391000000000000014e-01
3.847999999999999754e-01
-8.687000000000000277e-01
-9.154999999999999805e-01
9.572000000000000508e-01
-4.524000000000000243e-01
2.270999999999999963e-01
-9.191000000000000281e-01
-1.751999999999999946e-01
7.470000000000000251e-02
6.602999999999999980e-01
1.355000000000000093e-01
2.686000000000000054e-01
-6.724999999999999867e-01
-8.010000000000000453e-02
3.377999999999999892e-01
2.096000000000000085e-01
-5.696999999999999842e-01
-2.903000000000000025e-01
-9.455999999999999961e-01
-8.187999999999999723e-01
-3.395000000000000240e-01
