8.968000000000000416e-01
-7.963999999999999968e-01
-3.373999999999999777e-01
-6.010000000000000064e-02
-4.599999999999999922e-03
-5.681000000000000494e-01
-6.891000000000000458e-01
3.114999999999999991e-01
4.875999999999999779e-01
1.489999999999999936e-01
8.840000000000000635e-02
-2.741000000000000103e-01
-7.623999999999999666e-01
7.973999999999999977e-01
5.199000000000000288e-01
-7.449000000000000066e-01
-6.682000000000000162e-01
5.392000000000000126e-01
1.822999999999999898e-01
7.914999999999999813e-01
8.317999999999999838e-01
6.882000000000000339e-01
7.950000000000000400e-01
-4.495999999999999996e-01
-7.090999999999999526e-01
-3.644000000000000017e-01
5.030000000000000027e-01
1.043000000000000038e-01
-1.257000000000000062e-01
-8.122000000000000330e-01
9.745000000000000329e-01
-1.349999999999999985e-02
-1.819999999999999951e-01
-5.372000000000000108e-01
8.309999999999999609e-01
-3.175000000000000044e-01
4.371999999999999775e-01
-4.888000000000000123e-01
3.060999999999999832e-01
1.955999999999999961e-01
-4.335999999999999854e-01
-2.546999999999999820e-01
6.323999999999999622e-01
-1.063999999999999946e-01
9.696000000000000174e-01
-6.221999999999999753e-01
1.348999999999999921e-01
-5.576999999999999735e-01
3.497000000000000108e-01
8.767000000000000348e-01
3.393999999999999795e-01
-1.512999999999999901e-01
9.400000000000000369e-03
6.028000000000000025e-01
4.727000000000000091e-01
6.044000000000000483e-01
3.573999999999999955e-01
-4.030000000000000249e-02
8.723999999999999533e-01
4.344000000000000083e-01
-3.160999999999999921e-01
9.217999999999999527e-01
2.716000000000000081e-01
-3.494999999999999774e-01
-2.031000000000000028e-01
-2.970000000000000070e-02
-5.362999999999999989e-01
-3.488999999999999879e-01
-7.220000000000000029e-02
1.456999999999999962e-01
5.659999999999999476e-01
-6.610000000000000320e-01
8.483000000000000540e-01
-3.190999999999999948e-01
4.565000000000000169e-01
-9.204999999999999849e-01
-8.444000000000000394e-01
7.298000000000000043e-01
7.196000000000000174e-01
-8.352000000000000535e-01
-2.011999999999999900e-01
4.932000000000000273e-01
8.437999999999999945e-01
-4.527999999999999803e-01
4.646000000000000130e-01
5.397999999999999465e-01
-9.211000000000000298e-01
5.404999999999999805e-01
4.371999999999999775e-01
1.444999999999999896e-01
-5.755000000000000115e-01
9.559999999999999609e-01
-5.100999999999999979e-01
1.115000000000000019e-01
-2.426999999999999991e-01
6.539999999999999980e-02
5.282999999999999918e-01
1.575000000000000011e-01
-3.780000000000000027e-01
9.072000000000000064e-01
-3.429999999999999716e-02
3.513999999999999901e-01
-5.628999999999999559e-01
-7.264000000000000457e-01
1.753000000000000114e-01
-8.722999999999999643e-01
-6.871000000000000441e-01
8.521999999999999575e-01
-2.508000000000000229e-01
-9.273000000000000131e-01
-9.321000000000000396e-01
-4.148000000000000020e-01
-9.005999999999999561e-01
-9.840000000000000135e-02
-9.547999999999999821e-01
6.530000000000000249e-01
-7.068999999999999728e-01
9.569999999999999341e-02
6.969999999999999807e-02
7.489000000000000101e-01
4.718999999999999861e-01
-6.531000000000000139e-01
3.417000000000000037e-01
-7.588000000000000300e-01
-7.931000000000000272e-01
-5.622000000000000330e-01
8.646000000000000352e-01
-3.106999999999999762e-01
-9.595000000000000195e-01
8.722999999999999643e-01
9.350000000000000533e-01
-8.060000000000000497e-01
-1.176999999999999991e-01
-9.596000000000000085e-01
-3.257999999999999785e-01
-2.592999999999999750e-01
8.851999999999999869e-01
3.348999999999999755e-01
-2.912000000000000144e-01
5.190000000000000169e-02
-6.208000000000000185e-01
3.886000000000000010e-01
8.465000000000000302e-01
-8.915999999999999481e-01
5.410000000000000225e-02
7.268999999999999906e-01
9.918000000000000149e-01
-8.479999999999999760e-01
8.191000000000000503e-01
-1.073000000000000065e-01
9.193000000000000060e-01
6.383999999999999675e-01
6.816999999999999726e-01
-5.823000000000000398e-01
3.684000000000000052e-01
3.330000000000000182e-01
-4.255999999999999783e-01
-8.567000000000000171e-01
3.195000000000000062e-01
-5.334999999999999742e-01
4.084999999999999742e-01
2.399999999999999911e-01
-9.754000000000000448e-01
-3.934000000000000274e-01
-4.057000000000000051e-01
-1.329999999999999932e-02
2.700000000000000178e-01
2.348999999999999977e-01
-3.367999999999999883e-01
-2.800000000000000058e-02
-7.103000000000000425e-01
-4.768000000000000016e-01
2.175999999999999879e-01
-1.910000000000000031e-01
9.625000000000000222e-01
-9.525000000000000133e-01
5.412000000000000144e-01
-4.194999999999999840e-01
2.602999999999999758e-01
1.726000000000000034e-01
9.804000000000000492e-01
-6.727999999999999536e-01
-2.635000000000000120e-01
5.745999999999999996e-01
-6.054000000000000492e-01
4.171000000000000263e-01
-1.809999999999999942e-01
-6.533999999999999808e-01
-9.035999999999999588e-01
-7.732999999999999874e-01
-4.789999999999999813e-01
-3.351000000000000090e-01
-6.048999999999999932e-01
-7.917999999999999483e-01
-8.140000000000000013e-02
-4.880999999999999783e-01
-5.255999999999999561e-01
-7.362999999999999545e-01
-2.210000000000000159e-02
9.085999999999999632e-01
8.742999999999999661e-01
-6.475999999999999535e-01
-3.672000000000000264e-01
2.207999999999999963e-01
7.902000000000000135e-01
-9.370000000000000551e-01
7.185000000000000275e-01
7.472999999999999643e-01
7.321999999999999620e-01
8.960000000000000187e-01
2.147999999999999909e-01
2.207999999999999963e-01
3.372999999999999887e-01
1.015999999999999959e-01
-6.732000000000000206e-01
7.789000000000000368e-01
-4.627999999999999892e-01
-7.785999999999999588e-01
-5.078000000000000291e-01
3.715999999999999859e-01
-2.400000000000000050e-02
-6.743999999999999995e-01
-6.179000000000000048e-01
-7.658000000000000362e-01
-5.644000000000000128e-01
3.377000000000000002e-01
-3.827999999999999736e-01
5.094999999999999529e-01
-6.908999999999999586e-01
1.731999999999999929e-01
-8.157999999999999696e-01
-2.230000000000000038e-01
-8.225000000000000089e-01
-6.494999999999999662e-01
-4.501000000000000001e-01
-3.682000000000000273e-01
-6.363999999999999657e-01
-2.782999999999999918e-01
-2.094000000000000028e-01
-1.209999999999999964e-01
-1.270999999999999908e-01
5.627999999999999670e-01
7.983999999999999986e-01
5.967000000000000082e-01
-9.048000000000000487e-01
-1.627000000000000113e-01
-2.207000000000000073e-01
9.437999999999999723e-01
6.740000000000000435e-01
2.727999999999999869e-01
-7.631000000000000005e-01
-9.827000000000000179e-01
-6.664999999999999813e-01
-8.079999999999999682e-02
-3.911000000000000032e-01
1.419999999999999873e-01
-2.215000000000000024e-01
-8.867000000000000437e-01
3.190000000000000058e-01
1.635999999999999954e-01
-9.930999999999999828e-01
-3.497000000000000108e-01
-6.875000000000000000e-01
-5.405999999999999694e-01
4.128000000000000003e-01
5.079000000000000181e-01
-7.750000000000000222e-01
6.467000000000000526e-01
6.600000000000000311e-01
1.801000000000000101e-01
1.648999999999999910e-01
5.933000000000000496e-01
