-2.699999999999999969e-02
-7.276000000000000245e-01
-7.658000000000000362e-01
-1.257999999999999952e-01
-1.141999999999999960e-01
-1.781000000000000083e-01
-7.956999999999999629e-01
9.759999999999999787e-01
7.573999999999999622e-01
-4.669999999999999846e-02
2.174000000000000099e-01
8.381999999999999451e-01
-3.044000000000000039e-01
-8.640999999999999792e-01
6.458000000000000407e-01
-9.392000000000000348e-01
5.290000000000000258e-01
4.364000000000000101e-01
-8.809000000000000163e-01
-1.663000000000000034e-01
-7.094000000000000306e-01
-8.289999999999999591e-01
-7.207000000000000073e-01
-8.307999999999999829e-01
5.419000000000000483e-01
3.569999999999999840e-01
3.395000000000000240e-01
5.362999999999999989e-01
6.364999999999999547e-01
1.184000000000000052e-01
-3.882999999999999785e-01
-5.947000000000000064e-01
2.353999999999999981e-01
8.591999999999999638e-01
-6.218000000000000194e-01
-2.167999999999999927e-01
-5.125999999999999446e-01
8.505000000000000338e-01
-5.880999999999999561e-01
4.953000000000000180e-01
-2.767999999999999905e-01
-2.495999999999999885e-01
-7.862000000000000099e-01
-5.813000000000000389e-01
7.299999999999999822e-01
-9.508999999999999675e-01
3.881999999999999895e-01
7.658000000000000362e-01
-9.569999999999999618e-01
2.876000000000000223e-01
4.243999999999999995e-01
-3.775999999999999912e-01
9.670999999999999597e-01
-7.809000000000000385e-01
-2.687999999999999834e-01
-8.859000000000000208e-01
4.934999999999999942e-01
-8.368999999999999773e-01
-7.586000000000000520e-01
9.819999999999999563e-02
-9.523000000000000353e-01
-5.849999999999999645e-01
2.293999999999999928e-01
-5.399999999999999939e-02
-9.301000000000000378e-01
5.844000000000000306e-01
4.781000000000000250e-01
2.757999999999999896e-01
-9.775000000000000355e-01
3.704000000000000070e-01
5.974000000000000421e-01
-6.569000000000000394e-01
4.159999999999999809e-02
-4.761000000000000232e-01
8.478999999999999870e-01
7.258000000000000007e-01
3.599999999999999867e-01
8.379999999999999949e-02
-8.377999999999999892e-01
-1.870999999999999885e-01
5.758999999999999675e-01
-5.120000000000000245e-02
6.284999999999999476e-01
7.118999999999999773e-01
6.441999999999999948e-01
4.440000000000000058e-01
2.280999999999999972e-01
8.387999999999999901e-01
-4.793999999999999928e-01
-4.067000000000000060e-01
-5.050999999999999934e-01
7.425000000000000488e-01
-2.731000000000000094e-01
-1.400000000000000029e-02
2.039999999999999869e-01
9.075999999999999623e-01
5.401000000000000245e-01
4.711000000000000187e-01
-8.177999999999999714e-01
6.133999999999999453e-01
-7.069999999999999896e-02
6.124000000000000554e-01
-7.497000000000000330e-01
4.074999999999999734e-01
-2.344999999999999862e-01
7.612999999999999767e-01
-1.864999999999999991e-01
-8.830000000000000349e-02
-3.553000000000000047e-01
-3.134000000000000119e-01
-3.297999999999999821e-01
-3.310000000000000164e-01
-9.240000000000000435e-01
2.416000000000000092e-01
-7.772999999999999909e-01
1.385000000000000120e-01
-9.613000000000000433e-01
2.320000000000000118e-01
-8.497000000000000108e-01
-4.223999999999999977e-01
-3.674000000000000044e-01
4.415000000000000036e-01
5.667999999999999705e-01
-6.932000000000000384e-01
7.449999999999999678e-02
-8.086999999999999744e-01
-2.849999999999999756e-01
-5.543000000000000149e-01
-7.776999999999999469e-01
-4.712000000000000077e-01
1.110000000000000014e-01
9.035999999999999588e-01
2.661000000000000032e-01
-9.557999999999999829e-01
-8.756000000000000449e-01
9.605000000000000204e-01
1.209999999999999964e-01
-3.116999999999999771e-01
-1.643999999999999906e-01
3.352999999999999869e-01
-1.695000000000000118e-01
4.895999999999999797e-01
3.133000000000000229e-01
-4.015000000000000235e-01
3.855999999999999983e-01
4.808999999999999941e-01
-9.431000000000000494e-01
-2.939999999999999836e-01
2.626000000000000001e-01
4.929000000000000048e-01
-9.223000000000000087e-01
4.138999999999999901e-01
6.177000000000000268e-01
-7.076999999999999957e-01
-3.009000000000000008e-01
9.003999999999999782e-01
7.880000000000000338e-01
2.475999999999999868e-01
-3.356999999999999984e-01
1.285999999999999921e-01
-5.868999999999999773e-01
-2.391999999999999960e-01
-4.544000000000000261e-01
-5.712000000000000410e-01
-1.381000000000000005e-01
7.547000000000000375e-01
-3.776999999999999802e-01
-9.297999999999999599e-01
6.703999999999999959e-01
9.304000000000000048e-01
2.612999999999999767e-01
2.492000000000000048e-01
4.374000000000000110e-01
4.198000000000000065e-01
4.828000000000000069e-01
-1.869000000000000106e-01
-6.004000000000000448e-01
2.703999999999999737e-01
-5.469000000000000528e-01
4.436999999999999833e-01
3.417999999999999927e-01
4.391999999999999793e-01
8.630999999999999783e-01
5.476999999999999647e-01
-4.319000000000000061e-01
-9.264999999999999902e-01
3.699999999999999817e-02
8.585000000000000409e-01
-7.799999999999999642e-03
2.228999999999999870e-01
-4.585000000000000187e-01
-5.689999999999999919e-02
-8.823999999999999622e-01
-3.720999999999999863e-01
7.566000000000000503e-01
8.898000000000000353e-01
-2.612999999999999767e-01
-2.268999999999999906e-01
6.359000000000000208e-01
-8.186999999999999833e-01
-6.191999999999999726e-01
-5.794000000000000261e-01
5.014999999999999458e-01
5.537999999999999590e-01
3.463999999999999857e-01
2.948000000000000065e-01
-9.909000000000000030e-01
3.672000000000000264e-01
6.518000000000000460e-01
-2.746999999999999997e-01
-9.649999999999999689e-01
-9.089999999999999469e-02
-3.357999999999999874e-01
4.778999999999999915e-01
2.424999999999999933e-01
-8.567000000000000171e-01
9.408999999999999586e-01
5.247000000000000552e-01
1.180999999999999966e-01
3.029000000000000026e-01
8.255000000000000115e-01
3.244000000000000217e-01
6.775999999999999801e-01
4.390999999999999903e-01
-7.364000000000000545e-01
-6.055000000000000382e-01
7.963000000000000078e-01
-3.351000000000000090e-01
8.439999999999999725e-01
9.786000000000000254e-01
-7.337000000000000188e-01
7.611999999999999877e-01
5.863000000000000433e-01
4.172000000000000153e-01
4.482999999999999763e-01
3.961000000000000076e-01
-4.635000000000000231e-01
-6.430000000000000160e-01
-1.766000000000000070e-01
7.220999999999999641e-01
-8.219999999999999529e-01
2.195999999999999897e-01
2.280000000000000082e-01
-2.699999999999999969e-02
-1.904000000000000137e-01
-3.300000000000000155e-01
-1.400000000000000133e-01
8.899000000000000243e-01
3.574999999999999845e-01
3.568000000000000060e-01
7.518000000000000238e-01
-7.046999999999999931e-01
5.097000000000000419e-01
-9.790000000000000091e-02
6.359000000000000208e-01
3.537000000000000144e-01
7.910000000000000364e-01
-9.700000000000000289e-03
6.030999999999999694e-01
8.985999999999999543e-01
7.418000000000000149e-01
-1.282999999999999974e-01
-7.258000000000000007e-01
-9.417999999999999705e-01
-9.451000000000000512e-01
4.900999999999999801e-01
2.054999999999999882e-01
7.900000000000000355e-01
-6.895000000000000018e-01
2.147999999999999909e-01
8.146999999999999797e-01
-7.560000000000000053e-02
