2.872000000000000108e-01
2.964999999999999858e-01
-5.550000000000000072e-02
4.218000000000000083e-01
-4.203999999999999959e-01
-6.947999999999999732e-01
-7.971000000000000307e-01
-3.412000000000000033e-01
5.282000000000000028e-01
8.415000000000000258e-01
4.022999999999999909e-01
2.389999999999999902e-01
8.354000000000000314e-01
-5.806999999999999940e-01
5.600000000000000117e-02
6.690000000000000113e-02
7.893999999999999906e-01
8.390000000000000235e-02
1.087999999999999939e-01
-5.034999999999999476e-01
8.011000000000000343e-01
-2.773999999999999799e-01
3.094000000000000083e-01
3.015999999999999792e-01
-1.773000000000000131e-01
2.494000000000000106e-01
9.413000000000000256e-01
5.131000000000000005e-01
-2.703999999999999737e-01
3.682000000000000273e-01
-1.091000000000000025e-01
5.059000000000000163e-01
-5.092999999999999750e-01
2.033000000000000085e-01
-2.684000000000000274e-01
-9.665000000000000258e-01
3.820000000000000062e-01
-2.034999999999999865e-01
3.321999999999999953e-01
-1.189000000000000057e-01
-2.142000000000000015e-01
7.360999999999999766e-01
9.296999999999999709e-01
-1.791000000000000092e-01
-8.356999999999999984e-01
-5.860999999999999543e-01
6.409000000000000252e-01
7.086000000000000076e-01
-8.429999999999999993e-02
7.367000000000000215e-01
2.172999999999999932e-01
5.330000000000000293e-01
-8.773999999999999577e-01
7.520000000000000018e-01
-4.200000000000000261e-02
-3.501000000000000223e-01
9.827000000000000179e-01
-3.446000000000000174e-01
-3.715999999999999859e-01
-5.161999999999999922e-01
6.001999999999999558e-01
-7.858000000000000540e-01
1.502000000000000002e-01
-2.948000000000000065e-01
-2.796000000000000152e-01
7.067999999999999838e-01
-9.908000000000000140e-01
8.424000000000000377e-01
-9.476999999999999869e-01
2.305000000000000104e-01
7.671999999999999931e-01
7.140000000000000513e-02
1.450000000000000074e-02
3.103000000000000203e-01
-2.429000000000000048e-01
3.217999999999999750e-01
4.079999999999999738e-01
-6.659000000000000474e-01
2.878999999999999893e-01
4.890999999999999792e-01
-5.655999999999999917e-01
-8.937000000000000499e-01
6.596999999999999531e-01
2.706000000000000072e-01
-1.965999999999999970e-01
-3.059000000000000052e-01
-6.569000000000000394e-01
-2.074000000000000010e-01
-3.544999999999999818e-01
-2.245999999999999941e-01
3.821999999999999842e-01
5.986000000000000210e-01
9.596000000000000085e-01
-9.834000000000000519e-01
-3.799000000000000155e-01
-4.920000000000000068e-02
-8.967000000000000526e-01
-6.722000000000000197e-01
1.481999999999999984e-01
9.675000000000000266e-01
3.139000000000000123e-01
-8.313000000000000389e-01
-9.607999999999999874e-01
8.960000000000000187e-01
2.489999999999999991e-01
8.832999999999999741e-01
-3.446000000000000174e-01
6.121999999999999664e-01
6.651000000000000245e-01
7.431999999999999718e-01
-8.701999999999999735e-01
-6.381000000000000005e-01
1.502000000000000002e-01
5.547999999999999599e-01
1.656999999999999862e-01
-1.097999999999999948e-01
-5.978999999999999870e-01
8.506000000000000227e-01
-8.487000000000000099e-01
6.475999999999999535e-01
-1.476000000000000090e-01
-2.293999999999999928e-01
-3.129000000000000115e-01
-5.034999999999999476e-01
-8.901999999999999913e-01
-1.728999999999999981e-01
-8.905999999999999472e-01
-5.909999999999999976e-02
1.781999999999999973e-01
9.723000000000000531e-01
-1.184999999999999942e-01
7.902000000000000135e-01
2.366000000000000048e-01
-5.080999999999999961e-01
-9.397999999999999687e-01
-8.943999999999999728e-01
-7.628000000000000336e-01
-6.579999999999999738e-02
-9.790999999999999703e-01
-9.415000000000000036e-01
5.946000000000000174e-01
-1.265000000000000013e-01
2.131000000000000116e-01
-5.386999999999999567e-01
-5.659999999999999476e-01
9.021000000000000130e-01
8.528000000000000025e-01
6.861000000000000432e-01
1.681999999999999884e-01
-6.654999999999999805e-01
-1.069999999999999944e-02
-2.844999999999999751e-01
7.810000000000000275e-01
4.996999999999999775e-01
-9.288999999999999480e-01
4.597999999999999865e-01
4.072999999999999954e-01
3.342999999999999861e-01
-1.696999999999999897e-01
7.966999999999999638e-01
-4.192000000000000171e-01
-2.792000000000000037e-01
4.138999999999999901e-01
-5.528999999999999471e-01
-8.053000000000000158e-01
8.245000000000000107e-01
3.891999999999999904e-01
-9.782999999999999474e-01
7.455000000000000515e-01
3.230000000000000232e-02
1.429999999999999882e-01
7.017999999999999794e-01
-9.849999999999999867e-01
4.467999999999999750e-01
1.254000000000000115e-01
-3.497000000000000108e-01
-7.965999999999999748e-01
5.449999999999999983e-02
-2.649000000000000243e-01
-6.666999999999999593e-01
9.604000000000000314e-01
6.795999999999999819e-01
7.299999999999999545e-02
4.010000000000000231e-01
9.696000000000000174e-01
5.645999999999999908e-01
-7.040000000000000424e-02
5.393000000000000016e-01
-6.215000000000000524e-01
-1.937000000000000111e-01
-4.415000000000000036e-01
6.562999999999999945e-01
-6.127000000000000224e-01
-8.650999999999999801e-01
-2.510999999999999899e-01
-6.342999999999999750e-01
2.755000000000000226e-01
-8.518999999999999906e-01
-1.867000000000000048e-01
-2.943999999999999950e-01
9.627000000000000002e-01
9.880999999999999783e-01
-8.699999999999999400e-02
-9.553000000000000380e-01
-6.441000000000000059e-01
-9.829999999999999849e-01
-1.983000000000000040e-01
-2.142000000000000015e-01
-5.017000000000000348e-01
-3.965000000000000191e-01
3.502000000000000113e-01
-1.990000000000000102e-01
-8.880000000000000115e-01
1.006999999999999978e-01
-3.406000000000000139e-01
-7.499999999999999722e-03
-6.511000000000000121e-01
6.799999999999999621e-03
-6.431999999999999940e-01
-4.445000000000000062e-01
-7.574999999999999512e-01
1.811000000000000110e-01
5.383000000000000007e-01
-1.723999999999999977e-01
-6.582999999999999963e-01
8.799000000000000155e-01
-3.830999999999999961e-01
6.291999999999999815e-01
4.917000000000000259e-01
4.593999999999999750e-01
-1.670999999999999985e-01
7.853999999999999870e-01
-4.213999999999999968e-01
-4.469000000000000195e-01
4.003999999999999782e-01
1.635999999999999954e-01
-7.470000000000000251e-02
3.279000000000000248e-01
-4.524000000000000243e-01
-2.934999999999999831e-01
-7.619000000000000217e-01
5.829999999999999627e-01
-2.268999999999999906e-01
2.396000000000000074e-01
-4.086000000000000187e-01
-5.594999999999999973e-01
8.233000000000000318e-01
7.000999999999999446e-01
2.505000000000000004e-01
6.140000000000000319e-02
1.037000000000000005e-01
2.968999999999999972e-01
-8.397000000000000020e-01
-9.464000000000000190e-01
-3.373999999999999777e-01
-9.920999999999999819e-01
-4.596999999999999975e-01
3.521000000000000241e-01
9.252000000000000224e-01
4.835999999999999743e-01
8.487000000000000099e-01
-3.085999999999999854e-01
5.906000000000000139e-01
-6.927999999999999714e-01
-6.633000000000000007e-01
5.850999999999999535e-01
1.718000000000000083e-01
5.517999999999999572e-01
6.111999999999999655e-01
5.967000000000000082e-01
-2.719999999999999848e-02
-1.039999999999999952e-02
