7.825999999999999623e-01
-8.696000000000000396e-01
9.041000000000000147e-01
7.116999999999999993e-01
3.113000000000000211e-01
-8.062000000000000277e-01
-5.135999999999999455e-01
-9.274000000000000021e-01
-6.581000000000000183e-01
7.526000000000000467e-01
5.704000000000000181e-01
7.598000000000000309e-01
-6.700000000000000400e-02
-1.592999999999999972e-01
2.409000000000000030e-01
-4.111000000000000210e-01
7.374000000000000554e-01
-4.807000000000000162e-01
9.939000000000000057e-01
-4.233000000000000096e-01
-3.086999999999999744e-01
-5.350000000000000311e-01
9.889000000000000012e-01
2.083000000000000129e-01
7.459999999999999964e-02
8.914999999999999591e-01
-5.946000000000000174e-01
5.253999999999999782e-01
4.233000000000000096e-01
5.118000000000000327e-01
-5.674000000000000155e-01
-3.627000000000000224e-01
8.019999999999999352e-02
2.944999999999999840e-01
3.005999999999999783e-01
9.518999999999999684e-01
-3.785000000000000031e-01
5.149000000000000243e-01
-2.790000000000000119e-02
-2.278000000000000025e-01
9.758999999999999897e-01
4.300999999999999823e-01
-8.212000000000000410e-01
-1.774999999999999911e-01
3.930000000000000160e-01
1.625999999999999945e-01
-8.034000000000000030e-01
-9.520999999999999464e-01
-9.689999999999999725e-01
7.599000000000000199e-01
-7.467000000000000304e-01
-6.349000000000000199e-01
4.445000000000000062e-01
-1.302000000000000102e-01
-1.909999999999999892e-02
1.218999999999999945e-01
6.693999999999999950e-01
-1.512000000000000011e-01
-5.329000000000000403e-01
6.636999999999999567e-01
6.680000000000000382e-01
3.960000000000000187e-01
9.532000000000000473e-01
-3.679999999999999938e-01
-7.945999999999999730e-01
6.188000000000000167e-01
-9.174999999999999822e-01
9.496999999999999886e-01
-6.859999999999999432e-02
4.289000000000000035e-01
-5.370000000000000329e-01
9.121000000000000218e-01
4.010000000000000231e-01
-5.786000000000000032e-01
3.442000000000000060e-01
-2.580000000000000071e-01
-6.081999999999999629e-01
-6.916999999999999815e-01
3.113000000000000211e-01
1.776999999999999968e-01
8.444000000000000394e-01
6.058000000000000052e-01
1.340000000000000080e-01
7.554999999999999494e-01
4.270999999999999797e-01
-7.906999999999999584e-01
-7.534999999999999476e-01
-2.149000000000000077e-01
-7.682999999999999829e-01
4.939000000000000057e-01
-1.570999999999999897e-01
3.333999999999999742e-01
6.480000000000000204e-01
9.969999999999999696e-02
-4.015000000000000235e-01
4.182000000000000162e-01
5.806999999999999940e-01
-5.410000000000000364e-01
3.639999999999999902e-01
-9.562000000000000499e-01
-7.730000000000000204e-01
-7.649000000000000243e-01
2.644000000000000239e-01
-1.665999999999999981e-01
-1.030999999999999972e-01
8.056999999999999718e-01
9.522000000000000464e-01
-4.047000000000000042e-01
8.145000000000000018e-01
4.758999999999999897e-01
-1.429999999999999882e-01
7.989000000000000545e-01
-5.630000000000000282e-02
-6.687999999999999501e-01
-6.211999999999999744e-01
1.769999999999999907e-01
-1.315999999999999948e-01
-2.853999999999999870e-01
-6.950000000000000622e-02
5.350000000000000311e-01
-3.151999999999999802e-01
9.895000000000000462e-01
5.097000000000000419e-01
7.069999999999999618e-01
-7.829999999999999460e-02
-1.935999999999999943e-01
-5.715000000000000080e-01
-9.059999999999999998e-02
-4.585000000000000187e-01
4.148999999999999910e-01
7.963000000000000078e-01
-8.512999999999999456e-01
4.797000000000000153e-01
-6.600000000000000311e-02
4.519000000000000239e-01
3.458999999999999853e-01
-7.832000000000000073e-01
-5.312999999999999945e-01
-6.423999999999999710e-01
-8.467000000000000082e-01
7.651999999999999913e-01
2.969999999999999862e-01
8.268999999999999684e-01
4.159999999999999809e-01
-7.984999999999999876e-01
3.785999999999999921e-01
5.048000000000000265e-01
1.290000000000000036e-01
-3.663000000000000145e-01
4.580000000000000043e-02
-2.472000000000000031e-01
6.137000000000000233e-01
-9.099999999999999756e-02
-4.193000000000000060e-01
8.144000000000000128e-01
-8.750999999999999890e-01
-4.349999999999999700e-02
-3.729999999999999982e-01
4.623999999999999777e-01
1.580000000000000154e-02
3.150999999999999912e-01
7.416000000000000369e-01
-9.945000000000000506e-01
-1.618999999999999884e-01
7.355000000000000426e-01
5.836999999999999966e-01
-8.844999999999999529e-01
-6.974000000000000199e-01
7.791000000000000147e-01
4.611000000000000099e-01
3.371000000000000107e-01
4.731000000000000205e-01
-4.758000000000000007e-01
-2.995999999999999774e-01
5.402000000000000135e-01
-6.663999999999999924e-01
9.082000000000000073e-01
-5.212999999999999856e-01
-9.402000000000000357e-01
6.258000000000000229e-01
-4.064999999999999725e-01
-2.310999999999999999e-01
-4.081000000000000183e-01
6.535999999999999588e-01
-5.336999999999999522e-01
7.285000000000000364e-01
4.238999999999999990e-01
-8.425000000000000266e-01
5.624000000000000110e-01
8.405000000000000249e-01
-1.862000000000000044e-01
-2.560000000000000053e-01
5.705000000000000071e-01
-5.830999999999999517e-01
-9.566000000000000059e-01
-5.746999999999999886e-01
6.985999999999999988e-01
3.375000000000000222e-01
-5.611000000000000432e-01
-8.925999999999999490e-01
9.311000000000000387e-01
5.715000000000000080e-01
-5.260000000000000231e-01
3.221999999999999864e-01
4.988000000000000211e-01
-9.736000000000000210e-01
7.356000000000000316e-01
-4.260999999999999788e-01
3.159000000000000141e-01
-1.277000000000000079e-01
-9.472000000000000419e-01
5.884000000000000341e-01
2.310000000000000109e-01
-2.132000000000000006e-01
-8.233000000000000318e-01
-7.749999999999999944e-02
-9.520999999999999464e-01
-7.711000000000000076e-01
-1.014000000000000040e-01
-8.780000000000000027e-01
6.167000000000000259e-01
2.381000000000000061e-01
-7.173000000000000487e-01
2.406000000000000083e-01
-3.350000000000000200e-01
-4.919999999999999929e-01
-2.321000000000000008e-01
-4.860999999999999766e-01
6.439000000000000279e-01
1.902000000000000079e-01
-4.687000000000000055e-01
-5.678999999999999604e-01
4.959999999999999826e-02
5.363999999999999879e-01
8.004000000000000004e-01
-1.842000000000000026e-01
-9.024999999999999689e-01
8.323000000000000398e-01
5.756000000000000005e-01
1.600000000000000033e-01
3.775000000000000022e-01
-6.330999999999999961e-01
1.706999999999999906e-01
-1.592000000000000082e-01
-1.940000000000000058e-02
2.109000000000000041e-01
7.655999999999999472e-01
-9.475000000000000089e-01
4.164999999999999813e-01
5.255999999999999561e-01
7.428000000000000158e-01
8.023000000000000131e-01
-8.566000000000000281e-01
8.625000000000000444e-01
8.849000000000000199e-01
3.175000000000000044e-01
4.506999999999999895e-01
-6.242999999999999661e-01
9.838000000000000078e-01
-8.234000000000000208e-01
-8.606000000000000316e-01
-7.138999999999999790e-01
3.599999999999999867e-01
8.810000000000000053e-01
6.169000000000000039e-01
-1.464000000000000024e-01
-4.776000000000000245e-01
7.914999999999999813e-01
-3.693000000000000171e-01
7.684999999999999609e-01
-5.173999999999999710e-01
4.949000000000000066e-01
