-9.522000000000000464e-01
-4.830999999999999739e-01
8.426000000000000156e-01
-5.530000000000000471e-01
-3.170000000000000040e-01
-1.053000000000000047e-01
-9.163999999999999924e-01
7.549000000000000155e-01
7.813999999999999835e-01
2.184999999999999998e-01
5.779999999999999583e-01
9.878000000000000114e-01
8.797000000000000375e-01
-7.512999999999999678e-01
-5.003999999999999559e-01
4.183999999999999941e-01
1.230000000000000017e-02
6.380000000000000115e-01
-8.184000000000000163e-01
8.941000000000000059e-01
3.659000000000000030e-01
-5.928999999999999826e-01
-5.326999999999999513e-01
-3.753000000000000225e-01
1.837999999999999912e-01
6.743000000000000105e-01
2.005000000000000115e-01
2.086999999999999966e-01
3.795000000000000040e-01
1.388999999999999957e-01
3.578999999999999959e-01
-6.709000000000000519e-01
-6.197000000000000286e-01
-9.520999999999999464e-01
9.958000000000000185e-01
-7.175000000000000266e-01
-7.065000000000000169e-01
-9.286999999999999700e-01
4.635000000000000231e-01
-2.695000000000000173e-01
9.929999999999999938e-01
-7.642999999999999794e-01
-8.486000000000000210e-01
5.547999999999999599e-01
9.979999999999999982e-01
-6.927999999999999714e-01
-3.187999999999999723e-01
5.190000000000000169e-01
-4.455999999999999961e-01
-8.354000000000000314e-01
-1.436999999999999944e-01
7.916999999999999593e-01
-8.445000000000000284e-01
-2.622999999999999776e-01
9.808999999999999941e-01
5.977000000000000091e-01
-2.003000000000000058e-01
5.067000000000000393e-01
4.567999999999999838e-01
4.939999999999999947e-01
-8.740999999999999881e-01
-8.364000000000000323e-01
5.469000000000000528e-01
-8.932999999999999829e-01
4.966999999999999749e-01
-2.160999999999999865e-01
2.403000000000000136e-01
-3.053000000000000158e-01
-5.490000000000000435e-01
-3.039999999999999994e-02
3.714000000000000079e-01
-4.946999999999999731e-01
4.657999999999999918e-01
-9.446999999999999842e-01
-8.733999999999999542e-01
1.039000000000000062e-01
7.848000000000000531e-01
1.529000000000000081e-01
7.702999999999999847e-01
1.178000000000000019e-01
-1.171999999999999986e-01
-1.472999999999999865e-01
3.297999999999999821e-01
-6.766999999999999682e-01
9.638999999999999790e-01
9.332000000000000295e-01
1.650999999999999968e-01
-8.580000000000000127e-02
2.669000000000000261e-01
2.940999999999999726e-01
-3.393999999999999795e-01
3.740000000000000269e-02
-5.723000000000000309e-01
-8.074000000000000066e-01
-5.041999999999999815e-01
-6.775999999999999801e-01
3.604999999999999871e-01
-4.724999999999999756e-01
-8.125000000000000000e-01
-7.643999999999999684e-01
4.000000000000000083e-03
9.586000000000000076e-01
2.299999999999999961e-02
5.650000000000000161e-02
8.642999999999999572e-01
6.995000000000000107e-01
-7.417000000000000259e-01
-4.042000000000000037e-01
-8.013000000000000123e-01
-5.760999999999999455e-01
-5.830999999999999517e-01
-6.973000000000000309e-01
-8.665000000000000480e-01
-7.392999999999999572e-01
7.266000000000000236e-01
-2.767999999999999905e-01
-7.993999999999999995e-01
2.053000000000000103e-01
2.854999999999999760e-01
8.532999999999999474e-01
1.912999999999999978e-01
-3.696999999999999731e-01
-3.356999999999999984e-01
1.190000000000000085e-02
-3.264000000000000234e-01
3.796999999999999820e-01
-2.330000000000000127e-01
-1.696999999999999897e-01
7.580000000000000626e-02
-8.779000000000000137e-01
-5.375999999999999668e-01
3.608000000000000096e-01
3.059999999999999942e-01
9.173000000000000043e-01
-7.087999999999999856e-01
7.153000000000000469e-01
6.995999999999999996e-01
-5.332999999999999963e-01
-9.404000000000000137e-01
-7.582999999999999741e-01
8.305000000000000160e-01
-3.109999999999999987e-01
2.235999999999999932e-01
-5.956000000000000183e-01
-3.489999999999999769e-01
1.932000000000000106e-01
1.408000000000000085e-01
-4.003999999999999782e-01
-2.970000000000000070e-02
-6.064000000000000501e-01
-7.077999999999999847e-01
5.318000000000000504e-01
2.821000000000000174e-01
-3.058000000000000163e-01
6.401999999999999913e-01
-3.121999999999999775e-01
-3.113000000000000211e-01
-9.361000000000000432e-01
4.680000000000000132e-02
6.971000000000000529e-01
1.262999999999999956e-01
-5.895000000000000240e-01
-7.068999999999999728e-01
-1.168000000000000010e-01
3.938999999999999724e-01
2.509000000000000119e-01
-8.450999999999999623e-01
6.642000000000000126e-01
-7.903999999999999915e-01
1.385000000000000120e-01
9.328999999999999515e-01
4.994999999999999996e-01
-1.736999999999999933e-01
-7.030999999999999472e-01
-1.318000000000000005e-01
9.824000000000000510e-01
-2.429999999999999868e-02
3.612000000000000210e-01
1.230000000000000017e-02
-7.929000000000000492e-01
-3.966999999999999971e-01
4.217000000000000193e-01
4.350999999999999868e-01
4.077999999999999958e-01
-5.099000000000000199e-01
9.997000000000000330e-01
-1.160999999999999949e-01
-2.240999999999999936e-01
-6.274999999999999467e-01
5.773000000000000353e-01
2.620000000000000107e-01
5.856000000000000094e-01
5.082999999999999741e-01
-4.606999999999999984e-01
7.568000000000000282e-01
-6.057000000000000162e-01
-8.157999999999999696e-01
-7.010999999999999455e-01
2.447999999999999898e-01
-9.497999999999999776e-01
2.097999999999999865e-01
-9.644000000000000350e-01
7.667000000000000481e-01
5.051999999999999824e-01
-8.218999999999999639e-01
7.286000000000000254e-01
1.159000000000000030e-01
9.723000000000000531e-01
9.792999999999999483e-01
-5.369000000000000439e-01
-2.350000000000000006e-02
5.181999999999999940e-01
-4.904000000000000026e-01
-7.897999999999999465e-01
2.722999999999999865e-01
8.764999999999999458e-01
3.880000000000000115e-02
-5.050000000000000322e-02
-5.720000000000000084e-02
4.127000000000000113e-01
2.979999999999999871e-01
5.558999999999999497e-01
7.845999999999999641e-01
8.862999999999999767e-01
7.423999999999999488e-01
1.049999999999999961e-01
7.478000000000000203e-01
-7.702999999999999847e-01
8.781999999999999806e-01
-6.454999999999999627e-01
-8.184000000000000163e-01
2.933999999999999941e-01
-1.000999999999999945e-01
-3.738000000000000211e-01
1.595000000000000029e-01
4.662999999999999923e-01
-4.662999999999999923e-01
-3.675999999999999823e-01
-8.377000000000000002e-01
5.021999999999999797e-01
2.569000000000000172e-01
5.300000000000000024e-03
9.657999999999999918e-01
-9.352000000000000313e-01
1.358999999999999930e-01
-8.290999999999999481e-01
7.066999999999999948e-01
3.704000000000000070e-01
-1.963999999999999913e-01
-1.947000000000000119e-01
6.919999999999999485e-01
-6.637999999999999456e-01
8.240000000000000102e-02
3.013000000000000123e-01
7.587000000000000410e-01
-1.050999999999999990e-01
-6.582000000000000073e-01
-8.290000000000000147e-02
8.113000000000000211e-01
2.273999999999999910e-01
1.318000000000000005e-01
-8.433000000000000496e-01
7.478000000000000203e-01
-7.440999999999999837e-01
9.021000000000000130e-01
-1.787999999999999867e-01
1.570000000000000007e-01
-7.862999999999999989e-01
3.718000000000000194e-01
-7.020999999999999464e-01
6.432999999999999829e-01
-8.089999999999999969e-02
