4.031000000000000139e-01
-5.306999999999999496e-01
4.499000000000000221e-01
5.514999999999999902e-01
-5.486999999999999655e-01
-5.840000000000000052e-02
3.799999999999999906e-02
-1.547999999999999932e-01
1.713000000000000078e-01
-5.530000000000000193e-02
-1.650000000000000078e-01
-3.701999999999999735e-01
9.021000000000000130e-01
-5.887000000000000011e-01
-1.842999999999999916e-01
-4.218999999999999972e-01
-1.580000000000000016e-01
2.926000000000000267e-01
9.470000000000000639e-02
7.803999999999999826e-01
1.688999999999999946e-01
7.530000000000000582e-02
-2.545000000000000040e-01
-7.648000000000000353e-01
-5.266999999999999460e-01
5.363999999999999879e-01
6.742000000000000215e-01
-9.451000000000000512e-01
2.199999999999999872e-02
5.050999999999999934e-01
9.781999999999999584e-01
-5.927999999999999936e-01
8.866000000000000547e-01
3.815999999999999948e-01
-8.580999999999999739e-01
-5.368000000000000549e-01
-1.426999999999999935e-01
-4.845999999999999752e-01
3.546000000000000263e-01
-6.580000000000000293e-01
3.338999999999999746e-01
1.058999999999999941e-01
6.518000000000000460e-01
5.989999999999999769e-01
-7.146000000000000130e-01
-6.176000000000000378e-01
-4.494000000000000217e-01
3.882999999999999785e-01
3.957999999999999852e-01
-4.945999999999999841e-01
3.139000000000000123e-01
-1.337000000000000133e-01
-6.927999999999999714e-01
-4.197000000000000175e-01
5.079999999999999793e-02
6.800000000000000488e-02
-3.429999999999999716e-02
5.859999999999999931e-02
3.000000000000000062e-03
-4.268000000000000127e-01
8.999999999999999320e-03
9.301000000000000378e-01
5.392000000000000126e-01
-6.965999999999999970e-01
5.274999999999999689e-01
-9.993999999999999551e-01
-9.108000000000000540e-01
9.487999999999999767e-01
8.979000000000000314e-01
2.696999999999999953e-01
7.600999999999999979e-01
-9.536999999999999922e-01
-6.413999999999999702e-01
3.486000000000000210e-01
5.427999999999999492e-01
-3.932999999999999829e-01
-6.367000000000000437e-01
-4.475999999999999979e-01
8.277999999999999803e-01
-6.086000000000000298e-01
-8.672999999999999599e-01
9.814000000000000501e-01
-6.771000000000000352e-01
-6.017000000000000126e-01
-5.248000000000000442e-01
-3.731999999999999762e-01
4.047000000000000042e-01
-5.927999999999999936e-01
-8.729000000000000092e-01
-3.330000000000000321e-02
1.532000000000000028e-01
4.555000000000000160e-01
9.937000000000000277e-01
5.433000000000000052e-01
-5.770000000000000129e-02
-5.803000000000000380e-01
1.814999999999999947e-01
-4.161000000000000254e-01
8.039999999999999925e-02
-9.597999999999999865e-01
-5.049000000000000155e-01
4.179999999999999827e-01
7.913999999999999924e-01
5.674000000000000155e-01
8.416000000000000147e-01
-1.092999999999999944e-01
-7.198999999999999844e-01
8.450000000000000566e-02
-7.294000000000000483e-01
-5.099999999999999672e-02
-9.529999999999999583e-01
2.827000000000000068e-01
4.919000000000000039e-01
-4.920000000000000068e-02
-5.407999999999999474e-01
5.377999999999999448e-01
-1.287000000000000088e-01
-1.612999999999999989e-01
-1.968999999999999917e-01
7.238999999999999879e-01
5.673000000000000265e-01
8.944999999999999618e-01
-5.231000000000000094e-01
9.858000000000000096e-01
7.481999999999999762e-01
-8.190000000000000058e-02
-5.666999999999999815e-01
-7.230999999999999650e-01
-5.705000000000000071e-01
5.770000000000000129e-02
-4.748999999999999888e-01
-9.751999999999999558e-01
5.260000000000000092e-02
8.214000000000000190e-01
-7.775999999999999579e-01
-1.496999999999999997e-01
-3.854000000000000203e-01
7.566000000000000503e-01
-4.803000000000000047e-01
3.049000000000000044e-01
7.681999999999999940e-01
-7.103000000000000425e-01
-3.135999999999999899e-01
6.280000000000000027e-01
2.850000000000000103e-02
2.644000000000000239e-01
-8.277999999999999803e-01
2.240999999999999936e-01
-6.492999999999999883e-01
-9.233000000000000096e-01
3.441000000000000170e-01
-1.718999999999999972e-01
-7.278999999999999915e-01
-1.590000000000000024e-01
-6.874000000000000110e-01
-6.697999999999999510e-01
-7.367000000000000215e-01
7.485000000000000542e-01
-5.212999999999999856e-01
-7.691999999999999948e-01
9.913999999999999480e-01
9.456999999999999851e-01
2.862000000000000099e-01
7.862000000000000099e-01
4.314000000000000057e-01
-3.749000000000000110e-01
-2.119000000000000050e-01
-2.812000000000000055e-01
-6.974000000000000199e-01
8.600000000000000006e-03
4.433000000000000274e-01
-4.746000000000000218e-01
-5.897000000000000020e-01
8.762999999999999678e-01
4.248999999999999999e-01
-9.164999999999999813e-01
9.172000000000000153e-01
-2.575999999999999956e-01
8.632999999999999563e-01
-1.037000000000000005e-01
5.039000000000000146e-01
-9.020000000000000240e-02
-4.249999999999999889e-01
6.859999999999999432e-02
-7.922000000000000153e-01
-4.859999999999999876e-01
-5.469000000000000528e-01
-4.575000000000000178e-01
1.990000000000000102e-01
5.043999999999999595e-01
8.959000000000000297e-01
8.154000000000000137e-01
-1.255000000000000004e-01
-8.139999999999999458e-01
9.424000000000000155e-01
6.870000000000000551e-01
-4.899000000000000021e-01
2.359999999999999945e-02
-1.396999999999999909e-01
-6.620000000000000329e-01
3.340000000000000191e-01
6.750000000000000444e-01
3.392000000000000015e-01
-7.985999999999999766e-01
4.026000000000000134e-01
-1.020000000000000073e-02
-6.036000000000000254e-01
-2.487000000000000044e-01
-8.575000000000000400e-01
-2.359999999999999876e-01
-2.777000000000000024e-01
3.477000000000000091e-01
3.869000000000000217e-01
3.725999999999999868e-01
-3.509999999999999787e-01
-9.756000000000000227e-01
1.403000000000000080e-01
3.867999999999999772e-01
-5.929999999999999716e-01
2.978999999999999981e-01
3.574999999999999845e-01
-2.189999999999999933e-02
-8.473000000000000531e-01
-9.647999999999999909e-01
3.981999999999999984e-01
9.159000000000000474e-01
2.293999999999999928e-01
-4.240999999999999770e-01
2.167000000000000037e-01
1.298999999999999877e-01
-7.372999999999999554e-01
6.671000000000000263e-01
-5.553000000000000158e-01
2.162000000000000033e-01
-1.472999999999999865e-01
7.017999999999999794e-01
2.821000000000000174e-01
7.099999999999999645e-01
1.557000000000000051e-01
5.645000000000000018e-01
-5.338000000000000522e-01
6.549000000000000377e-01
-4.283000000000000140e-01
2.000000000000000042e-02
-1.008000000000000007e-01
-5.674000000000000155e-01
9.645000000000000240e-01
-3.004999999999999893e-01
-7.396000000000000352e-01
3.045999999999999819e-01
1.877000000000000057e-01
1.000999999999999945e-01
4.616999999999999993e-01
7.745999999999999552e-01
7.996999999999999664e-01
3.085999999999999854e-01
-2.313999999999999946e-01
2.296999999999999875e-01
-5.062999999999999723e-01
-5.575999999999999845e-01
-7.850000000000000033e-02
8.045999999999999819e-01
3.433999999999999830e-01
-9.360000000000000264e-02
-2.094000000000000028e-01
8.213000000000000300e-01
1.459999999999999909e-01
1.353999999999999926e-01
3.440000000000000002e-02
8.717000000000000304e-01
-4.100000000000000346e-03
-7.650000000000000133e-01
