-8.188999999999999613e-01
5.401000000000000245e-01
-1.849999999999999978e-01
6.833000000000000185e-01
-7.259999999999999787e-01
-5.364999999999999769e-01
1.368999999999999939e-01
-5.341000000000000192e-01
-2.920000000000000026e-02
5.628999999999999559e-01
2.884999999999999787e-01
4.766000000000000236e-01
4.933000000000000163e-01
-7.830000000000000293e-01
-7.026999999999999913e-01
5.984000000000000430e-01
6.303999999999999604e-01
-8.353000000000000425e-01
4.761000000000000232e-01
-9.349999999999999978e-02
8.055999999999999828e-01
-9.796000000000000263e-01
-2.368999999999999995e-01
-4.300000000000000003e-03
-3.730999999999999872e-01
1.234999999999999987e-01
-8.528999999999999915e-01
-7.308999999999999941e-01
-1.160000000000000059e-01
-4.074999999999999734e-01
5.229999999999999927e-02
-4.954000000000000070e-01
7.269999999999999796e-01
-8.139999999999999458e-01
2.592999999999999750e-01
2.409999999999999920e-01
2.510000000000000078e-02
-5.340000000000000302e-01
-8.605000000000000426e-01
-4.685000000000000275e-01
-7.648000000000000353e-01
-8.135000000000000009e-01
-1.373000000000000054e-01
-4.228000000000000091e-01
-3.749999999999999861e-02
1.768000000000000127e-01
3.170999999999999930e-01
6.112999999999999545e-01
2.898999999999999910e-01
-3.019999999999999907e-01
1.937000000000000111e-01
-6.713999999999999968e-01
-5.280000000000000249e-01
7.393999999999999462e-01
5.484999999999999876e-01
-1.160999999999999949e-01
-6.660000000000000364e-01
6.902000000000000357e-01
-3.598999999999999977e-01
-7.370000000000000162e-02
9.608999999999999764e-01
8.800999999999999934e-01
1.609999999999999973e-02
8.572999999999999510e-01
-7.106999999999999984e-01
-2.450000000000000094e-02
-6.510000000000000231e-01
4.385000000000000009e-01
-8.786000000000000476e-01
6.469000000000000306e-01
-8.540000000000000369e-02
3.361000000000000099e-01
3.096999999999999753e-01
-8.921000000000000041e-01
-9.838999999999999968e-01
6.091999999999999638e-01
-3.259000000000000230e-01
-2.482999999999999929e-01
-6.873000000000000220e-01
-9.179000000000000492e-01
6.038999999999999924e-01
4.819999999999999979e-02
-1.622000000000000108e-01
9.832999999999999519e-01
-6.874000000000000110e-01
1.605999999999999928e-01
-1.572999999999999954e-01
-3.689000000000000057e-01
-6.928999999999999604e-01
7.151999999999999469e-01
7.537000000000000366e-01
9.697000000000000064e-01
-1.388999999999999957e-01
-8.169999999999999485e-01
2.707999999999999852e-01
-9.204999999999999849e-01
7.362999999999999545e-01
-7.879999999999999505e-02
7.383999999999999453e-01
-2.702999999999999847e-01
2.577999999999999736e-01
8.433000000000000496e-01
-9.788000000000000034e-01
-9.394000000000000128e-01
1.155000000000000054e-01
1.597000000000000086e-01
5.459000000000000519e-01
1.937000000000000111e-01
-6.523999999999999799e-01
3.810000000000000192e-02
-8.435000000000000275e-01
-8.839000000000000190e-01
-5.752000000000000446e-01
-9.156999999999999584e-01
4.041000000000000147e-01
-5.109000000000000208e-01
1.744999999999999885e-01
6.794999999999999929e-01
-3.897999999999999798e-01
-7.499999999999999722e-03
-2.301999999999999880e-01
9.049000000000000377e-01
-2.494000000000000106e-01
-2.019999999999999921e-02
6.563999999999999835e-01
4.741000000000000214e-01
-7.392999999999999572e-01
5.108000000000000318e-01
9.365999999999999881e-01
-7.690000000000000169e-01
7.919000000000000483e-01
-9.799999999999999822e-01
-2.283999999999999919e-01
7.548000000000000265e-01
1.706000000000000016e-01
-9.986000000000000432e-01
3.713000000000000189e-01
-6.519000000000000350e-01
1.980000000000000163e-02
5.040999999999999925e-01
3.356000000000000094e-01
8.020000000000000462e-01
-4.325999999999999845e-01
-5.987999999999999989e-01
-5.420000000000000373e-01
2.828999999999999848e-01
8.550000000000000655e-02
-8.530999999999999694e-01
3.849999999999999950e-02
4.990999999999999881e-01
-8.110000000000000542e-01
-2.299999999999999961e-02
-5.977000000000000091e-01
-3.687000000000000277e-01
-3.249000000000000221e-01
-7.514999999999999458e-01
7.199999999999999803e-03
9.102999999999999980e-01
5.410000000000000364e-01
-1.537999999999999923e-01
6.966999999999999860e-01
-6.771000000000000352e-01
4.691000000000000170e-01
4.190999999999999726e-01
-8.540999999999999703e-01
-6.640000000000000346e-01
2.871000000000000218e-01
-5.756999999999999895e-01
-5.729999999999999677e-02
5.842000000000000526e-01
-1.819999999999999951e-01
-2.621999999999999886e-01
-6.189999999999999669e-02
8.756000000000000449e-01
-8.419999999999999707e-02
6.716999999999999638e-01
4.622999999999999887e-01
-3.761999999999999789e-01
-4.922000000000000264e-01
7.147999999999999909e-01
-9.513000000000000345e-01
6.202999999999999625e-01
2.376000000000000056e-01
2.421000000000000096e-01
9.856000000000000316e-01
-1.517999999999999905e-01
-9.011000000000000121e-01
-5.445999999999999730e-01
-3.840000000000000080e-01
-6.893000000000000238e-01
-5.628999999999999559e-01
6.004000000000000448e-01
-1.066000000000000003e-01
8.834999999999999520e-01
1.859000000000000097e-01
3.760999999999999899e-01
-2.898999999999999910e-01
3.400000000000000244e-02
5.937000000000000055e-01
-6.504999999999999671e-01
6.812000000000000277e-01
6.563999999999999835e-01
6.908999999999999586e-01
-4.324000000000000066e-01
3.608999999999999986e-01
-3.537000000000000144e-01
-1.932000000000000106e-01
-8.323000000000000398e-01
1.847000000000000031e-01
3.970000000000000195e-01
2.084999999999999909e-01
1.701999999999999902e-01
-7.564999999999999503e-01
-1.141999999999999960e-01
-7.748000000000000442e-01
9.556000000000000050e-01
-4.600000000000000200e-01
-8.363000000000000433e-01
1.930000000000000118e-02
3.741999999999999771e-01
-8.236999999999999877e-01
1.149000000000000021e-01
8.071000000000000396e-01
-3.788000000000000256e-01
-6.353999999999999648e-01
-3.533000000000000029e-01
9.644000000000000350e-01
-7.902000000000000135e-01
-4.567999999999999838e-01
-4.839999999999999858e-02
-4.425000000000000044e-01
-2.826000000000000179e-01
-2.036999999999999922e-01
2.270999999999999963e-01
2.947000000000000175e-01
5.238000000000000433e-01
-5.819999999999999618e-01
3.436000000000000165e-01
6.273999999999999577e-01
-3.653000000000000136e-01
5.187000000000000499e-01
6.515999999999999570e-01
2.525000000000000022e-01
3.091999999999999749e-01
2.318999999999999950e-01
-1.039999999999999952e-02
-5.984000000000000430e-01
6.189000000000000057e-01
4.264999999999999902e-01
1.308999999999999886e-01
9.264000000000000012e-01
9.205999999999999739e-01
8.501999999999999558e-01
-6.064000000000000501e-01
-5.957000000000000073e-01
8.587000000000000188e-01
3.421000000000000152e-01
2.558000000000000274e-01
-9.835000000000000409e-01
4.117999999999999994e-01
2.556999999999999829e-01
5.850000000000000339e-02
4.178999999999999937e-01
2.620000000000000107e-01
9.836000000000000298e-01
2.621999999999999886e-01
7.155000000000000249e-01
-5.382000000000000117e-01
-6.473999999999999755e-01
-1.658000000000000029e-01
2.560000000000000123e-02
-2.501999999999999780e-01
