5.685000000000000053e-01
-2.779999999999999832e-02
-6.554999999999999716e-01
7.554999999999999494e-01
5.590000000000000524e-01
-8.999999999999999667e-02
-6.254999999999999449e-01
-3.215000000000000080e-01
-8.743999999999999551e-01
6.058000000000000052e-01
9.167999999999999483e-01
-1.658999999999999919e-01
9.409999999999999476e-01
-1.000999999999999945e-01
-4.621999999999999997e-01
8.897000000000000464e-01
5.432000000000000162e-01
-1.066000000000000003e-01
5.633000000000000229e-01
-9.271000000000000352e-01
-5.530000000000000193e-02
-9.234999999999999876e-01
-8.679000000000000048e-01
3.503000000000000003e-01
-9.257999999999999563e-01
-2.757000000000000006e-01
-9.018000000000000460e-01
6.673999999999999932e-01
6.602000000000000091e-01
1.522999999999999909e-01
1.089999999999999997e-01
6.019999999999999657e-02
-7.851000000000000201e-01
6.843000000000000194e-01
-7.859000000000000430e-01
5.406999999999999584e-01
7.818000000000000504e-01
-2.011000000000000010e-01
-1.063000000000000056e-01
9.830999999999999739e-01
4.510000000000000120e-01
-1.194999999999999951e-01
-3.811999999999999833e-01
3.346999999999999975e-01
-7.900000000000000772e-03
-6.424999999999999600e-01
8.770000000000000018e-01
-9.114999999999999769e-01
-3.299999999999999982e-03
-2.325000000000000122e-01
-7.146000000000000130e-01
4.102999999999999980e-01
-6.069999999999999840e-01
6.725999999999999757e-01
4.561999999999999944e-01
2.422999999999999876e-01
2.356000000000000039e-01
-8.263000000000000345e-01
-7.668000000000000371e-01
-4.531000000000000028e-01
-4.349000000000000088e-01
1.620999999999999941e-01
2.766000000000000125e-01
-5.493000000000000105e-01
-9.650000000000000244e-02
-2.740000000000000213e-01
3.759000000000000119e-01
-9.724000000000000421e-01
-1.077000000000000041e-01
-3.453999999999999848e-01
2.723999999999999755e-01
2.336000000000000021e-01
-5.153999999999999693e-01
-1.330000000000000071e-01
8.527000000000000135e-01
-7.107999999999999874e-01
-1.315000000000000058e-01
9.499999999999999556e-01
-5.729999999999999538e-01
-7.449999999999999678e-02
-7.492999999999999661e-01
-7.566000000000000503e-01
8.998000000000000442e-01
-1.836000000000000132e-01
4.279000000000000026e-01
4.541000000000000036e-01
-8.114000000000000101e-01
-4.323000000000000176e-01
2.154999999999999971e-01
-2.061999999999999944e-01
-8.830999999999999961e-01
-2.303000000000000047e-01
9.134999999999999787e-01
-3.520000000000000212e-02
-1.048000000000000043e-01
3.171999999999999820e-01
2.235999999999999932e-01
3.607000000000000206e-01
-9.221000000000000307e-01
-5.534999999999999920e-01
5.891999999999999460e-01
3.020999999999999797e-01
4.244999999999999885e-01
-7.557000000000000384e-01
9.679999999999999716e-02
-1.915999999999999925e-01
-5.748999999999999666e-01
-4.640000000000000235e-01
-5.264999999999999680e-01
-6.276000000000000467e-01
-5.976000000000000201e-01
7.370999999999999774e-01
-1.685999999999999999e-01
-9.454000000000000181e-01
9.677000000000000046e-01
-6.986999999999999877e-01
-5.047000000000000375e-01
8.531999999999999584e-01
-2.172999999999999932e-01
2.109999999999999931e-01
1.885000000000000009e-01
-3.272999999999999798e-01
-8.760000000000000009e-01
2.199000000000000121e-01
-2.812000000000000055e-01
9.643000000000000460e-01
-5.069000000000000172e-01
-6.585999999999999632e-01
7.003000000000000336e-01
6.560000000000000553e-02
-2.202999999999999958e-01
-8.296999999999999931e-01
-5.191000000000000059e-01
1.729999999999999871e-01
5.580000000000000238e-02
6.930000000000000049e-02
-7.984999999999999876e-01
-5.597999999999999643e-01
-8.489999999999999769e-01
5.901999999999999469e-01
-5.565999999999999837e-01
2.780000000000000249e-01
-2.043999999999999984e-01
3.694000000000000061e-01
5.141999999999999904e-01
-6.609000000000000430e-01
3.437999999999999945e-01
-9.893999999999999462e-01
-8.379999999999999949e-02
-5.756000000000000005e-01
-3.806999999999999829e-01
-1.313999999999999890e-01
9.859999999999999876e-01
2.214000000000000135e-01
-6.480000000000000204e-01
7.744999999999999662e-01
-9.870999999999999774e-01
1.545999999999999874e-01
1.207000000000000017e-01
-8.305000000000000160e-01
2.361999999999999933e-01
3.494999999999999774e-01
2.152999999999999914e-01
-3.972999999999999865e-01
-7.816999999999999504e-01
-7.550999999999999934e-01
5.113999999999999657e-01
9.283000000000000140e-01
4.924999999999999933e-01
-3.353999999999999759e-01
-9.127999999999999448e-01
1.089999999999999997e-02
-6.975000000000000089e-01
3.991000000000000103e-01
-4.319999999999999951e-01
3.261000000000000010e-01
2.406999999999999973e-01
-9.160000000000000087e-02
-5.436999999999999611e-01
3.029000000000000026e-01
-8.260000000000000675e-02
9.840999999999999748e-01
-2.977000000000000202e-01
2.147999999999999909e-01
-2.063000000000000111e-01
6.719999999999999585e-02
6.499999999999999702e-03
-1.895999999999999908e-01
3.574999999999999845e-01
-2.755000000000000226e-01
5.721000000000000529e-01
3.801999999999999824e-01
-8.738000000000000211e-01
9.514000000000000234e-01
-8.078999999999999515e-01
9.852999999999999536e-01
4.121000000000000218e-01
2.160000000000000114e-02
4.561999999999999944e-01
-3.373999999999999777e-01
-8.390999999999999570e-01
-2.460000000000000034e-02
6.314999999999999503e-01
-7.661999999999999922e-01
-5.779999999999999721e-02
8.210000000000000631e-02
4.450999999999999956e-01
7.630000000000000671e-02
1.093999999999999972e-01
2.333000000000000074e-01
4.254000000000000004e-01
6.899999999999999467e-01
4.006000000000000116e-01
8.550999999999999712e-01
8.685000000000000497e-01
4.661000000000000143e-01
-7.959000000000000519e-01
9.112000000000000099e-01
2.778999999999999804e-01
5.389000000000000457e-01
9.734000000000000430e-01
-3.609999999999999876e-01
-6.558000000000000496e-01
-3.161999999999999811e-01
7.312999999999999501e-01
-5.033999999999999586e-01
-3.960000000000000187e-01
3.500000000000000073e-03
5.342000000000000082e-01
2.923000000000000043e-01
-3.420000000000000262e-01
5.272999999999999909e-01
-3.210999999999999965e-01
2.698999999999999733e-01
3.478999999999999870e-01
-7.776999999999999469e-01
-1.559000000000000108e-01
1.824999999999999956e-01
-2.494999999999999996e-01
3.301999999999999935e-01
-8.957000000000000517e-01
1.690000000000000113e-01
-2.053000000000000103e-01
4.682999999999999940e-01
-9.789999999999999813e-01
-7.630000000000000115e-01
-5.371000000000000218e-01
9.314999999999999947e-01
-2.144999999999999962e-01
-7.324000000000000510e-01
4.474000000000000199e-01
3.057000000000000273e-01
-1.204999999999999960e-01
7.219999999999999751e-01
-2.560000000000000123e-02
-1.683999999999999941e-01
-5.899999999999999689e-02
-1.092999999999999944e-01
-6.444999999999999618e-01
-1.854000000000000092e-01
6.847999999999999643e-01
9.160000000000000364e-01
-9.149999999999999800e-02
1.565000000000000002e-01
-2.989999999999999949e-02
-9.758000000000000007e-01
9.724000000000000421e-01
6.812000000000000277e-01
-3.130999999999999894e-01
-6.923000000000000265e-01
3.099999999999999891e-03
4.655000000000000249e-01
