1.768000000000000127e-01
4.637999999999999901e-01
-9.760000000000000620e-02
-5.091999999999999860e-01
9.306999999999999718e-01
7.046999999999999931e-01
-7.144000000000000350e-01
-9.902999999999999581e-01
-3.654000000000000026e-01
-6.148000000000000131e-01
-3.781999999999999806e-01
-4.894999999999999907e-01
3.976999999999999980e-01
-3.623999999999999999e-01
-4.007999999999999896e-01
-8.264000000000000234e-01
-7.284000000000000474e-01
1.549000000000000099e-01
6.653999999999999915e-01
9.307999999999999607e-01
8.530000000000000082e-02
9.787000000000000144e-01
7.749000000000000332e-01
8.716000000000000414e-01
6.117000000000000215e-01
8.163000000000000256e-01
2.380000000000000171e-02
-8.383000000000000451e-01
-8.346000000000000085e-01
-7.240999999999999659e-01
9.851999999999999647e-01
-5.403000000000000025e-01
-4.254999999999999893e-01
-8.272000000000000464e-01
-5.889999999999999680e-01
5.906000000000000139e-01
5.928999999999999826e-01
5.111999999999999877e-01
7.056999999999999940e-01
1.499000000000000055e-01
-5.554999999999999938e-01
5.333999999999999853e-01
4.325999999999999845e-01
8.959999999999999909e-02
-6.890000000000000291e-02
8.398999999999999799e-01
4.702999999999999958e-01
9.139999999999999514e-02
9.264000000000000012e-01
-6.845999999999999863e-01
8.723999999999999533e-01
-4.130000000000000338e-02
3.348999999999999755e-01
7.349999999999999867e-01
2.479000000000000092e-01
6.504999999999999671e-01
-5.888999999999999790e-01
-1.170999999999999958e-01
-6.765999999999999792e-01
2.225000000000000033e-01
2.253000000000000003e-01
2.980999999999999761e-01
5.199000000000000288e-01
-7.776999999999999469e-01
3.437000000000000055e-01
-1.043000000000000038e-01
6.645999999999999686e-01
8.033000000000000140e-01
6.061999999999999611e-01
-8.609999999999999598e-02
7.673999999999999710e-01
9.014999999999999680e-01
-2.983000000000000096e-01
2.330000000000000127e-02
9.585000000000000187e-01
1.799999999999999933e-01
1.055999999999999994e-01
-2.285999999999999976e-01
7.521999999999999797e-01
-3.889000000000000234e-01
7.568000000000000282e-01
6.764999999999999902e-01
-6.797999999999999599e-01
7.284000000000000474e-01
-2.137000000000000011e-01
-3.297999999999999821e-01
3.941999999999999948e-01
-5.306999999999999496e-01
7.786999999999999478e-01
-4.002000000000000002e-01
-9.154999999999999805e-01
-7.299999999999999545e-02
1.570999999999999897e-01
-6.834999999999999964e-01
5.454999999999999849e-01
-3.209000000000000186e-01
9.364999999999999991e-01
4.116000000000000214e-01
9.371000000000000441e-01
-5.799999999999999600e-01
6.193999999999999506e-01
-2.535000000000000031e-01
8.661999999999999700e-01
-8.161000000000000476e-01
2.391999999999999960e-01
-5.494999999999999885e-01
9.270000000000000462e-02
9.129000000000000448e-01
-9.830999999999999739e-01
8.328999999999999737e-01
5.929999999999999855e-02
4.980999999999999872e-01
8.245999999999999996e-01
-3.071999999999999731e-01
8.160000000000000586e-02
-9.282000000000000250e-01
4.994999999999999996e-01
-9.973999999999999533e-01
-3.190000000000000058e-01
-2.901000000000000245e-01
1.754999999999999893e-01
3.045999999999999819e-01
-1.720000000000000001e-02
-6.163999999999999480e-01
-1.131999999999999951e-01
2.025000000000000133e-01
-6.196000000000000396e-01
-8.959000000000000297e-01
-7.302999999999999492e-01
4.904999999999999916e-01
-9.151000000000000245e-01
1.280000000000000027e-01
-2.040000000000000147e-02
2.781000000000000139e-01
-8.667000000000000259e-01
-1.857999999999999929e-01
1.842000000000000026e-01
-1.050000000000000065e-02
4.989000000000000101e-01
-8.257999999999999785e-01
2.165999999999999870e-01
-3.783000000000000251e-01
2.706999999999999962e-01
3.538999999999999924e-01
5.171000000000000041e-01
7.440999999999999837e-01
-9.034999999999999698e-01
7.396000000000000352e-01
-4.257000000000000228e-01
7.456000000000000405e-01
2.316000000000000003e-01
-3.655999999999999805e-01
6.421999999999999931e-01
2.253000000000000003e-01
6.306000000000000494e-01
3.459999999999999881e-02
-7.809000000000000385e-01
-2.984999999999999876e-01
-2.439999999999999947e-01
8.157999999999999696e-01
-7.252999999999999448e-01
-8.883999999999999675e-01
-5.708999999999999631e-01
1.048999999999999932e-01
9.664000000000000368e-01
-7.419999999999999929e-01
7.701000000000000068e-01
-6.227000000000000313e-01
-2.419999999999999929e-01
-9.465999999999999970e-01
-5.349000000000000421e-01
-6.525999999999999579e-01
3.748000000000000220e-01
-6.182999999999999607e-01
8.582999999999999519e-01
-3.537000000000000144e-01
2.929999999999999966e-02
3.236999999999999877e-01
2.104999999999999927e-01
-9.967000000000000304e-01
-8.769000000000000128e-01
-7.169999999999999984e-02
-5.786000000000000032e-01
-1.122999999999999970e-01
-8.804999999999999494e-01
2.577999999999999736e-01
6.662000000000000144e-01
6.239999999999999991e-01
-2.164000000000000090e-01
-9.119000000000000439e-01
-7.097999999999999865e-01
-4.974000000000000088e-01
-2.258000000000000007e-01
5.768999999999999684e-01
6.398000000000000353e-01
6.584999999999999742e-01
-1.275999999999999912e-01
-4.971999999999999753e-01
6.731000000000000316e-01
-2.089000000000000024e-01
-1.042000000000000010e-01
9.639999999999999958e-02
-6.666999999999999593e-01
7.893999999999999906e-01
-8.860000000000000098e-01
6.807999999999999607e-01
4.037000000000000033e-01
-8.884999999999999565e-01
-2.759999999999999953e-02
-5.010000000000000009e-01
-9.616999999999999993e-01
-7.848000000000000531e-01
1.365999999999999992e-01
7.471999999999999753e-01
-2.587999999999999745e-01
-3.960000000000000187e-01
7.991000000000000325e-01
-4.273000000000000131e-01
7.760000000000000231e-02
-7.023000000000000353e-01
2.540000000000000036e-01
2.394000000000000017e-01
6.603999999999999870e-01
3.469999999999999751e-01
9.764000000000000457e-01
-9.275999999999999801e-01
-7.190000000000000557e-02
9.832999999999999519e-01
-9.797000000000000153e-01
-9.475000000000000089e-01
-4.862000000000000210e-01
9.100000000000000450e-03
6.788999999999999480e-01
-8.096999999999999753e-01
8.536000000000000254e-01
-3.921000000000000041e-01
-1.826000000000000123e-01
-2.449999999999999956e-01
-6.263999999999999568e-01
6.592999999999999972e-01
6.022999999999999465e-01
6.889999999999999458e-01
8.750999999999999890e-01
-2.412999999999999867e-01
7.383999999999999453e-01
4.006000000000000116e-01
-8.212000000000000410e-01
-2.929999999999999966e-02
4.540000000000000147e-01
-1.832999999999999907e-01
5.870000000000000218e-02
-4.499000000000000221e-01
-5.845000000000000195e-01
-7.328000000000000069e-01
2.506999999999999784e-01
8.804999999999999494e-01
4.798999999999999932e-01
4.601999999999999980e-01
-9.779999999999999805e-01
-4.419000000000000150e-01
-6.149999999999999911e-01
7.298999999999999932e-01
-3.926999999999999935e-01
1.300999999999999934e-01
-9.009000000000000341e-01
4.627999999999999892e-01
-9.896000000000000352e-01
2.549000000000000155e-01
-4.445000000000000062e-01
-3.660999999999999810e-01
-4.373000000000000220e-01
2.988000000000000100e-01
