4.585000000000000187e-01
-4.446999999999999842e-01
4.845999999999999752e-01
7.176000000000000156e-01
-8.254000000000000226e-01
-3.000000000000000062e-03
8.709999999999999687e-02
-5.653000000000000247e-01
5.966000000000000192e-01
-2.403000000000000136e-01
-4.544000000000000261e-01
1.155000000000000054e-01
-1.134000000000000008e-01
2.008000000000000063e-01
2.288000000000000034e-01
3.786999999999999811e-01
-1.859000000000000097e-01
-2.179999999999999993e-01
9.890000000000000180e-02
3.875000000000000111e-01
4.776000000000000245e-01
-3.209999999999999659e-02
-8.416000000000000147e-01
7.642999999999999794e-01
8.568999999999999950e-01
2.189999999999999933e-02
-3.059000000000000052e-01
-4.420000000000000318e-02
-4.274999999999999911e-01
5.510000000000000453e-01
6.643999999999999906e-01
9.431000000000000494e-01
-9.631999999999999451e-01
5.077000000000000401e-01
5.043999999999999595e-01
5.703000000000000291e-01
5.560000000000000497e-01
-4.230999999999999761e-01
-8.500000000000000611e-03
3.131999999999999784e-01
7.209999999999999742e-01
-9.691999999999999504e-01
-7.830000000000000293e-01
-8.066999999999999726e-01
-5.651000000000000467e-01
-5.837999999999999856e-01
1.562000000000000055e-01
-1.995999999999999996e-01
-3.205000000000000071e-01
9.021000000000000130e-01
-1.149000000000000021e-01
-2.097999999999999865e-01
3.200000000000000067e-02
-1.617999999999999994e-01
-1.429999999999999882e-01
5.400000000000000355e-01
8.480999999999999650e-01
-3.330000000000000321e-02
9.217999999999999527e-01
-3.657000000000000250e-01
-1.400000000000000133e-01
9.438999999999999613e-01
-4.501999999999999891e-01
-2.331000000000000016e-01
1.073000000000000065e-01
9.488999999999999657e-01
2.567999999999999727e-01
5.520000000000000462e-01
-4.285999999999999810e-01
8.087999999999999634e-01
9.820999999999999730e-01
4.984000000000000097e-01
-6.655999999999999694e-01
2.222000000000000086e-01
9.196999999999999620e-01
-5.097000000000000419e-01
6.283999999999999586e-01
-9.590999999999999526e-01
-9.189000000000000501e-01
-7.239999999999999769e-01
7.000000000000000666e-02
5.310000000000000275e-01
1.971999999999999864e-01
-7.860000000000000320e-02
-3.504999999999999782e-01
-6.147000000000000242e-01
2.834999999999999742e-01
-6.899999999999999467e-01
-9.792999999999999483e-01
7.360999999999999766e-01
-5.567999999999999616e-01
-3.266000000000000014e-01
-5.285999999999999588e-01
-9.193000000000000060e-01
-9.741999999999999549e-01
4.522999999999999798e-01
4.818000000000000060e-01
9.816000000000000281e-01
4.168000000000000038e-01
-6.739000000000000545e-01
-4.549000000000000266e-01
6.786999999999999700e-01
-3.266999999999999904e-01
8.211000000000000520e-01
-1.595999999999999919e-01
3.496000000000000218e-01
-1.269000000000000128e-01
-2.987000000000000210e-01
2.948000000000000065e-01
-5.971999999999999531e-01
-5.905000000000000249e-01
-1.837000000000000022e-01
-3.670999999999999819e-01
9.127999999999999448e-01
-8.921999999999999931e-01
-7.830000000000000293e-01
8.316999999999999948e-01
-9.500000000000000111e-02
6.211999999999999744e-01
-2.227000000000000091e-01
-1.110000000000000049e-02
1.370000000000000037e-02
3.212999999999999745e-01
-7.822000000000000064e-01
-7.104000000000000314e-01
-6.925000000000000044e-01
2.354999999999999871e-01
6.458000000000000407e-01
2.041999999999999926e-01
-4.689999999999999725e-02
-5.479000000000000536e-01
-2.257000000000000117e-01
-6.018999999999999906e-01
-9.171000000000000263e-01
-3.830999999999999961e-01
-5.699999999999999512e-01
2.466000000000000136e-01
4.119999999999999774e-01
-9.034999999999999698e-01
-9.429999999999999494e-02
-2.330000000000000127e-02
-6.945000000000000062e-01
-9.837000000000000188e-01
9.747999999999999998e-01
-5.161000000000000032e-01
7.865999999999999659e-01
-3.746999999999999775e-01
-5.569999999999999951e-02
7.824999999999999734e-01
-6.171999999999999709e-01
-2.180999999999999883e-01
4.827000000000000179e-01
-1.199999999999999895e-03
-8.282000000000000473e-01
-4.915999999999999814e-01
-6.876999999999999780e-01
4.479999999999999954e-02
2.837999999999999967e-01
-1.683000000000000052e-01
-7.449999999999999956e-01
-8.088999999999999524e-01
-3.715999999999999859e-01
5.709999999999999520e-01
-2.924999999999999822e-01
9.923999999999999488e-01
9.958000000000000185e-01
9.647999999999999909e-01
-1.430000000000000021e-02
-6.503999999999999782e-01
6.885000000000000009e-01
1.111000000000000043e-01
5.249000000000000332e-01
8.702999999999999625e-01
-1.587999999999999967e-01
8.394000000000000350e-01
-9.468999999999999639e-01
4.728999999999999870e-01
-2.872000000000000108e-01
-1.673000000000000043e-01
9.425999999999999934e-01
-8.550999999999999712e-01
-7.661999999999999922e-01
9.963999999999999524e-01
-4.152000000000000135e-01
4.774999999999999800e-01
7.900000000000000772e-03
-3.360000000000000209e-01
-4.087000000000000077e-01
5.012999999999999678e-01
8.453000000000000513e-01
6.421000000000000041e-01
5.031999999999999806e-01
-7.557000000000000384e-01
7.889999999999999791e-02
-6.895000000000000018e-01
-7.046999999999999931e-01
5.557999999999999607e-01
9.224999999999999867e-01
2.369999999999999885e-02
1.127999999999999975e-01
1.092000000000000054e-01
-4.763000000000000012e-01
1.264000000000000123e-01
9.171000000000000263e-01
-1.655000000000000082e-01
9.919000000000000039e-01
5.505999999999999783e-01
-9.297999999999999599e-01
6.618000000000000549e-01
-7.471999999999999753e-01
3.190000000000000058e-01
2.777999999999999914e-01
3.302999999999999825e-01
-6.353999999999999648e-01
-7.992000000000000215e-01
-2.529000000000000137e-01
-3.583000000000000074e-01
8.228999999999999648e-01
9.808000000000000052e-01
4.631000000000000116e-01
8.332000000000000517e-01
-4.153000000000000025e-01
-8.528000000000000025e-01
-5.505999999999999783e-01
-8.467999999999999972e-01
4.783000000000000029e-01
-4.028999999999999804e-01
-3.106999999999999762e-01
-9.070000000000000284e-02
-9.032999999999999918e-01
7.459000000000000075e-01
6.656999999999999584e-01
4.237000000000000210e-01
2.084999999999999909e-01
4.359000000000000097e-01
-7.389999999999999902e-01
-5.625000000000000000e-01
-2.200000000000000011e-01
-2.520000000000000018e-01
-4.708999999999999853e-01
5.486999999999999655e-01
-4.996999999999999775e-01
4.154999999999999805e-01
-6.940000000000000335e-02
-2.539000000000000146e-01
-8.950000000000000178e-01
-2.819999999999999937e-02
4.112000000000000099e-01
-9.768000000000000016e-01
1.585999999999999910e-01
-2.252000000000000113e-01
-2.470999999999999863e-01
2.684000000000000274e-01
8.709000000000000075e-01
2.469999999999999973e-01
7.427000000000000268e-01
-3.200999999999999956e-01
9.294999999999999929e-01
-3.936999999999999944e-01
-2.033000000000000085e-01
-6.320999999999999952e-01
-1.618999999999999884e-01
-5.524000000000000021e-01
3.866999999999999882e-01
5.725000000000000089e-01
-8.790000000000000591e-02
-7.467000000000000304e-01
-7.637000000000000455e-01
5.782000000000000473e-01
-9.857000000000000206e-01
-9.747999999999999998e-01
9.574000000000000288e-01
