-4.480999999999999983e-01
4.290000000000000063e-02
2.985999999999999766e-01
-9.850999999999999757e-01
-3.255000000000000115e-01
7.143000000000000460e-01
-3.017000000000000237e-01
1.195999999999999980e-01
2.817999999999999949e-01
-2.484999999999999987e-01
4.171000000000000263e-01
-1.250000000000000069e-02
7.299999999999999545e-02
-3.014999999999999902e-01
9.083999999999999853e-01
9.812999999999999501e-01
-2.452999999999999903e-01
-8.801999999999999824e-01
-8.140000000000000013e-02
7.804999999999999716e-01
8.997000000000000552e-01
6.612999999999999989e-01
-7.660000000000000142e-01
5.415999999999999703e-01
-5.198000000000000398e-01
6.428000000000000380e-01
1.875999999999999890e-01
-2.030000000000000138e-01
6.220999999999999863e-01
9.986000000000000432e-01
5.003999999999999559e-01
-7.068999999999999728e-01
-8.012000000000000233e-01
1.230000000000000017e-02
7.514999999999999458e-01
2.268999999999999906e-01
1.006999999999999978e-01
-9.099999999999999756e-02
8.635000000000000453e-01
-8.713999999999999524e-01
5.763000000000000345e-01
3.249000000000000221e-01
-9.936000000000000387e-01
6.324999999999999512e-01
8.087999999999999634e-01
-6.693999999999999950e-01
1.829000000000000070e-01
7.245000000000000329e-01
-8.200000000000000344e-02
-3.247999999999999776e-01
9.850000000000000422e-02
9.354999999999999982e-01
-3.554999999999999827e-01
-6.303999999999999604e-01
-3.803000000000000269e-01
-9.497999999999999776e-01
-7.346000000000000307e-01
-1.086000000000000021e-01
6.213999999999999524e-01
-1.963999999999999913e-01
-6.260000000000000286e-02
4.122999999999999998e-01
-8.600999999999999757e-01
-6.782000000000000250e-01
7.769000000000000350e-01
3.371000000000000107e-01
-3.574999999999999845e-01
-5.696999999999999842e-01
-7.580000000000000071e-01
2.686999999999999944e-01
5.552000000000000268e-01
-9.166999999999999593e-01
-5.319999999999999729e-02
-2.081999999999999962e-01
-3.694000000000000061e-01
-1.557999999999999940e-01
8.421999999999999487e-01
-1.385000000000000120e-01
2.626999999999999891e-01
-7.658000000000000362e-01
1.600000000000000033e-01
-6.633000000000000007e-01
9.450000000000000067e-02
7.183000000000000496e-01
6.665999999999999703e-01
-4.368000000000000216e-01
-7.513999999999999568e-01
9.816000000000000281e-01
-5.745999999999999996e-01
-1.209999999999999964e-02
-9.537999999999999812e-01
-5.030000000000000027e-01
2.761000000000000121e-01
-4.435999999999999943e-01
-6.354999999999999538e-01
7.379000000000000004e-01
-8.450000000000000566e-02
-8.922999999999999821e-01
-8.476000000000000201e-01
-4.254999999999999893e-01
8.179999999999999494e-01
8.768000000000000238e-01
-7.004000000000000226e-01
4.461999999999999855e-01
-3.625999999999999779e-01
3.609999999999999876e-01
-2.363999999999999990e-01
8.211000000000000520e-01
8.269999999999999574e-01
-5.060000000000000053e-01
-3.842999999999999750e-01
7.389000000000000012e-01
-2.503000000000000225e-01
1.827000000000000013e-01
6.599000000000000421e-01
-5.272000000000000020e-01
-4.959999999999999964e-01
-8.457999999999999963e-01
-9.255999999999999783e-01
-9.645000000000000240e-01
7.487000000000000322e-01
-7.544999999999999485e-01
7.159999999999999698e-02
-3.479999999999999760e-01
8.391999999999999460e-01
6.344999999999999529e-01
-5.938999999999999835e-01
3.810999999999999943e-01
5.000999999999999890e-01
6.642000000000000126e-01
4.978000000000000203e-01
-7.499999999999999722e-02
-7.897999999999999465e-01
-4.510000000000000120e-01
-5.063999999999999613e-01
9.628999999999999782e-01
7.131999999999999451e-01
-3.124000000000000110e-01
-6.169999999999999929e-01
1.963999999999999913e-01
-5.840999999999999526e-01
-2.416000000000000092e-01
-4.249999999999999889e-01
-2.736999999999999988e-01
-9.429999999999999494e-02
3.659000000000000030e-01
8.991999999999999993e-01
-9.055999999999999606e-01
6.209000000000000075e-01
-9.644000000000000350e-01
9.962999999999999634e-01
-4.808000000000000052e-01
-5.517999999999999572e-01
1.768000000000000127e-01
-3.620000000000000301e-02
6.320000000000000062e-01
-7.806999999999999496e-01
8.068999999999999506e-01
-4.771000000000000241e-01
4.299999999999999933e-01
-1.491999999999999993e-01
7.499999999999999722e-03
-9.971999999999999753e-01
-1.635999999999999954e-01
4.312000000000000277e-01
7.236000000000000210e-01
-9.663000000000000478e-01
5.666999999999999815e-01
7.229999999999999760e-01
-9.476999999999999869e-01
-9.583000000000000407e-01
-5.459000000000000519e-01
-7.831000000000000183e-01
8.528999999999999915e-01
-5.852000000000000535e-01
-9.869999999999999607e-02
-5.211999999999999966e-01
1.595000000000000029e-01
-5.116000000000000547e-01
-7.231999999999999540e-01
7.336000000000000298e-01
-8.493000000000000549e-01
-6.014000000000000457e-01
3.290000000000000147e-01
4.380000000000000004e-01
-6.329000000000000181e-01
-6.328000000000000291e-01
4.238000000000000100e-01
2.464999999999999969e-01
3.599999999999999867e-01
5.957999999999999963e-01
4.608999999999999764e-01
6.047000000000000153e-01
-8.330999999999999517e-01
3.758000000000000229e-01
-5.659999999999999754e-02
3.875000000000000111e-01
4.177000000000000157e-01
6.812000000000000277e-01
5.709999999999999798e-02
4.707000000000000073e-01
3.588999999999999968e-01
-2.253999999999999893e-01
1.554000000000000103e-01
5.528999999999999471e-01
-4.748999999999999888e-01
6.332999999999999741e-01
-2.544000000000000150e-01
9.485999999999999988e-01
-4.989999999999999991e-01
6.292999999999999705e-01
4.717000000000000082e-01
-6.390000000000000124e-01
5.466999999999999638e-01
-2.999999999999999889e-01
-4.934999999999999942e-01
-1.522999999999999909e-01
3.921000000000000041e-01
-3.877999999999999781e-01
2.129999999999999949e-01
1.962000000000000133e-01
-5.959999999999999742e-01
3.009999999999999898e-01
3.688000000000000167e-01
-4.461999999999999855e-01
2.520000000000000018e-02
-3.664999999999999925e-01
7.485000000000000542e-01
2.540999999999999925e-01
-6.739000000000000545e-01
-5.501000000000000334e-01
-3.640000000000000180e-02
5.215999999999999526e-01
1.050000000000000065e-02
5.694000000000000172e-01
-2.984999999999999876e-01
2.813999999999999835e-01
-5.453999999999999959e-01
2.680000000000000160e-01
-9.155999999999999694e-01
-2.564000000000000168e-01
8.530000000000000082e-02
8.809000000000000163e-01
-9.418999999999999595e-01
8.873999999999999666e-01
-3.886999999999999900e-01
6.754000000000000004e-01
-5.512000000000000233e-01
-7.512999999999999678e-01
2.826000000000000179e-01
-2.086000000000000076e-01
9.918000000000000149e-01
2.726999999999999980e-01
-5.324999999999999734e-01
5.004999999999999449e-01
-9.769999999999999518e-02
9.577999999999999847e-01
8.029999999999999638e-02
-1.837999999999999912e-01
1.908999999999999864e-01
-2.343000000000000083e-01
1.060999999999999999e-01
-4.969000000000000083e-01
2.928000000000000047e-01
5.554000000000000048e-01
-8.779000000000000137e-01
6.671000000000000263e-01
-4.909999999999999781e-02
-5.943000000000000504e-01
-5.322999999999999954e-01
-8.626000000000000334e-01
-7.801000000000000156e-01
