-8.730000000000000260e-02
6.888999999999999568e-01
3.195999999999999952e-01
-5.477999999999999536e-01
-8.745000000000000551e-01
6.853000000000000203e-01
-2.026999999999999913e-01
-3.322999999999999843e-01
-1.045999999999999985e-01
-7.547000000000000375e-01
-5.728999999999999648e-01
3.421000000000000152e-01
-7.169999999999999984e-02
2.670000000000000151e-01
6.574999999999999734e-01
1.666999999999999871e-01
5.362999999999999989e-01
8.113000000000000211e-01
2.452999999999999903e-01
-1.623999999999999888e-01
-5.793000000000000371e-01
4.744999999999999774e-01
-6.146000000000000352e-01
5.243999999999999773e-01
-7.959000000000000519e-01
-5.191000000000000059e-01
8.885999999999999455e-01
-5.135999999999999455e-01
-2.700000000000000178e-01
1.439000000000000001e-01
7.583999999999999631e-01
5.766999999999999904e-01
9.584000000000000297e-01
1.052000000000000018e-01
6.795999999999999819e-01
-5.439999999999999697e-02
-6.088999999999999968e-01
-4.433000000000000274e-01
6.740000000000000435e-01
-3.408999999999999808e-01
4.202000000000000179e-01
-9.307999999999999607e-01
-7.702999999999999847e-01
-9.898000000000000131e-01
5.704000000000000181e-01
8.469999999999999751e-01
-7.048999999999999710e-01
7.831000000000000183e-01
8.610999999999999766e-01
2.099999999999999922e-01
-3.432999999999999940e-01
-8.388999999999999790e-01
1.023000000000000020e-01
-6.017000000000000126e-01
-8.169999999999999485e-02
3.165999999999999925e-01
-5.990000000000000185e-02
9.333000000000000185e-01
3.054000000000000048e-01
1.799999999999999864e-02
3.865999999999999992e-01
-1.433999999999999997e-01
1.940999999999999948e-01
7.751000000000000112e-01
-3.037000000000000255e-01
7.259999999999999787e-01
-2.726999999999999980e-01
9.214999999999999858e-01
-2.560000000000000053e-01
-1.350000000000000089e-01
-6.161999999999999700e-01
9.284999999999999920e-01
9.679999999999999716e-02
5.006000000000000449e-01
-5.935000000000000275e-01
1.862999999999999934e-01
9.761999999999999567e-01
4.495000000000000107e-01
3.452000000000000068e-01
-2.994999999999999885e-01
6.066000000000000281e-01
-9.731999999999999540e-01
-9.953999999999999515e-01
-5.496999999999999664e-01
-8.937000000000000499e-01
-9.131000000000000227e-01
-7.046000000000000041e-01
-9.373000000000000220e-01
6.959999999999999520e-02
7.743999999999999773e-01
-7.519000000000000128e-01
-5.826000000000000068e-01
-1.106000000000000039e-01
1.908999999999999864e-01
-3.401000000000000134e-01
6.038000000000000034e-01
9.199999999999999845e-03
-2.810000000000000275e-01
-5.600000000000000117e-02
2.407999999999999863e-01
-5.530000000000000193e-02
1.500000000000000031e-03
5.094999999999999529e-01
-7.800000000000000266e-01
-4.203999999999999959e-01
-4.597999999999999865e-01
-2.084999999999999909e-01
2.117999999999999883e-01
-7.390999999999999792e-01
5.380000000000000338e-01
6.283999999999999586e-01
5.431000000000000272e-01
6.779999999999999916e-02
2.001000000000000001e-01
-7.100000000000000408e-03
4.150000000000000216e-02
-1.009999999999999960e-02
4.449000000000000177e-01
-7.130000000000000226e-02
-7.300000000000000065e-03
2.612999999999999767e-01
1.122999999999999970e-01
-6.998999999999999666e-01
-9.189000000000000501e-01
-8.094999999999999973e-01
-8.595000000000000417e-01
-3.294000000000000261e-01
-9.159000000000000474e-01
9.189999999999999558e-02
-2.963999999999999968e-01
-7.456000000000000405e-01
8.830999999999999961e-01
-4.096000000000000196e-01
-3.458999999999999853e-01
-2.610999999999999988e-01
-7.698000000000000398e-01
7.114000000000000323e-01
-8.686000000000000387e-01
