-9.524000000000000243e-01
1.426999999999999935e-01
-5.723000000000000309e-01
-5.322000000000000064e-01
3.289000000000000257e-01
6.546999999999999487e-01
8.205000000000000071e-01
-2.399999999999999911e-01
-2.852999999999999980e-01
7.262999999999999456e-01
-7.939000000000000501e-01
3.059999999999999873e-02
-9.799999999999999822e-01
-8.390999999999999570e-01
-5.785000000000000142e-01
3.030000000000000054e-02
4.477999999999999758e-01
9.788999999999999924e-01
-4.103999999999999870e-01
1.450000000000000074e-02
-2.889999999999999791e-01
-7.205000000000000293e-01
-3.761999999999999789e-01
-4.516999999999999904e-01
-2.531999999999999806e-01
8.154000000000000137e-01
4.596000000000000085e-01
-5.404999999999999805e-01
-6.652000000000000135e-01
3.019000000000000017e-01
-8.267999999999999794e-01
-4.333000000000000185e-01
9.507999999999999785e-01
6.716999999999999638e-01
4.903000000000000136e-01
-2.750000000000000222e-01
-4.329000000000000070e-01
-6.610000000000000597e-02
3.547000000000000153e-01
-9.101000000000000201e-01
-3.690999999999999837e-01
7.449999999999999956e-01
-2.237999999999999989e-01
-7.272999999999999465e-01
-4.904999999999999916e-01
3.689999999999999947e-01
3.694000000000000061e-01
3.543000000000000038e-01
4.768999999999999906e-01
8.483000000000000540e-01
3.250000000000000111e-02
-3.725999999999999868e-01
-5.026000000000000467e-01
7.020999999999999464e-01
1.368000000000000049e-01
-9.400000000000000369e-03
-4.259000000000000008e-01
3.022000000000000242e-01
-6.306000000000000494e-01
-4.319999999999999951e-01
-4.732999999999999985e-01
-5.062999999999999723e-01
8.440000000000000280e-02
-8.800000000000000530e-03
5.122999999999999776e-01
2.570999999999999952e-01
-2.441000000000000114e-01
-4.353000000000000203e-01
-6.306000000000000494e-01
3.425000000000000266e-01
4.833999999999999964e-01
-7.258000000000000007e-01
1.131000000000000061e-01
9.677000000000000046e-01
2.439000000000000057e-01
8.645000000000000462e-01
-8.505000000000000338e-01
-9.080000000000000571e-02
-9.848999999999999977e-01
-5.020000000000000157e-02
8.189999999999999503e-01
-6.569999999999999452e-02
-9.373000000000000220e-01
-1.590999999999999914e-01
-3.776999999999999802e-01
-7.175000000000000266e-01
5.199999999999999761e-03
-1.869000000000000106e-01
5.352000000000000091e-01
-4.423000000000000265e-01
9.868999999999999995e-01
-9.123999999999999888e-01
-1.282999999999999974e-01
1.210999999999999993e-01
7.654999999999999583e-01
-7.429000000000000048e-01
7.000999999999999446e-01
-7.209999999999999742e-01
-8.895999999999999464e-01
8.840000000000000080e-01
-3.518000000000000016e-01
9.983999999999999542e-01
3.171999999999999820e-01
-8.410999999999999588e-01
-5.321000000000000174e-01
-4.561000000000000054e-01
-2.710000000000000187e-01
4.055000000000000271e-01
3.339999999999999913e-02
-8.045999999999999819e-01
4.364999999999999991e-01
8.017999999999999572e-01
4.607999999999999874e-01
-6.380000000000000115e-01
-3.050999999999999823e-01
2.190999999999999892e-01
1.958999999999999908e-01
3.952999999999999847e-01
1.850999999999999868e-01
4.413000000000000256e-01
6.448000000000000398e-01
3.588000000000000078e-01
-6.687999999999999501e-01
-7.137000000000000011e-01
-6.400000000000000307e-03
1.587000000000000077e-01
-4.657999999999999918e-01
-3.590000000000000135e-02
-4.351999999999999758e-01
5.260000000000000092e-02
-4.505000000000000115e-01
9.455999999999999961e-01
-9.053999999999999826e-01
-6.754000000000000004e-01
-7.511999999999999789e-01
-5.628999999999999559e-01
4.485999999999999988e-01
2.046000000000000041e-01
