5.589999999999999830e-02
1.265000000000000013e-01
8.003000000000000114e-01
-8.200000000000000344e-02
-4.252000000000000224e-01
4.399999999999999745e-02
8.187999999999999723e-01
-4.989999999999999991e-02
-1.540999999999999870e-01
5.233999999999999764e-01
-3.359999999999999792e-02
6.280000000000000027e-01
-4.353000000000000203e-01
7.079999999999999627e-01
2.829999999999999877e-02
2.414000000000000035e-01
-6.170999999999999819e-01
4.398000000000000242e-01
9.740999999999999659e-01
6.380000000000000115e-01
4.223999999999999977e-01
-3.368999999999999773e-01
-3.683000000000000163e-01
-9.758999999999999897e-01
-7.491999999999999771e-01
8.143000000000000238e-01
-9.270000000000000462e-01
-3.131999999999999784e-01
8.689999999999999947e-01
6.064000000000000501e-01
1.190000000000000085e-02
3.508000000000000007e-01
5.197000000000000508e-01
6.430000000000000160e-01
-3.916000000000000036e-01
5.030999999999999917e-01
7.302999999999999492e-01
-5.846999999999999975e-01
-5.510000000000000453e-01
6.229000000000000092e-01
5.040999999999999925e-01
-3.037000000000000255e-01
-3.144000000000000128e-01
-9.659999999999999698e-01
8.837000000000000410e-01
7.186000000000000165e-01
-1.925999999999999934e-01
-5.422000000000000153e-01
-5.489000000000000545e-01
3.618999999999999995e-01
2.989999999999999880e-01
-6.183999999999999497e-01
9.654000000000000359e-01
-4.559000000000000274e-01
-2.286999999999999866e-01
2.556999999999999829e-01
4.485999999999999988e-01
-3.301000000000000045e-01
-2.767999999999999905e-01
4.348000000000000198e-01
3.866999999999999882e-01
2.979999999999999871e-01
-4.546000000000000041e-01
4.702999999999999958e-01
3.385000000000000231e-01
-4.371999999999999775e-01
5.656999999999999806e-01
-8.065999999999999837e-01
-7.164000000000000368e-01
9.916000000000000369e-01
-5.513000000000000123e-01
-8.578999999999999959e-01
8.518999999999999906e-01
-9.014999999999999680e-01
-9.850999999999999757e-01
-5.027000000000000357e-01
-8.709999999999999687e-02
5.846000000000000085e-01
-4.578999999999999737e-01
8.994999999999999662e-01
-3.867999999999999772e-01
8.790000000000000591e-02
3.299999999999999982e-03
2.726000000000000090e-01
-3.688000000000000167e-01
-7.960000000000000409e-01
5.979999999999999899e-02
4.956999999999999740e-01
6.928999999999999604e-01
6.185000000000000497e-01
5.655999999999999917e-01
-4.082000000000000073e-01
-3.316000000000000059e-01
-3.271000000000000019e-01
4.019999999999999962e-02
-9.075999999999999623e-01
-6.453999999999999737e-01
-1.990000000000000102e-02
-3.207999999999999741e-01
4.011000000000000121e-01
-7.961000000000000298e-01
9.749999999999999778e-01
3.775999999999999912e-01
3.829000000000000181e-01
7.798000000000000487e-01
1.859000000000000097e-01
-3.889999999999999708e-02
4.630000000000000088e-02
6.463999999999999746e-01
-4.395000000000000018e-01
4.741000000000000214e-01
9.869999999999999885e-01
-6.489000000000000323e-01
-5.989999999999999769e-01
-1.049999999999999961e-01
3.593999999999999972e-01
1.975999999999999979e-01
8.117999999999999661e-01
4.209999999999999853e-02
-9.574000000000000288e-01
-9.545000000000000151e-01
-3.200000000000000153e-03
1.837999999999999912e-01
-4.650000000000000244e-01
-6.385999999999999455e-01
9.092999999999999972e-01
-6.210999999999999854e-01
-4.988000000000000211e-01
4.766000000000000236e-01
-3.053000000000000158e-01
5.182999999999999829e-01
-5.194999999999999618e-01
3.769000000000000128e-01
-2.682999999999999829e-01
5.135999999999999455e-01
1.068000000000000060e-01
-2.320000000000000118e-01
-5.738999999999999657e-01
