-2.610000000000000167e-02
-4.696000000000000174e-01
2.109000000000000041e-01
4.188999999999999946e-01
-1.683999999999999941e-01
-2.348000000000000087e-01
-4.814999999999999836e-01
1.935000000000000053e-01
-4.539000000000000257e-01
-6.956999999999999851e-01
2.394000000000000017e-01
4.734999999999999765e-01
4.234999999999999876e-01
-7.752999999999999892e-01
-7.705999999999999517e-01
-7.144000000000000350e-01
-7.299999999999999545e-02
-8.922999999999999821e-01
2.670000000000000151e-02
8.216999999999999860e-01
-9.842999999999999527e-01
1.930999999999999939e-01
6.682000000000000162e-01
7.259999999999999787e-01
-6.569999999999999452e-02
-6.323999999999999622e-01
2.591999999999999860e-01
-6.130999999999999783e-01
6.756999999999999673e-01
9.937000000000000277e-01
-3.543999999999999928e-01
1.904000000000000137e-01
7.259999999999999787e-02
9.588999999999999746e-01
-4.243999999999999995e-01
-6.552999999999999936e-01
5.997999999999999998e-01
8.542999999999999483e-01
8.667000000000000259e-01
8.912999999999999812e-01
4.319000000000000061e-01
-6.407000000000000473e-01
-8.882999999999999785e-01
2.462999999999999912e-01
-3.726999999999999758e-01
1.088999999999999968e-01
-1.932999999999999996e-01
1.335999999999999965e-01
7.752999999999999892e-01
-9.926000000000000378e-01
-1.872999999999999943e-01
3.578000000000000069e-01
8.245000000000000107e-01
-7.543999999999999595e-01
-6.140999999999999792e-01
-4.390000000000000152e-02
-2.839999999999999747e-01
-4.642999999999999905e-01
-2.343000000000000083e-01
4.545000000000000151e-01
3.678000000000000158e-01
-4.290999999999999814e-01
-4.529000000000000248e-01
-2.019999999999999921e-02
-1.590999999999999914e-01
-1.194000000000000061e-01
7.365000000000000435e-01
-1.603999999999999870e-01
-8.360999999999999543e-01
5.833000000000000407e-01
6.118000000000000105e-01
-6.743000000000000105e-01
4.613999999999999768e-01
-9.507999999999999785e-01
-8.699000000000000066e-01
-9.801999999999999602e-01
4.914000000000000035e-01
-7.750000000000000222e-01
9.033999999999999808e-01
7.570999999999999952e-01
-3.956999999999999962e-01
-4.932000000000000273e-01
-8.147999999999999687e-01
-4.511000000000000010e-01
3.135999999999999899e-01
-7.826999999999999513e-01
-8.075999999999999845e-01
3.976000000000000090e-01
9.709999999999999742e-01
-8.356999999999999984e-01
1.622999999999999998e-01
3.062000000000000277e-01
-7.732999999999999874e-01
3.007000000000000228e-01
-9.382000000000000339e-01
-9.616000000000000103e-01
6.419000000000000261e-01
-2.379999999999999893e-01
7.724999999999999645e-01
8.527000000000000135e-01
6.151999999999999691e-01
1.034000000000000058e-01
-9.686000000000000165e-01
-8.965999999999999526e-01
8.127999999999999670e-01
3.612000000000000210e-01
7.470000000000000251e-02
-4.245999999999999774e-01
-4.622999999999999887e-01
-9.385000000000000009e-01
-8.810999999999999943e-01
1.006999999999999978e-01
9.372000000000000330e-01
2.589000000000000190e-01
4.442999999999999727e-01
-5.169000000000000261e-01
9.034999999999999698e-01
6.560000000000000553e-02
8.903999999999999693e-01
-3.175999999999999934e-01
7.109999999999999654e-01
-7.096000000000000085e-01
-6.907999999999999696e-01
6.357000000000000428e-01
6.979999999999999538e-01
-4.655000000000000249e-01
-9.730999999999999650e-01
7.634999999999999565e-01
-8.065999999999999837e-01
6.121999999999999664e-01
-9.969999999999999696e-02
9.320000000000000506e-02
8.129999999999999449e-01
7.773999999999999799e-01
-1.618999999999999884e-01
3.559999999999999831e-01
-9.466999999999999860e-01
5.750000000000000250e-02
