-5.302000000000000046e-01
4.868000000000000105e-01
2.383000000000000118e-01
2.013999999999999957e-01
-6.317000000000000393e-01
-6.879999999999999449e-01
1.822999999999999898e-01
3.438999999999999835e-01
-3.594999999999999862e-01
3.623999999999999999e-01
6.389999999999999847e-02
7.409000000000000030e-01
-2.962000000000000188e-01
-9.320000000000000506e-01
4.302000000000000268e-01
8.698000000000000176e-01
5.612000000000000322e-01
-8.935999999999999499e-01
-5.456999999999999629e-01
1.210999999999999993e-01
5.695000000000000062e-01
1.723999999999999977e-01
-2.396999999999999964e-01
-2.524000000000000132e-01
-4.212000000000000188e-01
2.369999999999999885e-01
-4.431999999999999829e-01
7.436000000000000387e-01
1.491999999999999993e-01
-6.762000000000000233e-01
-9.408999999999999586e-01
6.579000000000000403e-01
4.086000000000000187e-01
6.414999999999999591e-01
6.500000000000000222e-02
8.214000000000000190e-01
-4.018999999999999795e-01
-8.020000000000000462e-01
4.220000000000000140e-02
-1.940000000000000058e-02
-4.768000000000000016e-01
5.171000000000000041e-01
-3.141999999999999793e-01
-9.515000000000000124e-01
2.600999999999999979e-01
9.619999999999999385e-02
-9.598999999999999755e-01
7.084000000000000297e-01
-9.810999999999999721e-01
2.771000000000000130e-01
4.912000000000000255e-01
-8.398999999999999799e-01
9.542000000000000481e-01
7.510000000000000009e-02
-6.361999999999999877e-01
6.238000000000000211e-01
5.366999999999999549e-01
-6.626999999999999558e-01
9.488999999999999657e-01
-5.996000000000000218e-01
1.230000000000000017e-02
1.965999999999999970e-01
-3.699999999999999817e-02
8.863999999999999657e-01
-1.609999999999999973e-02
-2.258999999999999897e-01
-5.229000000000000314e-01
7.386000000000000343e-01
-8.084999999999999964e-01
-4.195999999999999730e-01
-1.074999999999999983e-01
8.894999999999999574e-01
1.086000000000000021e-01
7.834999999999999742e-01
4.435999999999999943e-01
7.762999999999999901e-01
3.600999999999999757e-01
5.101999999999999869e-01
5.763000000000000345e-01
7.098999999999999755e-01
5.421000000000000263e-01
7.399999999999999911e-01
5.090000000000000080e-02
-3.549999999999999822e-01
1.537999999999999923e-01
2.722999999999999865e-01
-6.160000000000000198e-02
-9.664000000000000368e-01
-9.082999999999999963e-01
2.742999999999999883e-01
2.489000000000000101e-01
6.844000000000000083e-01
-1.345000000000000084e-01
-3.649000000000000021e-01
-8.487999999999999989e-01
2.263000000000000012e-01
5.997999999999999998e-01
2.862999999999999989e-01
-4.255999999999999783e-01
-4.974000000000000088e-01
-4.522999999999999798e-01
-5.531000000000000361e-01
-5.160000000000000142e-01
5.866000000000000103e-01
-3.166999999999999815e-01
1.233999999999999958e-01
-2.369999999999999885e-01
9.598999999999999755e-01
-4.309000000000000052e-01
-3.546000000000000263e-01
1.859000000000000097e-01
6.076000000000000290e-01
-7.119999999999999662e-01
8.042000000000000259e-01
8.992999999999999883e-01
-1.105000000000000010e-01
-6.029999999999999805e-01
-7.488000000000000211e-01
5.960000000000000020e-02
4.764999999999999791e-01
1.423000000000000098e-01
-4.649999999999999967e-02
-8.679000000000000048e-01
-2.797999999999999932e-01
-3.723000000000000198e-01
4.888000000000000123e-01
-6.690000000000000391e-01
8.903999999999999693e-01
7.909000000000000474e-01
8.040000000000000480e-01
-6.752000000000000224e-01
3.189999999999999780e-02
-7.392999999999999572e-01
9.919999999999999929e-01
8.522999999999999465e-01
-1.328999999999999904e-01
-3.763000000000000234e-01
-7.315000000000000391e-01
