4.270999999999999797e-01
-6.621000000000000218e-01
-5.151999999999999913e-01
3.083000000000000185e-01
-1.176999999999999991e-01
4.631000000000000116e-01
8.608999999999999986e-01
7.134000000000000341e-01
-9.392000000000000348e-01
-7.128999999999999782e-01
-7.122000000000000552e-01
5.102999999999999758e-01
-6.179999999999999938e-01
-4.602999999999999869e-01
-9.227999999999999536e-01
4.265999999999999792e-01
-3.202999999999999736e-01
-3.957999999999999852e-01
5.719999999999999529e-01
-3.771999999999999797e-01
-8.582999999999999519e-01
-2.472000000000000031e-01
-6.665999999999999703e-01
-9.059999999999999998e-02
9.639999999999999958e-02
-4.995999999999999885e-01
8.267999999999999794e-01
-1.580000000000000154e-02
3.983999999999999764e-01
-4.935999999999999832e-01
8.712999999999999634e-01
-9.548999999999999710e-01
7.177000000000000046e-01
3.402000000000000024e-01
-1.959999999999999937e-02
-5.421000000000000263e-01
3.744999999999999996e-01
8.425000000000000266e-01
-2.610000000000000098e-01
8.539999999999999813e-01
-4.742000000000000104e-01
-5.489000000000000545e-01
-6.140000000000000319e-02
-3.653000000000000136e-01
1.960999999999999965e-01
-9.920999999999999819e-01
-2.622999999999999776e-01
-9.761999999999999567e-01
8.003000000000000114e-01
8.901999999999999913e-01
2.790000000000000119e-02
9.134999999999999787e-01
7.560999999999999943e-01
7.330000000000000404e-02
3.588999999999999968e-01
5.712000000000000410e-01
6.790000000000000202e-02
2.162000000000000033e-01
8.347999999999999865e-01
-4.000000000000000083e-02
-3.408999999999999808e-01
-3.035999999999999810e-01
-1.602999999999999980e-01
4.329999999999999960e-01
-1.605999999999999928e-01
-1.837999999999999912e-01
-8.716000000000000414e-01
-4.060000000000000275e-01
1.327000000000000124e-01
-5.747999999999999776e-01
-8.790000000000000591e-02
9.053999999999999826e-01
5.869999999999999662e-01
4.042999999999999927e-01
-4.800000000000000100e-02
2.010000000000000120e-01
-6.055000000000000382e-01
-1.552000000000000046e-01
-6.219999999999999835e-02
-3.987999999999999878e-01
-3.855999999999999983e-01
7.562999999999999723e-01
7.104000000000000314e-01
-7.828000000000000513e-01
7.477000000000000313e-01
-5.443999999999999950e-01
9.516999999999999904e-01
-9.985000000000000542e-01
-5.712000000000000410e-01
4.229999999999999871e-01
9.174999999999999822e-01
-2.354999999999999871e-01
6.782000000000000250e-01
3.682000000000000273e-01
4.699999999999999734e-01
7.955999999999999739e-01
5.953000000000000513e-01
9.425000000000000044e-01
1.940999999999999948e-01
-7.982000000000000206e-01
-2.136000000000000121e-01
-7.426000000000000378e-01
-6.853000000000000203e-01
6.758999999999999453e-01
-8.254000000000000226e-01
5.348000000000000531e-01
-2.482999999999999929e-01
2.891000000000000236e-01
-9.323000000000000176e-01
-6.643999999999999906e-01
-6.662000000000000144e-01
-5.890000000000000097e-02
9.761999999999999567e-01
-4.945999999999999841e-01
9.147999999999999465e-01
1.778000000000000136e-01
-6.856999999999999762e-01
3.227999999999999758e-01
1.431000000000000050e-01
1.267999999999999960e-01
-5.706999999999999851e-01
5.499999999999999681e-03
5.189000000000000279e-01
3.002000000000000224e-01
-7.737000000000000544e-01
-7.479999999999999982e-01
-8.248999999999999666e-01
-7.447000000000000286e-01
-1.708000000000000074e-01
-2.829999999999999738e-01
2.270999999999999963e-01
-3.623999999999999999e-01
-5.799999999999999600e-03
4.030000000000000249e-01
1.729999999999999941e-02
7.118999999999999773e-01
9.959999999999999964e-01
3.820999999999999952e-01
