-9.977000000000000313e-01
3.007000000000000228e-01
-4.510000000000000120e-02
-6.045000000000000373e-01
4.158999999999999919e-01
2.358000000000000096e-01
3.841999999999999860e-01
5.024999999999999467e-01
4.102999999999999980e-01
-4.242000000000000215e-01
-3.582000000000000184e-01
-6.984000000000000208e-01
-5.643000000000000238e-01
2.063000000000000111e-01
8.659999999999999643e-02
2.803999999999999826e-01
7.592999999999999750e-01
-5.767999999999999794e-01
5.659999999999999476e-01
-2.983000000000000096e-01
1.272000000000000075e-01
-7.598000000000000309e-01
-2.456000000000000127e-01
4.229999999999999732e-02
4.556000000000000050e-01
-8.794999999999999485e-01
-8.072000000000000286e-01
-9.891999999999999682e-01
7.733999999999999764e-01
7.876999999999999558e-01
7.933999999999999941e-01
-9.533000000000000362e-01
1.297000000000000097e-01
4.128999999999999893e-01
8.854999999999999538e-01
-2.330000000000000127e-01
-4.983000000000000207e-01
7.824999999999999734e-01
6.381000000000000005e-01
6.205000000000000515e-01
6.352999999999999758e-01
-9.104999999999999760e-01
6.959999999999999520e-02
-4.462999999999999745e-01
4.753999999999999893e-01
-3.407999999999999918e-01
-2.097999999999999865e-01
-3.589999999999999858e-01
7.376000000000000334e-01
9.598999999999999755e-01
2.621999999999999886e-01
-3.508000000000000007e-01
-7.102000000000000535e-01
5.648999999999999577e-01
5.765000000000000124e-01
-6.632000000000000117e-01
-1.945999999999999952e-01
-3.380000000000000226e-01
-6.875000000000000000e-01
3.014000000000000012e-01
8.565000000000000391e-01
-1.077000000000000041e-01
-6.088000000000000078e-01
3.251999999999999891e-01
6.881000000000000449e-01
-4.773999999999999910e-01
-9.781999999999999584e-01
9.846000000000000307e-01
-1.975000000000000089e-01
2.939999999999999836e-01
-6.904000000000000137e-01
-8.436000000000000165e-01
-5.300000000000000266e-01
2.283999999999999919e-01
6.062999999999999501e-01
-4.993000000000000216e-01
-5.159000000000000252e-01
-5.687999999999999723e-01
5.987999999999999989e-01
-7.623999999999999666e-01
-8.360999999999999543e-01
5.292000000000000037e-01
4.566999999999999948e-01
4.934999999999999942e-01
6.308000000000000274e-01
6.686999999999999611e-01
2.210000000000000020e-01
1.131999999999999951e-01
-5.601000000000000423e-01
-1.970999999999999974e-01
1.784999999999999920e-01
-5.499000000000000554e-01
-5.635000000000000009e-01
9.854000000000000536e-01
7.372999999999999554e-01
-2.711000000000000076e-01
9.379999999999999449e-01
-8.000000000000000167e-02
-5.862000000000000544e-01
3.405000000000000249e-01
-3.063000000000000167e-01
9.645000000000000240e-01
3.086999999999999744e-01
-4.208999999999999964e-01
2.159999999999999976e-01
-4.157000000000000139e-01
8.696000000000000396e-01
6.803000000000000158e-01
-8.600999999999999757e-01
9.374000000000000110e-01
-3.594999999999999862e-01
8.530000000000000082e-02
-7.700000000000000178e-01
8.943999999999999728e-01
-9.616999999999999993e-01
5.815000000000000169e-01
-1.521000000000000130e-01
-2.983000000000000096e-01
-4.983000000000000207e-01
6.024000000000000465e-01
-7.745999999999999552e-01
-8.250000000000000389e-02
-7.280999999999999694e-01
7.710000000000000187e-01
2.757999999999999896e-01
7.377000000000000224e-01
8.612999999999999545e-01
-8.827000000000000401e-01
8.459999999999999465e-02
5.501000000000000334e-01
9.092000000000000082e-01
-9.772999999999999465e-01
6.327000000000000401e-01
-5.604999999999999982e-01
9.860999999999999766e-01
2.909999999999999809e-01
-4.819999999999999979e-02
-8.206999999999999851e-01
