4.490000000000000102e-01
-1.909999999999999892e-02
-9.251000000000000334e-01
7.589999999999999525e-02
3.543000000000000038e-01
-5.331000000000000183e-01
9.106999999999999540e-01
2.286999999999999866e-01
-6.296000000000000485e-01
6.761000000000000343e-01
-3.153000000000000247e-01
-1.149000000000000021e-01
-7.788000000000000478e-01
7.118999999999999773e-01
-3.504999999999999782e-01
-7.804999999999999716e-01
-6.817999999999999616e-01
-1.799999999999999864e-02
9.482000000000000428e-01
-2.305000000000000104e-01
-5.203999999999999737e-01
2.190999999999999892e-01
-9.858999999999999986e-01
1.433999999999999997e-01
2.868999999999999884e-01
-7.891000000000000236e-01
-4.490000000000000241e-02
1.580000000000000016e-01
9.615000000000000213e-01
3.708000000000000185e-01
2.659999999999999865e-02
-7.599999999999999985e-03
5.365999999999999659e-01
7.619000000000000217e-01
-7.589999999999999525e-02
-6.560000000000000553e-02
6.650000000000000355e-02
2.725000000000000200e-01
-9.082999999999999963e-01
9.375999999999999890e-01
-8.000000000000000167e-02
1.260000000000000009e-01
-7.903000000000000025e-01
6.693999999999999950e-01
3.643000000000000127e-01
2.629000000000000226e-01
-7.199999999999999456e-02
-6.397000000000000464e-01
3.503999999999999893e-01
3.155999999999999917e-01
8.121000000000000441e-01
2.040000000000000147e-02
-4.933000000000000163e-01
-3.119000000000000106e-01
-7.551999999999999824e-01
-3.385000000000000231e-01
9.465000000000000080e-01
-8.409999999999999698e-01
9.401000000000000467e-01
7.560000000000000053e-02
-4.017000000000000015e-01
9.206999999999999629e-01
5.406999999999999584e-01
-4.709999999999999742e-01
-8.193000000000000282e-01
3.003000000000000114e-01
-3.215999999999999970e-01
3.249000000000000221e-01
-4.319000000000000061e-01
5.224999999999999645e-01
-6.119999999999999885e-01
8.737000000000000322e-01
-5.227000000000000535e-01
1.021999999999999992e-01
7.472999999999999643e-01
7.902000000000000135e-01
-3.049999999999999933e-01
9.566999999999999948e-01
-2.434999999999999942e-01
-9.745000000000000329e-01
-8.381999999999999451e-01
5.056000000000000494e-01
4.460000000000000075e-01
8.721999999999999753e-01
8.386000000000000121e-01
-7.871000000000000218e-01
-9.124999999999999778e-01
3.885000000000000120e-01
2.701000000000000068e-01
4.661000000000000143e-01
-3.650999999999999801e-01
7.976999999999999647e-01
-4.545000000000000151e-01
-4.820999999999999730e-01
-5.774000000000000243e-01
2.782000000000000028e-01
5.064999999999999503e-01
-4.308000000000000163e-01
4.587999999999999856e-01
-6.094000000000000528e-01
7.883999999999999897e-01
1.637000000000000122e-01
-7.266000000000000236e-01
8.206999999999999851e-01
-5.401000000000000245e-01
8.147999999999999687e-01
6.414999999999999591e-01
-8.587000000000000188e-01
-4.863999999999999990e-01
-3.880000000000000115e-01
-9.998000000000000220e-01
5.853000000000000425e-01
7.211999999999999522e-01
-2.104000000000000037e-01
9.054999999999999716e-01
4.764999999999999791e-01
-3.850000000000000089e-01
3.426000000000000156e-01
3.799999999999999992e-03
8.838000000000000300e-01
8.899999999999999925e-03
-7.496000000000000441e-01
8.269999999999999574e-02
-5.296999999999999487e-01
4.391999999999999793e-01
-7.799999999999999989e-02
4.225999999999999757e-01
-2.477999999999999925e-01
-3.846999999999999864e-01
-9.173999999999999932e-01
-1.034999999999999948e-01
-3.820999999999999952e-01
-1.454999999999999905e-01
-8.031000000000000361e-01
-1.353999999999999926e-01
3.991000000000000103e-01
1.005999999999999950e-01
4.632999999999999896e-01
