3.881999999999999895e-01
-7.033000000000000362e-01
-9.607999999999999874e-01
-9.985000000000000542e-01
9.619999999999999662e-01
6.820000000000000506e-01
6.660000000000000364e-01
-4.097000000000000086e-01
-9.542000000000000481e-01
-2.523000000000000242e-01
6.581000000000000183e-01
8.933999999999999719e-01
-8.487000000000000099e-01
6.171999999999999709e-01
-3.699999999999999956e-01
-9.519999999999999574e-01
2.716999999999999971e-01
7.468000000000000194e-01
6.270999999999999908e-01
4.878000000000000114e-01
1.131999999999999951e-01
-7.015000000000000124e-01
3.622000000000000219e-01
6.104000000000000536e-01
-9.137999999999999456e-01
-9.210000000000000409e-01
-7.326000000000000290e-01
9.153999999999999915e-01
-1.615000000000000047e-01
-4.640000000000000235e-01
-5.440000000000000391e-01
1.948999999999999899e-01
-8.952999999999999847e-01
-9.424000000000000155e-01
-7.069999999999999896e-02
8.229999999999999538e-01
-4.452999999999999736e-01
-6.039999999999999813e-01
8.641999999999999682e-01
-9.142000000000000126e-01
-6.824000000000000066e-01
-5.010999999999999899e-01
-6.785999999999999810e-01
5.154999999999999583e-01
7.861000000000000210e-01
-3.602000000000000202e-01
-5.583000000000000185e-01
-6.096000000000000307e-01
9.167999999999999483e-01
8.666000000000000369e-01
-1.612999999999999989e-01
2.725000000000000200e-01
-9.576000000000000068e-01
-3.452999999999999958e-01
-7.218999999999999861e-01
7.096000000000000085e-01
5.308000000000000496e-01
-5.455999999999999739e-01
-9.519999999999999574e-01
-8.427000000000000046e-01
9.285999999999999810e-01
-9.654000000000000359e-01
7.841000000000000192e-01
7.144000000000000350e-01
8.156999999999999806e-01
-5.497999999999999554e-01
4.556999999999999940e-01
8.804999999999999494e-01
-4.639999999999999680e-02
3.009000000000000008e-01
6.828999999999999515e-01
6.210000000000000242e-02
-7.528000000000000247e-01
-9.929999999999999938e-01
5.279000000000000359e-01
-2.461000000000000132e-01
-7.581999999999999851e-01
9.346999999999999753e-01
1.255999999999999894e-01
-3.700999999999999845e-01
-1.590000000000000024e-01
-2.904999999999999805e-01
-9.821999999999999620e-01
2.624000000000000221e-01
7.740000000000000213e-01
-1.252999999999999947e-01
8.519999999999999796e-01
7.459999999999999964e-01
-3.532000000000000139e-01
-7.622999999999999776e-01
-4.709999999999999742e-01
-9.111000000000000210e-01
-2.828999999999999848e-01
1.771000000000000074e-01
1.580000000000000016e-01
-3.050999999999999823e-01
4.396999999999999797e-01
-7.448000000000000176e-01
1.338000000000000023e-01
7.910000000000000364e-02
5.530000000000000193e-02
9.378999999999999559e-01
-9.997000000000000330e-01
-9.669999999999999707e-01
-4.616000000000000103e-01
-5.221000000000000085e-01
9.340000000000000524e-01
4.193000000000000060e-01
4.450999999999999956e-01
3.527000000000000135e-01
7.781000000000000139e-01
-9.015999999999999570e-01
1.166999999999999982e-01
-6.338000000000000300e-01
8.312000000000000499e-01
-2.404999999999999916e-01
-7.769000000000000350e-01
-1.991999999999999882e-01
-4.470000000000000084e-01
2.442999999999999894e-01
6.323999999999999622e-01
-4.203999999999999959e-01
-6.300999999999999934e-01
6.330000000000000071e-01
5.189000000000000279e-01
2.265999999999999959e-01
2.968000000000000083e-01
9.074999999999999734e-01
6.107000000000000206e-01
1.238999999999999962e-01
3.290000000000000147e-01
-5.956000000000000183e-01
-2.482999999999999929e-01
-9.590999999999999526e-01
9.831999999999999629e-01
-6.791000000000000369e-01
5.040000000000000036e-02
4.976999999999999758e-01
