4.032999999999999918e-01
-9.510000000000000397e-02
9.308999999999999497e-01
-3.563999999999999946e-01
2.585999999999999965e-01
7.090999999999999526e-01
7.246000000000000218e-01
-6.500000000000000222e-02
6.613999999999999879e-01
-8.079999999999999682e-02
-4.173999999999999932e-01
-6.669000000000000483e-01
2.685000000000000164e-01
-9.525000000000000133e-01
-5.582000000000000295e-01
-1.229999999999999982e-01
6.389999999999999847e-02
-8.770000000000000018e-01
-6.200999999999999845e-01
-2.692999999999999838e-01
-5.775000000000000133e-01
1.587999999999999967e-01
-7.154000000000000359e-01
-2.328999999999999959e-01
-7.435000000000000497e-01
-1.774000000000000021e-01
-9.002999999999999892e-01
2.793999999999999817e-01
-2.758999999999999786e-01
-5.249999999999999806e-02
-6.899999999999999883e-03
8.137999999999999678e-01
-8.750000000000000000e-01
-6.831000000000000405e-01
-8.716000000000000414e-01
-9.973999999999999533e-01
-5.593000000000000194e-01
6.082999999999999519e-01
-7.964999999999999858e-01
7.147000000000000020e-01
-1.312000000000000111e-01
5.484999999999999876e-01
4.667999999999999927e-01
-5.124999999999999556e-01
6.929999999999999494e-01
8.965999999999999526e-01
8.902999999999999803e-01
7.671999999999999931e-01
5.223999999999999755e-01
9.254999999999999893e-01
6.333999999999999631e-01
3.472999999999999976e-01
1.529999999999999936e-02
9.137999999999999456e-01
-7.090999999999999526e-01
8.403000000000000469e-01
5.915000000000000258e-01
-3.280000000000000138e-01
-4.956999999999999740e-01
-9.967000000000000304e-01
-5.863000000000000433e-01
9.032000000000000028e-01
-7.727000000000000535e-01
3.815000000000000058e-01
2.977000000000000202e-01
3.881000000000000005e-01
-5.410000000000000364e-01
5.581000000000000405e-01
-6.159999999999999920e-01
3.185999999999999943e-01
4.237000000000000210e-01
-4.738999999999999879e-01
4.756000000000000227e-01
8.859000000000000208e-01
3.946000000000000063e-01
-4.013999999999999790e-01
-7.973999999999999977e-01
-6.472999999999999865e-01
1.242999999999999938e-01
-4.067000000000000060e-01
5.887999999999999901e-01
8.588999999999999968e-01
-6.878999999999999559e-01
-6.778999999999999471e-01
4.028999999999999804e-01
-5.310000000000000275e-01
-3.952999999999999847e-01
-9.648999999999999799e-01
4.501000000000000001e-01
2.117999999999999883e-01
-8.666000000000000369e-01
-5.430000000000000382e-01
-3.114999999999999991e-01
8.316999999999999948e-01
-4.203999999999999959e-01
-2.832000000000000073e-01
1.029999999999999943e-01
-7.543999999999999595e-01
7.580000000000000626e-02
-9.093999999999999861e-01
-9.875000000000000444e-01
2.975999999999999757e-01
-4.633999999999999786e-01
7.406000000000000361e-01
9.569999999999999618e-01
-4.415999999999999925e-01
-2.434000000000000052e-01
-2.416999999999999982e-01
-3.059999999999999942e-01
9.070000000000000284e-02
3.558000000000000052e-01
7.538000000000000256e-01
7.760000000000000231e-02
-4.255999999999999783e-01
-9.171000000000000263e-01
-4.769999999999999934e-02
4.456999999999999851e-01
-7.487000000000000322e-01
2.000000000000000042e-03
4.529000000000000248e-01
8.637000000000000233e-01
6.788999999999999480e-01
4.847000000000000197e-01
6.760000000000000453e-01
8.899999999999999578e-02
9.479999999999999538e-01
-4.727000000000000091e-01
-9.597999999999999865e-01
3.280000000000000276e-02
-6.404999999999999583e-01
8.608000000000000096e-01
-6.697999999999999510e-01
-8.786000000000000476e-01
-5.021999999999999797e-01
4.146000000000000241e-01
-1.645999999999999963e-01
-2.336000000000000021e-01
7.103000000000000425e-01
