2.396000000000000074e-01
3.855000000000000093e-01
-1.247999999999999943e-01
4.238000000000000100e-01
5.041999999999999815e-01
9.640999999999999570e-01
1.660000000000000087e-01
-3.677000000000000268e-01
-4.323000000000000176e-01
5.934000000000000385e-01
7.649999999999999856e-02
-3.085999999999999854e-01
-1.770000000000000046e-02
9.959999999999999964e-01
1.867000000000000048e-01
7.861000000000000210e-01
-7.302999999999999492e-01
4.132000000000000117e-01
-7.207999999999999963e-01
-6.383999999999999675e-01
3.731999999999999762e-01
1.343000000000000027e-01
5.777999999999999803e-01
-6.362999999999999767e-01
8.332000000000000517e-01
8.488999999999999879e-01
-9.419999999999999485e-01
-3.819999999999999785e-02
-3.719000000000000083e-01
9.586999999999999966e-01
6.497000000000000552e-01
9.586999999999999966e-01
7.135000000000000231e-01
-6.051999999999999602e-01
-7.763999999999999790e-01
1.575000000000000011e-01
2.169999999999999984e-01
5.715000000000000080e-01
-6.760000000000000453e-01
7.587000000000000410e-01
3.340000000000000191e-01
3.265000000000000124e-01
-7.986999999999999655e-01
-9.575000000000000178e-01
9.499999999999999764e-03
7.338999999999999968e-01
-4.791000000000000258e-01
-8.036999999999999700e-01
-7.617000000000000437e-01
7.912000000000000144e-01
9.462000000000000410e-01
-6.976999999999999869e-01
-6.350000000000000089e-01
4.179999999999999827e-01
-1.885999999999999899e-01
4.813000000000000056e-01
-4.813999999999999946e-01
4.464000000000000190e-01
8.999999999999999320e-03
1.923999999999999877e-01
5.315999999999999615e-01
3.551000000000000267e-01
-9.885000000000000453e-01
-7.678000000000000380e-01
1.708000000000000074e-01
6.660000000000000642e-02
-1.619999999999999912e-02
3.634999999999999898e-01
3.482999999999999985e-01
-8.201000000000000512e-01
6.619000000000000439e-01
-9.788999999999999924e-01
7.439999999999999392e-02
2.929999999999999827e-01
8.759000000000000119e-01
-4.509000000000000230e-01
-2.686999999999999944e-01
-9.634000000000000341e-01
7.690000000000000169e-01
-1.570999999999999897e-01
9.858999999999999986e-01
1.580000000000000016e-01
6.111999999999999655e-01
-5.412000000000000144e-01
-5.807999999999999829e-01
7.580999999999999961e-01
-8.387000000000000011e-01
2.805000000000000271e-01
-6.988999999999999657e-01
3.280000000000000276e-02
-7.177000000000000046e-01
-2.099000000000000032e-01
-3.532000000000000139e-01
-8.017999999999999572e-01
-8.012000000000000233e-01
-9.328999999999999515e-01
-2.182999999999999940e-01
7.893000000000000016e-01
4.529000000000000248e-01
-9.890000000000000180e-02
-8.893999999999999684e-01
-3.385000000000000231e-01
-9.838999999999999968e-01
-9.312000000000000277e-01
-3.827999999999999736e-01
1.998999999999999944e-01
9.700999999999999623e-01
-3.572000000000000175e-01
-1.685000000000000109e-01
-1.980000000000000093e-01
5.029000000000000137e-01
-1.864999999999999991e-01
-7.600000000000000089e-01
3.482000000000000095e-01
3.679000000000000048e-01
3.765000000000000013e-01
2.654000000000000248e-01
-4.687000000000000055e-01
-6.828999999999999515e-01
3.335000000000000187e-01
-6.044000000000000483e-01
-2.245999999999999941e-01
5.934000000000000385e-01
5.672000000000000375e-01
7.554999999999999494e-01
-5.550000000000000488e-01
5.340000000000000302e-02
3.153000000000000247e-01
3.418999999999999817e-01
-2.702999999999999847e-01
5.967000000000000082e-01
6.344999999999999529e-01
6.028999999999999915e-01
-4.181000000000000272e-01
-3.639999999999999902e-01
-1.194000000000000061e-01
5.087000000000000410e-01
-4.390999999999999903e-01
