3.861999999999999877e-01
-8.116999999999999771e-01
-3.839999999999999664e-02
-3.765000000000000013e-01
6.805999999999999828e-01
-9.382000000000000339e-01
-9.966000000000000414e-01
-9.963999999999999524e-01
-8.469999999999999751e-01
-6.691000000000000281e-01
-4.309000000000000052e-01
-2.630000000000000046e-02
-9.409999999999999476e-01
-6.665999999999999703e-01
-2.582999999999999741e-01
-9.527999999999999803e-01
-4.451999999999999846e-01
-2.515000000000000013e-01
4.482999999999999763e-01
-6.561000000000000165e-01
9.076999999999999513e-01
-8.720999999999999863e-01
1.449000000000000010e-01
4.566000000000000059e-01
-7.130000000000000226e-02
-6.640000000000000346e-01
-3.392999999999999905e-01
9.832999999999999519e-01
-9.098000000000000531e-01
-4.948000000000000176e-01
3.210000000000000075e-01
4.570000000000000173e-01
-1.039999999999999952e-01
3.632000000000000228e-01
-1.111000000000000043e-01
-7.929999999999999549e-02
9.508999999999999675e-01
6.367000000000000437e-01
-8.243000000000000327e-01
8.131000000000000449e-01
-5.547999999999999599e-01
-8.329999999999999905e-02
-8.028999999999999471e-01
4.126000000000000223e-01
-5.986000000000000210e-01
-3.133000000000000229e-01
-8.660999999999999810e-01
6.290000000000000036e-01
-2.259999999999999856e-02
3.912999999999999812e-01
-2.120000000000000009e-02
7.637000000000000455e-01
-3.160000000000000031e-01
-6.049999999999999822e-02
5.409000000000000474e-01
9.955000000000000515e-01
8.172000000000000375e-01
-1.645000000000000073e-01
4.038999999999999813e-01
-1.705000000000000127e-01
-2.223999999999999866e-01
-9.223000000000000087e-01
-9.182000000000000162e-01
-3.740000000000000269e-02
-2.190000000000000002e-01
-6.825999999999999845e-01
4.719999999999999751e-01
6.263999999999999568e-01
-4.202000000000000179e-01
3.116999999999999771e-01
7.137000000000000011e-01
1.383999999999999952e-01
-4.013999999999999790e-01
9.428999999999999604e-01
4.806000000000000272e-01
-6.129999999999999893e-01
-6.909999999999999476e-01
7.652999999999999803e-01
9.838999999999999968e-01
2.160999999999999865e-01
-2.980000000000000010e-02
6.659000000000000474e-01
4.545000000000000151e-01
3.448999999999999844e-01
-4.645000000000000240e-01
3.825999999999999956e-01
5.655000000000000027e-01
-9.196999999999999620e-01
-4.232000000000000206e-01
5.768999999999999684e-01
2.750000000000000014e-02
-2.671999999999999931e-01
3.946999999999999953e-01
-4.077999999999999958e-01
7.877999999999999448e-01
1.484999999999999931e-01
7.036999999999999922e-01
-3.341999999999999971e-01
-6.582000000000000073e-01
-2.989999999999999949e-02
8.572999999999999510e-01
2.978000000000000091e-01
-6.040000000000000230e-02
-9.575000000000000178e-01
-3.931999999999999940e-01
-3.178000000000000269e-01
-1.430000000000000021e-02
1.618999999999999884e-01
3.300000000000000155e-01
6.669000000000000483e-01
-3.654000000000000026e-01
-6.125000000000000444e-01
-3.674000000000000044e-01
7.290000000000000646e-02
5.964000000000000412e-01
8.098999999999999533e-01
5.648999999999999577e-01
-4.900000000000000189e-02
1.474999999999999922e-01
-9.225999999999999757e-01
3.683000000000000163e-01
4.287000000000000255e-01
4.149999999999999800e-01
7.793999999999999817e-01
-1.713000000000000078e-01
-1.247999999999999943e-01
3.729999999999999982e-01
-5.201000000000000068e-01
2.929999999999999966e-02
-9.661999999999999478e-01
5.382000000000000117e-01
6.994000000000000217e-01
-6.040000000000000230e-02
-3.059999999999999873e-02
-1.549999999999999989e-02
6.314999999999999503e-01
-6.969999999999999807e-02
-8.846000000000000529e-01
