-5.580000000000000238e-02
-6.979999999999999538e-01
-4.399999999999999745e-02
3.501000000000000223e-01
-2.073000000000000120e-01
-1.499000000000000055e-01
6.978999999999999648e-01
7.146000000000000130e-01
-8.161000000000000476e-01
9.972999999999999643e-01
-8.056999999999999718e-01
2.048000000000000098e-01
-2.510000000000000009e-01
9.788000000000000034e-01
-1.176999999999999991e-01
3.841999999999999860e-01
-6.519000000000000350e-01
9.497999999999999776e-01
-7.408000000000000140e-01
2.615000000000000102e-01
-9.868000000000000105e-01
-4.868000000000000105e-01
-5.865000000000000213e-01
5.386999999999999567e-01
3.413999999999999813e-01
-6.135000000000000453e-01
9.848999999999999977e-01
5.896000000000000130e-01
-2.826000000000000179e-01
-8.200000000000000344e-02
-6.253999999999999559e-01
5.151000000000000023e-01
-4.918000000000000149e-01
5.266999999999999460e-01
2.000000000000000111e-01
-8.750000000000000000e-01
5.625000000000000000e-01
-8.803999999999999604e-01
7.371999999999999664e-01
1.880000000000000004e-01
-5.560000000000000497e-01
6.354999999999999538e-01
-1.081000000000000016e-01
-5.787999999999999812e-01
-3.034000000000000030e-01
-4.661000000000000143e-01
-8.564000000000000501e-01
6.300000000000000044e-03
1.003000000000000003e-01
-1.323000000000000009e-01
-9.153000000000000025e-01
6.388000000000000345e-01
-1.298999999999999877e-01
3.904000000000000248e-01
-6.034000000000000474e-01
9.062000000000000055e-01
3.956999999999999962e-01
4.577999999999999847e-01
2.299999999999999961e-03
4.909999999999999781e-02
-7.270000000000000073e-02
4.472999999999999754e-01
-7.056000000000000050e-01
7.349999999999999867e-01
-9.381000000000000449e-01
-1.428999999999999992e-01
-3.711999999999999744e-01
-9.183999999999999941e-01
5.489000000000000545e-01
6.278000000000000247e-01
-8.923999999999999710e-01
2.503000000000000225e-01
-3.433999999999999830e-01
-7.715999999999999526e-01
-6.308000000000000274e-01
3.135000000000000009e-01
6.350999999999999979e-01
9.166999999999999593e-01
-9.748999999999999888e-01
4.581000000000000072e-01
-4.601000000000000090e-01
8.923999999999999710e-01
7.160999999999999588e-01
-7.661000000000000032e-01
8.355000000000000204e-01
4.335999999999999854e-01
-9.973999999999999533e-01
3.689999999999999947e-01
3.192999999999999727e-01
-8.590999999999999748e-01
-2.380000000000000171e-02
6.706999999999999629e-01
6.932000000000000384e-01
-8.538999999999999924e-01
-8.414000000000000368e-01
-8.516000000000000236e-01
2.162000000000000033e-01
3.819999999999999785e-02
-3.950000000000000039e-02
2.154000000000000081e-01
6.397000000000000464e-01
-3.991999999999999993e-01
2.293999999999999928e-01
-5.231999999999999984e-01
-3.316999999999999948e-01
3.856999999999999873e-01
1.741000000000000048e-01
-7.770000000000000240e-01
-7.497000000000000330e-01
8.068999999999999506e-01
-8.000000000000000167e-02
-3.300000000000000155e-01
9.049999999999999711e-02
-4.298000000000000154e-01
9.065999999999999615e-01
-2.280000000000000082e-01
7.169999999999999707e-01
2.591999999999999860e-01
7.224000000000000421e-01
-6.614999999999999769e-01
7.005000000000000115e-01
1.671999999999999875e-01
3.665999999999999814e-01
6.074000000000000510e-01
6.857999999999999652e-01
-3.028000000000000136e-01
4.541999999999999926e-01
5.049000000000000155e-01
-7.496000000000000441e-01
8.196999999999999842e-01
-8.135000000000000009e-01
-3.129000000000000115e-01
-5.788999999999999702e-01
-1.925999999999999934e-01
1.973000000000000032e-01
8.256000000000000005e-01
7.772000000000000020e-01
8.290000000000000147e-02
