6.124000000000000554e-01
-6.413999999999999702e-01
-5.170000000000000290e-02
4.514000000000000234e-01
-1.567000000000000060e-01
9.503000000000000336e-01
6.790000000000000480e-01
9.786000000000000254e-01
-3.311999999999999944e-01
-5.639999999999999875e-02
-8.589999999999999858e-01
-4.768000000000000016e-01
-9.824000000000000510e-01
9.274000000000000021e-01
-6.965999999999999970e-01
-2.450000000000000094e-02
1.947000000000000119e-01
-4.890999999999999792e-01
7.717000000000000526e-01
-5.634000000000000119e-01
-1.021999999999999992e-01
5.437999999999999501e-01
3.886999999999999900e-01
-3.076999999999999735e-01
-3.622000000000000219e-01
9.334999999999999964e-01
1.728999999999999981e-01
-1.359999999999999924e-02
8.831999999999999851e-01
1.506000000000000116e-01
-1.189999999999999947e-01
6.137000000000000233e-01
5.495999999999999774e-01
5.470000000000000417e-01
8.689999999999999947e-01
-4.077000000000000068e-01
4.701000000000000179e-01
-4.051000000000000156e-01
-9.033999999999999808e-01
-8.760999999999999899e-01
-2.328000000000000069e-01
4.429999999999999910e-02
8.757000000000000339e-01
-6.092999999999999527e-01
-7.744999999999999662e-01
-8.418999999999999817e-01
-7.704999999999999627e-01
8.670999999999999819e-01
7.534999999999999476e-01
-5.556999999999999718e-01
-6.523999999999999799e-01
-9.132000000000000117e-01
-4.229999999999999732e-02
7.270999999999999686e-01
-1.764000000000000012e-01
9.130000000000000338e-01
6.461000000000000076e-01
-1.562999999999999945e-01
3.623999999999999999e-01
-5.027000000000000357e-01
-9.856000000000000316e-01
-7.165000000000000258e-01
-8.667000000000000259e-01
-6.420000000000000151e-01
5.744000000000000217e-01
1.274000000000000132e-01
-7.028999999999999693e-01
-1.260000000000000009e-02
-2.589000000000000190e-01
3.014000000000000012e-01
-9.609999999999999654e-01
6.973000000000000309e-01
3.469999999999999751e-01
-8.237999999999999767e-01
-1.300000000000000044e-01
4.067999999999999949e-01
-9.073999999999999844e-01
-2.374999999999999889e-01
-9.919999999999999929e-01
-5.937999999999999945e-01
-2.550000000000000044e-01
5.040999999999999925e-01
1.327000000000000124e-01
4.364000000000000101e-01
6.934000000000000163e-01
9.354999999999999982e-01
2.524000000000000132e-01
-5.466999999999999638e-01
4.143000000000000016e-01
5.880999999999999561e-01
5.232999999999999874e-01
4.212000000000000188e-01
8.434000000000000385e-01
-5.987999999999999989e-01
-6.129000000000000004e-01
8.446000000000000174e-01
6.922000000000000375e-01
-1.696999999999999897e-01
1.887999999999999956e-01
-2.938999999999999946e-01
7.830000000000000293e-01
-1.602000000000000091e-01
-7.104000000000000314e-01
-7.068999999999999728e-01
-6.171999999999999709e-01
-8.840999999999999970e-01
7.090000000000000469e-02
-8.006999999999999673e-01
5.877999999999999892e-01
-1.396999999999999909e-01
-1.645999999999999963e-01
6.401000000000000023e-01
7.780000000000000249e-01
7.439999999999999947e-01
-6.246000000000000441e-01
-8.229999999999999538e-01
-2.164000000000000090e-01
-3.623000000000000109e-01
-7.480999999999999872e-01
-8.070000000000000506e-01
-2.401999999999999968e-01
-1.074999999999999983e-01
-2.838999999999999857e-01
6.183999999999999497e-01
-8.739999999999999991e-01
7.459999999999999964e-02
-9.800000000000000377e-02
9.945000000000000506e-01
-6.389999999999999847e-02
-3.156999999999999806e-01
8.190000000000000058e-02
-7.768000000000000460e-01
9.350000000000000533e-01
4.672000000000000042e-01
-8.457999999999999963e-01
8.284000000000000252e-01
-6.407000000000000473e-01
-9.473000000000000309e-01
