7.804999999999999716e-01
-4.451999999999999846e-01
-1.200999999999999984e-01
4.799999999999999822e-01
4.455000000000000071e-01
-9.035999999999999588e-01
2.795000000000000262e-01
-4.924999999999999933e-01
-5.554999999999999938e-01
7.070999999999999508e-01
-6.947999999999999732e-01
8.269999999999999574e-02
7.160999999999999588e-01
-6.647999999999999465e-01
-8.021000000000000352e-01
6.495999999999999552e-01
-4.989000000000000101e-01
2.230000000000000038e-01
2.225000000000000033e-01
9.223999999999999977e-01
-7.117999999999999883e-01
7.980000000000000426e-01
-5.760999999999999455e-01
-3.029000000000000026e-01
-9.840999999999999748e-01
7.969999999999999307e-02
-4.304000000000000048e-01
-7.967999999999999527e-01
-2.497999999999999943e-01
6.994000000000000217e-01
-2.126000000000000112e-01
-2.063000000000000111e-01
-1.864999999999999991e-01
-3.039000000000000035e-01
-9.542000000000000481e-01
-3.881000000000000005e-01
7.157999999999999918e-01
2.497999999999999943e-01
-1.600000000000000033e-01
3.295000000000000151e-01
9.227999999999999536e-01
9.272000000000000242e-01
-5.121999999999999886e-01
8.065999999999999837e-01
4.092999999999999972e-01
-8.115999999999999881e-01
8.460999999999999632e-01
5.211000000000000076e-01
-8.915999999999999481e-01
2.043999999999999984e-01
-8.155000000000000027e-01
-9.600999999999999535e-01
6.008000000000000007e-01
9.782999999999999474e-01
-8.158999999999999586e-01
9.122999999999999998e-01
-2.671000000000000041e-01
3.098000000000000198e-01
-7.148999999999999799e-01
-5.914000000000000368e-01
5.410000000000000225e-02
8.832999999999999741e-01
1.169000000000000039e-01
8.731999999999999762e-01
9.735000000000000320e-01
-3.753000000000000225e-01
-9.734000000000000430e-01
-6.846999999999999753e-01
6.180999999999999828e-01
9.968000000000000194e-01
3.312999999999999834e-01
-7.731000000000000094e-01
-5.361000000000000210e-01
-7.975999999999999757e-01
9.550000000000000155e-02
-7.046999999999999931e-01
3.225999999999999979e-01
-5.624000000000000110e-01
7.438000000000000167e-01
-6.340999999999999970e-01
6.665999999999999703e-01
-1.754999999999999893e-01
-3.150000000000000022e-01
7.977999999999999536e-01
-4.555000000000000160e-01
6.402999999999999803e-01
7.733999999999999764e-01
-3.699000000000000066e-01
5.530000000000000193e-02
9.738999999999999879e-01
3.311000000000000054e-01
4.651000000000000134e-01
-4.279999999999999916e-01
1.698999999999999955e-01
-6.014000000000000457e-01
1.880000000000000004e-01
7.002000000000000446e-01
9.983999999999999542e-01
-1.746999999999999942e-01
1.310999999999999943e-01
7.764999999999999680e-01
1.348000000000000032e-01
-7.157999999999999918e-01
8.200000000000000691e-03
4.944000000000000061e-01
-3.221999999999999864e-01
3.039999999999999994e-02
1.199999999999999956e-01
-8.509999999999999509e-02
7.891000000000000236e-01
-8.672999999999999599e-01
-3.563999999999999946e-01
-3.726999999999999758e-01
8.181000000000000494e-01
-7.936999999999999611e-01
4.575000000000000178e-01
-9.405000000000000027e-01
-6.713000000000000078e-01
4.709999999999999742e-01
-7.413999999999999480e-01
5.177000000000000490e-01
-9.435999999999999943e-01
-5.674000000000000155e-01
-4.744999999999999774e-01
-3.422000000000000042e-01
8.005999999999999783e-01
3.781999999999999806e-01
8.618000000000000105e-01
6.706999999999999629e-01
6.208000000000000185e-01
8.579999999999999849e-01
-6.422999999999999821e-01
-8.934999999999999609e-01
-8.858000000000000318e-01
9.308999999999999497e-01
7.364000000000000545e-01
1.810000000000000150e-02
-7.879000000000000448e-01
