6.353999999999999648e-01
-5.300000000000000266e-01
2.490999999999999881e-01
-9.345999999999999863e-01
-2.401000000000000079e-01
-9.859999999999999321e-02
-1.910999999999999921e-01
-6.905000000000000027e-01
-3.159000000000000141e-01
-4.415000000000000036e-01
1.057000000000000023e-01
2.477999999999999925e-01
-8.069999999999999396e-02
-6.887999999999999678e-01
-5.240000000000000213e-02
5.453000000000000069e-01
5.797999999999999821e-01
1.066000000000000003e-01
-9.143000000000000016e-01
6.844000000000000083e-01
5.880999999999999561e-01
-6.221999999999999753e-01
5.400000000000000355e-01
-8.020000000000000462e-01
1.218999999999999945e-01
-4.073999999999999844e-01
-9.576999999999999957e-01
-8.455000000000000293e-01
2.000000000000000096e-04
7.889000000000000457e-01
5.330000000000000016e-02
1.391999999999999904e-01
-9.574000000000000288e-01
-6.051999999999999602e-01
-9.478999999999999648e-01
-2.869999999999999774e-01
3.684000000000000052e-01
-7.163000000000000478e-01
3.781999999999999806e-01
-3.570999999999999730e-01
3.114000000000000101e-01
3.427000000000000046e-01
3.659000000000000030e-01
-8.088999999999999524e-01
-4.190999999999999726e-01
7.865999999999999659e-01
4.791000000000000258e-01
-9.223999999999999977e-01
8.057999999999999607e-01
5.650000000000000161e-02
-3.143000000000000238e-01
-2.391000000000000070e-01
2.797999999999999932e-01
7.607000000000000428e-01
-6.417000000000000481e-01
8.160000000000000586e-02
3.336000000000000076e-01
9.438999999999999613e-01
