-5.252000000000000002e-01
1.776999999999999968e-01
5.977000000000000091e-01
-9.605000000000000204e-01
-7.026999999999999913e-01
-6.320000000000000617e-02
2.994999999999999885e-01
-1.784000000000000030e-01
-7.207999999999999963e-01
2.808999999999999830e-01
-6.178000000000000158e-01
2.001000000000000001e-01
-8.450000000000000566e-02
7.167999999999999927e-01
4.969999999999999973e-01
3.096999999999999753e-01
1.731000000000000039e-01
9.579999999999999627e-01
-5.212999999999999856e-01
-2.137999999999999901e-01
-6.009999999999999787e-01
-7.803999999999999826e-01
-2.720000000000000195e-01
1.638999999999999901e-01
-6.199999999999999956e-02
-8.526000000000000245e-01
1.978999999999999926e-01
-3.709999999999999964e-01
-8.041000000000000369e-01
9.422000000000000375e-01
4.626000000000000112e-01
-7.228999999999999870e-01
4.447999999999999732e-01
-8.994999999999999662e-01
7.692999999999999838e-01
2.343000000000000083e-01
-2.879999999999999921e-02
9.844000000000000528e-01
3.563999999999999946e-01
3.966000000000000081e-01
-1.068000000000000060e-01
1.930999999999999939e-01
-6.354999999999999538e-01
3.603000000000000091e-01
-2.472000000000000031e-01
-9.862999999999999545e-01
-2.601999999999999869e-01
9.933999999999999497e-01
-4.593999999999999750e-01
6.542000000000000037e-01
-5.465999999999999748e-01
-7.009999999999999565e-02
3.603000000000000091e-01
-2.361000000000000043e-01
-9.054999999999999716e-01
-8.622999999999999554e-01
-5.080999999999999961e-01
3.225000000000000089e-01
