-1.748000000000000109e-01
9.575000000000000178e-01
8.997000000000000552e-01
-1.810000000000000150e-02
2.016000000000000014e-01
-5.983000000000000540e-01
-2.147999999999999909e-01
-7.221999999999999531e-01
-2.910000000000000087e-02
4.580000000000000043e-02
-9.204999999999999849e-01
-5.879999999999999671e-01
2.723999999999999755e-01
3.699999999999999817e-02
3.447000000000000064e-01
-8.377999999999999892e-01
3.840000000000000080e-01
8.237999999999999767e-01
-3.450000000000000289e-02
-6.353999999999999648e-01
1.619999999999999912e-02
8.317999999999999838e-01
-4.147000000000000131e-01
-8.086999999999999744e-01
3.362999999999999878e-01
6.733999999999999986e-01
6.183999999999999497e-01
-6.927999999999999714e-01
3.980000000000000204e-02
5.632000000000000339e-01
-1.378999999999999948e-01
-6.051999999999999602e-01
4.893000000000000127e-01
-2.847000000000000086e-01
-4.748999999999999888e-01
-5.340000000000000302e-01
-5.013999999999999568e-01
-4.420000000000000040e-01
3.095999999999999863e-01
5.169000000000000261e-01
-7.388000000000000123e-01
7.173000000000000487e-01
9.090000000000000302e-01
-1.949999999999999997e-02
6.900000000000000577e-02
1.358000000000000040e-01
-5.303999999999999826e-01
-9.112999999999999989e-01
1.517000000000000015e-01
-4.792000000000000148e-01
6.556999999999999496e-01
-2.083000000000000129e-01
9.768999999999999906e-01
7.078999999999999737e-01
-9.320000000000000506e-02
-7.684999999999999609e-01
6.216000000000000414e-01
-7.751000000000000112e-01
