-6.651000000000000245e-01
1.567000000000000060e-01
9.693000000000000504e-01
6.966999999999999860e-01
8.152000000000000357e-01
4.838999999999999968e-01
-6.793000000000000149e-01
-3.141999999999999793e-01
-5.657999999999999696e-01
-1.310000000000000053e-02
-6.647999999999999465e-01
-4.174999999999999822e-01
5.362999999999999989e-01
-8.769000000000000128e-01
1.111000000000000043e-01
5.070000000000000062e-01
-9.344000000000000083e-01
9.495000000000000107e-01
6.856999999999999762e-01
-9.165999999999999703e-01
-1.814000000000000057e-01
-8.132000000000000339e-01
2.917000000000000148e-01
6.842000000000000304e-01
-1.663000000000000034e-01
-3.229000000000000203e-01
-9.504000000000000226e-01
9.094999999999999751e-01
6.002999999999999448e-01
-9.301000000000000378e-01
-8.254000000000000226e-01
-5.883000000000000451e-01
-6.425999999999999490e-01
2.170999999999999874e-01
-8.490999999999999659e-01
5.091999999999999860e-01
-3.196999999999999842e-01
-4.784999999999999809e-01
6.399000000000000243e-01
-2.298000000000000043e-01
-9.073999999999999844e-01
8.290000000000000147e-02
9.068000000000000504e-01
8.903999999999999693e-01
3.531000000000000250e-01
-4.420000000000000040e-01
3.471000000000000196e-01
3.541000000000000258e-01
-2.061000000000000054e-01
7.106999999999999984e-01
2.538000000000000256e-01
9.088000000000000522e-01
-7.734999999999999654e-01
2.187999999999999945e-01
9.386999999999999789e-01
-5.110000000000000098e-01
-2.866000000000000214e-01
-3.269000000000000239e-01
