6.529000000000000359e-01
-7.270999999999999686e-01
-8.280999999999999472e-01
-5.949999999999999734e-01
1.441999999999999948e-01
3.310000000000000164e-01
-1.030000000000000013e-02
-8.312000000000000499e-01
-4.655000000000000249e-01
9.550999999999999490e-01
-7.463999999999999524e-01
-3.664999999999999925e-01
-8.206999999999999851e-01
-6.450000000000000178e-02
-2.061999999999999944e-01
-9.777000000000000135e-01
3.721999999999999753e-01
1.159999999999999920e-02
9.650000000000000244e-02
8.699999999999999400e-03
8.500000000000000611e-02
-6.516999999999999460e-01
7.554999999999999494e-01
-8.530999999999999694e-01
8.185000000000000053e-01
6.754000000000000004e-01
3.829000000000000181e-01
1.342000000000000137e-01
-6.450000000000000178e-01
-2.043000000000000094e-01
-5.503000000000000114e-01
4.274000000000000021e-01
5.018000000000000238e-01
-5.157000000000000473e-01
3.867999999999999772e-01
-5.284999999999999698e-01
3.160999999999999921e-01
3.930000000000000160e-01
1.569000000000000117e-01
-3.791999999999999815e-01
-6.041999999999999593e-01
-2.595000000000000084e-01
-8.924999999999999600e-01
-6.320999999999999952e-01
3.941999999999999948e-01
8.414000000000000368e-01
2.842000000000000082e-01
-9.758999999999999897e-01
4.391999999999999793e-01
-1.535999999999999865e-01
6.586999999999999522e-01
6.277000000000000357e-01
7.749999999999999944e-02
5.237000000000000544e-01
-5.689999999999999503e-01
4.022000000000000020e-01
4.702999999999999958e-01
9.133999999999999897e-01
