-5.237000000000000544e-01
8.269999999999999574e-02
-4.143999999999999906e-01
-7.779000000000000359e-01
3.884000000000000230e-01
9.268999999999999462e-01
8.895999999999999464e-01
4.531999999999999917e-01
1.962000000000000133e-01
-3.674999999999999933e-01
9.655000000000000249e-01
-6.202999999999999625e-01
-4.862000000000000210e-01
-1.360000000000000098e-01
-2.323000000000000065e-01
8.401999999999999469e-01
9.299999999999999239e-03
-9.334000000000000075e-01
7.803999999999999826e-01
-7.599000000000000199e-01
1.188000000000000028e-01
9.055999999999999606e-01
5.574000000000000066e-01
-3.935000000000000164e-01
4.682000000000000051e-01
4.405999999999999917e-01
-8.364000000000000323e-01
-5.943000000000000504e-01
4.569999999999999757e-02
-1.841000000000000136e-01
9.767000000000000126e-01
-5.853000000000000425e-01
8.525000000000000355e-01
9.593000000000000416e-01
-4.228000000000000091e-01
1.781999999999999973e-01
-6.593999999999999861e-01
-1.299999999999999940e-03
2.469000000000000083e-01
-3.658000000000000140e-01
-3.936999999999999944e-01
-7.720000000000000473e-02
2.886000000000000232e-01
-7.944999999999999840e-01
2.278999999999999915e-01
2.995999999999999774e-01
8.729999999999999982e-01
-8.647000000000000242e-01
-5.456999999999999629e-01
5.380000000000000338e-01
-7.335000000000000409e-01
-2.580000000000000002e-02
-3.074999999999999956e-01
3.650999999999999801e-01
-5.147000000000000464e-01
-1.047000000000000014e-01
7.557000000000000384e-01
-1.299999999999999940e-02
