6.594999999999999751e-01
-6.869999999999999718e-02
4.239999999999999880e-01
-2.627999999999999781e-01
4.084999999999999742e-01
-4.868999999999999995e-01
-5.940000000000000141e-02
-2.565000000000000058e-01
9.059999999999999998e-02
-5.645000000000000018e-01
-7.680000000000000160e-01
-2.301999999999999880e-01
8.699000000000000066e-01
8.853999999999999648e-01
-6.939999999999999503e-01
-4.067000000000000060e-01
9.103999999999999870e-01
-6.963000000000000300e-01
3.629999999999999893e-01
3.149000000000000132e-01
5.630000000000000282e-02
-6.595999999999999641e-01
-9.301000000000000378e-01
-1.733999999999999986e-01
1.405000000000000138e-01
2.520000000000000018e-02
-3.600999999999999757e-01
-9.389999999999999458e-01
-1.880000000000000074e-02
3.005999999999999783e-01
-4.531999999999999917e-01
9.477999999999999758e-01
9.370000000000000551e-01
-3.095999999999999863e-01
-4.010000000000000231e-01
-6.199999999999999782e-03
-5.362999999999999989e-01
7.348000000000000087e-01
-8.661999999999999700e-01
-3.098000000000000198e-01
-4.683999999999999830e-01
-1.032000000000000001e-01
9.334000000000000075e-01
-2.124000000000000055e-01
2.160000000000000114e-02
-1.507999999999999896e-01
7.473999999999999533e-01
4.845999999999999752e-01
-9.729999999999999760e-02
2.038000000000000089e-01
2.129999999999999949e-01
9.706000000000000183e-01
8.738000000000000211e-01
3.770999999999999908e-01
5.574000000000000066e-01
4.189999999999999974e-02
-2.325000000000000122e-01
6.778999999999999471e-01
