1.756000000000000061e-01
2.863999999999999879e-01
-7.969999999999999307e-02
1.126999999999999946e-01
-1.660000000000000087e-01
9.386999999999999789e-01
-1.996999999999999886e-01
4.976999999999999758e-01
2.064000000000000001e-01
-2.918000000000000038e-01
-4.388000000000000234e-01
8.457999999999999963e-01
-2.394000000000000017e-01
-9.024999999999999689e-01
-8.410999999999999588e-01
1.032000000000000001e-01
-9.086999999999999522e-01
-3.310000000000000164e-01
-9.222000000000000197e-01
4.032000000000000028e-01
-8.252000000000000446e-01
-2.753999999999999782e-01
-8.374000000000000332e-01
-5.572000000000000286e-01
-8.134000000000000119e-01
-1.342000000000000137e-01
-9.929000000000000048e-01
3.674999999999999933e-01
-3.512000000000000122e-01
6.881000000000000449e-01
7.611999999999999877e-01
-9.972999999999999643e-01
8.390000000000000235e-02
9.940000000000000224e-02
1.630000000000000060e-01
3.629000000000000004e-01
1.796999999999999986e-01
1.978999999999999926e-01
2.983999999999999986e-01
1.224999999999999978e-01
-2.242999999999999994e-01
5.586999999999999744e-01
-9.741999999999999549e-01
8.360999999999999543e-01
4.074999999999999734e-01
3.453999999999999848e-01
6.864000000000000101e-01
6.915000000000000036e-01
7.523999999999999577e-01
-6.292999999999999705e-01
4.022000000000000020e-01
-5.618999999999999551e-01
-1.640000000000000069e-01
-6.939999999999999503e-01
-9.297999999999999599e-01
-1.373000000000000054e-01
-3.904000000000000248e-01
3.652000000000000246e-01
