-7.401999999999999691e-01
-8.104000000000000092e-01
7.510000000000000009e-02
5.465999999999999748e-01
3.474999999999999756e-01
4.178000000000000047e-01
-4.091000000000000192e-01
-7.864999999999999769e-01
-4.138000000000000012e-01
-1.380000000000000115e-01
2.466000000000000136e-01
-5.030999999999999917e-01
-2.366999999999999937e-01
4.764999999999999791e-01
1.319999999999999993e-02
-1.751999999999999946e-01
6.625999999999999668e-01
-5.694000000000000172e-01
5.110999999999999988e-01
1.910999999999999921e-01
1.519999999999999997e-02
-9.650999999999999579e-01
4.689999999999999725e-02
4.193000000000000060e-01
7.614999999999999547e-01
6.186000000000000387e-01
-6.169000000000000039e-01
2.508000000000000229e-01
-2.500999999999999890e-01
-2.539000000000000146e-01
-3.202999999999999736e-01
-1.345000000000000084e-01
2.660000000000000142e-01
-4.069999999999999729e-01
6.669000000000000483e-01
-3.388999999999999790e-01
-1.776999999999999968e-01
-3.225000000000000089e-01
6.915999999999999925e-01
-7.798000000000000487e-01
-9.508999999999999675e-01
-2.852999999999999980e-01
2.061999999999999944e-01
-1.960999999999999965e-01
-1.403999999999999970e-01
1.484999999999999931e-01
7.048999999999999710e-01
-9.540999999999999481e-01
-8.962999999999999856e-01
7.151999999999999469e-01
-1.290999999999999925e-01
-1.257000000000000062e-01
-2.838999999999999857e-01
-1.083999999999999964e-01
-2.712999999999999856e-01
6.555999999999999606e-01
4.093999999999999861e-01
-7.136000000000000121e-01
