-2.806000000000000161e-01
8.527000000000000135e-01
-1.108999999999999986e-01
5.487999999999999545e-01
8.042000000000000259e-01
5.377999999999999448e-01
2.336999999999999911e-01
-7.375000000000000444e-01
8.816000000000000503e-01
-9.786000000000000254e-01
1.433000000000000107e-01
6.536999999999999478e-01
9.552000000000000490e-01
1.942000000000000115e-01
-1.376000000000000001e-01
-2.733999999999999764e-01
-5.162999999999999812e-01
2.612999999999999767e-01
4.515000000000000124e-01
2.553000000000000269e-01
2.323000000000000065e-01
-1.072000000000000036e-01
1.054999999999999966e-01
1.754000000000000004e-01
-7.530999999999999917e-01
-3.584999999999999853e-01
-8.824999999999999512e-01
2.419999999999999929e-01
2.549000000000000155e-01
5.997000000000000108e-01
4.852000000000000202e-01
5.013999999999999568e-01
-5.279000000000000359e-01
4.411999999999999811e-01
1.628999999999999893e-01
-7.902000000000000135e-01
2.069000000000000006e-01
8.344000000000000306e-01
-6.715999999999999748e-01
2.987000000000000210e-01
4.843000000000000083e-01
9.643000000000000460e-01
-3.846999999999999864e-01
4.287000000000000255e-01
-4.627000000000000002e-01
-7.727000000000000535e-01
7.209999999999999742e-01
4.013999999999999790e-01
-9.312000000000000277e-01
7.638000000000000345e-01
9.526999999999999913e-01
-5.243999999999999773e-01
-6.651000000000000245e-01
8.595000000000000417e-01
-3.556000000000000272e-01
-6.929999999999999494e-01
-7.374000000000000554e-01
5.282000000000000028e-01
