-8.829000000000000181e-01
-8.737000000000000322e-01
3.670000000000000345e-02
-2.921000000000000263e-01
5.532000000000000250e-01
4.143000000000000016e-01
6.193999999999999506e-01
-7.485000000000000542e-01
-5.355999999999999650e-01
7.544999999999999485e-01
8.177999999999999714e-01
-9.080000000000000293e-01
-9.157999999999999474e-01
3.397000000000000020e-01
-8.889000000000000234e-01
-1.766000000000000070e-01
-9.582000000000000517e-01
-8.294000000000000261e-01
9.441000000000000503e-01
4.159999999999999809e-01
-2.705000000000000182e-01
-1.499999999999999944e-02
-8.334000000000000297e-01
6.725999999999999757e-01
2.560000000000000053e-01
-4.114999999999999769e-01
-5.870000000000000218e-02
3.839000000000000190e-01
-9.628999999999999782e-01
-6.276000000000000467e-01
-3.300000000000000155e-02
-3.249000000000000221e-01
-2.044999999999999873e-01
-1.132999999999999979e-01
8.227999999999999758e-01
8.970000000000000195e-01
-5.002999999999999670e-01
-4.068999999999999839e-01
-2.056000000000000050e-01
-5.486999999999999655e-01
-4.187000000000000166e-01
4.072000000000000064e-01
-7.324000000000000510e-01
-5.161999999999999922e-01
-6.677999999999999492e-01
9.173000000000000043e-01
-7.028999999999999693e-01
2.422999999999999876e-01
3.967999999999999861e-01
-8.366000000000000103e-01
-4.289000000000000035e-01
-2.199000000000000121e-01
7.944999999999999840e-01
-1.494999999999999940e-01
-4.541000000000000036e-01
5.859999999999999931e-02
-6.499999999999999702e-03
-4.385000000000000009e-01
