-4.828000000000000069e-01
3.422000000000000042e-01
4.326999999999999735e-01
-2.411999999999999977e-01
-7.300000000000000065e-03
-6.525999999999999579e-01
6.421999999999999931e-01
9.969000000000000083e-01
2.152999999999999914e-01
-2.599000000000000199e-01
8.427999999999999936e-01
-1.691000000000000003e-01
-4.596000000000000085e-01
-2.383000000000000118e-01
-5.809999999999999887e-02
1.597999999999999976e-01
5.310000000000000275e-01
-6.429000000000000270e-01
7.638000000000000345e-01
5.300000000000000024e-03
3.603000000000000091e-01
-8.536000000000000254e-01
6.342999999999999750e-01
-8.153000000000000247e-01
-8.470999999999999641e-01
3.719999999999999973e-01
-1.292000000000000093e-01
1.443000000000000116e-01
-6.310000000000000331e-02
-9.604000000000000314e-01
6.644999999999999796e-01
-9.734000000000000430e-01
7.348000000000000087e-01
4.665000000000000258e-01
3.865999999999999992e-01
4.440999999999999948e-01
-6.749000000000000554e-01
-8.504000000000000448e-01
1.978999999999999926e-01
3.780000000000000027e-02
2.992000000000000215e-01
9.133999999999999897e-01
-2.124999999999999944e-01
-8.569999999999999840e-01
7.755999999999999561e-01
9.477999999999999758e-01
1.083999999999999964e-01
2.702999999999999847e-01
7.140999999999999570e-01
-6.019999999999999657e-02
-5.866999999999999993e-01
-5.042999999999999705e-01
5.704000000000000181e-01
6.339000000000000190e-01
9.105999999999999650e-01
-5.291000000000000147e-01
9.438999999999999613e-01
-5.324999999999999734e-01
