5.449000000000000510e-01
6.981000000000000538e-01
2.232000000000000095e-01
7.267000000000000126e-01
8.215999999999999970e-01
-5.910999999999999588e-01
-9.883999999999999453e-01
6.490000000000000213e-01
-3.038000000000000145e-01
-4.818000000000000060e-01
-9.038000000000000478e-01
-6.004000000000000448e-01
-4.010000000000000231e-01
2.386000000000000065e-01
-2.230000000000000038e-02
6.020999999999999686e-01
4.893000000000000127e-01
-3.770999999999999908e-01
5.071999999999999842e-01
-7.557000000000000384e-01
6.716999999999999638e-01
-1.484999999999999931e-01
-5.890000000000000097e-02
5.818999999999999728e-01
8.121000000000000441e-01
-8.909999999999999865e-02
-9.646000000000000130e-01
9.645000000000000240e-01
3.421000000000000152e-01
1.020000000000000073e-02
8.722999999999999643e-01
-6.724999999999999867e-01
-1.575000000000000011e-01
-4.278000000000000136e-01
-6.294999999999999485e-01
-3.265000000000000124e-01
2.797000000000000042e-01
2.968999999999999972e-01
-4.183999999999999941e-01
-8.870000000000000107e-01
6.715999999999999748e-01
-8.431999999999999496e-01
9.578999999999999737e-01
8.962999999999999856e-01
5.797999999999999821e-01
4.000000000000000222e-01
3.064000000000000057e-01
-8.416000000000000147e-01
4.421999999999999820e-01
-3.211999999999999855e-01
-6.699000000000000510e-01
-4.923000000000000154e-01
-1.958999999999999908e-01
-1.433000000000000107e-01
-2.982000000000000206e-01
-6.770000000000000462e-01
9.294999999999999929e-01
7.208999999999999853e-01
