-7.860000000000000320e-02
-7.887999999999999456e-01
-9.224999999999999867e-01
7.304000000000000492e-01
7.536000000000000476e-01
1.139000000000000012e-01
-2.670000000000000151e-01
-7.385000000000000453e-01
7.868000000000000549e-01
9.071000000000000174e-01
6.968999999999999639e-01
1.136999999999999955e-01
-2.899999999999999800e-01
5.667999999999999705e-01
-3.202999999999999736e-01
-1.110000000000000014e-01
-1.622999999999999998e-01
6.360999999999999988e-01
3.766999999999999793e-01
-6.657999999999999474e-01
-1.481999999999999984e-01
7.915999999999999703e-01
-9.829999999999999849e-01
6.794000000000000039e-01
1.539999999999999980e-01
1.486999999999999988e-01
8.179999999999999771e-02
-5.279000000000000359e-01
-3.333999999999999742e-01
9.211000000000000298e-01
9.663000000000000478e-01
9.545000000000000151e-01
-7.698000000000000398e-01
7.459999999999999964e-02
1.260999999999999899e-01
-8.159999999999999476e-01
-7.140000000000000513e-02
-8.035999999999999810e-01
-9.070000000000000284e-01
4.799999999999999580e-03
-8.808000000000000274e-01
6.091999999999999638e-01
1.315000000000000058e-01
7.649000000000000243e-01
3.960000000000000187e-01
5.928999999999999826e-01
-4.935999999999999832e-01
-1.264000000000000123e-01
-3.194000000000000172e-01
-9.326999999999999735e-01
-5.250000000000000222e-01
4.441999999999999837e-01
6.025000000000000355e-01
-6.035000000000000364e-01
8.029999999999999638e-02
-6.419999999999999318e-02
9.619999999999999662e-01
-4.148000000000000020e-01
3.163000000000000256e-01
6.057000000000000162e-01
-5.000000000000000104e-03
-7.191999999999999504e-01
8.466000000000000192e-01
-3.160000000000000309e-02
4.719999999999999890e-02
-4.098999999999999866e-01
6.165000000000000480e-01
-5.116000000000000547e-01
-8.705000000000000515e-01
-8.790000000000000036e-01
-8.356000000000000094e-01
-2.509000000000000119e-01
-6.519000000000000350e-01
3.882999999999999785e-01
-1.234999999999999987e-01
9.311000000000000387e-01
2.369999999999999885e-02
2.011999999999999900e-01
5.364999999999999769e-01
5.997999999999999998e-01
6.457000000000000517e-01
-8.041000000000000369e-01
5.215999999999999526e-01
9.445999999999999952e-01
-1.168000000000000010e-01
-8.839000000000000190e-01
-1.963999999999999913e-01
1.879000000000000115e-01
7.209999999999999742e-01
-8.661999999999999700e-01
-5.397999999999999465e-01
-6.770000000000000462e-01
7.762000000000000011e-01
1.990999999999999992e-01
-6.090999999999999748e-01
5.604999999999999982e-01
-1.325000000000000067e-01
5.574000000000000066e-01
9.816000000000000281e-01
-1.099999999999999936e-02
-2.616999999999999882e-01
7.057999999999999829e-01
8.017999999999999572e-01
-1.542999999999999927e-01
-8.620999999999999774e-01
8.868000000000000327e-01
-2.217000000000000082e-01
-4.042999999999999927e-01
-5.030999999999999917e-01
6.504999999999999671e-01
-3.934000000000000274e-01
-5.454999999999999849e-01
-4.454000000000000181e-01
1.428999999999999992e-01
-1.131999999999999951e-01
-2.442000000000000004e-01
-7.485000000000000542e-01
-6.912000000000000366e-01
-7.157000000000000028e-01
8.721999999999999753e-01
4.834999999999999853e-01
-3.593000000000000083e-01
1.025999999999999968e-01
6.202999999999999625e-01
1.165000000000000063e-01
-7.742999999999999883e-01
-8.493000000000000549e-01
-5.474999999999999867e-01
-6.289000000000000146e-01
9.381000000000000449e-01
6.975000000000000089e-01
4.452999999999999736e-01
3.332999999999999852e-01
6.427000000000000490e-01
-1.705000000000000127e-01
-7.508000000000000229e-01
-3.734999999999999987e-01
4.050000000000000266e-01
8.133000000000000229e-01
-2.119000000000000050e-01
-7.217999999999999972e-01
-2.772000000000000020e-01
9.693000000000000504e-01
8.792999999999999705e-01
-9.845000000000000417e-01
-5.000000000000000278e-02
1.024999999999999939e-01
-6.566999999999999504e-01
7.995999999999999774e-01
3.957999999999999852e-01
1.607999999999999985e-01
-7.339999999999999858e-01
-3.241999999999999882e-01
-5.385999999999999677e-01
-2.585999999999999965e-01
3.827999999999999736e-01
-9.206999999999999629e-01
2.651000000000000023e-01
-7.157999999999999918e-01
8.468999999999999861e-01
2.323999999999999955e-01
-3.083000000000000185e-01
5.973000000000000531e-01
8.357999999999999874e-01
5.931999999999999496e-01
3.251000000000000001e-01
-4.273000000000000131e-01
-1.100000000000000066e-03
-1.398000000000000076e-01
-3.487000000000000099e-01
4.454000000000000181e-01
