3.269000000000000239e-01
-3.260000000000000120e-01
2.708999999999999742e-01
-5.570000000000000506e-01
-7.359999999999999876e-01
-2.099000000000000032e-01
-2.426000000000000101e-01
-5.150000000000000133e-01
-7.019999999999999574e-01
-4.428000000000000269e-01
-5.010999999999999899e-01
5.129000000000000226e-01
-5.875000000000000222e-01
-7.503999999999999559e-01
8.848000000000000309e-01
-7.616000000000000547e-01
-4.643999999999999795e-01
-9.002999999999999892e-01
9.950999999999999845e-01
-4.354999999999999982e-01
2.897000000000000131e-01
-3.289999999999999869e-02
-2.199999999999999872e-02
5.979999999999999760e-01
-6.468000000000000416e-01
-2.217999999999999972e-01
-1.236000000000000015e-01
1.915000000000000036e-01
5.180000000000000160e-01
5.682000000000000384e-01
9.507999999999999785e-01
-4.400000000000000022e-01
6.580000000000000293e-01
-1.769999999999999907e-01
-9.618999999999999773e-01
-7.919000000000000483e-01
4.687000000000000055e-01
6.098999999999999977e-01
9.600999999999999535e-01
-1.242999999999999938e-01
8.257999999999999785e-01
6.017000000000000126e-01
7.987999999999999545e-01
5.407999999999999474e-01
-1.688999999999999946e-01
3.116999999999999771e-01
-6.541000000000000147e-01
1.710000000000000062e-02
-5.784000000000000252e-01
1.580999999999999905e-01
-8.832999999999999741e-01
-3.151999999999999802e-01
9.470000000000000639e-02
3.660000000000000059e-02
2.424999999999999933e-01
-9.193000000000000060e-01
7.102000000000000535e-01
2.580999999999999961e-01
2.028000000000000080e-01
-4.440000000000000197e-02
-2.823999999999999844e-01
-4.974999999999999978e-01
-3.383999999999999786e-01
-5.007000000000000339e-01
-9.179000000000000492e-01
2.048999999999999988e-01
2.723999999999999755e-01
7.282999999999999474e-01
3.667000000000000259e-01
4.398000000000000242e-01
-4.067999999999999949e-01
-9.700000000000000289e-02
-9.104999999999999760e-01
-7.305000000000000382e-01
9.384000000000000119e-01
2.680000000000000090e-02
-9.418999999999999595e-01
-6.774999999999999911e-01
6.903000000000000247e-01
5.673000000000000265e-01
-3.740000000000000269e-02
-3.839000000000000190e-01
-6.864999999999999991e-01
4.701000000000000179e-01
9.119000000000000439e-01
6.142999999999999572e-01
-9.767000000000000126e-01
-1.290999999999999925e-01
1.312000000000000111e-01
6.761000000000000343e-01
-8.559999999999999554e-02
-3.884000000000000230e-01
8.721999999999999753e-01
7.201999999999999513e-01
-9.669999999999999429e-02
-7.183000000000000496e-01
-6.685999999999999721e-01
9.707000000000000073e-01
-6.693999999999999950e-01
9.210000000000000409e-01
3.941000000000000059e-01
4.475000000000000089e-01
8.275000000000000133e-01
8.063000000000000167e-01
-9.697999999999999954e-01
9.030000000000000249e-01
-4.154999999999999805e-01
-5.893000000000000460e-01
-9.161000000000000254e-01
-6.171999999999999709e-01
-2.069000000000000006e-01
-1.909999999999999892e-02
-2.765000000000000235e-01
-8.439999999999999725e-01
-3.615999999999999770e-01
-6.131999999999999673e-01
3.093000000000000194e-01
-6.462999999999999856e-01
-5.604999999999999982e-01
6.954000000000000181e-01
3.002000000000000224e-01
-6.340000000000000080e-01
-9.667000000000000037e-01
6.566999999999999504e-01
1.923999999999999877e-01
-1.529999999999999936e-02
-8.484000000000000430e-01
-9.029000000000000359e-01
7.811000000000000165e-01
2.120000000000000009e-02
-7.772000000000000020e-01
-4.267000000000000237e-01
6.581000000000000183e-01
5.623000000000000220e-01
-9.845000000000000417e-01
5.507999999999999563e-01
-9.947000000000000286e-01
7.823999999999999844e-01
6.071999999999999620e-01
-2.500999999999999890e-01
8.917000000000000481e-01
-3.219999999999999946e-02
1.449999999999999900e-01
4.244999999999999885e-01
1.663000000000000034e-01
1.842000000000000026e-01
3.201999999999999846e-01
-5.936000000000000165e-01
7.895999999999999686e-01
4.860999999999999766e-01
4.373000000000000220e-01
-6.014000000000000457e-01
-9.438999999999999613e-01
1.680000000000000104e-01
7.483999999999999542e-01
-6.572000000000000064e-01
-3.286999999999999922e-01
-5.590000000000000524e-01
-8.629999999999999893e-01
-4.897000000000000242e-01
2.356000000000000039e-01
-3.113000000000000211e-01
7.267000000000000126e-01
9.032999999999999918e-01
5.987000000000000099e-01
5.713000000000000300e-01
4.880999999999999783e-01
8.686000000000000387e-01
-2.164000000000000090e-01
-5.520000000000000462e-01
-3.402999999999999914e-01
