3.917999999999999816e-01
6.400000000000000133e-01
2.896000000000000241e-01
-4.067999999999999949e-01
-7.951000000000000290e-01
-6.944000000000000172e-01
6.994000000000000217e-01
7.189999999999999725e-01
-8.131000000000000449e-01
-8.999999999999999667e-02
-3.567000000000000171e-01
-8.223000000000000309e-01
9.199000000000000510e-01
-9.950999999999999845e-01
7.862000000000000099e-01
-9.586000000000000076e-01
-3.245000000000000107e-01
-3.330000000000000321e-02
-6.179000000000000048e-01
-4.329999999999999960e-01
3.257999999999999785e-01
5.875000000000000222e-01
-6.673999999999999932e-01
8.307999999999999829e-01
-6.598000000000000531e-01
4.284999999999999920e-01
-7.728000000000000425e-01
9.126999999999999558e-01
-5.392000000000000126e-01
6.594999999999999751e-01
-8.538999999999999924e-01
-8.231000000000000538e-01
4.535000000000000142e-01
9.516000000000000014e-01
-1.069999999999999979e-01
5.916000000000000147e-01
3.227999999999999758e-01
-4.834999999999999853e-01
3.594999999999999862e-01
-6.217000000000000304e-01
8.725000000000000533e-01
8.729000000000000092e-01
-3.080000000000000099e-02
-3.010999999999999788e-01
9.559999999999999609e-01
-5.480000000000000149e-02
-1.150999999999999940e-01
6.433999999999999719e-01
3.938999999999999724e-01
2.900000000000000147e-02
-3.422000000000000042e-01
-1.996999999999999886e-01
-6.549000000000000377e-01
-1.160000000000000059e-01
9.400000000000000022e-02
5.513000000000000123e-01
3.336000000000000076e-01
4.139999999999999791e-01
5.332000000000000073e-01
4.051000000000000156e-01
8.851999999999999869e-01
1.527999999999999914e-01
-8.269999999999999574e-02
-1.431000000000000050e-01
-9.794000000000000483e-01
-6.281999999999999806e-01
5.421000000000000263e-01
-1.165000000000000063e-01
-3.320000000000000173e-01
9.398999999999999577e-01
9.271000000000000352e-01
2.253999999999999893e-01
7.337000000000000188e-01
8.483000000000000540e-01
-3.071999999999999731e-01
6.460000000000000464e-02
-7.324000000000000510e-01
6.731000000000000316e-01
8.144000000000000128e-01
-1.995000000000000107e-01
-6.096000000000000307e-01
-4.440000000000000197e-02
-6.110999999999999766e-01
-6.549000000000000377e-01
-2.747999999999999887e-01
-6.891000000000000458e-01
4.169999999999999818e-01
-2.114999999999999936e-01
5.147000000000000464e-01
-3.679000000000000048e-01
-4.459000000000000186e-01
7.322999999999999510e-01
7.852999999999999980e-01
7.420000000000000207e-02
7.830000000000000293e-01
-1.449000000000000010e-01
6.199999999999999956e-02
-1.600000000000000033e-01
-1.471000000000000085e-01
1.024000000000000049e-01
-3.905000000000000138e-01
-5.522000000000000242e-01
-3.996999999999999997e-01
-5.150000000000000133e-01
7.000999999999999446e-01
-5.745000000000000107e-01
-6.551000000000000156e-01
3.407000000000000028e-01
-1.822000000000000008e-01
-6.006000000000000227e-01
-5.700000000000000205e-03
9.740000000000000047e-02
-9.733000000000000540e-01
3.192999999999999727e-01
-4.507999999999999785e-01
-1.799999999999999864e-02
4.989000000000000101e-01
-8.415000000000000258e-01
-1.602000000000000091e-01
8.075999999999999845e-01
-1.572000000000000064e-01
-5.454999999999999849e-01
-1.880000000000000074e-02
-1.338000000000000023e-01
6.556999999999999496e-01
-5.523000000000000131e-01
3.281000000000000028e-01
-7.838000000000000522e-01
4.996999999999999775e-01
6.330999999999999961e-01
5.413999999999999924e-01
-7.256000000000000227e-01
6.383999999999999675e-01
-9.130000000000000338e-01
4.925999999999999823e-01
1.472999999999999865e-01
9.331000000000000405e-01
7.512999999999999678e-01
6.953000000000000291e-01
-6.467000000000000526e-01
3.184000000000000163e-01
-6.493999999999999773e-01
-6.419000000000000261e-01
-2.761000000000000121e-01
9.417999999999999705e-01
7.249999999999999500e-02
8.959999999999999909e-02
6.489999999999999936e-02
-9.718999999999999861e-01
8.572999999999999510e-01
5.625999999999999890e-01
-3.654999999999999916e-01
4.490000000000000241e-02
-4.929999999999999938e-01
-8.253000000000000336e-01
-4.243999999999999995e-01
1.990999999999999992e-01
-5.915000000000000258e-01
2.249999999999999917e-02
2.454000000000000070e-01
5.682000000000000384e-01
3.185999999999999943e-01
2.975999999999999757e-01
-2.762999999999999901e-01
8.910000000000000142e-01
8.649000000000000021e-01
4.641000000000000125e-01
-9.375999999999999890e-01
-6.142999999999999572e-01
-4.159999999999999809e-02
3.699999999999999817e-02
