-8.666000000000000369e-01
2.540000000000000036e-01
-1.517000000000000015e-01
-8.671999999999999709e-01
2.750000000000000014e-02
-6.509000000000000341e-01
3.859000000000000208e-01
9.065999999999999615e-01
8.315000000000000169e-01
6.141999999999999682e-01
-8.084999999999999964e-01
7.631999999999999895e-01
9.788000000000000034e-01
6.599000000000000421e-01
-1.703999999999999959e-01
-3.569999999999999840e-01
2.356000000000000039e-01
2.548000000000000265e-01
8.605000000000000426e-01
4.328000000000000180e-01
5.636999999999999789e-01
5.670000000000000040e-02
-2.152999999999999914e-01
4.149999999999999800e-01
-9.183999999999999941e-01
5.955000000000000293e-01
8.971000000000000085e-01
-5.182999999999999829e-01
-4.109999999999999765e-01
3.705999999999999850e-01
7.488000000000000211e-01
4.531000000000000028e-01
9.411000000000000476e-01
-1.802999999999999881e-01
-5.302999999999999936e-01
2.028999999999999970e-01
3.945000000000000173e-01
4.293000000000000149e-01
5.195999999999999508e-01
-6.550000000000000266e-02
3.927999999999999825e-01
-7.913999999999999924e-01
9.243999999999999995e-01
-5.625999999999999890e-01
-7.298999999999999932e-01
2.101000000000000090e-01
-8.499999999999999778e-01
6.227000000000000313e-01
5.362000000000000099e-01
-1.751999999999999946e-01
6.549000000000000377e-01
-3.542000000000000148e-01
-4.662000000000000033e-01
1.252000000000000057e-01
-9.304000000000000048e-01
3.536000000000000254e-01
-3.744000000000000106e-01
2.918000000000000038e-01
-4.868999999999999995e-01
-8.184000000000000163e-01
9.049000000000000377e-01
7.436000000000000387e-01
4.860999999999999766e-01
-9.375000000000000000e-01
9.836000000000000298e-01
6.624999999999999778e-01
-9.008000000000000451e-01
-3.938999999999999724e-01
1.159000000000000030e-01
5.729999999999999538e-01
6.169000000000000039e-01
-4.232000000000000206e-01
-1.645999999999999963e-01
2.743999999999999773e-01
2.650000000000000133e-01
-7.698000000000000398e-01
2.346999999999999920e-01
2.489999999999999852e-02
9.351000000000000423e-01
6.622999999999999998e-01
-3.189999999999999780e-02
9.516000000000000014e-01
4.863000000000000100e-01
2.021999999999999909e-01
-4.560000000000000164e-02
8.267999999999999794e-01
-7.491999999999999771e-01
2.988999999999999990e-01
9.959999999999999964e-01
7.903000000000000025e-01
-6.489000000000000323e-01
7.355000000000000426e-01
6.826999999999999735e-01
-4.069999999999999729e-01
1.303999999999999881e-01
-2.664000000000000257e-01
-4.920000000000000068e-02
4.100000000000000346e-03
-3.482999999999999985e-01
3.800000000000000044e-01
-5.816000000000000059e-01
-7.347000000000000197e-01
-9.367999999999999661e-01
6.014000000000000457e-01
4.858999999999999986e-01
-8.284000000000000252e-01
6.729999999999999871e-02
5.980999999999999650e-01
5.168000000000000371e-01
-7.176000000000000156e-01
3.679999999999999938e-02
-9.055999999999999606e-01
4.719999999999999751e-01
-2.980000000000000010e-02
4.272000000000000242e-01
9.305999999999999828e-01
3.600999999999999757e-01
1.274000000000000132e-01
2.429000000000000048e-01
9.886000000000000343e-01
1.602999999999999980e-01
-5.662000000000000366e-01
-2.323000000000000065e-01
-4.581000000000000072e-01
-8.042000000000000259e-01
-3.175999999999999934e-01
-3.639000000000000012e-01
1.512000000000000011e-01
5.974000000000000421e-01
-1.819000000000000061e-01
7.672999999999999821e-01
-7.750000000000000222e-01
-3.098000000000000198e-01
5.574000000000000066e-01
9.739999999999999769e-01
7.697000000000000508e-01
-4.840999999999999748e-01
9.013999999999999790e-01
8.969000000000000306e-01
-4.253000000000000114e-01
-1.390000000000000124e-01
-2.803999999999999826e-01
5.254999999999999671e-01
8.658000000000000140e-01
-4.960999999999999854e-01
1.179000000000000048e-01
1.499999999999999944e-01
4.938000000000000167e-01
5.522000000000000242e-01
5.958999999999999853e-01
2.750000000000000222e-01
5.148000000000000353e-01
-5.557999999999999607e-01
-4.719999999999999890e-02
3.693000000000000171e-01
-7.582999999999999741e-01
4.850999999999999757e-01
3.375000000000000222e-01
3.881999999999999895e-01
-1.764000000000000012e-01
-3.145000000000000018e-01
-2.912000000000000144e-01
2.457999999999999907e-01
-4.094999999999999751e-01
-5.401000000000000245e-01
-8.336000000000000076e-01
-2.929999999999999966e-02
3.462000000000000077e-01
-7.189999999999999725e-01
-8.797000000000000375e-01
-8.987000000000000544e-01
