6.850000000000000533e-01
-5.073999999999999622e-01
9.246999999999999664e-01
-2.928000000000000047e-01
2.605000000000000093e-01
-1.706000000000000016e-01
9.055999999999999606e-01
-2.531999999999999806e-01
6.883000000000000229e-01
8.365000000000000213e-01
-6.574999999999999734e-01
-1.471999999999999975e-01
9.502000000000000446e-01
6.269000000000000128e-01
6.309000000000000163e-01
-8.419999999999999707e-02
3.338999999999999746e-01
7.910000000000000364e-01
-8.417999999999999927e-01
-3.649999999999999772e-02
-7.975999999999999757e-01
-7.399000000000000021e-01
8.964999999999999636e-01
-3.827999999999999736e-01
-4.550000000000000155e-01
7.702999999999999847e-01
-2.565000000000000058e-01
4.159999999999999809e-02
-8.423000000000000487e-01
-5.071999999999999842e-01
5.446999999999999620e-01
3.139000000000000123e-01
4.888000000000000123e-01
-7.423999999999999488e-01
4.535000000000000142e-01
2.381000000000000061e-01
-5.293999999999999817e-01
8.554000000000000492e-01
-4.764999999999999791e-01
2.270000000000000073e-01
2.169000000000000095e-01
2.842000000000000082e-01
1.000000000000000021e-02
1.655999999999999972e-01
5.655000000000000027e-01
-8.254000000000000226e-01
-7.563999999999999613e-01
-7.358000000000000096e-01
3.668000000000000149e-01
8.591999999999999638e-01
3.790000000000000036e-01
5.759999999999999842e-02
-1.150999999999999940e-01
2.933000000000000052e-01
-7.880000000000000338e-01
7.138999999999999790e-01
8.618999999999999995e-01
-4.734999999999999765e-01
-2.388000000000000123e-01
7.164000000000000368e-01
7.148999999999999799e-01
-2.364999999999999880e-01
-3.371999999999999997e-01
7.910000000000000364e-02
-3.506000000000000227e-01
-5.456999999999999629e-01
4.714999999999999747e-01
5.993000000000000549e-01
9.387999999999999678e-01
-3.874000000000000221e-01
7.400000000000000328e-03
8.596000000000000307e-01
-6.506999999999999451e-01
-6.867999999999999661e-01
-4.598999999999999755e-01
-2.720000000000000195e-01
2.305000000000000104e-01
4.708999999999999853e-01
3.118000000000000216e-01
9.009999999999999953e-02
6.948999999999999622e-01
5.574999999999999956e-01
-8.681999999999999718e-01
4.637000000000000011e-01
-1.816000000000000114e-01
-5.351000000000000201e-01
-7.028999999999999693e-01
-2.152999999999999914e-01
-9.677000000000000046e-01
8.761999999999999789e-01
-9.602000000000000535e-01
2.902000000000000135e-01
-6.750000000000000444e-02
-2.733999999999999764e-01
-9.204999999999999849e-01
-2.918999999999999928e-01
2.056000000000000050e-01
-9.896000000000000352e-01
-5.917999999999999927e-01
3.316000000000000059e-01
7.189999999999999725e-01
-4.884999999999999898e-01
-6.792000000000000259e-01
-9.471000000000000529e-01
-8.760000000000000009e-01
-1.039000000000000062e-01
-5.701000000000000512e-01
4.610000000000000209e-02
-7.064000000000000279e-01
-7.529000000000000137e-01
5.947999999999999954e-01
-4.750000000000000056e-02
4.388000000000000234e-01
5.269999999999999685e-02
-8.235000000000000098e-01
8.466000000000000192e-01
5.941999999999999504e-01
-2.846000000000000196e-01
-4.420000000000000318e-02
-2.998999999999999999e-01
-7.689000000000000279e-01
-3.421000000000000152e-01
-1.141999999999999960e-01
-9.340000000000000524e-01
-6.784999999999999920e-01
-6.613999999999999879e-01
5.211999999999999966e-01
2.579000000000000181e-01
-1.673999999999999932e-01
8.847000000000000419e-01
-6.997999999999999776e-01
6.844999999999999973e-01
-8.216999999999999860e-01
-8.978000000000000425e-01
-2.114000000000000046e-01
-8.363000000000000433e-01
9.506000000000000005e-01
4.188000000000000056e-01
-4.501999999999999891e-01
4.060000000000000275e-01
9.929999999999999938e-02
-2.944999999999999840e-01
-7.459999999999999964e-01
-7.438000000000000167e-01
4.898000000000000131e-01
-1.464000000000000024e-01
8.240000000000000102e-02
-8.074999999999999956e-01
-6.864999999999999991e-01
5.229999999999999927e-02
8.993999999999999773e-01
2.197999999999999954e-01
-6.999999999999999929e-04
5.350000000000000311e-01
4.107999999999999985e-01
2.555000000000000049e-01
-1.554999999999999993e-01
-7.842000000000000082e-01
6.871000000000000441e-01
-1.218999999999999945e-01
8.769000000000000128e-01
-7.477000000000000313e-01
3.503000000000000003e-01
3.879000000000000226e-01
-4.815999999999999726e-01
-2.893000000000000016e-01
4.509000000000000230e-01
1.650000000000000078e-01
-5.125999999999999446e-01
1.832999999999999907e-01
8.235000000000000098e-01
