-9.306999999999999718e-01
6.993000000000000327e-01
9.729999999999999760e-01
9.411000000000000476e-01
-7.108999999999999764e-01
-6.965999999999999970e-01
3.523000000000000020e-01
-7.405000000000000471e-01
7.118999999999999773e-01
4.580000000000000182e-01
-9.058000000000000496e-01
3.330000000000000182e-01
-9.353000000000000203e-01
-4.183000000000000052e-01
-4.431999999999999829e-01
-6.477000000000000535e-01
9.868000000000000105e-01
3.361999999999999988e-01
4.167000000000000148e-01
-5.042999999999999705e-01
-6.934000000000000163e-01
-3.179000000000000159e-01
-3.977999999999999869e-01
7.873999999999999888e-01
-9.815000000000000391e-01
-8.601999999999999647e-01
5.368000000000000549e-01
3.169999999999999901e-02
-4.747000000000000108e-01
-8.280999999999999472e-01
-1.993999999999999939e-01
3.699999999999999817e-02
-7.386000000000000343e-01
-6.762000000000000233e-01
5.564999999999999947e-01
-4.894999999999999907e-01
-3.295000000000000151e-01
2.000000000000000096e-04
-2.025000000000000133e-01
8.907000000000000473e-01
-8.205000000000000071e-01
4.920000000000000068e-02
-3.044999999999999929e-01
5.250000000000000222e-01
5.485999999999999766e-01
-4.623999999999999777e-01
-8.155999999999999917e-01
6.812000000000000277e-01
6.545999999999999597e-01
-4.264000000000000012e-01
-3.628000000000000114e-01
-8.195000000000000062e-01
-2.983999999999999986e-01
-6.152999999999999581e-01
-7.070999999999999508e-01
-3.020000000000000115e-02
-9.080000000000000293e-01
-5.748999999999999666e-01
9.012999999999999901e-01
-2.220000000000000098e-02
8.306999999999999940e-01
-3.804000000000000159e-01
8.488999999999999879e-01
8.921999999999999931e-01
-2.948000000000000065e-01
9.200000000000000400e-01
-7.387000000000000233e-01
6.778999999999999471e-01
6.895000000000000018e-01
-1.047000000000000014e-01
9.489999999999999825e-02
5.715999999999999970e-01
1.603999999999999870e-01
-5.502000000000000224e-01
7.410999999999999810e-01
-5.361000000000000210e-01
-9.859999999999999321e-02
-4.326999999999999735e-01
7.749999999999999944e-02
9.161000000000000254e-01
8.971999999999999975e-01
-3.427000000000000046e-01
-1.867000000000000048e-01
-7.298000000000000043e-01
-5.149999999999999717e-02
9.747999999999999998e-01
3.784000000000000141e-01
4.946999999999999731e-01
-3.398999999999999799e-01
-2.084000000000000019e-01
-6.262999999999999678e-01
7.530000000000000582e-02
4.570000000000000173e-01
4.183999999999999941e-01
2.523000000000000242e-01
-9.925000000000000488e-01
8.470999999999999641e-01
7.472999999999999643e-01
-8.606000000000000316e-01
-3.693000000000000171e-01
2.175999999999999879e-01
-3.649000000000000021e-01
8.529999999999999805e-01
-5.900999999999999579e-01
-1.202000000000000013e-01
-6.259000000000000119e-01
6.803000000000000158e-01
-5.623000000000000220e-01
5.302000000000000046e-01
9.419999999999999485e-01
3.440000000000000002e-02
-7.810000000000000275e-02
8.074000000000000066e-01
7.089999999999999636e-01
1.213000000000000050e-01
5.784000000000000252e-01
7.287000000000000144e-01
-8.500000000000000611e-03
2.494999999999999996e-01
-9.819999999999999840e-01
2.036000000000000032e-01
8.161000000000000476e-01
-4.495999999999999996e-01
-3.089999999999999969e-01
-5.746999999999999886e-01
3.793000000000000260e-01
-5.165999999999999481e-01
1.355000000000000093e-01
4.112999999999999989e-01
8.107999999999999652e-01
6.945000000000000062e-01
1.279000000000000137e-01
4.996999999999999775e-01
-2.461000000000000132e-01
-1.338999999999999913e-01
-5.929999999999999855e-02
-3.250000000000000111e-02
-2.227999999999999980e-01
6.482999999999999874e-01
-2.031000000000000028e-01
-6.479999999999999649e-02
3.239999999999999825e-02
-7.022000000000000464e-01
-7.995999999999999774e-01
8.999000000000000332e-01
6.887999999999999678e-01
-3.383999999999999786e-01
-2.467999999999999916e-01
-3.981000000000000094e-01
-5.332999999999999963e-01
4.450999999999999956e-01
-2.403000000000000136e-01
-3.877999999999999781e-01
5.326999999999999513e-01
-7.750000000000000222e-01
4.151000000000000245e-01
8.522999999999999465e-01
3.783000000000000251e-01
-4.215999999999999748e-01
9.467999999999999750e-01
-1.165999999999999953e-01
-6.216000000000000414e-01
2.152999999999999914e-01
-2.344999999999999862e-01
-6.884000000000000119e-01
3.956000000000000072e-01
3.911999999999999922e-01
-5.525999999999999801e-01
5.899999999999999689e-02
7.075000000000000178e-01
-9.028000000000000469e-01
