9.946000000000000396e-01
-4.313000000000000167e-01
7.239999999999999769e-01
2.676999999999999935e-01
8.000000000000000444e-01
-1.753000000000000114e-01
5.298000000000000487e-01
-4.922000000000000264e-01
9.098000000000000531e-01
5.123999999999999666e-01
7.419999999999999929e-01
-4.025000000000000244e-01
7.729999999999999372e-02
-3.760000000000000148e-02
8.800000000000000044e-01
3.331000000000000072e-01
-3.865999999999999992e-01
5.325999999999999623e-01
-1.337000000000000133e-01
-8.780000000000000027e-01
-4.371999999999999775e-01
5.322999999999999954e-01
3.844000000000000195e-01
6.933000000000000274e-01
-6.434999999999999609e-01
-3.366999999999999993e-01
-6.216000000000000414e-01
-3.729999999999999982e-01
7.117999999999999883e-01
-2.575000000000000067e-01
-9.931999999999999718e-01
-8.221000000000000529e-01
9.233000000000000096e-01
7.727000000000000535e-01
1.499999999999999944e-02
-4.149999999999999800e-01
-6.875000000000000000e-01
2.492999999999999938e-01
2.634000000000000230e-01
-7.429000000000000048e-01
8.414000000000000368e-01
-8.297999999999999821e-01
-5.149999999999999717e-02
-1.231000000000000011e-01
2.165999999999999870e-01
6.439000000000000279e-01
-7.603999999999999648e-01
-6.949999999999999512e-01
-9.030000000000000249e-01
5.072999999999999732e-01
-9.864000000000000545e-01
9.683000000000000496e-01
9.606000000000000094e-01
9.599999999999999645e-01
-4.158999999999999919e-01
-5.709999999999999798e-02
9.096999999999999531e-01
-7.076999999999999957e-01
-9.295999999999999819e-01
-7.579000000000000181e-01
7.993999999999999995e-01
5.516999999999999682e-01
3.250000000000000111e-02
-5.402000000000000135e-01
9.125999999999999668e-01
-1.774999999999999911e-01
6.105000000000000426e-01
-8.679999999999999938e-01
-2.816000000000000170e-01
3.085999999999999854e-01
-1.257999999999999952e-01
-8.970000000000000195e-01
-4.244999999999999885e-01
1.121999999999999942e-01
3.009999999999999898e-01
4.656000000000000139e-01
-3.351000000000000090e-01
-9.781999999999999584e-01
-7.573999999999999622e-01
5.260000000000000092e-02
1.696000000000000008e-01
-5.565999999999999837e-01
-3.600999999999999757e-01
-8.858000000000000318e-01
6.605999999999999650e-01
9.206999999999999629e-01
5.683000000000000274e-01
-6.894000000000000128e-01
7.949000000000000510e-01
5.780999999999999472e-01
5.574000000000000066e-01
5.749999999999999556e-01
8.629000000000000004e-01
4.633999999999999786e-01
-4.656000000000000139e-01
1.770000000000000046e-02
6.258000000000000229e-01
-7.825999999999999623e-01
1.870999999999999885e-01
-6.796999999999999709e-01
4.096000000000000196e-01
5.411000000000000254e-01
1.516000000000000125e-01
5.231000000000000094e-01
7.257000000000000117e-01
8.245000000000000107e-01
-6.850000000000000533e-01
-9.929000000000000048e-01
2.210999999999999910e-01
-5.036000000000000476e-01
4.495000000000000107e-01
-1.283999999999999864e-01
4.723999999999999866e-01
7.153000000000000469e-01
-7.924999999999999822e-01
-9.314999999999999947e-01
-3.750999999999999890e-01
6.485999999999999543e-01
6.142999999999999572e-01
1.103999999999999981e-01
7.208999999999999853e-01
-8.750999999999999890e-01
5.986000000000000210e-01
6.001999999999999558e-01
-6.905999999999999917e-01
-2.928000000000000047e-01
6.216000000000000414e-01
1.613999999999999879e-01
-7.073000000000000398e-01
-5.423000000000000043e-01
-2.876000000000000223e-01
8.584000000000000519e-01
-6.189000000000000057e-01
1.859000000000000097e-01
-9.210000000000000409e-01
-2.636000000000000010e-01
2.999999999999999889e-01
3.379999999999999671e-02
-9.003999999999999782e-01
-1.097000000000000058e-01
-9.152000000000000135e-01
6.919999999999999762e-02
7.412999999999999590e-01
9.467999999999999750e-01
6.141999999999999682e-01
5.181000000000000050e-01
-2.081999999999999962e-01
-6.649000000000000465e-01
-2.021000000000000019e-01
4.788999999999999924e-01
-6.758999999999999453e-01
9.710999999999999632e-01
4.569999999999999757e-02
-9.998000000000000220e-01
-3.554999999999999827e-01
8.029999999999999638e-02
3.785999999999999921e-01
9.264000000000000012e-01
2.350000000000000006e-02
-7.889000000000000457e-01
-7.936999999999999611e-01
9.406999999999999806e-01
5.361000000000000210e-01
-6.140999999999999792e-01
4.193999999999999950e-01
1.156999999999999973e-01
7.252999999999999448e-01
4.469999999999999668e-02
4.996999999999999775e-01
4.285999999999999810e-01
-3.517000000000000126e-01
