-9.210000000000000409e-01
-5.538999999999999480e-01
-8.749999999999999445e-02
-1.165999999999999953e-01
8.151000000000000467e-01
9.616000000000000103e-01
4.534000000000000252e-01
2.260000000000000064e-01
2.343999999999999972e-01
-9.640999999999999570e-01
-9.787000000000000144e-01
6.847999999999999643e-01
-2.389999999999999902e-01
-2.144000000000000072e-01
-7.067999999999999838e-01
-3.150000000000000022e-02
-7.306000000000000272e-01
-5.856000000000000094e-01
-9.646000000000000130e-01
-4.430999999999999939e-01
3.113000000000000211e-01
6.289000000000000146e-01
-6.755999999999999783e-01
-1.839999999999999969e-01
-1.545999999999999874e-01
-1.469000000000000028e-01
7.556000000000000494e-01
-8.930000000000000160e-01
8.672999999999999599e-01
-9.024999999999999689e-01
-7.883999999999999897e-01
-9.122999999999999998e-01
9.492000000000000437e-01
3.612000000000000210e-01
8.561999999999999611e-01
2.210999999999999910e-01
-9.428999999999999604e-01
5.513000000000000123e-01
7.722999999999999865e-01
-1.650000000000000078e-01
4.277000000000000246e-01
7.084000000000000297e-01
-9.082999999999999963e-01
6.130000000000000032e-02
-2.079000000000000015e-01
-8.150000000000000300e-02
-8.287999999999999812e-01
8.435000000000000275e-01
7.913999999999999924e-01
6.631000000000000227e-01
2.470999999999999863e-01
1.187000000000000000e-01
3.091999999999999749e-01
-2.740000000000000074e-02
-7.798000000000000487e-01
-9.056999999999999496e-01
4.995999999999999885e-01
-3.981999999999999984e-01
-7.500999999999999890e-01
7.258999999999999897e-01
1.849999999999999908e-02
6.818999999999999506e-01
-9.566999999999999948e-01
-4.632000000000000006e-01
-2.535999999999999921e-01
7.875999999999999668e-01
-2.424999999999999933e-01
-2.010000000000000120e-01
7.175000000000000266e-01
7.581999999999999851e-01
-1.279000000000000137e-01
-9.176999999999999602e-01
7.369999999999999885e-01
9.153999999999999915e-01
-2.529999999999999957e-02
-3.657000000000000250e-01
-3.716999999999999749e-01
-5.014999999999999458e-01
-1.575000000000000011e-01
-3.366999999999999993e-01
-1.993999999999999939e-01
-6.453999999999999737e-01
-9.826000000000000290e-01
-7.710000000000000187e-02
-2.255999999999999950e-01
-7.175000000000000266e-01
2.011000000000000010e-01
-5.917000000000000037e-01
-1.190999999999999975e-01
8.662999999999999590e-01
5.904000000000000359e-01
-5.712000000000000410e-01
6.572999999999999954e-01
-4.245999999999999774e-01
-7.723999999999999755e-01
-9.472000000000000419e-01
5.805000000000000160e-01
-3.890000000000000124e-01
-2.064000000000000001e-01
-8.782999999999999696e-01
6.423999999999999710e-01
-1.086000000000000021e-01
1.830000000000000029e-02
-8.559999999999999831e-01
3.549999999999999684e-02
6.641000000000000236e-01
5.711000000000000520e-01
-5.656999999999999806e-01
-3.412000000000000033e-01
8.649999999999999911e-01
7.396000000000000352e-01
-4.430000000000000049e-01
-6.622999999999999998e-01
3.280000000000000276e-02
-8.325000000000000178e-01
7.860000000000000320e-01
5.204999999999999627e-01
8.626000000000000334e-01
8.780000000000000304e-02
-1.164000000000000035e-01
6.552000000000000046e-01
-8.014000000000000012e-01
3.310000000000000164e-01
9.123999999999999888e-01
-8.620999999999999774e-01
8.214000000000000190e-01
-7.141999999999999460e-01
1.715000000000000135e-01
-6.764999999999999902e-01
7.654999999999999583e-01
-9.291000000000000369e-01
-2.539999999999999897e-02
-3.168000000000000260e-01
-8.254000000000000226e-01
5.897999999999999909e-01
-4.599999999999999922e-02
-5.397999999999999465e-01
-2.033999999999999975e-01
-8.729999999999999982e-01
-8.199999999999999512e-01
5.018000000000000238e-01
5.320000000000000284e-01
-4.144999999999999796e-01
-6.995999999999999996e-01
-3.961000000000000076e-01
-9.351000000000000423e-01
1.773000000000000131e-01
-1.011999999999999983e-01
-1.529999999999999936e-02
-3.815999999999999948e-01
8.942999999999999838e-01
5.223999999999999755e-01
3.146999999999999797e-01
4.577999999999999847e-01
3.724000000000000088e-01
2.828999999999999848e-01
-8.100000000000000255e-02
2.702999999999999847e-01
-4.774999999999999800e-01
-1.073999999999999955e-01
3.850000000000000089e-01
-7.913999999999999924e-01
3.459999999999999742e-01
2.600000000000000089e-01
2.099999999999999922e-01
-3.926000000000000045e-01
1.379999999999999977e-02
1.130000000000000032e-01
7.563999999999999613e-01
7.319999999999999840e-01
-9.570999999999999508e-01
