7.917999999999999483e-01
-7.639999999999999569e-02
-1.502999999999999892e-01
-3.866999999999999882e-01
-3.380000000000000226e-01
-4.259000000000000008e-01
-8.968000000000000416e-01
-5.651000000000000467e-01
8.952999999999999847e-01
-9.587999999999999856e-01
4.447999999999999732e-01
-6.450000000000000178e-01
-2.757999999999999896e-01
7.493999999999999551e-01
-8.173000000000000265e-01
6.451000000000000068e-01
-1.582999999999999963e-01
9.192000000000000171e-01
9.303000000000000158e-01
1.391000000000000014e-01
5.552000000000000268e-01
5.140000000000000124e-01
4.802000000000000157e-01
-8.686000000000000387e-01
1.540999999999999870e-01
-7.368000000000000105e-01
-3.029999999999999916e-01
-6.473999999999999755e-01
1.622000000000000108e-01
-8.650999999999999801e-01
4.794999999999999818e-01
2.107999999999999874e-01
-6.766999999999999682e-01
1.181999999999999995e-01
6.814999999999999947e-01
4.068999999999999839e-01
9.006999999999999451e-01
3.930000000000000160e-01
5.171999999999999931e-01
-1.700000000000000122e-02
8.879000000000000226e-01
-1.605999999999999928e-01
1.701000000000000012e-01
-3.479999999999999760e-01
9.847000000000000197e-01
9.584000000000000297e-01
-1.030999999999999972e-01
-4.257000000000000228e-01
7.199999999999999456e-02
-7.000000000000000666e-02
4.848000000000000087e-01
4.499999999999999660e-03
-1.957000000000000128e-01
-7.549999999999999767e-02
6.629000000000000448e-01
-5.110999999999999988e-01
-6.287000000000000366e-01
-9.395000000000000018e-01
-2.878999999999999893e-01
9.991999999999999771e-01
-6.464999999999999636e-01
-8.928000000000000380e-01
8.175000000000000044e-01
2.541999999999999815e-01
-4.452999999999999736e-01
-4.052000000000000046e-01
-7.707000000000000517e-01
-5.339000000000000412e-01
-5.072999999999999732e-01
-1.940999999999999948e-01
-1.607000000000000095e-01
-8.335000000000000187e-01
-1.642000000000000126e-01
-1.058999999999999941e-01
1.496000000000000107e-01
-6.445999999999999508e-01
5.165999999999999481e-01
5.218000000000000416e-01
-1.423000000000000098e-01
8.852999999999999758e-01
-3.706999999999999740e-01
-1.073000000000000065e-01
8.372000000000000552e-01
-3.164000000000000146e-01
-5.493999999999999995e-01
-2.442999999999999894e-01
-4.022999999999999909e-01
8.887000000000000455e-01
3.469999999999999751e-01
-8.764999999999999458e-01
-4.300999999999999823e-01
1.459999999999999909e-01
2.968000000000000083e-01
-7.872999999999999998e-01
1.242000000000000048e-01
6.576999999999999513e-01
-2.947000000000000175e-01
-7.969999999999999307e-02
2.122999999999999887e-01
-1.043000000000000038e-01
6.424999999999999600e-01
1.557999999999999940e-01
-1.622999999999999998e-01
7.581999999999999851e-01
-4.561000000000000054e-01
5.508999999999999453e-01
9.631999999999999451e-01
5.291000000000000147e-01
-9.947000000000000286e-01
-6.307000000000000384e-01
1.000000000000000056e-01
-3.312999999999999834e-01
-2.706999999999999962e-01
-2.630000000000000115e-01
6.139000000000000012e-01
5.302000000000000046e-01
-7.038999999999999702e-01
4.875999999999999779e-01
6.772000000000000242e-01
2.029999999999999860e-02
5.313999999999999835e-01
-3.406000000000000139e-01
2.876000000000000223e-01
4.060000000000000275e-01
3.565999999999999726e-01
8.676000000000000378e-01
4.707999999999999963e-01
1.796000000000000096e-01
-8.525000000000000355e-01
-3.709999999999999964e-01
-5.802000000000000490e-01
6.370000000000000107e-01
-8.260000000000000675e-02
2.182000000000000051e-01
-1.582999999999999963e-01
-1.932000000000000106e-01
4.081000000000000183e-01
1.287999999999999978e-01
-1.812000000000000000e-01
2.634000000000000230e-01
-2.582999999999999741e-01
4.540000000000000285e-02
-2.788999999999999813e-01
-8.594000000000000528e-01
-4.682000000000000051e-01
1.943000000000000005e-01
1.431000000000000050e-01
5.060999999999999943e-01
-9.124999999999999778e-01
8.229999999999999538e-01
2.240999999999999936e-01
5.457999999999999519e-01
-8.300999999999999490e-01
9.429999999999999494e-02
-6.251999999999999780e-01
-5.077000000000000401e-01
-4.542999999999999816e-01
9.832999999999999519e-01
1.917000000000000093e-01
-9.582000000000000517e-01
-1.489000000000000046e-01
7.420000000000000207e-02
-3.332999999999999852e-01
7.260999999999999677e-01
-2.670000000000000151e-02
-8.315000000000000169e-01
-2.431000000000000105e-01
4.497999999999999776e-01
-6.287000000000000366e-01
5.580000000000000515e-01
2.295999999999999985e-01
