4.663999999999999813e-01
9.644000000000000350e-01
-5.969999999999999751e-01
3.361999999999999988e-01
-4.741000000000000214e-01
3.981000000000000094e-01
3.029999999999999916e-01
-9.395000000000000018e-01
-6.763000000000000123e-01
-7.197999999999999954e-01
7.729000000000000314e-01
-5.484999999999999876e-01
3.180999999999999939e-01
-4.411999999999999811e-01
-9.377999999999999670e-01
-4.152000000000000135e-01
8.150000000000000300e-02
8.366999999999999993e-01
-7.685999999999999499e-01
-4.877000000000000224e-01
5.644000000000000128e-01
9.585000000000000187e-01
-7.150999999999999579e-01
-4.929999999999999660e-02
6.923000000000000265e-01
4.073999999999999844e-01
-8.116999999999999771e-01
7.441999999999999726e-01
-6.300000000000000044e-03
-9.230000000000000426e-01
7.206000000000000183e-01
1.860999999999999877e-01
1.170000000000000068e-01
-6.870000000000000551e-01
-6.980000000000000093e-02
4.837000000000000188e-01
7.407000000000000250e-01
-3.008000000000000118e-01
7.459000000000000075e-01
3.734000000000000097e-01
-8.217999999999999750e-01
-3.397999999999999909e-01
8.921000000000000041e-01
-1.227000000000000035e-01
5.120999999999999996e-01
1.121999999999999942e-01
8.750999999999999890e-01
5.901999999999999469e-01
1.192000000000000004e-01
-4.701000000000000179e-01
4.465999999999999970e-01
1.565999999999999892e-01
-6.754000000000000004e-01
-2.407999999999999863e-01
6.867999999999999661e-01
-2.419000000000000039e-01
4.512999999999999790e-01
9.025999999999999579e-01
-5.725000000000000089e-01
-3.317999999999999838e-01
5.856000000000000094e-01
-1.287000000000000088e-01
-6.157000000000000250e-01
-5.777999999999999803e-01
-4.153000000000000025e-01
3.609999999999999876e-01
-9.828999999999999959e-01
6.304999999999999494e-01
9.290000000000000480e-01
1.068999999999999950e-01
8.619999999999999885e-01
2.288000000000000034e-01
5.987000000000000099e-01
4.899999999999999911e-01
6.814000000000000057e-01
5.056000000000000494e-01
8.846000000000000529e-01
2.026000000000000023e-01
-5.799999999999999600e-03
-7.729000000000000314e-01
3.776999999999999802e-01
-9.110000000000000042e-02
-4.643999999999999795e-01
3.865000000000000102e-01
4.182000000000000162e-01
-3.255000000000000115e-01
7.341999999999999638e-01
-2.904999999999999805e-01
4.909999999999999920e-01
9.579999999999999627e-02
1.290000000000000001e-02
-6.338000000000000300e-01
-5.564999999999999947e-01
6.743000000000000105e-01
4.602999999999999869e-01
7.510000000000000009e-01
-9.084999999999999742e-01
7.073000000000000398e-01
-8.763999999999999568e-01
5.709999999999999798e-02
-7.297000000000000153e-01
1.348999999999999921e-01
9.879000000000000004e-01
-3.490000000000000047e-02
2.716999999999999971e-01
2.409999999999999920e-01
8.040000000000000480e-01
3.982999999999999874e-01
8.222000000000000419e-01
-9.120000000000000329e-02
-4.630000000000000226e-01
2.983999999999999986e-01
2.240000000000000047e-01
-3.124000000000000110e-01
7.524999999999999467e-01
4.269000000000000017e-01
3.906000000000000028e-01
-6.458000000000000407e-01
3.538999999999999924e-01
-2.096999999999999975e-01
-8.506000000000000227e-01
5.784000000000000252e-01
-3.387999999999999901e-01
4.768999999999999906e-01
5.079000000000000181e-01
5.172999999999999821e-01
-8.242000000000000437e-01
-6.999999999999999556e-01
-7.599999999999999985e-03
9.292000000000000259e-01
-1.317000000000000115e-01
1.403000000000000080e-01
-9.809999999999999831e-01
-7.880000000000000338e-01
8.840000000000000635e-02
-9.229999999999999316e-02
-1.126000000000000056e-01
9.668999999999999817e-01
-2.464999999999999969e-01
-3.957999999999999852e-01
7.554999999999999494e-01
-4.305999999999999828e-01
3.599999999999999901e-03
-5.031999999999999806e-01
7.043000000000000371e-01
5.399999999999999939e-02
-4.593999999999999750e-01
5.048000000000000265e-01
-8.640999999999999792e-01
5.983000000000000540e-01
-9.334999999999999964e-01
-8.534000000000000474e-01
9.145999999999999686e-01
-2.898000000000000020e-01
4.757000000000000117e-01
-9.929999999999999938e-01
4.156000000000000250e-01
3.832999999999999741e-01
-1.269000000000000128e-01
-5.493999999999999995e-01
-7.732999999999999874e-01
-7.581999999999999851e-01
4.303000000000000158e-01
-6.531000000000000139e-01
2.523000000000000242e-01
-3.957999999999999852e-01
-5.705000000000000071e-01
2.482000000000000040e-01
5.683000000000000274e-01
8.687000000000000277e-01
-4.994000000000000106e-01
