-5.508999999999999453e-01
5.949999999999999734e-01
-5.631000000000000449e-01
6.721000000000000307e-01
-2.182999999999999940e-01
2.290000000000000022e-02
3.865999999999999992e-01
8.792999999999999705e-01
9.062000000000000055e-01
-8.446000000000000174e-01
-1.650000000000000078e-01
-5.042999999999999705e-01
-8.817000000000000393e-01
3.160000000000000031e-01
8.016999999999999682e-01
-9.310000000000000220e-02
8.266999999999999904e-01
-5.701000000000000512e-01
3.192999999999999727e-01
5.279000000000000359e-01
5.303999999999999826e-01
-4.808000000000000052e-01
7.305000000000000382e-01
9.432000000000000384e-01
2.172999999999999932e-01
-7.640000000000000124e-01
6.031999999999999584e-01
7.894999999999999796e-01
-9.468999999999999639e-01
-3.247999999999999776e-01
-2.089999999999999913e-01
-4.822000000000000175e-01
-8.974999999999999645e-01
-2.852999999999999980e-01
-2.947000000000000175e-01
9.586999999999999966e-01
3.073000000000000176e-01
-9.484000000000000208e-01
6.756999999999999673e-01
1.351999999999999869e-01
-9.021000000000000130e-01
9.083999999999999853e-01
-7.806999999999999496e-01
-4.012000000000000011e-01
4.134999999999999787e-01
-3.906999999999999917e-01
-8.599999999999999867e-01
4.555000000000000160e-01
2.200999999999999901e-01
-4.383000000000000229e-01
1.549999999999999989e-01
6.277000000000000357e-01
1.376999999999999891e-01
6.784999999999999920e-01
9.005999999999999561e-01
-4.189999999999999974e-02
7.052000000000000490e-01
1.774000000000000021e-01
-9.799999999999999684e-03
-1.968000000000000027e-01
8.020000000000000462e-01
1.259000000000000119e-01
8.961000000000000076e-01
3.336999999999999966e-01
-1.277999999999999969e-01
-8.519999999999999796e-01
4.907000000000000250e-01
-9.379999999999999449e-01
8.730999999999999872e-01
8.625000000000000444e-01
-6.581000000000000183e-01
8.858000000000000318e-01
6.974000000000000199e-01
-3.220999999999999974e-01
-3.536000000000000254e-01
1.123999999999999999e-01
3.047000000000000264e-01
3.645999999999999797e-01
-7.541999999999999815e-01
-6.205000000000000515e-01
9.523000000000000353e-01
3.593000000000000083e-01
4.166000000000000258e-01
8.224000000000000199e-01
2.230000000000000038e-01
5.837999999999999856e-01
3.444999999999999729e-01
-9.485000000000000098e-01
8.174000000000000155e-01
5.047000000000000375e-01
8.981999999999999984e-01
2.361000000000000043e-01
4.314999999999999947e-01
-6.320000000000000617e-02
-8.517000000000000126e-01
-7.396000000000000352e-01
3.876000000000000001e-01
9.375999999999999890e-01
-5.130000000000000115e-01
5.859999999999999654e-01
-7.638000000000000345e-01
2.310000000000000109e-01
7.774999999999999689e-01
-8.939999999999999336e-02
3.624999999999999889e-01
4.067000000000000060e-01
6.501000000000000112e-01
-7.957999999999999519e-01
1.940999999999999948e-01
2.622999999999999776e-01
6.961000000000000520e-01
-5.104999999999999538e-01
4.808000000000000052e-01
-9.936000000000000387e-01
4.032000000000000028e-01
-4.623999999999999777e-01
-4.233999999999999986e-01
-9.903999999999999471e-01
-4.349999999999999700e-02
4.714999999999999747e-01
6.983000000000000318e-01
-9.810000000000000664e-02
-7.399999999999999634e-02
-6.314999999999999503e-01
4.318000000000000171e-01
-4.976999999999999758e-01
2.457000000000000017e-01
-9.608999999999999764e-01
-4.027999999999999914e-01
1.257999999999999952e-01
-4.409000000000000141e-01
4.754999999999999782e-01
-3.474999999999999756e-01
-4.129999999999999782e-01
5.997999999999999998e-01
9.243000000000000105e-01
-6.892000000000000348e-01
4.440000000000000197e-02
3.709999999999999964e-01
-6.491000000000000103e-01
5.766999999999999904e-01
-1.160000000000000059e-01
-6.492999999999999883e-01
3.095999999999999863e-01
-7.824999999999999734e-01
-8.970000000000000195e-02
1.295000000000000040e-01
4.717000000000000082e-01
8.139999999999999458e-01
-6.062999999999999501e-01
-1.978999999999999926e-01
-4.793000000000000038e-01
-3.674000000000000044e-01
-7.228999999999999870e-01
2.371000000000000052e-01
-6.792000000000000259e-01
-6.040000000000000230e-02
1.723000000000000087e-01
5.442000000000000171e-01
3.891999999999999904e-01
-5.423000000000000043e-01
-1.391000000000000014e-01
-6.965000000000000080e-01
-5.594999999999999973e-01
2.109000000000000041e-01
-3.583999999999999964e-01
7.929999999999999549e-02
-3.005999999999999783e-01
-8.263000000000000345e-01
6.199999999999999956e-01
9.364999999999999991e-01
