-8.447999999999999954e-01
3.286999999999999922e-01
1.970999999999999974e-01
-7.520000000000000018e-01
-7.897999999999999465e-01
1.524000000000000077e-01
3.608000000000000096e-01
3.930000000000000160e-01
8.385000000000000231e-01
-7.821000000000000174e-01
7.811000000000000165e-01
-9.285999999999999810e-01
-5.333999999999999853e-01
6.532000000000000028e-01
-1.854999999999999982e-01
4.151000000000000245e-01
1.529999999999999971e-01
-7.502999999999999670e-01
5.993000000000000549e-01
-9.468999999999999639e-01
6.739000000000000545e-01
4.721000000000000196e-01
-1.260000000000000009e-02
-4.900000000000000189e-02
8.366000000000000103e-01
-8.174000000000000155e-01
-4.563999999999999724e-01
-7.330999999999999739e-01
9.697999999999999954e-01
-2.411000000000000087e-01
8.174000000000000155e-01
-3.134000000000000119e-01
6.447000000000000508e-01
2.698999999999999733e-01
5.514000000000000012e-01
2.821000000000000174e-01
-2.867999999999999994e-01
-7.738000000000000433e-01
-2.079999999999999905e-01
9.720999999999999641e-01
-4.046000000000000152e-01
7.164000000000000368e-01
-5.472000000000000197e-01
-4.200999999999999734e-01
2.932000000000000162e-01
9.092000000000000082e-01
1.943000000000000005e-01
8.899999999999999925e-03
5.122999999999999776e-01
5.011999999999999789e-01
6.565999999999999615e-01
6.140999999999999792e-01
7.697000000000000508e-01
5.948999999999999844e-01
-1.011999999999999983e-01
-6.280000000000000027e-01
6.481000000000000094e-01
-4.680000000000000271e-01
6.518000000000000460e-01
-2.117999999999999883e-01
9.525000000000000133e-01
5.770999999999999464e-01
-7.920000000000000373e-01
-8.581999999999999629e-01
4.111000000000000210e-01
8.435000000000000275e-01
-5.476999999999999647e-01
-3.716999999999999749e-01
1.064999999999999974e-01
-7.136000000000000121e-01
-1.612999999999999989e-01
9.163999999999999924e-01
-6.424999999999999600e-01
1.734999999999999876e-01
6.864000000000000101e-01
5.873000000000000442e-01
6.366000000000000547e-01
3.705999999999999850e-01
-3.670999999999999819e-01
3.467000000000000082e-01
1.748999999999999999e-01
-2.288000000000000034e-01
-7.285000000000000364e-01
1.029999999999999943e-01
5.534000000000000030e-01
-3.860000000000000236e-02
3.756999999999999784e-01
-7.835999999999999632e-01
2.882000000000000117e-01
-7.506000000000000449e-01
1.050000000000000065e-02
6.856999999999999762e-01
5.180000000000000160e-01
4.479000000000000203e-01
9.825000000000000400e-01
6.574999999999999734e-01
5.449000000000000510e-01
-1.965000000000000080e-01
9.379999999999999449e-02
2.803999999999999826e-01
6.031999999999999584e-01
7.408000000000000140e-01
9.710999999999999632e-01
-2.558000000000000274e-01
-9.099999999999999756e-02
7.297000000000000153e-01
1.174999999999999933e-01
2.703999999999999737e-01
2.477999999999999925e-01
5.493999999999999995e-01
-1.884000000000000119e-01
-8.113000000000000211e-01
7.338999999999999968e-01
-2.202000000000000068e-01
-1.119999999999999989e-02
-9.099999999999999756e-02
-6.250000000000000000e-02
2.137999999999999901e-01
-7.538000000000000256e-01
8.391999999999999460e-01
4.647000000000000020e-01
9.827000000000000179e-01
6.737999999999999545e-01
-1.181999999999999995e-01
-2.467999999999999916e-01
5.646999999999999797e-01
-3.930000000000000160e-01
6.569999999999999452e-02
-2.737999999999999878e-01
-1.385000000000000120e-01
6.633000000000000007e-01
-3.635999999999999788e-01
1.092000000000000054e-01
4.148000000000000020e-01
3.321999999999999953e-01
-2.777000000000000024e-01
-7.280999999999999694e-01
5.380000000000000338e-01
-5.739999999999999963e-02
-2.511999999999999789e-01
-6.529000000000000359e-01
4.751000000000000223e-01
-1.019999999999999934e-01
-3.864000000000000212e-01
7.047999999999999821e-01
9.075999999999999623e-01
6.036000000000000254e-01
-1.817000000000000004e-01
-9.157999999999999474e-01
-7.337000000000000188e-01
1.165999999999999953e-01
-9.350000000000000533e-01
4.446999999999999842e-01
3.136999999999999789e-01
4.273000000000000131e-01
6.769999999999999629e-02
3.642000000000000237e-01
7.576000000000000512e-01
8.816000000000000503e-01
4.173000000000000043e-01
3.940000000000000169e-01
-1.980000000000000093e-01
8.680999999999999828e-01
-9.594000000000000306e-01
7.900000000000000078e-02
-8.530999999999999694e-01
4.954000000000000070e-01
7.540000000000000036e-01
-4.501000000000000001e-01
6.492999999999999883e-01
-5.330000000000000293e-01
