7.786999999999999478e-01
-4.237000000000000210e-01
9.897000000000000242e-01
2.701999999999999957e-01
1.582999999999999963e-01
3.084000000000000075e-01
-3.820999999999999952e-01
-1.418000000000000094e-01
7.224000000000000421e-01
-3.735999999999999877e-01
4.294999999999999929e-01
3.230000000000000232e-02
8.087999999999999634e-01
5.671000000000000485e-01
-6.036000000000000254e-01
4.178000000000000047e-01
-8.000000000000000383e-04
-2.273000000000000020e-01
7.264000000000000457e-01
5.901999999999999469e-01
-8.813999999999999613e-01
1.852000000000000035e-01
9.474000000000000199e-01
9.324999999999999956e-01
-6.474999999999999645e-01
5.907000000000000028e-01
6.535999999999999588e-01
-1.943999999999999895e-01
-6.885999999999999899e-01
1.213000000000000050e-01
-8.129999999999999449e-01
-4.102999999999999980e-01
-1.131000000000000061e-01
4.899999999999999911e-01
7.510000000000000009e-01
-1.020000000000000073e-02
-5.648999999999999577e-01
-1.834999999999999964e-01
-2.777000000000000024e-01
1.190000000000000085e-02
8.125999999999999890e-01
2.909999999999999809e-01
-5.092999999999999750e-01
3.815999999999999948e-01
3.161999999999999811e-01
-5.372999999999999998e-01
3.366999999999999993e-01
6.418000000000000371e-01
6.333999999999999631e-01
-3.109999999999999917e-02
4.662000000000000033e-01
7.677000000000000490e-01
-2.016999999999999904e-01
7.115000000000000213e-01
3.718000000000000194e-01
2.076000000000000068e-01
-2.369999999999999885e-01
9.650000000000000244e-02
-9.729999999999999760e-02
5.534000000000000030e-01
7.008999999999999675e-01
-6.676999999999999602e-01
-6.239999999999999714e-02
3.598999999999999977e-01
3.250000000000000111e-02
-3.862999999999999767e-01
-7.462999999999999634e-01
6.178000000000000158e-01
-6.107000000000000206e-01
1.006999999999999978e-01
-1.131999999999999951e-01
8.702999999999999625e-01
-3.987999999999999878e-01
-9.554000000000000270e-01
8.356999999999999984e-01
-5.520000000000000462e-01
7.599000000000000199e-01
-5.580000000000000238e-02
-4.843000000000000083e-01
9.987000000000000322e-01
-1.199999999999999956e-01
1.120000000000000023e-01
8.366999999999999993e-01
-2.615999999999999992e-01
-3.840999999999999970e-01
-5.826000000000000068e-01
8.110000000000000542e-02
1.131000000000000061e-01
-3.249000000000000221e-01
-3.266999999999999904e-01
-1.378999999999999948e-01
-2.763999999999999790e-01
-3.940000000000000169e-01
-9.377999999999999670e-01
-9.445999999999999952e-01
-5.009000000000000119e-01
-6.050999999999999712e-01
8.989000000000000323e-01
-3.316000000000000059e-01
5.249000000000000332e-01
-6.351999999999999869e-01
-8.649999999999999911e-01
6.156000000000000361e-01
-4.414000000000000146e-01
3.640999999999999792e-01
3.701999999999999735e-01
-7.455000000000000515e-01
-6.842000000000000304e-01
1.290000000000000001e-02
-8.649999999999999911e-01
-8.791999999999999815e-01
8.145999999999999908e-01
-5.625999999999999890e-01
9.940000000000000224e-02
-2.386999999999999955e-01
-7.775999999999999579e-01
8.639999999999999902e-01
8.695000000000000506e-01
6.468000000000000416e-01
-4.113999999999999879e-01
-6.363999999999999657e-01
5.234999999999999654e-01
1.461000000000000076e-01
7.806999999999999496e-01
5.042999999999999705e-01
-6.544999999999999707e-01
5.524000000000000021e-01
-6.070999999999999730e-01
6.563999999999999835e-01
-6.279999999999999472e-02
-3.089000000000000079e-01
3.023000000000000131e-01
2.849999999999999756e-01
2.675000000000000155e-01
6.974000000000000199e-01
-7.805999999999999606e-01
-8.494000000000000439e-01
-4.042000000000000037e-01
1.001999999999999974e-01
4.937000000000000277e-01
-5.074999999999999512e-01
8.804999999999999494e-01
9.147999999999999465e-01
9.009999999999999953e-02
-7.028999999999999693e-01
-8.506000000000000227e-01
8.973999999999999755e-01
-2.030000000000000138e-01
-2.554000000000000159e-01
-2.585000000000000075e-01
-9.049000000000000377e-01
-2.281999999999999862e-01
-3.705999999999999850e-01
8.951999999999999957e-01
5.180000000000000160e-01
1.559000000000000108e-01
4.143000000000000016e-01
4.930999999999999828e-01
-3.160000000000000031e-01
5.663000000000000256e-01
-7.462999999999999634e-01
5.208000000000000407e-01
9.566999999999999948e-01
6.223999999999999533e-01
3.002000000000000224e-01
-7.411999999999999700e-01
9.679999999999999716e-01
-9.399999999999999467e-01
9.525000000000000133e-01
-3.569999999999999840e-01
-1.609999999999999973e-02
