-9.537999999999999812e-01
-7.387000000000000233e-01
1.323000000000000009e-01
6.179000000000000048e-01
-8.669999999999999929e-02
4.739999999999999769e-01
9.249000000000000554e-01
8.352000000000000535e-01
1.123999999999999999e-01
-3.877999999999999781e-01
-1.340000000000000045e-02
6.642000000000000126e-01
-3.078000000000000180e-01
-3.573000000000000065e-01
-4.380000000000000004e-01
2.316000000000000003e-01
8.000000000000000167e-03
-5.523000000000000131e-01
-4.307000000000000273e-01
-3.857999999999999763e-01
6.102999999999999536e-01
8.890000000000000124e-01
-8.921000000000000041e-01
4.331999999999999740e-01
-9.625000000000000222e-01
-6.724999999999999867e-01
7.143000000000000460e-01
1.079999999999999988e-01
-1.799999999999999951e-03
-4.809999999999999831e-01
9.105999999999999650e-01
-8.962999999999999856e-01
-7.983000000000000096e-01
-5.249000000000000332e-01
4.113999999999999879e-01
-7.748000000000000442e-01
6.974000000000000199e-01
-4.501999999999999891e-01
-4.213000000000000078e-01
-9.437999999999999723e-01
-3.578999999999999959e-01
1.213000000000000050e-01
7.090000000000000469e-02
-2.427999999999999881e-01
-2.220000000000000029e-01
-3.320000000000000034e-02
7.771000000000000130e-01
-8.317999999999999838e-01
-6.087000000000000188e-01
-1.386999999999999900e-01
-6.754000000000000004e-01
-2.535999999999999921e-01
3.280000000000000138e-01
-3.271999999999999909e-01
-6.830000000000000515e-01
4.840999999999999748e-01
4.812000000000000166e-01
9.631999999999999451e-01
9.342000000000000304e-01
-6.143999999999999462e-01
7.620999999999999996e-01
-7.171999999999999487e-01
-5.280000000000000249e-01
1.454999999999999905e-01
2.333000000000000074e-01
-2.505000000000000004e-01
-9.948000000000000176e-01
-5.129999999999999838e-02
-5.733000000000000318e-01
1.446000000000000063e-01
-5.452000000000000179e-01
3.380000000000000226e-01
-4.793000000000000038e-01
1.053999999999999937e-01
6.473999999999999755e-01
-4.278000000000000136e-01
4.860999999999999766e-01
-5.436999999999999611e-01
-4.385000000000000009e-01
8.401999999999999469e-01
-1.129999999999999928e-02
-4.850999999999999757e-01
-8.591999999999999638e-01
2.680000000000000090e-02
5.870999999999999552e-01
5.295999999999999597e-01
-9.789999999999999813e-01
2.503000000000000225e-01
2.632999999999999785e-01
9.660999999999999588e-01
-4.570000000000000173e-01
3.175000000000000044e-01
-1.491999999999999993e-01
-9.856000000000000316e-01
4.068999999999999839e-01
3.803000000000000269e-01
-7.620000000000000384e-02
7.635999999999999455e-01
-3.499999999999999778e-01
-6.518000000000000460e-01
-3.230000000000000093e-01
-2.094999999999999918e-01
9.028000000000000469e-01
7.445000000000000506e-01
-2.285999999999999976e-01
6.773000000000000131e-01
3.095999999999999863e-01
2.539999999999999897e-02
-8.652999999999999581e-01
5.565999999999999837e-01
1.292999999999999983e-01
8.464000000000000412e-01
-3.649999999999999772e-02
3.628000000000000114e-01
-9.229000000000000536e-01
4.403000000000000247e-01
7.649999999999999856e-02
-6.995000000000000107e-01
-1.953000000000000014e-01
9.100000000000000450e-03
9.284999999999999920e-01
4.575000000000000178e-01
-3.250000000000000111e-02
-1.250999999999999890e-01
5.033999999999999586e-01
-4.129999999999999782e-01
-1.310999999999999943e-01
-7.399999999999999911e-01
3.222999999999999754e-01
9.540999999999999481e-01
-7.849000000000000421e-01
4.853999999999999981e-01
-4.763999999999999901e-01
-5.103999999999999648e-01
7.391999999999999682e-01
6.796999999999999709e-01
8.629000000000000004e-01
-3.281999999999999917e-01
4.194999999999999840e-01
-2.300000000000000100e-01
-4.675000000000000266e-01
2.699999999999999969e-02
3.799999999999999992e-03
-5.829999999999999766e-02
2.243999999999999884e-01
3.322999999999999843e-01
3.220000000000000084e-01
-5.853000000000000425e-01
-6.741000000000000325e-01
-3.008000000000000118e-01
-5.160000000000000142e-01
2.872000000000000108e-01
1.877000000000000057e-01
-2.380000000000000171e-02
-5.385999999999999677e-01
4.870000000000000023e-02
-5.990000000000000185e-02
5.531000000000000361e-01
-1.333999999999999908e-01
-2.500000000000000052e-03
8.400999999999999579e-01
1.679999999999999896e-02
4.200000000000000261e-02
-4.839999999999999858e-02
-8.999000000000000332e-01
3.018000000000000127e-01
1.063999999999999946e-01
-3.121999999999999775e-01
8.949000000000000288e-01
4.894999999999999907e-01
-3.430000000000000271e-01
