9.494000000000000217e-01
2.162000000000000033e-01
4.343000000000000194e-01
2.695000000000000173e-01
-2.361999999999999933e-01
-3.784000000000000141e-01
-8.619999999999999885e-02
4.265999999999999792e-01
-1.147999999999999993e-01
-6.750000000000000444e-01
7.403999999999999471e-01
9.594000000000000306e-01
-9.491000000000000547e-01
-1.918999999999999873e-01
-3.598999999999999977e-01
1.666999999999999871e-01
8.103000000000000203e-01
5.897999999999999909e-01
5.845000000000000195e-01
1.764999999999999902e-01
4.522999999999999798e-01
5.527999999999999581e-01
-1.010999999999999954e-01
3.916999999999999926e-01
4.188000000000000056e-01
9.274000000000000021e-01
9.556999999999999940e-01
2.649999999999999925e-02
4.403000000000000247e-01
-2.129999999999999949e-02
9.948000000000000176e-01
-5.161999999999999922e-01
6.391000000000000014e-01
-2.018999999999999961e-01
1.474000000000000032e-01
1.221000000000000002e-01
6.811000000000000387e-01
3.745999999999999885e-01
-2.918000000000000038e-01
-7.440999999999999837e-01
9.182000000000000162e-01
1.512999999999999901e-01
-3.968999999999999750e-01
9.060000000000000275e-01
5.944000000000000394e-01
5.772000000000000464e-01
4.303000000000000158e-01
-5.027000000000000357e-01
2.049999999999999878e-01
1.152999999999999997e-01
-3.458999999999999853e-01
5.704000000000000181e-01
-6.776999999999999691e-01
4.748999999999999888e-01
8.464000000000000412e-01
8.249999999999999556e-01
-4.638999999999999790e-01
8.270999999999999464e-01
8.440000000000000280e-02
-6.955000000000000071e-01
-3.323999999999999733e-01
-1.877000000000000057e-01
2.019999999999999921e-02
3.064999999999999947e-01
-6.192999999999999616e-01
-9.976000000000000423e-01
3.754000000000000115e-01
-1.159000000000000030e-01
9.465000000000000080e-01
-7.758000000000000451e-01
8.457999999999999963e-01
8.234000000000000208e-01
-5.504999999999999893e-01
-9.360000000000000264e-02
-2.060000000000000026e-02
8.651999999999999691e-01
-3.811999999999999833e-01
8.733999999999999542e-01
4.264000000000000012e-01
-4.121000000000000218e-01
-7.810000000000000275e-01
7.035000000000000142e-01
7.945999999999999730e-01
-3.721999999999999753e-01
3.274000000000000243e-01
8.999000000000000332e-01
5.651000000000000467e-01
6.055000000000000382e-01
-8.269999999999999574e-02
5.863000000000000433e-01
4.290000000000000063e-02
-2.866000000000000214e-01
5.619999999999999996e-02
-2.021999999999999909e-01
4.279999999999999916e-01
5.927000000000000046e-01
-8.299999999999999600e-01
-1.015000000000000069e-01
5.580000000000000515e-01
-3.358999999999999764e-01
-8.235999999999999988e-01
8.624000000000000554e-01
5.862000000000000544e-01
3.459999999999999742e-01
3.988999999999999768e-01
9.237999999999999545e-01
6.787999999999999590e-01
-3.854000000000000203e-01
-3.426000000000000156e-01
-2.544000000000000150e-01
1.267999999999999960e-01
-9.254999999999999893e-01
2.892000000000000126e-01
1.295000000000000040e-01
-8.870000000000000107e-01
-4.205999999999999739e-01
6.168000000000000149e-01
-4.980999999999999872e-01
4.481999999999999873e-01
9.649999999999999689e-01
7.129999999999999671e-01
7.921000000000000263e-01
7.667000000000000481e-01
4.730000000000000177e-02
7.116000000000000103e-01
5.124999999999999556e-01
-5.681000000000000494e-01
-1.955000000000000071e-01
-1.761000000000000065e-01
3.174000000000000155e-01
-5.692000000000000393e-01
8.300999999999999490e-01
-3.155999999999999917e-01
9.900000000000000813e-03
7.979000000000000536e-01
8.135000000000000009e-01
-3.548999999999999932e-01
8.949999999999999623e-02
1.195999999999999980e-01
1.879000000000000115e-01
-5.376999999999999558e-01
8.179999999999999771e-02
9.950000000000000511e-02
-1.841000000000000136e-01
1.409999999999999969e-02
2.301999999999999880e-01
9.694000000000000394e-01
9.529999999999999583e-02
-8.475000000000000311e-01
3.144000000000000128e-01
6.955000000000000071e-01
8.742999999999999661e-01
-8.450999999999999623e-01
3.580999999999999739e-01
8.889000000000000234e-01
7.749999999999999944e-02
2.001000000000000001e-01
-7.195000000000000284e-01
4.298000000000000154e-01
-1.940000000000000058e-02
-5.608999999999999542e-01
7.810000000000000275e-02
8.440999999999999615e-01
-7.201999999999999513e-01
-9.871999999999999664e-01
1.009999999999999960e-02
-3.587000000000000188e-01
9.845000000000000417e-01
-9.696000000000000174e-01
9.557999999999999829e-01
3.120999999999999885e-01
