1.001999999999999974e-01
-6.569000000000000394e-01
-3.335000000000000187e-01
4.444000000000000172e-01
6.877999999999999670e-01
7.866999999999999549e-01
2.179999999999999993e-02
-8.836000000000000520e-01
-4.104999999999999760e-01
-5.168000000000000371e-01
-5.501000000000000334e-01
-8.128999999999999559e-01
8.747000000000000330e-01
-9.247999999999999554e-01
9.221000000000000307e-01
-9.241000000000000325e-01
4.189999999999999836e-01
-5.944000000000000394e-01
-3.955000000000000182e-01
4.035000000000000253e-01
4.229999999999999732e-02
-8.025999999999999801e-01
-3.154000000000000137e-01
-3.527000000000000135e-01
1.750000000000000167e-02
-5.070000000000000201e-02
2.210999999999999910e-01
-3.664999999999999925e-01
-5.310000000000000137e-02
-4.450999999999999956e-01
7.547000000000000375e-01
-1.748999999999999999e-01
-8.588999999999999968e-01
-7.359999999999999876e-02
4.186000000000000276e-01
-2.765000000000000235e-01
9.528999999999999693e-01
-8.393000000000000460e-01
-7.779000000000000359e-01
-4.693999999999999839e-01
2.968999999999999972e-01
4.617999999999999883e-01
8.516000000000000236e-01
9.163000000000000034e-01
8.591999999999999638e-01
-4.008999999999999786e-01
6.572000000000000064e-01
4.591999999999999971e-01
-3.351000000000000090e-01
4.712000000000000077e-01
-8.921999999999999931e-01
5.042999999999999705e-01
9.365999999999999881e-01
-6.816999999999999726e-01
-2.731999999999999984e-01
-3.119999999999999996e-01
-2.741000000000000103e-01
2.101999999999999980e-01
1.789999999999999925e-02
-4.136000000000000232e-01
-2.758999999999999786e-01
-5.795000000000000151e-01
-4.178999999999999937e-01
6.060000000000000109e-02
3.129000000000000115e-01
-1.302000000000000102e-01
2.900000000000000147e-02
-3.980000000000000204e-01
-4.173000000000000043e-01
6.340999999999999970e-01
1.418000000000000094e-01
5.849999999999999645e-01
-8.827000000000000401e-01
-9.354000000000000092e-01
-5.129000000000000226e-01
-3.321000000000000063e-01
-5.204999999999999627e-01
-6.727999999999999536e-01
-7.966999999999999638e-01
-1.194999999999999951e-01
-9.399999999999999467e-01
-7.550999999999999934e-01
-6.723000000000000087e-01
-2.054999999999999882e-01
3.154000000000000137e-01
2.348000000000000087e-01
-9.427999999999999714e-01
-6.826999999999999735e-01
6.340000000000000080e-01
2.554000000000000159e-01
-5.361000000000000210e-01
3.060999999999999832e-01
6.705999999999999739e-01
4.050000000000000266e-01
-5.181999999999999940e-01
-5.705000000000000071e-01
-1.242000000000000048e-01
-7.300000000000000065e-03
8.319999999999999618e-02
-9.703000000000000513e-01
-1.542999999999999927e-01
5.937999999999999945e-01
1.199000000000000066e-01
4.482999999999999763e-01
-1.973000000000000032e-01
7.299999999999999545e-02
7.812999999999999945e-01
3.270000000000000129e-01
-2.572999999999999732e-01
-9.572000000000000508e-01
9.360000000000000542e-01
6.892000000000000348e-01
-2.340000000000000135e-01
-1.499999999999999944e-01
-3.259000000000000230e-01
8.920000000000000151e-02
2.023000000000000076e-01
1.763000000000000123e-01
3.494999999999999774e-01
6.464999999999999636e-01
9.641999999999999460e-01
-9.394000000000000128e-01
5.350000000000000311e-01
-5.609999999999999709e-02
3.729999999999999982e-01
-8.357999999999999874e-01
-7.984999999999999876e-01
-8.397000000000000020e-01
8.565000000000000391e-01
1.569999999999999868e-02
-9.033999999999999808e-01
-8.736000000000000432e-01
-9.304000000000000048e-01
9.122999999999999998e-01
2.492999999999999938e-01
9.837000000000000188e-01
-1.708000000000000074e-01
-5.517999999999999572e-01
1.789000000000000035e-01
-4.514000000000000234e-01
6.005000000000000338e-01
-2.350000000000000006e-02
-9.749999999999999778e-01
5.514999999999999902e-01
-3.201999999999999846e-01
-5.292000000000000037e-01
-4.441999999999999837e-01
2.554000000000000159e-01
-3.158000000000000251e-01
-3.880000000000000115e-01
-8.125999999999999890e-01
-7.588000000000000300e-01
5.400000000000000286e-03
6.434999999999999609e-01
4.270000000000000184e-02
8.759999999999999731e-02
8.737000000000000322e-01
5.467999999999999527e-01
-2.102999999999999869e-01
8.824999999999999512e-01
-3.852999999999999758e-01
7.862000000000000099e-01
-1.547000000000000042e-01
-3.462000000000000077e-01
-4.601999999999999980e-01
1.650999999999999968e-01
-9.004999999999999671e-01
-1.242999999999999938e-01
-7.268999999999999906e-01
-7.188999999999999835e-01
6.002999999999999448e-01
