-8.015999999999999792e-01
3.200000000000000067e-02
-9.846000000000000307e-01
2.953999999999999959e-01
-9.976000000000000423e-01
-2.752999999999999892e-01
-7.112000000000000544e-01
7.914999999999999813e-01
-9.118000000000000549e-01
-8.569999999999999840e-02
3.037000000000000255e-01
1.111000000000000043e-01
4.176000000000000267e-01
-4.012000000000000011e-01
4.568999999999999728e-01
6.200999999999999845e-01
-6.629999999999999782e-02
-4.349999999999999700e-02
1.071000000000000008e-01
8.227999999999999758e-01
-1.900999999999999912e-01
5.107000000000000428e-01
-7.217000000000000082e-01
-3.422999999999999932e-01
4.954000000000000070e-01
4.440000000000000058e-01
-6.902000000000000357e-01
3.280000000000000138e-01
1.082999999999999935e-01
-2.298000000000000043e-01
-4.638999999999999790e-01
1.779999999999999985e-02
7.721999999999999975e-01
7.405000000000000471e-01
-6.025000000000000355e-01
-4.405999999999999917e-01
-2.823999999999999844e-01
5.024999999999999467e-01
-6.585999999999999632e-01
1.131999999999999951e-01
3.546000000000000263e-01
-3.040999999999999814e-01
-6.991000000000000547e-01
6.908999999999999586e-01
6.965000000000000080e-01
5.589999999999999830e-02
-8.349999999999999645e-01
9.281000000000000361e-01
5.139000000000000234e-01
-2.541999999999999815e-01
-9.323000000000000176e-01
5.149999999999999717e-02
-8.250000000000000389e-02
1.164000000000000035e-01
1.875000000000000000e-01
5.677999999999999714e-01
3.981999999999999984e-01
-8.133000000000000229e-01
3.637000000000000233e-01
6.310000000000000053e-01
1.089999999999999997e-01
1.612000000000000099e-01
3.749999999999999861e-02
4.920999999999999819e-01
3.034000000000000030e-01
-4.339000000000000079e-01
-6.471000000000000085e-01
-8.951999999999999957e-01
-5.782000000000000473e-01
-4.379000000000000115e-01
9.774000000000000465e-01
6.206000000000000405e-01
-8.769000000000000128e-01
-8.214000000000000190e-01
-6.062999999999999501e-01
-4.062000000000000055e-01
6.246000000000000441e-01
5.518999999999999462e-01
-1.140000000000000041e-01
6.296000000000000485e-01
-4.855999999999999761e-01
-6.964000000000000190e-01
-6.350999999999999979e-01
1.449999999999999900e-01
9.062000000000000055e-01
-6.687999999999999501e-01
4.433000000000000274e-01
7.360999999999999766e-01
1.260000000000000009e-02
-9.708999999999999853e-01
-4.208999999999999964e-01
4.408000000000000251e-01
8.366999999999999993e-01
-8.609999999999999876e-01
-5.568999999999999506e-01
1.837999999999999912e-01
7.435000000000000497e-01
-7.460999999999999854e-01
-5.557999999999999607e-01
-5.769999999999999574e-01
3.076999999999999735e-01
-4.999000000000000110e-01
7.709000000000000297e-01
-7.845999999999999641e-01
-3.126999999999999780e-01
-3.810000000000000192e-02
-4.039999999999999841e-02
-7.377000000000000224e-01
2.626999999999999891e-01
-6.556999999999999496e-01
-4.198999999999999955e-01
-1.910999999999999921e-01
-2.560999999999999943e-01
-8.536000000000000254e-01
8.235999999999999988e-01
8.812999999999999723e-01
1.365000000000000102e-01
-5.613000000000000211e-01
2.485999999999999877e-01
-2.177000000000000046e-01
-4.499000000000000221e-01
-8.931999999999999940e-01
-6.253999999999999559e-01
8.991999999999999993e-01
-5.050000000000000322e-02
5.286999999999999478e-01
-5.870999999999999552e-01
-3.141999999999999793e-01
5.708999999999999631e-01
7.692999999999999838e-01
-6.865999999999999881e-01
4.793999999999999928e-01
5.872000000000000552e-01
-7.580000000000000626e-02
5.014999999999999458e-01
-9.466999999999999860e-01
-3.867999999999999772e-01
5.966000000000000192e-01
-5.342999999999999972e-01
-9.838999999999999968e-01
4.128000000000000003e-01
2.464999999999999969e-01
8.582999999999999519e-01
5.900999999999999579e-01
-6.579999999999999738e-02
9.327999999999999625e-01
-5.069000000000000172e-01
4.774999999999999800e-01
-6.919999999999999485e-01
4.801000000000000267e-01
3.244000000000000217e-01
1.908999999999999864e-01
5.413000000000000034e-01
8.030000000000000471e-01
-9.012000000000000011e-01
1.613999999999999879e-01
7.082000000000000517e-01
8.029999999999999638e-02
2.840000000000000163e-02
-5.439999999999999697e-02
8.447999999999999954e-01
-9.822999999999999510e-01
-3.804000000000000159e-01
-9.940999999999999837e-01
4.621999999999999997e-01
8.830000000000000349e-02
7.193000000000000504e-01
-7.395000000000000462e-01
-8.870999999999999996e-01
4.144999999999999796e-01
9.104999999999999760e-01
