-1.459000000000000019e-01
5.958999999999999853e-01
4.074999999999999734e-01
5.201999999999999957e-01
9.588999999999999746e-01
-1.448000000000000120e-01
2.127000000000000002e-01
6.624999999999999778e-01
-9.716000000000000192e-01
1.600000000000000033e-02
9.189999999999999558e-02
-8.569999999999999840e-01
6.623999999999999888e-01
6.049999999999999822e-01
9.227999999999999536e-01
-9.759999999999999787e-01
-8.182000000000000384e-01
-5.755000000000000115e-01
-8.428999999999999826e-01
-1.375000000000000111e-01
3.558999999999999941e-01
-8.749000000000000110e-01
-9.690999999999999615e-01
-5.514999999999999902e-01
6.070999999999999730e-01
-1.430000000000000021e-02
-1.350000000000000089e-01
-2.544000000000000150e-01
-7.610000000000000098e-02
2.630000000000000046e-02
-5.558999999999999497e-01
-7.332999999999999519e-01
3.472999999999999976e-01
-5.219000000000000306e-01
-6.014000000000000457e-01
-7.419999999999999929e-01
-4.610000000000000209e-01
4.680000000000000271e-01
-8.167999999999999705e-01
8.882999999999999785e-01
4.844999999999999862e-01
-3.179000000000000159e-01
-1.082999999999999935e-01
5.080999999999999961e-01
7.298999999999999932e-01
-2.101000000000000090e-01
8.967000000000000526e-01
4.889000000000000012e-01
-6.467000000000000526e-01
2.038000000000000089e-01
-9.579999999999999627e-02
2.480999999999999872e-01
-9.039000000000000368e-01
-8.156999999999999806e-01
-1.183000000000000024e-01
3.184000000000000163e-01
-7.112000000000000544e-01
-2.530999999999999917e-01
8.739999999999999991e-01
1.310000000000000053e-02
9.889000000000000012e-01
5.333999999999999853e-01
9.292000000000000259e-01
2.255999999999999950e-01
9.778000000000000025e-01
9.987000000000000322e-01
3.173000000000000265e-01
1.174999999999999933e-01
-1.589000000000000135e-01
6.713999999999999968e-01
2.659999999999999865e-02
-4.452999999999999736e-01
3.629999999999999893e-02
-3.740999999999999881e-01
6.935999999999999943e-01
-9.987000000000000322e-01
1.847000000000000031e-01
-3.695999999999999841e-01
-5.706999999999999851e-01
-2.010000000000000120e-01
1.481999999999999984e-01
-5.197000000000000508e-01
2.787999999999999923e-01
2.121999999999999997e-01
4.776000000000000245e-01
-5.717999999999999750e-01
-6.580000000000000293e-01
7.421999999999999709e-01
3.719999999999999696e-02
3.927999999999999825e-01
-5.455999999999999739e-01
-7.983000000000000096e-01
1.839999999999999969e-02
-3.916000000000000036e-01
-1.444000000000000006e-01
-8.691999999999999726e-01
7.412999999999999590e-01
8.550999999999999712e-01
3.457999999999999963e-01
-8.279999999999999583e-01
-3.019000000000000017e-01
2.281999999999999862e-01
1.025999999999999968e-01
3.728000000000000203e-01
-6.160999999999999810e-01
9.147999999999999465e-01
-5.259000000000000341e-01
-7.214000000000000412e-01
-1.009999999999999960e-02
3.593000000000000083e-01
8.979000000000000314e-01
4.083999999999999853e-01
-7.891000000000000236e-01
-1.443000000000000116e-01
-4.675000000000000266e-01
7.053000000000000380e-01
-9.791999999999999593e-01
-3.322999999999999843e-01
-4.290000000000000063e-02
9.268999999999999462e-01
9.448999999999999622e-01
8.679000000000000048e-01
-8.165999999999999925e-01
-2.540999999999999925e-01
6.892000000000000348e-01
6.099999999999999867e-02
3.090999999999999859e-01
2.513000000000000234e-01
1.585000000000000020e-01
-5.249999999999999806e-02
6.551000000000000156e-01
-7.498000000000000220e-01
-5.873000000000000442e-01
-4.529000000000000248e-01
-7.281999999999999584e-01
8.185000000000000053e-01
-7.491999999999999771e-01
5.063999999999999613e-01
-2.275000000000000078e-01
-3.392999999999999905e-01
-6.598000000000000531e-01
-4.002000000000000002e-01
-7.571999999999999842e-01
4.168999999999999928e-01
1.370000000000000107e-01
1.895000000000000018e-01
6.180999999999999828e-01
-9.714000000000000412e-01
1.280000000000000027e-01
-5.999999999999999778e-02
-7.560000000000000053e-01
7.050999999999999490e-01
-1.456999999999999962e-01
1.595999999999999919e-01
5.687999999999999723e-01
-6.654999999999999805e-01
-2.262000000000000122e-01
-2.599999999999999881e-02
-7.537000000000000366e-01
4.669999999999999846e-02
3.506000000000000227e-01
1.970999999999999974e-01
1.696999999999999897e-01
-4.929999999999999938e-01
-6.621000000000000218e-01
-3.761999999999999789e-01
7.246000000000000218e-01
-5.097000000000000419e-01
1.779000000000000026e-01
-4.779999999999999805e-01
-4.677999999999999936e-01
