-2.605999999999999983e-01
-8.077999999999999625e-01
8.880000000000000115e-01
2.060000000000000026e-02
-4.708999999999999853e-01
4.769999999999999934e-02
-3.589999999999999858e-01
-9.713000000000000522e-01
6.269000000000000128e-01
-9.653000000000000469e-01
3.348999999999999755e-01
2.868999999999999884e-01
7.569000000000000172e-01
8.852999999999999758e-01
1.450000000000000074e-02
-9.703000000000000513e-01
7.911000000000000254e-01
9.189000000000000501e-01
4.889999999999999902e-01
8.249999999999999556e-01
2.882000000000000117e-01
1.084999999999999992e-01
-8.939999999999999336e-02
-8.851999999999999869e-01
-1.348999999999999921e-01
6.618000000000000549e-01
-4.366999999999999771e-01
-8.930000000000000160e-01
7.657000000000000473e-01
4.979999999999999705e-02
-6.861000000000000432e-01
-4.326999999999999735e-01
1.542999999999999927e-01
-6.226000000000000423e-01
-1.949999999999999997e-02
1.688999999999999946e-01
5.467999999999999527e-01
-8.205000000000000071e-01
-2.897000000000000131e-01
-1.287000000000000088e-01
-8.411999999999999478e-01
5.249999999999999806e-02
-5.289000000000000368e-01
-4.320000000000000229e-02
-2.808999999999999830e-01
-3.231999999999999873e-01
1.111000000000000043e-01
-7.113000000000000433e-01
3.338999999999999746e-01
-2.685000000000000164e-01
7.566000000000000503e-01
-9.534000000000000252e-01
9.379999999999999449e-01
8.228999999999999648e-01
6.166000000000000369e-01
-5.151999999999999913e-01
6.439999999999999891e-02
-3.300000000000000155e-02
5.750999999999999446e-01
-2.293999999999999928e-01
-2.013000000000000067e-01
8.639999999999999902e-01
-8.360999999999999543e-01
7.982000000000000206e-01
-6.832000000000000295e-01
-9.950000000000000511e-02
2.730000000000000135e-02
5.850000000000000339e-02
-3.602000000000000202e-01
-9.965000000000000524e-01
-9.337999999999999634e-01
5.050000000000000044e-01
-2.514000000000000123e-01
-9.210000000000000409e-01
2.570999999999999952e-01
7.338000000000000078e-01
3.245999999999999996e-01
-5.648999999999999577e-01
2.494000000000000106e-01
-1.660999999999999976e-01
-9.707999999999999963e-01
5.527999999999999581e-01
-6.720000000000000417e-01
-5.553000000000000158e-01
2.160999999999999865e-01
-7.824999999999999734e-01
1.209999999999999964e-01
1.292999999999999983e-01
-5.330000000000000293e-01
-2.968999999999999972e-01
3.009999999999999828e-02
5.429000000000000492e-01
-2.936000000000000276e-01
-4.585000000000000187e-01
4.363000000000000211e-01
-7.330000000000000404e-02
-9.035999999999999588e-01
4.668999999999999817e-01
-9.786000000000000254e-01
-1.178000000000000019e-01
-5.249999999999999806e-02
-2.406000000000000083e-01
9.016999999999999460e-01
8.336000000000000076e-01
9.885000000000000453e-01
-8.649999999999999911e-01
8.827000000000000401e-01
-8.052000000000000268e-01
-4.529000000000000248e-01
8.187999999999999723e-01
8.649999999999999356e-02
-7.401999999999999691e-01
1.993000000000000049e-01
5.255999999999999561e-01
-6.845999999999999863e-01
-1.438000000000000111e-01
6.702000000000000179e-01
1.398000000000000076e-01
5.745000000000000107e-01
-1.250999999999999890e-01
5.938999999999999835e-01
2.313000000000000056e-01
8.830000000000000071e-01
-5.419999999999999818e-02
-3.734000000000000097e-01
-3.654000000000000026e-01
6.810000000000000497e-01
-8.799000000000000155e-01
3.368999999999999773e-01
-5.057000000000000384e-01
