-9.230000000000000426e-01
2.429999999999999868e-02
-5.818999999999999728e-01
-9.025999999999999579e-01
-8.279999999999999860e-02
-9.370000000000000551e-01
-7.590999999999999970e-01
-3.099000000000000088e-01
-8.657000000000000250e-01
6.431000000000000050e-01
-9.916000000000000369e-01
9.278999999999999471e-01
6.887999999999999678e-01
-2.722999999999999865e-01
7.380000000000000449e-02
8.688000000000000167e-01
7.725999999999999535e-01
8.461999999999999522e-01
4.192000000000000171e-01
7.530000000000000582e-02
-6.766999999999999682e-01
-6.966999999999999860e-01
-8.769000000000000128e-01
-6.697999999999999510e-01
6.199000000000000066e-01
-5.143999999999999684e-01
5.786999999999999922e-01
2.303000000000000047e-01
4.055000000000000271e-01
-4.146000000000000241e-01
5.101999999999999869e-01
6.379000000000000226e-01
-4.421999999999999820e-01
-7.852999999999999980e-01
-9.553000000000000380e-01
-5.436999999999999611e-01
9.236999999999999655e-01
-5.806000000000000050e-01
4.117000000000000104e-01
-9.683000000000000496e-01
5.820000000000000173e-02
-7.601999999999999869e-01
-8.064999999999999947e-01
7.319999999999999840e-01
-4.748999999999999888e-01
3.783000000000000251e-01
7.274000000000000465e-01
6.985000000000000098e-01
5.402000000000000135e-01
-2.020000000000000129e-01
-9.887000000000000233e-01
7.462999999999999634e-01
-3.936000000000000054e-01
-1.526000000000000134e-01
-4.228999999999999981e-01
-9.603000000000000425e-01
2.096999999999999975e-01
6.721000000000000307e-01
-9.201000000000000290e-01
8.629000000000000004e-01
-9.836000000000000298e-01
-7.634999999999999565e-01
-6.611000000000000210e-01
-5.272999999999999909e-01
-5.258000000000000451e-01
3.281000000000000028e-01
1.164000000000000035e-01
-8.429999999999999993e-02
-9.996000000000000441e-01
2.444000000000000061e-01
-8.740999999999999881e-01
6.454999999999999627e-01
-7.076999999999999957e-01
3.669000000000000039e-01
-9.203000000000000069e-01
5.195999999999999508e-01
3.090999999999999859e-01
-3.706999999999999740e-01
1.218000000000000055e-01
4.618999999999999773e-01
-3.070999999999999841e-01
-9.295999999999999819e-01
-7.358999999999999986e-01
-6.379999999999999560e-02
-6.875999999999999890e-01
-9.054999999999999716e-01
-4.072999999999999954e-01
2.555999999999999939e-01
4.531999999999999917e-01
-8.373000000000000442e-01
-9.100000000000000311e-01
6.329999999999999516e-02
5.140000000000000124e-01
-5.024999999999999467e-01
2.671999999999999931e-01
-6.362999999999999767e-01
1.285999999999999921e-01
-1.092000000000000054e-01
-5.223999999999999755e-01
2.180999999999999883e-01
-9.236999999999999655e-01
6.300000000000000044e-01
4.505000000000000115e-01
9.546999999999999931e-01
8.343000000000000416e-01
-3.079999999999999960e-01
8.907000000000000473e-01
-6.610000000000000320e-01
6.041999999999999593e-01
-6.630000000000000338e-01
-7.994999999999999885e-01
9.449999999999999512e-01
5.467999999999999527e-01
5.620000000000000551e-01
-8.726000000000000423e-01
-7.375000000000000444e-01
6.653000000000000025e-01
-9.010000000000000231e-01
4.071000000000000174e-01
-1.555999999999999883e-01
8.502999999999999448e-01
7.990000000000000435e-01
-9.858000000000000096e-01
1.865999999999999881e-01
6.732000000000000206e-01
6.679999999999999827e-02
8.299999999999999600e-01
-5.795000000000000151e-01
1.590000000000000024e-01
3.071999999999999731e-01
