-9.868000000000000105e-01
7.127999999999999892e-01
1.174000000000000044e-01
3.854000000000000203e-01
7.038999999999999702e-01
-5.170000000000000151e-01
2.587999999999999745e-01
8.827000000000000401e-01
7.274000000000000465e-01
5.826000000000000068e-01
-1.385000000000000120e-01
7.652999999999999803e-01
-6.422999999999999821e-01
2.626999999999999891e-01
-9.982999999999999652e-01
6.541000000000000147e-01
8.962999999999999856e-01
3.533000000000000029e-01
3.699999999999999817e-02
-4.421999999999999820e-01
4.395999999999999908e-01
8.102000000000000313e-01
3.570999999999999730e-01
-5.245999999999999552e-01
3.603000000000000091e-01
2.305999999999999994e-01
-3.527000000000000135e-01
-5.502000000000000224e-01
1.096000000000000030e-01
-1.794000000000000039e-01
5.722000000000000419e-01
-4.830000000000000265e-02
-4.470999999999999974e-01
-7.237000000000000099e-01
1.323999999999999899e-01
-7.492999999999999661e-01
-3.632000000000000228e-01
-1.230000000000000017e-02
3.870999999999999996e-01
-8.294000000000000261e-01
-7.737000000000000544e-01
-2.162999999999999923e-01
7.489000000000000101e-01
2.540999999999999925e-01
-1.469000000000000028e-01
8.504000000000000448e-01
6.834999999999999964e-01
5.610000000000000542e-01
-3.724000000000000088e-01
-7.220000000000000029e-02
3.251000000000000001e-01
9.052000000000000046e-01
-9.347999999999999643e-01
7.479000000000000092e-01
-3.770000000000000018e-01
1.441999999999999948e-01
4.833000000000000074e-01
-5.913000000000000478e-01
-8.847000000000000419e-01
5.983000000000000540e-01
-4.979000000000000092e-01
9.519999999999999574e-01
8.720999999999999863e-01
-2.338000000000000078e-01
-2.474999999999999978e-01
-4.099999999999999756e-01
-5.647999999999999687e-01
-7.711000000000000076e-01
-4.020000000000000240e-01
1.209999999999999964e-02
9.950000000000000511e-02
-9.316999999999999726e-01
-4.647999999999999909e-01
-2.394999999999999907e-01
9.886000000000000343e-01
4.546999999999999931e-01
-7.030000000000000138e-02
-2.396000000000000074e-01
1.363999999999999935e-01
-1.844000000000000083e-01
5.870000000000000218e-02
8.000000000000000167e-03
-9.595000000000000195e-01
2.280999999999999972e-01
-9.520999999999999464e-01
-2.770000000000000240e-01
1.706000000000000016e-01
-9.463000000000000300e-01
-1.527000000000000024e-01
4.855999999999999761e-01
-5.720000000000000084e-02
5.345999999999999641e-01
-3.724000000000000088e-01
-4.375000000000000000e-01
-3.254000000000000226e-01
-1.587999999999999967e-01
1.810000000000000150e-02
-7.262999999999999456e-01
4.719999999999999890e-02
-2.828999999999999848e-01
1.988999999999999935e-01
7.167000000000000037e-01
3.474999999999999756e-01
-3.527000000000000135e-01
-4.819999999999999979e-02
8.698000000000000176e-01
-2.442000000000000004e-01
2.258000000000000007e-01
-6.124000000000000554e-01
-5.312000000000000055e-01
9.020000000000000240e-02
-2.787000000000000033e-01
-7.616000000000000547e-01
-5.262999999999999901e-01
-4.788000000000000034e-01
-3.444999999999999729e-01
4.909000000000000030e-01
-8.121000000000000441e-01
-5.009999999999999870e-02
1.208999999999999936e-01
-5.770999999999999464e-01
6.193999999999999506e-01
-4.020000000000000240e-01
9.868999999999999995e-01
1.849000000000000088e-01
-8.309999999999999609e-01
-3.060999999999999832e-01
5.695999999999999952e-01
4.970000000000000112e-02
9.664000000000000368e-01
