1.195999999999999980e-01
-4.726000000000000201e-01
-1.648000000000000020e-01
-3.958999999999999742e-01
2.524000000000000132e-01
3.458999999999999853e-01
3.345000000000000195e-01
-9.110000000000000042e-02
3.835000000000000075e-01
4.556000000000000050e-01
-8.943999999999999728e-01
-2.730000000000000135e-02
1.246000000000000024e-01
8.809000000000000163e-01
-7.102000000000000535e-01
9.126999999999999558e-01
7.264000000000000457e-01
5.240000000000000213e-01
-9.375000000000000000e-01
-7.243000000000000549e-01
2.615999999999999992e-01
-8.957000000000000517e-01
-7.694999999999999618e-01
3.206999999999999851e-01
-2.442000000000000004e-01
-3.489999999999999769e-01
-8.908000000000000362e-01
4.173000000000000043e-01
-7.409000000000000030e-01
6.913000000000000256e-01
-7.618000000000000327e-01
7.517000000000000348e-01
-3.130000000000000143e-02
1.622000000000000108e-01
-9.394000000000000128e-01
-7.016999999999999904e-01
-6.941000000000000503e-01
9.761999999999999567e-01
2.441000000000000114e-01
-1.053000000000000047e-01
1.009000000000000036e-01
-8.558000000000000052e-01
8.169999999999999485e-01
-7.057999999999999829e-01
9.727000000000000091e-01
-6.956999999999999851e-01
-5.747999999999999776e-01
-3.770999999999999908e-01
-8.181000000000000494e-01
2.540000000000000036e-01
7.058999999999999719e-01
-1.370999999999999996e-01
-9.271000000000000352e-01
6.313999999999999613e-01
7.406000000000000361e-01
-9.496999999999999886e-01
2.036999999999999922e-01
-9.929999999999999938e-01
-7.278999999999999915e-01
-1.587000000000000077e-01
3.044999999999999929e-01
9.035999999999999588e-01
6.160999999999999810e-01
2.791000000000000147e-01
-8.246999999999999886e-01
-3.906000000000000028e-01
4.807000000000000162e-01
9.241000000000000325e-01
9.239000000000000545e-01
-4.541999999999999926e-01
-4.395000000000000018e-01
-4.390000000000000152e-02
7.003000000000000336e-01
9.679999999999999716e-02
1.902000000000000079e-01
-4.610000000000000209e-02
-4.479000000000000203e-01
5.987999999999999989e-01
-8.178999999999999604e-01
6.387000000000000455e-01
5.904000000000000359e-01
-1.915000000000000036e-01
4.512999999999999790e-01
7.500999999999999890e-01
3.269000000000000239e-01
-9.848999999999999977e-01
-2.862999999999999989e-01
-8.829000000000000181e-01
2.994999999999999885e-01
4.005000000000000226e-01
5.616999999999999771e-01
-6.510000000000000508e-02
2.903999999999999915e-01
2.624000000000000221e-01
-1.200999999999999984e-01
3.789000000000000146e-01
7.498000000000000220e-01
5.893000000000000460e-01
2.195999999999999897e-01
9.324999999999999956e-01
3.402999999999999914e-01
-8.079999999999999682e-02
-1.711999999999999911e-01
3.654999999999999916e-01
-5.009999999999999870e-02
-1.401000000000000023e-01
-4.932000000000000273e-01
2.321000000000000008e-01
8.088999999999999524e-01
3.869999999999999829e-02
4.400000000000000022e-01
6.125000000000000444e-01
4.429999999999999910e-02
6.753000000000000114e-01
-1.899000000000000132e-01
2.760000000000000231e-01
6.450000000000000178e-02
-7.799000000000000377e-01
9.014999999999999680e-01
-7.255000000000000338e-01
5.235999999999999543e-01
9.429999999999999494e-01
-4.399000000000000132e-01
8.884999999999999565e-01
3.292999999999999816e-01
1.004000000000000031e-01
8.649999999999999356e-02
3.461000000000000187e-01
3.387000000000000011e-01
-8.949999999999999623e-02
