-8.136999999999999789e-01
-6.803000000000000158e-01
6.480000000000000204e-01
-6.680000000000000382e-01
5.001999999999999780e-01
-1.980000000000000093e-01
-6.954000000000000181e-01
-5.459000000000000519e-01
4.898000000000000131e-01
-9.156999999999999584e-01
-4.348000000000000198e-01
2.682999999999999829e-01
-2.217999999999999972e-01
-1.476999999999999980e-01
-9.479999999999999538e-02
6.542000000000000037e-01
-1.064999999999999974e-01
-1.905000000000000027e-01
-1.132999999999999979e-01
1.945999999999999952e-01
-3.583000000000000074e-01
-4.539000000000000257e-01
8.639000000000000012e-01
2.716999999999999971e-01
1.292000000000000093e-01
9.295999999999999819e-01
2.696999999999999953e-01
4.136000000000000232e-01
3.593000000000000083e-01
3.543000000000000038e-01
7.753999999999999782e-01
4.757000000000000117e-01
3.522000000000000131e-01
7.501999999999999780e-01
-4.363000000000000211e-01
-3.230000000000000232e-02
5.662000000000000366e-01
-2.942000000000000171e-01
6.691000000000000281e-01
-5.695000000000000062e-01
-9.641999999999999460e-01
-1.300999999999999934e-01
-1.170000000000000068e-01
2.069999999999999896e-01
-2.682999999999999829e-01
7.701000000000000068e-01
-7.155000000000000249e-01
-7.630000000000000671e-02
-5.050000000000000044e-01
9.829999999999999849e-01
-3.070999999999999841e-01
5.235999999999999543e-01
8.749999999999999445e-02
3.033000000000000140e-01
-1.280999999999999917e-01
9.239000000000000545e-01
-2.566999999999999837e-01
8.254000000000000226e-01
-4.734999999999999765e-01
9.779999999999999805e-02
-5.785000000000000142e-01
6.608000000000000540e-01
-8.183000000000000274e-01
5.571000000000000396e-01
9.235999999999999766e-01
9.627999999999999892e-01
1.448000000000000120e-01
-7.557000000000000384e-01
2.396999999999999964e-01
-1.580000000000000154e-02
7.018999999999999684e-01
8.400000000000000522e-02
-4.602999999999999869e-01
-4.496999999999999886e-01
6.855999999999999872e-01
-3.608000000000000096e-01
-6.491999999999999993e-01
-9.317999999999999616e-01
-4.648999999999999799e-01
4.753000000000000003e-01
-9.850000000000000422e-02
6.330999999999999961e-01
1.633999999999999897e-01
6.787999999999999590e-01
6.094000000000000528e-01
5.469000000000000528e-01
-4.850999999999999757e-01
-6.245000000000000551e-01
-6.283999999999999586e-01
-3.412999999999999923e-01
-1.638999999999999901e-01
5.636999999999999789e-01
5.339000000000000412e-01
-6.302999999999999714e-01
-8.279999999999999583e-01
3.139999999999999736e-02
6.354999999999999538e-01
-3.714999999999999969e-01
-6.245000000000000551e-01
-4.240000000000000019e-02
7.430000000000000493e-02
-4.525000000000000133e-01
-2.691999999999999948e-01
1.867999999999999938e-01
3.417999999999999927e-01
-9.404000000000000137e-01
9.616000000000000103e-01
7.760000000000000231e-01
-9.721999999999999531e-01
-9.316999999999999726e-01
-2.960999999999999743e-01
9.646000000000000130e-01
-3.301999999999999935e-01
-4.711000000000000187e-01
-2.746000000000000107e-01
-4.958000000000000185e-01
-1.910000000000000031e-01
-7.670000000000000151e-01
-3.442999999999999949e-01
7.749000000000000332e-01
4.107999999999999985e-01
2.609000000000000208e-01
3.806999999999999829e-01
-8.792999999999999705e-01
8.000000000000000444e-01
-1.531000000000000139e-01
5.258000000000000451e-01
2.624000000000000221e-01
3.590000000000000135e-02
-4.702999999999999958e-01
