-1.940000000000000058e-01
7.766999999999999460e-01
-8.555000000000000382e-01
-4.228999999999999981e-01
-8.568000000000000060e-01
-8.608999999999999986e-01
-7.477000000000000313e-01
8.999999999999999754e-04
7.161999999999999478e-01
2.396000000000000074e-01
-4.837000000000000188e-01
2.073000000000000120e-01
-4.847000000000000197e-01
-5.399000000000000465e-01
-7.492999999999999661e-01
-9.106999999999999540e-01
-1.880999999999999894e-01
-9.828999999999999959e-01
4.081000000000000183e-01
4.623999999999999777e-01
4.907000000000000250e-01
1.685999999999999999e-01
-3.038000000000000145e-01
9.660000000000000531e-02
-3.673000000000000154e-01
-4.529000000000000248e-01
9.247999999999999554e-01
7.552999999999999714e-01
9.082999999999999963e-01
-2.651999999999999913e-01
6.992000000000000437e-01
-9.344000000000000083e-01
-1.965000000000000080e-01
-5.076000000000000512e-01
-6.834999999999999964e-01
-2.871000000000000218e-01
-5.007000000000000339e-01
9.640999999999999570e-01
-2.177999999999999936e-01
4.647000000000000020e-01
-9.278999999999999471e-01
-2.740000000000000074e-02
9.997000000000000330e-01
4.673999999999999821e-01
-3.442999999999999949e-01
8.078999999999999515e-01
-7.671000000000000041e-01
4.434000000000000163e-01
-4.284000000000000030e-01
1.409999999999999865e-01
-1.681999999999999884e-01
-5.052999999999999714e-01
-1.930000000000000049e-01
-8.689999999999999947e-01
-3.523000000000000020e-01
-2.591999999999999860e-01
-3.892999999999999794e-01
9.400000000000000022e-02
3.488999999999999879e-01
-1.980000000000000093e-01
8.043000000000000149e-01
9.979999999999999982e-01
3.059000000000000052e-01
9.497999999999999776e-01
2.122999999999999887e-01
3.662000000000000255e-01
-2.898999999999999910e-01
-2.888000000000000012e-01
-1.517999999999999905e-01
4.819999999999999840e-01
5.523000000000000131e-01
7.480000000000000537e-02
6.481000000000000094e-01
-9.002999999999999892e-01
-2.998000000000000109e-01
8.754999999999999449e-01
-2.001999999999999891e-01
-9.450000000000000067e-02
-1.703999999999999959e-01
7.090000000000000469e-02
5.734000000000000208e-01
3.662000000000000255e-01
6.004000000000000448e-01
6.935999999999999943e-01
4.289999999999999925e-01
-3.413999999999999813e-01
3.033000000000000140e-01
-2.567999999999999727e-01
2.828999999999999848e-01
4.384000000000000119e-01
-1.302999999999999992e-01
4.259999999999999898e-01
-7.742999999999999883e-01
5.187000000000000499e-01
6.883000000000000229e-01
-3.023000000000000131e-01
2.910000000000000087e-02
-8.761999999999999789e-01
1.356999999999999873e-01
-4.517999999999999794e-01
9.191000000000000281e-01
-9.899000000000000021e-01
4.899000000000000021e-01
-3.953999999999999737e-01
-7.761000000000000121e-01
1.900999999999999912e-01
-6.995000000000000107e-01
1.259000000000000119e-01
7.170999999999999597e-01
-2.738999999999999768e-01
-9.973999999999999533e-01
2.737999999999999878e-01
-4.067999999999999949e-01
8.467000000000000082e-01
8.904999999999999583e-01
2.205999999999999905e-01
5.883000000000000451e-01
-7.501999999999999780e-01
-7.099999999999999367e-02
-7.374000000000000554e-01
-7.933999999999999941e-01
2.909999999999999809e-01
6.260000000000000286e-02
-9.212000000000000188e-01
-3.610999999999999766e-01
7.225000000000000311e-01
1.250999999999999890e-01
-1.479999999999999927e-01
3.372999999999999887e-01
-5.199000000000000288e-01
