7.379000000000000004e-01
4.290999999999999814e-01
-5.877999999999999892e-01
8.585000000000000409e-01
-9.373000000000000220e-01
8.992999999999999883e-01
-5.446999999999999620e-01
-7.461999999999999744e-01
-2.404999999999999916e-01
-4.356999999999999762e-01
-7.209999999999999742e-02
3.865000000000000102e-01
3.988999999999999768e-01
-8.316999999999999948e-01
8.580999999999999739e-01
-6.151999999999999691e-01
1.178000000000000019e-01
-5.037000000000000366e-01
3.022000000000000242e-01
3.720999999999999863e-01
-8.605000000000000426e-01
5.439000000000000501e-01
-2.424000000000000044e-01
7.862999999999999989e-01
1.880000000000000074e-02
4.218000000000000083e-01
8.316999999999999948e-01
-6.887999999999999678e-01
-6.239999999999999991e-01
-5.431000000000000272e-01
1.472999999999999865e-01
7.367000000000000215e-01
5.017000000000000348e-01
-9.922999999999999599e-01
8.740999999999999881e-01
9.854000000000000536e-01
-6.933000000000000274e-01
-9.069000000000000394e-01
-9.083999999999999853e-01
-6.949999999999999512e-01
1.899999999999999996e-03
-9.297999999999999599e-01
-7.870000000000000606e-02
-3.664999999999999925e-01
-6.228000000000000203e-01
-3.528999999999999915e-01
-4.351999999999999758e-01
-2.253999999999999893e-01
-6.202999999999999625e-01
-5.568999999999999506e-01
-2.813999999999999835e-01
-6.098000000000000087e-01
7.096000000000000085e-01
-3.665999999999999814e-01
8.497999999999999998e-01
4.787000000000000144e-01
8.816000000000000503e-01
6.467000000000000526e-01
-7.201999999999999513e-01
-5.647999999999999687e-01
9.931999999999999718e-01
-8.727000000000000313e-01
-6.740000000000000435e-01
-5.910999999999999588e-01
-7.516000000000000458e-01
-3.771999999999999797e-01
-8.572999999999999510e-01
-8.509999999999999787e-01
-7.282999999999999474e-01
-9.814000000000000501e-01
-2.459000000000000075e-01
8.071000000000000396e-01
-9.298999999999999488e-01
3.160000000000000309e-02
3.476000000000000201e-01
1.448000000000000120e-01
3.689999999999999947e-01
8.763999999999999568e-01
-1.193000000000000033e-01
1.358999999999999930e-01
-8.635000000000000453e-01
2.096999999999999975e-01
2.199999999999999872e-02
-2.389999999999999902e-01
1.092999999999999944e-01
-8.094999999999999973e-01
-7.735999999999999543e-01
7.245000000000000329e-01
9.560999999999999499e-01
5.420000000000000373e-01
1.653000000000000025e-01
3.881999999999999895e-01
7.358999999999999986e-01
3.030999999999999805e-01
-8.807000000000000384e-01
-1.545999999999999874e-01
-7.627000000000000446e-01
8.679999999999999938e-01
-1.342000000000000137e-01
-1.880000000000000074e-02
-4.400000000000000265e-03
-1.729999999999999871e-01
3.551000000000000267e-01
-9.634000000000000341e-01
-7.670000000000000429e-02
-7.026999999999999913e-01
4.376999999999999780e-01
7.500999999999999890e-01
-5.623000000000000220e-01
-6.011999999999999567e-01
9.243000000000000105e-01
-5.625000000000000000e-01
-1.700000000000000122e-01
-4.189999999999999836e-01
-3.166999999999999815e-01
-8.918000000000000371e-01
-9.425000000000000044e-01
1.670999999999999985e-01
6.440000000000000169e-01
-8.449999999999999734e-01
2.840000000000000163e-02
7.149999999999999689e-01
7.204000000000000403e-01
-7.146000000000000130e-01
6.819999999999999674e-02
-3.953999999999999737e-01
4.102000000000000091e-01
3.630999999999999783e-01
7.340000000000000691e-02
-2.121999999999999997e-01
