7.569000000000000172e-01
4.484000000000000208e-01
-2.303999999999999937e-01
-3.801999999999999824e-01
-4.098999999999999866e-01
9.235999999999999766e-01
-6.973000000000000309e-01
-1.817000000000000004e-01
-9.667000000000000037e-01
-3.286000000000000032e-01
-3.948999999999999733e-01
9.045999999999999597e-01
1.620000000000000051e-01
-5.129999999999999838e-02
8.222000000000000419e-01
9.961999999999999744e-01
-2.132999999999999896e-01
4.245999999999999774e-01
-8.630000000000000171e-02
1.598999999999999866e-01
4.621000000000000107e-01
-8.276999999999999913e-01
-1.193000000000000033e-01
-2.800000000000000058e-02
4.309000000000000052e-01
-7.556000000000000494e-01
1.333999999999999908e-01
-1.000000000000000056e-01
4.410999999999999921e-01
7.167000000000000037e-01
-3.135999999999999899e-01
2.983000000000000096e-01
4.411999999999999811e-01
6.019999999999999657e-02
9.066999999999999504e-01
-2.737999999999999878e-01
-6.156000000000000361e-01
5.756999999999999895e-01
-5.140000000000000124e-02
-3.643000000000000127e-01
2.426000000000000101e-01
7.965999999999999748e-01
3.658000000000000140e-01
-4.994000000000000106e-01
-3.071999999999999731e-01
-9.644000000000000350e-01
-8.084000000000000075e-01
7.430000000000000493e-02
7.800000000000000266e-01
3.032000000000000250e-01
-6.969999999999999807e-02
-7.207999999999999963e-01
-7.478000000000000203e-01
9.549999999999999600e-01
1.741999999999999937e-01
-3.962999999999999856e-01
7.631999999999999895e-01
-8.346999999999999975e-01
4.511000000000000010e-01
3.645999999999999797e-01
9.075999999999999623e-01
4.089999999999999747e-01
1.600000000000000077e-03
7.997999999999999554e-01
3.667000000000000259e-01
-3.444999999999999729e-01
1.708999999999999964e-01
3.225000000000000089e-01
5.084999999999999520e-01
-7.900000000000000772e-03
-9.136999999999999567e-01
1.034000000000000058e-01
5.302000000000000046e-01
-1.232000000000000040e-01
5.700000000000000205e-03
3.520000000000000212e-02
-6.599999999999999964e-03
-5.329000000000000403e-01
-1.769000000000000017e-01
7.019999999999999574e-01
1.479999999999999927e-01
-9.938000000000000167e-01
-3.146999999999999797e-01
-9.765000000000000346e-01
1.252999999999999947e-01
5.429000000000000492e-01
-3.009999999999999828e-02
-7.637000000000000455e-01
7.985999999999999766e-01
-2.713999999999999746e-01
1.111000000000000043e-01
8.458999999999999853e-01
5.970999999999999641e-01
4.598999999999999755e-01
-8.632999999999999563e-01
9.386999999999999789e-01
-6.871000000000000441e-01
-6.592999999999999972e-01
-5.523000000000000131e-01
9.083999999999999853e-01
-8.175999999999999934e-01
-4.985999999999999877e-01
-1.386000000000000010e-01
-7.138999999999999790e-01
7.949000000000000510e-01
5.426999999999999602e-01
-2.752000000000000002e-01
2.323999999999999955e-01
5.461000000000000298e-01
3.355000000000000204e-01
2.419999999999999929e-01
-1.340000000000000080e-01
6.394999999999999574e-01
5.260000000000000092e-02
-3.937999999999999834e-01
-5.325999999999999623e-01
2.139999999999999888e-02
-3.595999999999999752e-01
4.384000000000000119e-01
4.796000000000000263e-01
5.983000000000000540e-01
1.252999999999999947e-01
8.487000000000000099e-01
-3.320000000000000034e-02
-7.318000000000000060e-01
7.131999999999999451e-01
-2.856000000000000205e-01
7.187999999999999945e-01
1.860999999999999877e-01
-5.493999999999999995e-01
