9.252000000000000224e-01
-1.360999999999999988e-01
9.282000000000000250e-01
-4.315999999999999837e-01
-7.328000000000000069e-01
-1.942000000000000115e-01
9.907000000000000250e-01
-3.437999999999999945e-01
2.792999999999999927e-01
5.485999999999999766e-01
9.194999999999999840e-01
9.120000000000000329e-01
8.582999999999999519e-01
3.860000000000000098e-01
-7.203000000000000513e-01
-6.588000000000000522e-01
-9.801999999999999602e-01
5.953000000000000513e-01
-1.282999999999999974e-01
6.119999999999999885e-01
-7.510000000000000009e-02
-6.054000000000000492e-01
-1.857999999999999929e-01
-3.034000000000000030e-01
3.138000000000000234e-01
-8.820999999999999952e-01
3.330000000000000182e-01
-9.263000000000000123e-01
9.108000000000000540e-01
-8.196999999999999842e-01
8.275000000000000133e-01
8.043000000000000149e-01
-7.278000000000000025e-01
-6.360999999999999988e-01
6.720000000000000417e-01
9.675000000000000266e-01
1.915000000000000036e-01
8.276000000000000023e-01
-6.359000000000000208e-01
7.919000000000000483e-01
-3.960000000000000325e-02
-7.956999999999999629e-01
-4.274999999999999911e-01
-3.955000000000000182e-01
-9.127999999999999448e-01
2.450000000000000094e-02
-8.862999999999999767e-01
4.919999999999999929e-01
4.606999999999999984e-01
9.317999999999999616e-01
3.744000000000000106e-01
6.824000000000000066e-01
-6.669000000000000483e-01
7.791000000000000147e-01
-8.497999999999999998e-01
-7.187999999999999945e-01
-6.425999999999999490e-01
-2.015000000000000124e-01
-2.942000000000000171e-01
-1.633000000000000007e-01
-7.057999999999999829e-01
-1.247999999999999943e-01
2.089999999999999913e-01
-5.898999999999999799e-01
4.349999999999999978e-01
-1.705000000000000127e-01
5.000000000000000104e-04
-6.276000000000000467e-01
-1.559999999999999928e-02
-8.436000000000000165e-01
9.610999999999999543e-01
8.952999999999999847e-01
1.130000000000000032e-01
-4.420000000000000318e-02
-4.525000000000000133e-01
2.050000000000000086e-02
-5.495999999999999774e-01
-2.126000000000000112e-01
2.296999999999999875e-01
-3.202999999999999736e-01
-6.679999999999999827e-02
7.116999999999999993e-01
-8.342000000000000526e-01
-6.512999999999999901e-01
-8.192000000000000393e-01
5.779999999999999721e-02
-1.915999999999999925e-01
6.752000000000000224e-01
8.650999999999999801e-01
-4.950000000000000233e-02
3.014999999999999902e-01
-8.282000000000000473e-01
-3.583999999999999964e-01
5.573000000000000176e-01
-5.371000000000000218e-01
9.256999999999999673e-01
1.514000000000000068e-01
5.575999999999999845e-01
4.007999999999999896e-01
-6.452999999999999847e-01
8.419999999999999707e-02
-5.684000000000000163e-01
-8.550000000000000655e-02
-1.380000000000000115e-01
4.793999999999999928e-01
-6.576999999999999513e-01
-6.175000000000000488e-01
-4.800000000000000100e-02
4.425999999999999934e-01
4.198999999999999955e-01
-6.596999999999999531e-01
2.419999999999999929e-01
-7.227999999999999980e-01
-2.076999999999999957e-01
-2.008999999999999952e-01
-9.032999999999999918e-01
6.400000000000000307e-03
7.956999999999999629e-01
2.197999999999999954e-01
-1.897000000000000075e-01
-1.678000000000000047e-01
9.657000000000000028e-01
3.554999999999999827e-01
3.256000000000000005e-01
7.709000000000000297e-01
-3.090000000000000038e-02
-4.009999999999999676e-02
-9.345999999999999863e-01
-5.149999999999999717e-02
-3.215000000000000080e-01
