-4.700000000000000011e-02
-3.640999999999999792e-01
-4.863999999999999990e-01
2.129999999999999949e-01
9.404000000000000137e-01
4.112999999999999989e-01
1.053000000000000047e-01
-6.006000000000000227e-01
9.717000000000000082e-01
8.337999999999999856e-01
-1.079999999999999988e-01
6.445999999999999508e-01
8.597000000000000197e-01
-2.462999999999999912e-01
-3.487999999999999989e-01
8.681999999999999718e-01
-6.353999999999999648e-01
2.217000000000000082e-01
8.666000000000000369e-01
5.939999999999999725e-01
-5.953000000000000513e-01
8.100000000000000255e-02
9.477999999999999758e-01
7.237000000000000099e-01
7.845999999999999641e-01
6.209000000000000075e-01
-3.211999999999999855e-01
4.207000000000000184e-01
3.760000000000000148e-02
7.347000000000000197e-01
1.849999999999999978e-01
2.912000000000000144e-01
-3.066999999999999726e-01
-3.395000000000000240e-01
-4.209999999999999853e-01
-2.220000000000000098e-02
-2.270000000000000143e-02
-3.192999999999999727e-01
8.614000000000000545e-01
-1.403999999999999970e-01
3.281000000000000028e-01
9.441000000000000503e-01
2.444999999999999951e-01
-9.002000000000000002e-01
8.089999999999999969e-02
9.213999999999999968e-01
4.228999999999999981e-01
4.702999999999999958e-01
-3.089000000000000079e-01
8.927000000000000490e-01
8.347999999999999865e-01
3.810000000000000192e-02
-2.469999999999999973e-01
-8.185000000000000053e-01
7.083000000000000407e-01
9.078000000000000513e-01
-3.693000000000000171e-01
5.793000000000000371e-01
2.414000000000000035e-01
3.059999999999999942e-01
-1.247999999999999943e-01
-7.095000000000000195e-01
-2.636000000000000010e-01
5.292000000000000037e-01
3.322999999999999843e-01
1.052000000000000018e-01
-6.457000000000000517e-01
6.203999999999999515e-01
-8.465000000000000302e-01
5.889999999999999680e-01
1.254000000000000115e-01
-5.504000000000000004e-01
-8.713999999999999524e-01
9.399999999999999467e-01
-6.002999999999999448e-01
9.883999999999999453e-01
9.762999999999999456e-01
-7.264000000000000457e-01
-5.827999999999999847e-01
-3.910000000000000142e-01
-3.030999999999999805e-01
-1.270999999999999908e-01
-2.551999999999999824e-01
2.124000000000000055e-01
-8.399999999999999689e-01
-1.943999999999999895e-01
-5.536999999999999700e-01
-9.525000000000000133e-01
3.683000000000000163e-01
-5.618999999999999551e-01
3.608000000000000096e-01
3.909000000000000252e-01
-9.425999999999999934e-01
1.824999999999999956e-01
7.312999999999999501e-01
9.669999999999999429e-02
-7.510999999999999899e-01
3.346999999999999975e-01
-1.040999999999999981e-01
3.416000000000000147e-01
8.326999999999999957e-01
2.932000000000000162e-01
-5.322000000000000064e-01
2.388000000000000123e-01
-1.675000000000000100e-01
2.071999999999999953e-01
6.697999999999999510e-01
-2.674000000000000266e-01
-1.241000000000000020e-01
9.721999999999999531e-01
-2.645000000000000129e-01
-6.000000000000000125e-03
-6.925000000000000044e-01
-5.473999999999999977e-01
-8.010000000000000453e-02
2.220000000000000029e-01
7.420000000000000207e-02
8.892999999999999794e-01
1.827000000000000013e-01
5.464999999999999858e-01
4.812000000000000166e-01
5.385999999999999677e-01
-1.534000000000000086e-01
-6.950000000000000622e-02
5.027000000000000357e-01
1.131999999999999951e-01
9.638999999999999790e-01
-5.874000000000000332e-01
-4.437999999999999723e-01
-4.430000000000000049e-01
