2.590000000000000080e-01
-4.531999999999999917e-01
-5.938999999999999835e-01
2.499000000000000110e-01
4.146000000000000241e-01
-8.661999999999999700e-01
-7.814999999999999725e-01
-6.514999999999999680e-01
-3.345000000000000195e-01
7.707000000000000517e-01
-3.500000000000000333e-02
-8.569999999999999840e-02
-2.432999999999999885e-01
-3.322999999999999843e-01
-2.293000000000000038e-01
5.182999999999999829e-01
5.604999999999999982e-01
-3.174000000000000155e-01
2.745000000000000218e-01
-6.689000000000000501e-01
4.578999999999999737e-01
7.997999999999999554e-01
1.069999999999999944e-02
3.457999999999999963e-01
1.449999999999999900e-01
2.780000000000000249e-01
-9.586999999999999966e-01
-2.867999999999999994e-01
-7.235000000000000320e-01
4.048999999999999821e-01
1.766000000000000070e-01
7.437000000000000277e-01
8.459999999999999742e-01
-8.307999999999999829e-01
2.253999999999999893e-01
2.572999999999999732e-01
1.713000000000000078e-01
8.234000000000000208e-01
8.772999999999999687e-01
7.826999999999999513e-01
-9.691999999999999504e-01
6.041999999999999593e-01
5.937000000000000055e-01
8.369999999999999662e-01
5.779999999999999583e-01
4.452999999999999736e-01
-8.690000000000000502e-02
-9.189000000000000501e-01
2.354999999999999871e-01
-8.614000000000000545e-01
2.449999999999999956e-01
6.099999999999999867e-02
-2.901000000000000245e-01
-4.889000000000000012e-01
2.010000000000000120e-01
5.242999999999999883e-01
-8.541999999999999593e-01
1.110000000000000014e-01
3.627000000000000224e-01
4.820999999999999730e-01
-9.448999999999999622e-01
6.788999999999999480e-01
8.336999999999999966e-01
1.507999999999999896e-01
6.368000000000000327e-01
9.859999999999999876e-01
-5.905000000000000249e-01
7.052000000000000490e-01
-2.767000000000000015e-01
-5.503000000000000114e-01
-9.647999999999999909e-01
-2.561999999999999833e-01
2.656999999999999917e-01
9.252000000000000224e-01
-6.437000000000000499e-01
7.160999999999999588e-01
4.471999999999999864e-01
8.870999999999999996e-01
8.162000000000000366e-01
-4.969999999999999973e-01
9.991999999999999771e-01
-2.121999999999999997e-01
2.612999999999999767e-01
-7.578000000000000291e-01
6.612000000000000099e-01
-8.359999999999999654e-01
2.575999999999999956e-01
-3.856999999999999873e-01
1.102999999999999953e-01
-4.515000000000000124e-01
-6.270999999999999908e-01
-3.804000000000000159e-01
7.877999999999999448e-01
9.032999999999999918e-01
7.425000000000000488e-01
-2.840000000000000163e-02
2.973999999999999977e-01
-9.141000000000000236e-01
7.000999999999999446e-01
-9.452000000000000401e-01
9.667000000000000037e-01
4.917000000000000259e-01
-4.008999999999999786e-01
4.510000000000000120e-02
-5.474999999999999867e-01
6.878999999999999559e-01
7.485000000000000542e-01
6.969999999999999529e-01
2.874999999999999778e-01
6.729999999999999871e-02
1.938999999999999890e-01
-2.564000000000000168e-01
5.074999999999999512e-01
4.059999999999999720e-02
-6.767999999999999572e-01
-5.328000000000000513e-01
-9.342000000000000304e-01
8.608999999999999986e-01
7.423999999999999488e-01
-4.398000000000000242e-01
-1.043000000000000038e-01
-6.764999999999999902e-01
-3.109000000000000097e-01
3.100999999999999868e-01
2.275000000000000078e-01
-6.309000000000000163e-01
-2.121999999999999997e-01
5.897000000000000020e-01
-9.439999999999999780e-02
-3.286999999999999922e-01
