-5.070000000000000201e-02
8.034999999999999920e-01
-4.203000000000000069e-01
9.754000000000000448e-01
-7.112000000000000544e-01
8.263000000000000345e-01
5.437999999999999501e-01
8.711999999999999744e-01
-4.630000000000000088e-02
-3.609999999999999876e-01
-6.346000000000000529e-01
2.839999999999999747e-01
-7.597000000000000419e-01
-5.953000000000000513e-01
-8.060000000000000497e-01
9.660000000000000531e-02
-4.375999999999999890e-01
6.914000000000000146e-01
-5.212999999999999856e-01
-8.837000000000000410e-01
-5.782000000000000473e-01
-5.251000000000000112e-01
-1.034999999999999948e-01
2.061999999999999944e-01
9.920999999999999819e-01
9.622000000000000552e-01
-7.330999999999999739e-01
4.630000000000000088e-02
-3.094999999999999973e-01
-6.696999999999999620e-01
-8.254000000000000226e-01
-1.429999999999999882e-01
-1.044999999999999957e-01
7.769000000000000350e-01
6.160999999999999810e-01
-2.460000000000000034e-02
4.950000000000000233e-02
-4.294999999999999929e-01
-3.595999999999999752e-01
7.367000000000000215e-01
4.501000000000000001e-01
-2.043000000000000094e-01
-7.338000000000000078e-01
2.321000000000000008e-01
-9.144999999999999796e-01
6.085000000000000409e-01
7.048999999999999710e-01
-7.960000000000000409e-01
7.926999999999999602e-01
3.048000000000000154e-01
4.932000000000000273e-01
6.872000000000000330e-01
-4.893000000000000127e-01
7.092000000000000526e-01
3.914000000000000257e-01
9.687999999999999945e-01
-2.091999999999999971e-01
3.186999999999999833e-01
3.304000000000000270e-01
-5.155999999999999472e-01
-6.962000000000000410e-01
4.951999999999999735e-01
5.790000000000000008e-02
-5.869999999999999662e-01
3.612000000000000210e-01
-7.710000000000000187e-02
-4.389000000000000123e-01
-5.221999999999999975e-01
-4.813999999999999946e-01
-6.690000000000000113e-02
8.773999999999999577e-01
-9.398999999999999577e-01
1.353000000000000036e-01
1.252000000000000057e-01
6.625999999999999668e-01
4.179999999999999827e-01
2.097999999999999865e-01
5.780999999999999472e-01
5.867999999999999883e-01
-9.413000000000000256e-01
-6.801000000000000378e-01
5.067000000000000393e-01
-3.649999999999999772e-02
-3.533000000000000029e-01
-3.339999999999999913e-02
2.786000000000000143e-01
-7.087999999999999856e-01
-4.426999999999999824e-01
-8.487999999999999989e-01
5.140000000000000124e-02
-4.107000000000000095e-01
-8.380999999999999561e-01
7.190999999999999615e-01
4.504000000000000226e-01
-5.274999999999999689e-01
7.658000000000000362e-01
-4.758000000000000007e-01
7.848000000000000531e-01
-9.750999999999999668e-01
-1.895999999999999908e-01
8.550999999999999712e-01
3.951000000000000068e-01
-9.263000000000000123e-01
-6.405999999999999472e-01
1.819000000000000061e-01
5.879999999999999810e-02
7.483999999999999542e-01
9.116999999999999549e-01
1.187000000000000000e-01
2.184999999999999998e-01
-9.435000000000000053e-01
5.425999999999999712e-01
-1.481000000000000094e-01
3.695999999999999841e-01
-8.345000000000000195e-01
-9.147999999999999465e-01
-9.031000000000000139e-01
1.390000000000000124e-01
-8.190000000000000058e-02
-1.738999999999999990e-01
5.889999999999999680e-01
9.716000000000000192e-01
7.737000000000000544e-01
6.804999999999999938e-01
6.905000000000000027e-01
-3.749999999999999861e-02
6.829999999999999960e-02
-9.792999999999999483e-01
-4.979999999999999705e-02
3.507000000000000117e-01
