3.721999999999999753e-01
9.585000000000000187e-01
-9.927000000000000268e-01
-1.239999999999999956e-02
-4.153999999999999915e-01
-9.375999999999999890e-01
3.937999999999999834e-01
-9.018000000000000460e-01
1.945000000000000062e-01
-3.764000000000000123e-01
8.636000000000000343e-01
7.025000000000000133e-01
-6.592000000000000082e-01
2.160000000000000114e-02
-6.766999999999999682e-01
-9.523000000000000353e-01
4.171000000000000263e-01
7.989999999999999880e-02
-5.070000000000000062e-01
-9.163000000000000034e-01
-5.526999999999999691e-01
4.041000000000000147e-01
-5.602000000000000313e-01
-6.313999999999999613e-01
-8.476000000000000201e-01
-2.677999999999999825e-01
3.587000000000000188e-01
-7.625999999999999446e-01
1.050999999999999990e-01
-1.943999999999999895e-01
-6.271999999999999797e-01
-7.483999999999999542e-01
-8.062000000000000277e-01
-8.594000000000000528e-01
-1.381999999999999895e-01
-2.807000000000000051e-01
-6.953000000000000291e-01
-1.625999999999999945e-01
-2.117999999999999883e-01
-1.585999999999999910e-01
-5.598999999999999533e-01
-3.563000000000000056e-01
3.875000000000000111e-01
3.190000000000000058e-01
6.724999999999999867e-01
1.660000000000000087e-01
9.020000000000000240e-01
-3.333999999999999742e-01
9.767000000000000126e-01
8.076999999999999735e-01
7.409999999999999920e-01
6.644999999999999796e-01
-8.081000000000000405e-01
5.039000000000000146e-01
7.579000000000000181e-01
2.379000000000000004e-01
-1.587999999999999967e-01
2.746999999999999997e-01
-6.108999999999999986e-01
7.066000000000000059e-01
-4.457999999999999741e-01
-4.711000000000000187e-01
-5.521000000000000352e-01
8.320999999999999508e-01
-9.222000000000000197e-01
-7.351999999999999647e-01
7.680000000000000160e-01
3.851999999999999869e-01
5.700000000000000205e-03
-4.689999999999999725e-02
-8.618999999999999995e-01
7.884999999999999787e-01
3.609999999999999876e-01
-3.164000000000000146e-01
1.791999999999999982e-01
-3.600999999999999757e-01
4.203000000000000069e-01
-5.715000000000000080e-01
-2.139000000000000068e-01
2.084000000000000019e-01
-8.282000000000000473e-01
-4.822000000000000175e-01
-2.866000000000000214e-01
2.576999999999999846e-01
2.617999999999999772e-01
1.307999999999999996e-01
-4.354999999999999982e-01
-1.547000000000000042e-01
-9.849999999999999867e-01
1.299999999999999940e-03
7.207999999999999963e-01
-5.594999999999999973e-01
-7.006000000000000005e-01
8.715000000000000524e-01
4.722000000000000086e-01
-3.520000000000000212e-02
-6.481000000000000094e-01
6.129000000000000004e-01
7.727000000000000535e-01
-9.099000000000000421e-01
1.799999999999999951e-03
-8.033000000000000140e-01
6.790000000000000480e-01
9.962999999999999634e-01
6.519999999999999407e-02
-3.406000000000000139e-01
9.495000000000000107e-01
7.785999999999999588e-01
-5.381000000000000227e-01
9.824000000000000510e-01
2.016000000000000014e-01
-9.636000000000000121e-01
-3.997999999999999887e-01
-4.384000000000000119e-01
-5.036000000000000476e-01
-6.501000000000000112e-01
-2.146000000000000130e-01
4.813999999999999946e-01
2.538000000000000256e-01
2.089000000000000024e-01
-1.179999999999999973e-02
-1.799999999999999864e-02
-3.857999999999999763e-01
-4.066000000000000170e-01
-5.519999999999999907e-02
7.566000000000000503e-01
1.287000000000000088e-01
6.999999999999999929e-04
-9.389999999999999458e-01
8.243000000000000327e-01
