-3.135999999999999899e-01
-1.922000000000000097e-01
6.461000000000000076e-01
8.616000000000000325e-01
2.685000000000000164e-01
-5.507999999999999563e-01
-6.270999999999999908e-01
-1.778000000000000136e-01
-7.378000000000000114e-01
-3.086999999999999744e-01
5.161000000000000032e-01
7.135000000000000231e-01
9.864000000000000545e-01
3.793000000000000260e-01
-1.690000000000000113e-01
-7.688000000000000389e-01
-4.519999999999999712e-02
-2.899999999999999800e-03
9.502000000000000446e-01
-3.920000000000000151e-01
-8.538000000000000034e-01
2.745000000000000218e-01
7.389000000000000012e-01
9.036999999999999478e-01
5.580000000000000238e-02
4.742000000000000104e-01
6.804999999999999938e-01
4.619999999999999801e-02
3.657000000000000250e-01
-2.369999999999999885e-02
4.088999999999999857e-01
-6.905000000000000027e-01
-9.552000000000000490e-01
-2.484000000000000097e-01
6.972000000000000419e-01
-5.685999999999999943e-01
-4.242000000000000215e-01
-6.875999999999999890e-01
5.238000000000000433e-01
5.591000000000000414e-01
4.749999999999999778e-01
7.203000000000000513e-01
-4.519000000000000239e-01
4.680000000000000132e-02
-6.415999999999999481e-01
-2.800000000000000058e-02
5.050000000000000044e-01
-7.344000000000000528e-01
-7.548000000000000265e-01
-9.515000000000000124e-01
-1.922000000000000097e-01
8.186999999999999833e-01
1.396000000000000019e-01
8.041000000000000369e-01
-9.317999999999999616e-01
5.556999999999999718e-01
-3.306000000000000050e-01
4.949999999999999956e-01
-4.711000000000000187e-01
9.645000000000000240e-01
-8.830000000000000071e-01
9.331000000000000405e-01
-8.418999999999999817e-01
5.897999999999999909e-01
2.938999999999999946e-01
-1.565999999999999892e-01
8.740999999999999881e-01
-4.944000000000000061e-01
9.102999999999999980e-01
-1.661999999999999866e-01
6.755999999999999783e-01
-2.119999999999999940e-01
-1.168000000000000010e-01
8.384000000000000341e-01
-8.672999999999999599e-01
5.260000000000000231e-01
-8.449999999999999734e-01
1.008000000000000007e-01
-9.023999999999999799e-01
-6.538000000000000478e-01
8.590999999999999748e-01
-6.369000000000000217e-01
2.144999999999999962e-01
6.663999999999999924e-01
7.599999999999999811e-02
7.209999999999999742e-02
-5.779999999999999583e-01
-7.177000000000000046e-01
-5.681000000000000494e-01
2.570000000000000062e-02
9.355999999999999872e-01
-2.023000000000000076e-01
3.988999999999999768e-01
3.889000000000000234e-01
-5.625999999999999890e-01
-7.802999999999999936e-01
8.901000000000000023e-01
-1.877000000000000057e-01
6.598000000000000531e-01
2.053000000000000103e-01
-3.660000000000000059e-02
-6.986999999999999877e-01
2.929999999999999827e-01
-1.080000000000000057e-02
3.444999999999999729e-01
9.674000000000000377e-01
9.104999999999999760e-01
-8.537000000000000144e-01
-5.587999999999999634e-01
3.073000000000000176e-01
7.135000000000000231e-01
9.176999999999999602e-01
3.765999999999999903e-01
7.953000000000000069e-01
-6.171999999999999709e-01
3.916000000000000036e-01
-1.160999999999999949e-01
7.914999999999999813e-01
-7.526000000000000467e-01
-1.416999999999999926e-01
-6.307000000000000384e-01
-9.276999999999999691e-01
5.763000000000000345e-01
-9.599999999999999159e-03
-8.363000000000000433e-01
-5.312000000000000055e-01
3.817999999999999727e-01
-7.935999999999999721e-01
-9.051000000000000156e-01
4.894999999999999907e-01
5.070000000000000201e-02
-5.322999999999999954e-01
-4.534000000000000252e-01
4.517999999999999794e-01
-2.036000000000000032e-01
3.845000000000000084e-01
1.850999999999999868e-01
-2.913000000000000034e-01
3.808000000000000274e-01
7.929999999999999549e-02
2.649999999999999925e-02
3.120999999999999885e-01
8.790000000000000591e-02
7.755999999999999561e-01
-5.666999999999999815e-01
-1.580999999999999905e-01
6.178000000000000158e-01
-6.370999999999999996e-01
9.937000000000000277e-01
-2.539999999999999897e-02
2.679000000000000270e-01
-7.513999999999999568e-01
9.840999999999999748e-01
9.136999999999999567e-01
6.128000000000000114e-01
-3.397000000000000020e-01
2.388000000000000123e-01
2.079000000000000015e-01
-2.301999999999999880e-01
2.359999999999999945e-02
-5.282000000000000028e-01
-3.059999999999999942e-01
-1.274000000000000132e-01
-5.121999999999999886e-01
-5.817999999999999838e-01
9.727000000000000091e-01
-7.951000000000000290e-01
-4.335999999999999854e-01
2.318999999999999950e-01
5.492000000000000215e-01
-1.303999999999999881e-01
-7.243000000000000549e-01
2.078000000000000125e-01
-5.275999999999999579e-01
-7.037999999999999812e-01
7.250999999999999668e-01
-8.853999999999999648e-01
-4.149999999999999800e-01
7.238999999999999879e-01
-5.473999999999999977e-01
2.119000000000000050e-01
-8.951999999999999957e-01
5.248000000000000442e-01
-4.183999999999999941e-01
1.073999999999999955e-01
-6.413999999999999702e-01
-8.147999999999999687e-01
7.921000000000000263e-01
3.789000000000000146e-01
7.255000000000000338e-01
7.513999999999999568e-01
-7.485000000000000542e-01
-1.887999999999999956e-01
-7.170999999999999597e-01
-9.519999999999999574e-01
2.626999999999999891e-01
1.968999999999999917e-01
-3.482000000000000095e-01
7.219999999999999751e-01
1.345999999999999974e-01
-6.814000000000000057e-01
5.012999999999999678e-01
-1.439999999999999961e-02
-7.530000000000000027e-01
5.364999999999999769e-01
2.381000000000000061e-01
2.691999999999999948e-01
