5.939999999999999725e-01
2.240000000000000047e-01
6.079999999999999988e-02
-5.164999999999999591e-01
1.852000000000000035e-01
-1.236000000000000015e-01
5.874000000000000332e-01
-4.630000000000000226e-01
-2.200000000000000133e-03
-9.545000000000000151e-01
-3.593000000000000083e-01
-3.779000000000000137e-01
-6.068000000000000060e-01
-3.003000000000000114e-01
-6.833000000000000185e-01
-3.336999999999999966e-01
1.885000000000000009e-01
2.088000000000000134e-01
-2.767999999999999905e-01
1.063999999999999946e-01
7.292999999999999483e-01
-2.597999999999999754e-01
4.147000000000000131e-01
-6.915000000000000036e-01
7.459999999999999964e-01
4.578999999999999737e-01
3.630999999999999783e-01
3.561000000000000276e-01
-2.480999999999999872e-01
-6.233999999999999542e-01
9.049000000000000377e-01
-7.586000000000000520e-01
-4.437999999999999723e-01
7.141999999999999460e-01
-5.625999999999999890e-01
7.890000000000000346e-01
-2.278999999999999915e-01
-8.991999999999999993e-01
-1.349999999999999985e-02
-9.342000000000000304e-01
-9.905000000000000471e-01
-1.460000000000000013e-02
3.178000000000000269e-01
5.774000000000000243e-01
-9.959999999999999964e-01
-4.400000000000000022e-01
2.253999999999999893e-01
-5.111999999999999877e-01
-2.882000000000000117e-01
6.282999999999999696e-01
-3.467999999999999972e-01
6.361999999999999877e-01
2.705000000000000182e-01
-7.248999999999999888e-01
4.994999999999999996e-01
-3.850000000000000089e-01
-6.251999999999999780e-01
-6.694999999999999840e-01
1.711999999999999911e-01
6.851000000000000423e-01
5.702000000000000401e-01
-8.696000000000000396e-01
-9.728999999999999870e-01
-1.824000000000000066e-01
1.403999999999999970e-01
8.347999999999999865e-01
7.066999999999999948e-01
2.291999999999999871e-01
-1.265999999999999903e-01
9.236999999999999655e-01
-3.754000000000000115e-01
-3.841999999999999860e-01
7.930000000000000382e-01
-2.467999999999999916e-01
-2.156000000000000139e-01
8.021000000000000352e-01
-6.601000000000000201e-01
2.474999999999999978e-01
-1.290000000000000001e-02
-2.675000000000000155e-01
-1.980000000000000093e-01
4.693999999999999839e-01
6.454999999999999627e-01
-5.385999999999999677e-01
4.955999999999999850e-01
-2.298999999999999932e-01
2.190999999999999892e-01
-8.131000000000000449e-01
2.278999999999999915e-01
-9.347999999999999643e-01
-3.865000000000000102e-01
-6.289000000000000146e-01
-4.338000000000000189e-01
9.867000000000000215e-01
-2.520000000000000018e-02
2.043000000000000094e-01
-4.521000000000000019e-01
-2.220000000000000098e-02
-9.840999999999999748e-01
5.574999999999999956e-01
-2.467000000000000026e-01
-7.046999999999999931e-01
-3.955000000000000182e-01
-3.733000000000000207e-01
-1.223000000000000059e-01
-8.580999999999999739e-01
5.332999999999999963e-01
7.289999999999999813e-01
-6.336000000000000520e-01
-1.406999999999999917e-01
6.248000000000000220e-01
-3.099000000000000088e-01
7.171999999999999487e-01
-2.740000000000000213e-01
-8.830000000000000349e-02
-3.821999999999999842e-01
-8.520999999999999686e-01
-8.227999999999999758e-01
-5.079000000000000181e-01
5.503000000000000114e-01
-8.484000000000000430e-01
5.295999999999999597e-01
-4.279999999999999916e-01
8.725000000000000533e-01
-3.579999999999999849e-02
-7.589000000000000190e-01
8.447000000000000064e-01
-6.804000000000000048e-01
9.731999999999999540e-01
9.821999999999999620e-01
4.863000000000000100e-01
-8.590000000000000413e-02
-6.432999999999999829e-01
-9.324000000000000066e-01
-7.349999999999999589e-02
9.565000000000000169e-01
2.124000000000000055e-01
6.320000000000000062e-01
1.310000000000000053e-01
-8.951000000000000068e-01
-7.674999999999999600e-01
8.457999999999999963e-01
4.800000000000000100e-02
2.540000000000000036e-01
-2.249999999999999917e-02
3.548999999999999932e-01
-5.009999999999999870e-02
-5.433999999999999941e-01
6.099999999999999867e-02
1.302000000000000102e-01
4.838000000000000078e-01
-2.252000000000000113e-01
-2.769999999999999893e-02
3.015999999999999792e-01
3.086999999999999744e-01
3.980000000000000204e-02
-5.328000000000000513e-01
-3.343999999999999750e-01
3.633000000000000118e-01
6.185000000000000497e-01
-8.269999999999999574e-01
-4.970000000000000112e-02
5.368000000000000549e-01
4.460000000000000075e-02
2.134000000000000064e-01
-2.619000000000000217e-01
4.640000000000000235e-01
3.111999999999999766e-01
2.081999999999999962e-01
9.368999999999999551e-01
-4.363000000000000211e-01
7.550999999999999934e-01
-9.287999999999999590e-01
9.500000000000000111e-02
6.988999999999999657e-01
-4.298000000000000154e-01
-1.643999999999999906e-01
9.323000000000000176e-01
-4.854999999999999871e-01
7.796999999999999487e-01
2.363000000000000100e-01
1.598999999999999866e-01
1.729999999999999871e-01
9.401000000000000467e-01
-8.132000000000000339e-01
-9.197999999999999510e-01
2.809999999999999998e-02
5.794000000000000261e-01
-5.099000000000000199e-01
-7.945999999999999730e-01
5.490000000000000435e-01
7.794999999999999707e-01
-3.655999999999999805e-01
-6.959999999999999520e-01
-5.056000000000000494e-01
-7.715999999999999526e-01
5.436999999999999611e-01
7.277000000000000135e-01
-4.016000000000000125e-01
-5.495999999999999774e-01
5.683000000000000274e-01
7.449000000000000066e-01
-2.225000000000000033e-01
9.736000000000000210e-01
-5.375999999999999668e-01
2.073000000000000120e-01
-3.523000000000000020e-01
