-7.014000000000000234e-01
8.163000000000000256e-01
2.884999999999999787e-01
9.489999999999999547e-01
3.911999999999999922e-01
5.657999999999999696e-01
-6.169999999999999790e-02
7.996999999999999664e-01
-9.510999999999999455e-01
-9.703000000000000513e-01
9.436999999999999833e-01
-1.519999999999999997e-02
-7.408000000000000140e-01
7.159999999999999698e-01
1.743999999999999995e-01
-3.590000000000000135e-02
7.580000000000000626e-02
-3.584999999999999853e-01
-7.749000000000000332e-01
-5.676999999999999824e-01
6.339000000000000190e-01
-9.439999999999999780e-02
9.385999999999999899e-01
6.844000000000000083e-01
-1.365000000000000102e-01
3.956000000000000072e-01
4.320000000000000229e-02
3.130999999999999894e-01
-1.887000000000000066e-01
9.821999999999999620e-01
-3.992999999999999883e-01
8.000000000000000167e-02
1.088999999999999968e-01
7.791000000000000147e-01
6.066000000000000281e-01
-7.912000000000000144e-01
-9.588999999999999746e-01
9.576999999999999957e-01
-5.921999999999999487e-01
-9.596999999999999975e-01
-4.384000000000000119e-01
1.973000000000000032e-01
-2.898000000000000020e-01
-7.429000000000000048e-01
-6.568000000000000504e-01
1.250000000000000069e-02
-8.988000000000000433e-01
8.561999999999999611e-01
-5.341000000000000192e-01
-1.048999999999999932e-01
-8.629000000000000004e-01
-6.333999999999999631e-01
-8.187999999999999723e-01
4.092999999999999972e-01
3.070999999999999841e-01
7.272999999999999465e-01
5.984000000000000430e-01
-6.229999999999999982e-01
-2.400000000000000050e-02
-7.272999999999999465e-01
1.640000000000000138e-02
3.361000000000000099e-01
5.144999999999999574e-01
-1.670999999999999985e-01
5.501000000000000334e-01
8.296000000000000041e-01
-5.444999999999999840e-01
1.476999999999999980e-01
8.514000000000000457e-01
9.766000000000000236e-01
3.921000000000000041e-01
-6.828999999999999515e-01
5.462000000000000188e-01
9.608999999999999764e-01
-7.360999999999999766e-01
-2.051999999999999935e-01
-9.441000000000000503e-01
6.223999999999999533e-01
4.141000000000000236e-01
4.610000000000000209e-02
-2.079999999999999905e-01
-5.840000000000000052e-02
3.028000000000000136e-01
2.078000000000000125e-01
-8.703999999999999515e-01
-8.746000000000000441e-01
-9.734000000000000430e-01
-5.118000000000000327e-01
-2.340000000000000066e-02
6.239000000000000101e-01
2.386000000000000065e-01
2.819999999999999729e-01
-6.770000000000000462e-01
5.984000000000000430e-01
-8.867000000000000437e-01
5.214999999999999636e-01
1.320000000000000062e-01
-9.122999999999999998e-01
1.731000000000000039e-01
-9.114999999999999769e-01
2.500000000000000052e-03
5.135999999999999455e-01
9.404000000000000137e-01
-6.619999999999999496e-02
7.122000000000000552e-01
-6.001999999999999558e-01
-1.318999999999999895e-01
8.175999999999999934e-01
7.819000000000000394e-01
2.152999999999999914e-01
3.281000000000000028e-01
7.715999999999999526e-01
9.510999999999999455e-01
8.499999999999999778e-01
1.557999999999999940e-01
1.955999999999999961e-01
-9.918000000000000149e-01
-4.704999999999999738e-01
2.962000000000000188e-01
5.340000000000000302e-01
-5.671000000000000485e-01
-1.356999999999999873e-01
-6.469000000000000306e-01
4.806000000000000272e-01
-3.559999999999999970e-02
-8.810000000000000053e-01
2.220000000000000029e-01
-5.027000000000000357e-01
-1.453000000000000125e-01
-9.810999999999999721e-01
7.804999999999999716e-01
9.002000000000000002e-01
5.383999999999999897e-01
-6.490000000000000213e-01
-4.177000000000000157e-01
-3.547000000000000153e-01
-3.300000000000000155e-01
-9.770999999999999686e-01
2.846000000000000196e-01
8.279999999999999583e-01
-6.874000000000000110e-01
1.297000000000000097e-01
3.921999999999999931e-01
8.483000000000000540e-01
1.990000000000000102e-01
-3.803000000000000269e-01
-9.613000000000000433e-01
3.431000000000000161e-01
-2.904999999999999805e-01
8.709999999999999964e-01
6.207000000000000295e-01
-4.801000000000000267e-01
6.684999999999999831e-01
-6.670000000000000373e-01
-7.966999999999999638e-01
3.361999999999999988e-01
1.166999999999999982e-01
-8.390000000000000235e-02
2.277000000000000135e-01
-4.979999999999999982e-01
7.059999999999999609e-01
-7.020999999999999464e-01
3.558000000000000052e-01
6.793000000000000149e-01
7.135000000000000231e-01
-5.887999999999999901e-01
-2.472999999999999921e-01
-9.560999999999999499e-01
-4.260999999999999788e-01
-2.659000000000000252e-01
7.399999999999999634e-02
3.492999999999999994e-01
9.539999999999999591e-01
-2.980000000000000010e-02
-2.429999999999999938e-01
2.909999999999999809e-01
-5.364999999999999769e-01
3.150000000000000022e-02
-3.871999999999999886e-01
-3.557000000000000162e-01
4.370999999999999885e-01
4.032999999999999918e-01
2.999999999999999889e-01
2.124000000000000055e-01
4.025000000000000244e-01
-2.535000000000000031e-01
-2.646999999999999909e-01
5.550000000000000072e-02
5.594999999999999973e-01
1.930999999999999939e-01
6.664999999999999813e-01
8.949999999999999623e-02
-4.909999999999999781e-02
9.807000000000000162e-01
4.245999999999999774e-01
-1.973000000000000032e-01
3.825000000000000067e-01
6.399000000000000243e-01
-8.395000000000000240e-01
-7.903999999999999915e-01
-1.689999999999999836e-02
6.803000000000000158e-01
1.952000000000000124e-01
5.575999999999999845e-01
-3.674000000000000044e-01
-3.170999999999999930e-01
-9.650999999999999579e-01
