7.641999999999999904e-01
8.118999999999999551e-01
-9.869999999999999885e-01
3.971999999999999975e-01
-9.495999999999999996e-01
8.407000000000000028e-01
-8.333000000000000407e-01
6.696999999999999620e-01
5.449999999999999983e-02
-6.131999999999999673e-01
-3.417999999999999927e-01
-3.331000000000000072e-01
-8.064000000000000057e-01
5.856000000000000094e-01
-3.140999999999999903e-01
-9.862999999999999545e-01
-9.769999999999999796e-01
2.908000000000000029e-01
-4.751000000000000223e-01
9.349999999999999978e-02
3.755000000000000004e-01
4.819999999999999979e-02
7.880000000000000338e-01
-3.682000000000000273e-01
-4.910999999999999810e-01
4.038999999999999813e-01
-7.993999999999999995e-01
-9.950999999999999845e-01
1.522999999999999909e-01
-8.213000000000000300e-01
6.565999999999999615e-01
-9.859999999999999876e-01
-5.562000000000000277e-01
9.844000000000000528e-01
7.852999999999999980e-01
-2.910000000000000087e-02
-9.231000000000000316e-01
-4.702000000000000068e-01
-1.158000000000000002e-01
2.881000000000000227e-01
-3.759000000000000119e-01
-1.039999999999999952e-02
7.791000000000000147e-01
-9.683000000000000496e-01
5.241999999999999993e-01
-8.587000000000000188e-01
-3.407000000000000028e-01
-6.481000000000000094e-01
-1.057000000000000023e-01
-9.021000000000000130e-01
-7.065000000000000169e-01
-5.976000000000000201e-01
-6.799999999999999621e-03
3.210999999999999965e-01
7.910000000000000364e-01
-6.941000000000000503e-01
5.608999999999999542e-01
1.444000000000000006e-01
-9.891999999999999682e-01
-1.461000000000000076e-01
-8.528000000000000025e-01
7.027999999999999803e-01
-4.248999999999999999e-01
7.799000000000000377e-01
-5.749999999999999556e-01
-1.370000000000000037e-02
8.614000000000000545e-01
5.356999999999999540e-01
-7.499999999999999722e-02
3.523999999999999910e-01
-3.824000000000000177e-01
5.260000000000000231e-01
6.850000000000000533e-02
-7.262999999999999456e-01
4.636000000000000121e-01
-5.792000000000000481e-01
-4.910999999999999810e-01
6.608000000000000540e-01
-1.660999999999999976e-01
-6.930000000000000049e-02
-4.475000000000000089e-01
2.580000000000000071e-01
-6.248000000000000220e-01
-2.315000000000000113e-01
-1.633999999999999897e-01
6.500000000000000222e-01
2.500999999999999890e-01
-6.253999999999999559e-01
-5.987999999999999989e-01
5.242999999999999883e-01
2.758999999999999786e-01
-8.296999999999999931e-01
7.126000000000000112e-01
2.235999999999999932e-01
4.691000000000000170e-01
1.459000000000000019e-01
-9.588999999999999746e-01
7.338999999999999968e-01
-4.168999999999999928e-01
-5.790000000000000008e-02
9.744000000000000439e-01
-2.500999999999999890e-01
-2.851000000000000201e-01
-9.361000000000000432e-01
3.876000000000000001e-01
-1.990999999999999992e-01
-7.911000000000000254e-01
4.118999999999999884e-01
4.521999999999999909e-01
5.786000000000000032e-01
-3.125000000000000000e-01
6.109999999999999876e-01
1.603999999999999870e-01
3.693000000000000171e-01
1.044000000000000067e-01
6.312999999999999723e-01
-8.550999999999999712e-01
-7.549000000000000155e-01
3.486000000000000210e-01
4.465999999999999970e-01
7.420999999999999819e-01
-5.406999999999999584e-01
-9.697999999999999954e-01
-6.500000000000000222e-01
6.441000000000000059e-01
-3.435000000000000275e-01
9.189000000000000501e-01
-7.028999999999999693e-01
2.884999999999999787e-01
7.469000000000000083e-01
1.874000000000000110e-01
-8.743999999999999551e-01
3.079999999999999960e-01
9.926000000000000378e-01
1.827999999999999903e-01
7.280999999999999694e-01
-5.658999999999999586e-01
3.588999999999999968e-01
6.923000000000000265e-01
-2.562999999999999723e-01
2.054999999999999882e-01
6.245000000000000551e-01
-6.397000000000000464e-01
2.790000000000000119e-02
-8.196999999999999842e-01
7.241999999999999549e-01
6.125000000000000444e-01
2.571999999999999842e-01
-8.542999999999999483e-01
9.028000000000000469e-01
4.815999999999999726e-01
9.890000000000000180e-02
9.337999999999999634e-01
-1.107000000000000067e-01
8.839000000000000190e-01
-2.097999999999999865e-01
-9.629999999999999671e-01
2.048000000000000098e-01
-3.348999999999999755e-01
6.774999999999999911e-01
-1.842000000000000026e-01
-3.790000000000000036e-01
6.367000000000000437e-01
-2.893999999999999906e-01
8.870999999999999996e-01
4.556000000000000050e-01
2.620000000000000107e-01
-5.505999999999999783e-01
-3.856999999999999873e-01
7.588000000000000300e-01
-3.588999999999999968e-01
-1.469000000000000028e-01
-3.337999999999999856e-01
8.287999999999999812e-01
5.191999999999999948e-01
2.407999999999999863e-01
-3.943999999999999728e-01
7.796999999999999487e-01
-6.874000000000000110e-01
-7.779999999999999416e-02
-9.876000000000000334e-01
-9.179000000000000492e-01
-1.628000000000000003e-01
6.253999999999999559e-01
-9.120000000000000329e-02
-6.594999999999999751e-01
-4.199999999999999845e-01
-8.741999999999999771e-01
-6.354999999999999538e-01
-9.059999999999999998e-02
-3.050999999999999823e-01
-6.636999999999999567e-01
3.819000000000000172e-01
5.695000000000000062e-01
6.794000000000000039e-01
-6.645999999999999686e-01
3.346999999999999975e-01
8.762999999999999678e-01
5.282999999999999918e-01
7.308999999999999941e-01
-8.531999999999999584e-01
-1.265999999999999903e-01
-7.268999999999999906e-01
-1.953999999999999904e-01
-2.877000000000000113e-01
3.304000000000000270e-01
7.916999999999999593e-01
