-3.123000000000000220e-01
-7.217999999999999972e-01
5.609999999999999709e-02
-2.132999999999999896e-01
-3.648000000000000131e-01
5.533000000000000140e-01
8.964999999999999636e-01
6.378000000000000336e-01
4.287000000000000255e-01
-1.496999999999999997e-01
7.983999999999999986e-01
-9.548999999999999710e-01
9.130000000000000615e-02
-6.223999999999999533e-01
-6.804000000000000048e-01
5.419999999999999818e-02
-1.376999999999999891e-01
-9.816000000000000281e-01
6.969999999999999807e-02
1.748000000000000109e-01
4.436999999999999833e-01
-4.375000000000000000e-01
7.655999999999999472e-01
-9.436999999999999833e-01
-3.946000000000000063e-01
9.799999999999999684e-03
-2.933999999999999941e-01
2.484000000000000097e-01
1.638000000000000012e-01
-4.848000000000000087e-01
9.751999999999999558e-01
-7.385000000000000453e-01
-5.355999999999999650e-01
-8.088999999999999524e-01
-4.481999999999999873e-01
1.986999999999999877e-01
-2.929999999999999827e-01
-3.472999999999999976e-01
7.099999999999999645e-01
-4.606999999999999984e-01
-2.510999999999999899e-01
-5.756999999999999895e-01
6.795999999999999819e-01
-4.129999999999999782e-01
8.948000000000000398e-01
-8.920000000000000151e-02
6.676999999999999602e-01
4.469000000000000195e-01
-1.784000000000000030e-01
1.421000000000000041e-01
-2.258999999999999897e-01
-7.483999999999999542e-01
7.691999999999999948e-01
-2.657999999999999807e-01
9.399999999999999467e-01
-1.648999999999999910e-01
6.510000000000000508e-02
8.691999999999999726e-01
2.477000000000000035e-01
-1.247000000000000053e-01
-6.719999999999999585e-02
1.368999999999999939e-01
4.183000000000000052e-01
6.284999999999999476e-01
-6.021999999999999575e-01
2.225999999999999923e-01
-8.527000000000000135e-01
6.369000000000000217e-01
9.036999999999999478e-01
-5.999999999999999778e-01
-8.778000000000000247e-01
-3.572000000000000175e-01
-4.956999999999999740e-01
-1.965000000000000080e-01
8.266000000000000014e-01
7.420000000000000207e-02
-5.625999999999999890e-01
3.392999999999999905e-01
-6.988999999999999657e-01
-9.750999999999999668e-01
-9.423000000000000265e-01
-6.913000000000000256e-01
-2.379000000000000004e-01
-2.725000000000000200e-01
5.163999999999999702e-01
-1.501000000000000112e-01
-6.532000000000000028e-01
9.506999999999999895e-01
-6.948999999999999622e-01
-7.632999999999999785e-01
-6.169999999999999790e-02
1.506000000000000116e-01
-3.064000000000000057e-01
4.205999999999999739e-01
4.652999999999999914e-01
8.606000000000000316e-01
-2.396000000000000074e-01
-6.956999999999999851e-01
6.089999999999999858e-01
-7.864999999999999769e-01
-2.089000000000000024e-01
-8.690999999999999837e-01
4.910999999999999810e-01
5.232999999999999874e-01
-5.699999999999999512e-01
1.290000000000000001e-02
2.659999999999999865e-02
-3.175000000000000044e-01
9.018000000000000460e-01
-6.245000000000000551e-01
4.305999999999999828e-01
4.950999999999999845e-01
3.451000000000000179e-01
2.369999999999999885e-01
5.548999999999999488e-01
8.165000000000000036e-01
4.374000000000000110e-01
-6.879999999999999449e-01
-1.063999999999999946e-01
-3.523000000000000020e-01
7.884999999999999787e-01
7.514999999999999458e-01
-7.996999999999999664e-01
1.512000000000000011e-01
-7.127999999999999892e-01
6.944000000000000172e-01
2.373999999999999999e-01
2.416000000000000092e-01
9.499999999999999764e-03
-8.137999999999999678e-01
2.741999999999999993e-01
5.400000000000000355e-01
-7.386000000000000343e-01
-5.032999999999999696e-01
-2.671999999999999931e-01
-8.911000000000000032e-01
-5.870999999999999552e-01
5.036000000000000476e-01
2.766000000000000125e-01
7.488000000000000211e-01
-2.973000000000000087e-01
1.403000000000000080e-01
5.711000000000000520e-01
-4.475999999999999979e-01
-9.747999999999999998e-01
8.693999999999999506e-01
-3.301999999999999935e-01
-8.053000000000000158e-01
-1.013000000000000012e-01
7.080999999999999517e-01
5.633000000000000229e-01
-7.546000000000000485e-01
-4.050000000000000128e-02
-8.648000000000000131e-01
-8.183000000000000274e-01
-9.351000000000000423e-01
-6.350999999999999979e-01
9.564000000000000279e-01
8.274000000000000243e-01
-5.281000000000000139e-01
-3.520000000000000212e-02
6.141999999999999682e-01
-4.822000000000000175e-01
-3.795999999999999930e-01
-9.197999999999999510e-01
5.768999999999999684e-01
2.829999999999999877e-02
9.072000000000000064e-01
7.793999999999999817e-01
-5.576999999999999735e-01
-5.313999999999999835e-01
6.336000000000000520e-01
5.282999999999999918e-01
7.720000000000000473e-02
4.344000000000000083e-01
-7.603999999999999648e-01
4.762000000000000122e-01
2.380000000000000171e-02
9.049999999999999711e-02
5.328000000000000513e-01
-2.462999999999999912e-01
-8.323000000000000398e-01
9.527999999999999803e-01
-8.377999999999999892e-01
-2.303999999999999937e-01
3.800000000000000044e-01
9.693000000000000504e-01
6.227000000000000313e-01
-9.967000000000000304e-01
-6.677999999999999492e-01
5.029000000000000137e-01
3.436000000000000165e-01
-9.590999999999999526e-01
-6.070999999999999730e-01
7.047999999999999821e-01
9.199000000000000510e-01
6.302999999999999714e-01
8.329999999999999905e-02
2.199000000000000121e-01
-8.497999999999999998e-01
3.145000000000000018e-01
6.614999999999999769e-01
-1.678000000000000047e-01
-4.833000000000000074e-01
-3.857999999999999763e-01
-9.585000000000000187e-01
7.717000000000000526e-01
