-1.739999999999999880e-02
7.920000000000000373e-01
3.080000000000000099e-02
-8.044999999999999929e-01
8.485000000000000320e-01
-3.996999999999999997e-01
-7.658000000000000362e-01
-3.199000000000000177e-01
-3.956999999999999962e-01
4.739999999999999769e-01
-4.050000000000000266e-01
2.210000000000000020e-01
9.274999999999999911e-01
-8.286000000000000032e-01
2.497999999999999943e-01
3.005999999999999783e-01
3.637000000000000233e-01
4.828000000000000069e-01
-4.062999999999999945e-01
-9.781999999999999584e-01
-4.688999999999999835e-01
6.009999999999999787e-01
-1.567999999999999949e-01
-8.263000000000000345e-01
-6.814000000000000057e-01
1.847999999999999921e-01
8.600999999999999757e-01
6.991000000000000547e-01
-2.975999999999999757e-01
5.746999999999999886e-01
2.363999999999999990e-01
6.005000000000000338e-01
-2.058000000000000107e-01
-5.602000000000000313e-01
-9.321000000000000396e-01
-5.635000000000000009e-01
-4.436999999999999833e-01
-5.090999999999999970e-01
-3.815000000000000058e-01
8.319999999999999618e-02
-5.603000000000000203e-01
-7.873999999999999888e-01
7.950000000000000122e-02
5.453000000000000069e-01
8.253000000000000336e-01
4.736000000000000210e-01
-8.420999999999999597e-01
8.310999999999999499e-01
9.799999999999999684e-03
3.359999999999999792e-02
-8.587000000000000188e-01
5.739999999999999547e-01
6.362999999999999767e-01
-5.534999999999999920e-01
-3.998999999999999777e-01
-6.278000000000000247e-01
-9.367999999999999661e-01
4.310999999999999832e-01
-1.915999999999999925e-01
3.647000000000000242e-01
-5.302000000000000046e-01
-4.798999999999999932e-01
-2.924999999999999822e-01
-5.091999999999999860e-01
-3.763000000000000234e-01
2.942000000000000171e-01
9.298999999999999488e-01
2.195999999999999897e-01
-9.268999999999999462e-01
-9.940000000000000224e-02
6.454999999999999627e-01
6.096000000000000307e-01
-3.498999999999999888e-01
9.584000000000000297e-01
4.460999999999999965e-01
7.338000000000000078e-01
-8.002000000000000224e-01
-5.608999999999999542e-01
-7.634999999999999565e-01
-4.070000000000000007e-02
-7.727000000000000535e-01
-7.979999999999999594e-02
8.358999999999999764e-01
-2.170000000000000054e-02
-2.298999999999999932e-01
4.189999999999999836e-01
-5.184999999999999609e-01
3.765999999999999903e-01
-5.997000000000000108e-01
4.859999999999999876e-01
6.813000000000000167e-01
-4.570000000000000173e-01
8.647000000000000242e-01
-6.196000000000000396e-01
8.639999999999999902e-01
-6.341999999999999860e-01
8.799000000000000155e-01
-7.418000000000000149e-01
5.316999999999999504e-01
2.803999999999999826e-01
-2.474000000000000088e-01
-5.506999999999999673e-01
6.169999999999999929e-01
-6.237000000000000322e-01
1.444999999999999896e-01
3.285000000000000142e-01
-8.487999999999999989e-01
1.820000000000000090e-02
5.335999999999999632e-01
6.854999999999999982e-01
4.974999999999999978e-01
-2.096999999999999975e-01
-8.266000000000000014e-01
5.028000000000000247e-01
-8.945999999999999508e-01
6.625999999999999668e-01
-1.792999999999999872e-01
7.116000000000000103e-01
3.222999999999999754e-01
-8.836000000000000520e-01
8.069999999999999396e-02
-8.312000000000000499e-01
-8.539999999999999813e-01
3.226999999999999869e-01
-4.946999999999999731e-01
-7.689999999999999614e-02
-8.089999999999999969e-02
-3.533000000000000029e-01
5.019000000000000128e-01
5.897999999999999909e-01
-9.014999999999999680e-01
6.619000000000000439e-01
9.429999999999999494e-01
-4.680000000000000271e-01
-5.107000000000000428e-01
-9.165999999999999703e-01
-5.300000000000000024e-03
-4.239999999999999880e-01
-3.291000000000000036e-01
5.152999999999999803e-01
-9.301000000000000378e-01
7.510000000000000009e-01
7.361999999999999655e-01
-8.108999999999999542e-01
3.783000000000000251e-01
4.865999999999999770e-01
-2.959999999999999853e-01
2.485999999999999877e-01
-9.654000000000000359e-01
6.457000000000000517e-01
4.157000000000000139e-01
2.909999999999999809e-01
-9.368999999999999551e-01
-1.706999999999999906e-01
-8.760000000000000009e-01
8.427999999999999936e-01
-3.119000000000000106e-01
-9.795000000000000373e-01
9.141000000000000236e-01
4.087000000000000077e-01
4.117999999999999994e-01
9.465000000000000080e-01
-1.880000000000000004e-01
-2.771000000000000130e-01
5.394999999999999796e-01
1.864000000000000101e-01
3.512000000000000122e-01
-8.450000000000000566e-02
-4.879999999999999893e-01
-5.129000000000000226e-01
-9.505000000000000115e-01
-1.349999999999999985e-02
8.788000000000000256e-01
2.013000000000000067e-01
6.838999999999999524e-01
8.100000000000000255e-02
9.879999999999999893e-02
5.927000000000000046e-01
-6.118999999999999995e-01
-5.411000000000000254e-01
-3.608999999999999986e-01
2.096000000000000085e-01
-7.654999999999999583e-01
-9.931999999999999718e-01
8.783999999999999586e-01
9.016999999999999460e-01
-5.259000000000000341e-01
-8.939000000000000279e-01
-1.130000000000000032e-01
-4.109999999999999765e-02
9.157999999999999474e-01
-8.659999999999999643e-02
-1.841000000000000136e-01
-4.299000000000000044e-01
-8.854999999999999538e-01
-6.535999999999999588e-01
5.070999999999999952e-01
7.368999999999999995e-01
6.495999999999999552e-01
-1.680000000000000104e-01
6.650000000000000355e-02
1.517999999999999905e-01
-8.614000000000000545e-01
-9.036999999999999478e-01
9.125999999999999668e-01
8.126999999999999780e-01
8.834999999999999520e-01
