-3.397999999999999909e-01
-7.861000000000000210e-01
-6.323999999999999622e-01
1.597999999999999976e-01
-3.039999999999999925e-01
-6.294999999999999485e-01
9.220000000000000417e-02
-7.240999999999999659e-01
7.421999999999999709e-01
-7.633999999999999675e-01
-1.119999999999999989e-02
-6.415999999999999481e-01
1.436999999999999944e-01
9.930999999999999828e-01
-9.181000000000000272e-01
-1.832000000000000017e-01
6.725999999999999757e-01
9.519999999999999574e-01
3.104000000000000092e-01
-3.800000000000000044e-01
-8.083000000000000185e-01
8.126999999999999780e-01
-9.999000000000000110e-01
6.477000000000000535e-01
5.976000000000000201e-01
7.341999999999999638e-01
-8.824999999999999512e-01
3.336999999999999966e-01
-4.889999999999999902e-02
-9.912999999999999590e-01
-2.639000000000000234e-01
-7.002000000000000446e-01
-4.008999999999999786e-01
-9.344000000000000083e-01
-5.946000000000000174e-01
-9.903999999999999471e-01
-1.764999999999999902e-01
-3.373999999999999777e-01
4.239999999999999880e-01
-2.431999999999999995e-01
2.036999999999999922e-01
-9.862999999999999545e-01
-1.319999999999999993e-02
8.663999999999999480e-01
8.532999999999999474e-01
6.260000000000000009e-01
-7.336000000000000298e-01
7.368000000000000105e-01
-3.343999999999999750e-01
-4.370999999999999885e-01
3.874000000000000221e-01
4.546000000000000041e-01
8.326999999999999957e-01
7.185000000000000275e-01
7.355000000000000426e-01
-6.195000000000000506e-01
-3.781999999999999806e-01
6.690000000000000391e-01
1.219999999999999973e-01
6.241999999999999771e-01
-2.354999999999999871e-01
-8.014999999999999902e-01
-5.586999999999999744e-01
9.814000000000000501e-01
-9.560999999999999499e-01
-3.241999999999999882e-01
8.629000000000000004e-01
-8.328999999999999737e-01
-6.503999999999999782e-01
8.489999999999999769e-01
9.700000000000000289e-03
4.076000000000000179e-01
8.867000000000000437e-01
6.367000000000000437e-01
-6.754999999999999893e-01
7.608000000000000318e-01
-5.796999999999999931e-01
-9.474000000000000199e-01
4.244999999999999885e-01
1.799999999999999951e-03
8.659000000000000030e-01
2.281999999999999862e-01
-2.363999999999999990e-01
-1.414999999999999869e-01
4.535000000000000142e-01
4.100000000000000346e-03
-7.083000000000000407e-01
3.899999999999999994e-02
4.635000000000000231e-01
7.483999999999999542e-01
1.386999999999999900e-01
1.444999999999999896e-01
-8.911000000000000032e-01
6.370000000000000662e-02
-9.608999999999999764e-01
-3.008000000000000118e-01
5.574000000000000066e-01
1.691999999999999893e-01
-3.114000000000000101e-01
-1.943999999999999895e-01
2.018999999999999961e-01
7.973000000000000087e-01
8.015999999999999792e-01
-1.194999999999999951e-01
-4.557999999999999829e-01
1.860999999999999877e-01
-6.390000000000000124e-01
2.237000000000000099e-01
5.668999999999999595e-01
-8.695000000000000506e-01
-4.403000000000000247e-01
-7.034000000000000252e-01
-7.148999999999999799e-01
-4.868000000000000105e-01
-7.391999999999999682e-01
-6.450000000000000178e-01
-7.799999999999999642e-03
6.711000000000000298e-01
7.466000000000000414e-01
6.512000000000000011e-01
-4.811000000000000276e-01
-4.669999999999999846e-02
2.609000000000000208e-01
-3.331999999999999962e-01
9.609999999999999654e-01
5.936000000000000165e-01
-7.056999999999999940e-01
-8.771999999999999797e-01
-2.912000000000000144e-01
2.127000000000000002e-01
6.581000000000000183e-01
2.411999999999999977e-01
1.345999999999999974e-01
1.456999999999999962e-01
-7.087999999999999856e-01
-3.518999999999999906e-01
9.273000000000000131e-01
3.109000000000000097e-01
4.435000000000000053e-01
-6.972000000000000419e-01
1.066000000000000003e-01
9.493000000000000327e-01
-9.231000000000000316e-01
3.552000000000000157e-01
7.846999999999999531e-01
9.850999999999999757e-01
5.998999999999999888e-01
6.951000000000000512e-01
-9.044999999999999707e-01
5.668999999999999595e-01
-3.474999999999999756e-01
7.993000000000000105e-01
5.190000000000000169e-01
-6.999999999999999929e-04
4.384000000000000119e-01
-1.710000000000000062e-02
-9.020000000000000240e-01
4.073999999999999844e-01
1.957000000000000128e-01
5.709999999999999798e-02
3.030999999999999805e-01
-6.923000000000000265e-01
-6.694999999999999840e-01
-4.401999999999999802e-01
4.013999999999999790e-01
1.572000000000000064e-01
2.990999999999999770e-01
-7.548000000000000265e-01
6.752000000000000224e-01
4.719999999999999751e-01
3.734000000000000097e-01
-9.133999999999999897e-01
5.964000000000000412e-01
8.925999999999999490e-01
-9.002000000000000002e-01
-9.246999999999999664e-01
5.973000000000000531e-01
3.599999999999999867e-01
2.641000000000000014e-01
-5.118000000000000327e-01
-2.917000000000000148e-01
-7.957999999999999519e-01
-1.570999999999999897e-01
-8.000000000000000383e-04
8.804999999999999494e-01
-9.932999999999999607e-01
-4.667000000000000037e-01
-6.238000000000000211e-01
-5.997000000000000108e-01
2.217999999999999972e-01
6.008000000000000007e-01
2.693999999999999728e-01
-2.669000000000000261e-01
4.066000000000000170e-01
-9.697999999999999954e-01
8.379999999999999671e-01
-1.542000000000000037e-01
2.056000000000000050e-01
-4.544000000000000261e-01
3.518999999999999906e-01
-2.879999999999999921e-02
-3.654999999999999916e-01
5.079999999999999793e-02
5.631000000000000449e-01
-3.870000000000000107e-01
-6.980000000000000093e-02
4.796000000000000263e-01
