4.220000000000000140e-02
5.874000000000000332e-01
7.048999999999999710e-01
-4.940999999999999837e-01
-8.300999999999999490e-01
-3.824000000000000177e-01
-4.769999999999999934e-02
2.096999999999999975e-01
-4.335999999999999854e-01
2.489000000000000101e-01
-2.422999999999999876e-01
-5.493000000000000105e-01
-3.080999999999999850e-01
-9.418999999999999595e-01
-4.006000000000000116e-01
-6.911000000000000476e-01
-6.301999999999999824e-01
3.739000000000000101e-01
8.097999999999999643e-01
9.121000000000000218e-01
6.811000000000000387e-01
-5.514999999999999902e-01
9.146999999999999575e-01
5.434999999999999831e-01
3.477999999999999980e-01
-2.894999999999999796e-01
-2.207000000000000073e-01
-3.880000000000000115e-01
5.735999999999999988e-01
1.769000000000000017e-01
9.081000000000000183e-01
2.104000000000000037e-01
6.934000000000000163e-01
3.897999999999999798e-01
-4.237000000000000210e-01
-3.000000000000000062e-03
9.719999999999999474e-02
1.544000000000000095e-01
4.133999999999999897e-01
-6.769999999999999629e-02
3.849000000000000199e-01
-3.627000000000000224e-01
9.417999999999999705e-01
5.439000000000000501e-01
-2.044999999999999873e-01
8.083000000000000185e-01
-9.381000000000000449e-01
8.303000000000000380e-01
-7.035000000000000142e-01
-6.866999999999999771e-01
-7.862000000000000099e-01
-4.994000000000000106e-01
-4.287000000000000255e-01
2.462000000000000022e-01
7.223000000000000531e-01
3.680999999999999828e-01
3.015999999999999792e-01
7.609000000000000208e-01
4.697000000000000064e-01
5.917000000000000037e-01
-6.740000000000000435e-01
1.034000000000000058e-01
-1.029000000000000054e-01
-3.035999999999999810e-01
9.900999999999999801e-01
2.965999999999999748e-01
4.771000000000000241e-01
-8.439999999999999725e-01
-3.053000000000000158e-01
-9.530999999999999472e-01
-3.194000000000000172e-01
3.976000000000000090e-01
4.112000000000000099e-01
-4.012999999999999901e-01
-5.827999999999999847e-01
-3.629000000000000004e-01
7.489000000000000101e-01
2.561999999999999833e-01
-5.709999999999999798e-02
-4.390000000000000152e-02
-6.834999999999999964e-01
-3.689000000000000057e-01
-9.831999999999999629e-01
-9.927000000000000268e-01
9.495999999999999996e-01
4.786000000000000254e-01
-2.733999999999999764e-01
3.815999999999999948e-01
9.559999999999999609e-01
9.349999999999999978e-02
5.100000000000000089e-01
-8.343000000000000416e-01
5.264999999999999680e-01
-6.756999999999999673e-01
6.347000000000000419e-01
-9.537999999999999812e-01
8.450000000000000566e-02
-7.112000000000000544e-01
-3.017000000000000237e-01
-7.720000000000000473e-02
-5.038000000000000256e-01
1.618999999999999884e-01
8.846000000000000529e-01
1.345000000000000084e-01
3.760999999999999899e-01
-2.252000000000000113e-01
6.059999999999999831e-01
4.678999999999999826e-01
-5.879999999999999671e-01
-2.691999999999999948e-01
2.826000000000000179e-01
-2.447000000000000008e-01
1.695000000000000118e-01
1.537999999999999923e-01
-1.381999999999999895e-01
6.171999999999999709e-01
-7.193000000000000504e-01
-9.665000000000000258e-01
-1.441999999999999948e-01
7.578000000000000291e-01
2.783999999999999808e-01
-1.231000000000000011e-01
8.228999999999999648e-01
9.103999999999999870e-01
-6.142999999999999572e-01
-4.079999999999999738e-01
-9.795000000000000373e-01
-3.905000000000000138e-01
6.397000000000000464e-01
4.067999999999999949e-01
2.252000000000000113e-01
-2.810000000000000275e-01
-8.250999999999999446e-01
1.337000000000000133e-01
6.759999999999999343e-02
8.064000000000000057e-01
9.760999999999999677e-01
3.901999999999999913e-01
8.993999999999999773e-01
6.000999999999999668e-01
-3.264000000000000234e-01
-2.611999999999999877e-01
4.717999999999999972e-01
-4.315999999999999837e-01
2.954999999999999849e-01
6.201999999999999735e-01
7.268000000000000016e-01
-4.087000000000000077e-01
-5.804000000000000270e-01
-5.819999999999999618e-01
7.600000000000000089e-01
-5.867999999999999883e-01
-1.439999999999999961e-02
-8.493000000000000549e-01
9.960999999999999854e-01
-3.014000000000000012e-01
-9.510000000000000397e-02
-9.900999999999999801e-01
-6.943000000000000282e-01
6.397000000000000464e-01
-7.499999999999999722e-02
-4.700000000000000011e-02
-5.332000000000000073e-01
4.809999999999999692e-02
-7.870000000000000329e-01
4.800000000000000100e-02
2.926000000000000267e-01
1.522999999999999909e-01
-1.960999999999999965e-01
-2.275000000000000078e-01
5.447999999999999510e-01
-8.221000000000000529e-01
-6.004000000000000448e-01
-3.714000000000000079e-01
2.943000000000000060e-01
-6.761000000000000343e-01
-6.561000000000000165e-01
-5.467999999999999527e-01
-6.417000000000000481e-01
-9.695000000000000284e-01
-1.998000000000000054e-01
3.392999999999999905e-01
-6.568000000000000504e-01
5.504000000000000004e-01
-7.059999999999999609e-01
-2.605000000000000093e-01
-3.022000000000000242e-01
4.694999999999999729e-01
8.002000000000000224e-01
-3.275000000000000133e-01
-6.825999999999999845e-01
-9.381000000000000449e-01
9.018000000000000460e-01
1.228000000000000064e-01
-5.393000000000000016e-01
7.893000000000000016e-01
3.617000000000000215e-01
-7.734999999999999654e-01
6.866999999999999771e-01
-2.237000000000000099e-01
-1.203999999999999931e-01
-9.573000000000000398e-01
-3.291999999999999926e-01
2.467000000000000026e-01
9.038000000000000478e-01
2.139999999999999958e-01
-7.713999999999999746e-01
