3.466000000000000192e-01
-3.054999999999999938e-01
7.178999999999999826e-01
-6.872000000000000330e-01
-6.651000000000000245e-01
4.123999999999999888e-01
1.749999999999999889e-01
-8.395000000000000240e-01
-2.084999999999999909e-01
3.708000000000000185e-01
-4.240999999999999770e-01
6.447000000000000508e-01
5.917000000000000037e-01
-5.447999999999999510e-01
3.207999999999999741e-01
6.481999999999999984e-01
9.164999999999999813e-01
-6.885999999999999899e-01
-1.847000000000000031e-01
2.772000000000000020e-01
-2.836000000000000187e-01
-9.453000000000000291e-01
-9.746000000000000218e-01
9.976000000000000423e-01
5.012999999999999678e-01
2.763999999999999790e-01
7.298999999999999932e-01
-9.105999999999999650e-01
-6.745999999999999774e-01
-2.283999999999999919e-01
8.208999999999999631e-01
-8.287999999999999812e-01
-4.336999999999999744e-01
-3.808000000000000274e-01
-4.092000000000000082e-01
8.519999999999999796e-02
-3.378999999999999782e-01
-3.906999999999999917e-01
5.494999999999999885e-01
-6.192999999999999616e-01
1.145999999999999935e-01
6.593999999999999861e-01
