-5.573000000000000176e-01
7.962000000000000188e-01
-6.017000000000000126e-01
5.497999999999999554e-01
-7.210999999999999632e-01
7.010999999999999455e-01
3.155999999999999917e-01
7.681000000000000050e-01
4.141000000000000236e-01
5.681000000000000494e-01
-2.142999999999999905e-01
5.147000000000000464e-01
-7.287000000000000144e-01
-7.934999999999999831e-01
-3.020999999999999797e-01
-9.304000000000000048e-01
3.860999999999999988e-01
9.935000000000000497e-01
-5.951999999999999513e-01
8.817000000000000393e-01
-1.021999999999999992e-01
-1.292999999999999983e-01
-5.199000000000000288e-01
-5.868999999999999773e-01
9.099000000000000421e-01
9.872999999999999554e-01
9.510000000000000397e-02
6.213999999999999524e-01
4.907000000000000250e-01
8.941000000000000059e-01
-8.590000000000000413e-02
-6.366000000000000547e-01
-3.539999999999999813e-01
-8.256999999999999895e-01
6.088000000000000078e-01
-4.549999999999999878e-02
-3.687000000000000277e-01
-2.013000000000000067e-01
6.679999999999999827e-02
-5.240000000000000213e-02
-5.484999999999999876e-01
-9.245999999999999774e-01
