8.944999999999999618e-01
5.822000000000000508e-01
3.285000000000000142e-01
-3.468999999999999861e-01
6.054000000000000492e-01
-4.807000000000000162e-01
-1.218000000000000055e-01
-1.811000000000000110e-01
2.969999999999999862e-01
6.050999999999999712e-01
9.713000000000000522e-01
-2.560000000000000123e-02
-4.410000000000000031e-02
-5.585999999999999854e-01
-6.000999999999999668e-01
8.559999999999999554e-02
-8.592999999999999527e-01
8.366999999999999993e-01
3.830000000000000071e-01
-3.164000000000000146e-01
5.086000000000000520e-01
-3.099000000000000088e-01
5.001999999999999780e-01
2.225999999999999923e-01
6.935999999999999943e-01
-4.979000000000000092e-01
6.782000000000000250e-01
2.615999999999999992e-01
6.826999999999999735e-01
-7.953999999999999959e-01
9.550999999999999490e-01
-9.332000000000000295e-01
1.029000000000000054e-01
-9.818000000000000060e-01
8.757000000000000339e-01
1.037000000000000005e-01
-2.242999999999999994e-01
6.828999999999999515e-01
-7.499999999999999722e-03
1.660000000000000017e-02
4.299999999999999656e-02
-2.947000000000000175e-01
