-6.306000000000000494e-01
-3.795000000000000040e-01
-4.374000000000000110e-01
4.305999999999999828e-01
6.361999999999999877e-01
-6.038999999999999924e-01
6.804999999999999938e-01
4.506000000000000005e-01
-9.479999999999999538e-01
3.753000000000000225e-01
7.874999999999999778e-01
6.290999999999999925e-01
-9.041000000000000147e-01
2.061000000000000054e-01
-1.605000000000000038e-01
1.158000000000000002e-01
-9.291000000000000369e-01
-1.299999999999999940e-02
-8.420999999999999597e-01
4.938000000000000167e-01
-2.255000000000000060e-01
8.739000000000000101e-01
7.511999999999999789e-01
-4.204999999999999849e-01
-6.530000000000000249e-01
-9.429999999999999494e-01
-4.254999999999999893e-01
8.084000000000000075e-01
5.472000000000000197e-01
-7.877999999999999448e-01
-2.655000000000000138e-01
-1.327000000000000124e-01
6.460000000000000187e-01
-1.241000000000000020e-01
-6.061999999999999611e-01
1.222000000000000031e-01
-9.070000000000000284e-02
4.542999999999999816e-01
-9.481000000000000538e-01
-6.787999999999999590e-01
5.260000000000000231e-01
4.193999999999999950e-01
