1.743999999999999995e-01
-6.777999999999999581e-01
2.220999999999999919e-01
-5.836999999999999966e-01
-5.469999999999999862e-02
-1.799999999999999864e-02
-2.422999999999999876e-01
4.183999999999999941e-01
-9.328999999999999515e-01
7.218999999999999861e-01
-4.928000000000000158e-01
6.815999999999999837e-01
-3.630999999999999783e-01
5.779999999999999721e-02
2.147999999999999909e-01
-2.492999999999999938e-01
5.073999999999999622e-01
-4.159999999999999809e-01
-5.443000000000000060e-01
8.991000000000000103e-01
7.883999999999999897e-01
5.987000000000000099e-01
2.099999999999999922e-01
-5.930999999999999606e-01
-2.175999999999999879e-01
1.953999999999999904e-01
1.117999999999999966e-01
8.048999999999999488e-01
-6.289999999999999758e-02
9.092999999999999972e-01
5.836000000000000076e-01
-9.616000000000000103e-01
-7.796999999999999487e-01
-4.264000000000000012e-01
-1.479999999999999927e-01
2.662999999999999812e-01
6.925000000000000044e-01
-5.957000000000000073e-01
-4.062999999999999945e-01
4.149999999999999800e-01
-4.307000000000000273e-01
-3.947999999999999843e-01
