-7.712999999999999856e-01
-8.326000000000000068e-01
-3.968999999999999750e-01
2.298000000000000043e-01
-5.517999999999999572e-01
5.650000000000000161e-02
-2.285999999999999976e-01
-3.919999999999999873e-02
-4.641000000000000125e-01
2.793999999999999817e-01
8.854999999999999538e-01
-6.334999999999999520e-01
-3.909000000000000252e-01
-9.576000000000000068e-01
-3.192999999999999727e-01
7.377000000000000224e-01
9.917000000000000259e-01
-8.272000000000000464e-01
7.984999999999999876e-01
9.001000000000000112e-01
1.237999999999999934e-01
-5.454999999999999849e-01
4.565000000000000169e-01
1.940999999999999948e-01
3.343999999999999750e-01
-8.200000000000000344e-02
-7.622999999999999776e-01
6.625999999999999668e-01
8.841999999999999860e-01
-4.450000000000000067e-01
6.864000000000000101e-01
-9.243999999999999995e-01
-6.404999999999999583e-01
1.474999999999999922e-01
5.248000000000000442e-01
-2.731000000000000094e-01
8.175999999999999934e-01
-7.550000000000000044e-01
3.250000000000000111e-02
-3.350000000000000200e-02
8.428999999999999826e-01
2.492000000000000048e-01
