3.599999999999999728e-02
1.346999999999999864e-01
-1.613999999999999879e-01
-1.213999999999999940e-01
4.123999999999999888e-01
-3.139999999999999736e-02
2.615999999999999992e-01
-8.266000000000000014e-01
-6.366000000000000547e-01
-1.327000000000000124e-01
-5.996000000000000218e-01
7.259999999999999787e-02
6.979999999999999538e-01
4.375000000000000000e-01
-4.240999999999999770e-01
9.661999999999999478e-01
-9.886000000000000343e-01
9.377999999999999670e-01
4.764999999999999791e-01
8.373000000000000442e-01
7.654999999999999583e-01
-1.180999999999999966e-01
4.384000000000000119e-01
-2.056999999999999940e-01
8.606000000000000316e-01
-3.209999999999999659e-02
-3.958999999999999742e-01
-7.789000000000000368e-01
5.421000000000000263e-01
-6.130000000000000032e-02
6.454999999999999627e-01
-1.433999999999999997e-01
-5.245999999999999552e-01
-4.149999999999999800e-01
3.020999999999999797e-01
-1.691000000000000003e-01
-3.345000000000000195e-01
5.480000000000000149e-02
6.622000000000000108e-01
-4.778999999999999915e-01
-5.779999999999999721e-02
-2.137999999999999901e-01
