4.833999999999999964e-01
-4.707000000000000073e-01
-7.040999999999999481e-01
8.178999999999999604e-01
8.814999999999999503e-01
1.130000000000000032e-01
8.933999999999999719e-01
-6.673000000000000043e-01
-1.678999999999999937e-01
-8.917000000000000481e-01
-1.633999999999999897e-01
-9.130000000000000615e-02
-9.262000000000000233e-01
2.255999999999999950e-01
8.377999999999999892e-01
-6.211999999999999744e-01
-8.082000000000000295e-01
-9.323000000000000176e-01
-6.784999999999999920e-01
-1.480000000000000066e-02
-1.960000000000000075e-01
5.483000000000000096e-01
-4.600000000000000200e-01
-1.701000000000000012e-01
3.332999999999999852e-01
-9.700999999999999623e-01
-7.671999999999999931e-01
-3.109999999999999987e-01
2.781000000000000139e-01
5.573000000000000176e-01
-3.155999999999999917e-01
3.477000000000000091e-01
6.160999999999999810e-01
-2.592999999999999750e-01
3.642000000000000237e-01
9.159000000000000474e-01
-7.960000000000000409e-01
-7.889000000000000457e-01
-7.707000000000000517e-01
2.681000000000000050e-01
3.155000000000000027e-01
-4.040000000000000258e-01
