9.633000000000000451e-01
3.085999999999999854e-01
-3.180000000000000188e-02
-8.115999999999999881e-01
-4.436999999999999833e-01
-6.425999999999999490e-01
-2.200999999999999901e-01
1.018000000000000016e-01
-2.179999999999999993e-02
-2.220999999999999919e-01
4.757000000000000117e-01
2.874999999999999778e-01
8.961000000000000076e-01
-1.260000000000000009e-02
-5.900999999999999579e-01
-2.300999999999999990e-01
-7.465000000000000524e-01
7.892000000000000126e-01
-7.207999999999999963e-01
4.507999999999999785e-01
4.139999999999999791e-01
9.969999999999999973e-01
-2.965999999999999748e-01
9.467999999999999750e-01
-7.913999999999999924e-01
4.850000000000000144e-02
8.064999999999999947e-01
-4.633999999999999786e-01
6.770000000000000462e-01
-8.093000000000000194e-01
-9.802999999999999492e-01
-7.925999999999999712e-01
2.666000000000000036e-01
-3.412999999999999923e-01
-6.684999999999999831e-01
6.159999999999999920e-01
2.666000000000000036e-01
-1.877000000000000057e-01
2.818999999999999839e-01
-8.476000000000000201e-01
-3.211999999999999855e-01
-7.327000000000000179e-01
