-7.899000000000000465e-01
-8.056999999999999718e-01
2.076000000000000068e-01
7.472999999999999643e-01
4.345999999999999863e-01
3.065999999999999837e-01
6.924000000000000155e-01
5.647999999999999687e-01
1.252000000000000057e-01
-6.725999999999999757e-01
-7.123000000000000442e-01
7.427000000000000268e-01
-5.985000000000000320e-01
7.199999999999999734e-01
7.079999999999999627e-01
3.373999999999999777e-01
-1.756000000000000061e-01
-9.050000000000000266e-01
1.469000000000000028e-01
4.423000000000000265e-01
-6.655999999999999694e-01
-8.137999999999999678e-01
-8.562999999999999501e-01
1.776999999999999968e-01
8.510999999999999677e-01
5.665999999999999925e-01
9.990000000000000269e-02
-2.545999999999999930e-01
1.468000000000000138e-01
-7.449999999999999956e-01
4.686000000000000165e-01
7.451999999999999735e-01
-9.864000000000000545e-01
-6.700000000000000400e-02
-8.147999999999999687e-01
1.922000000000000097e-01
6.703999999999999959e-01
-4.618999999999999773e-01
3.241999999999999882e-01
-7.180999999999999606e-01
5.279999999999999971e-02
5.988999999999999879e-01
