-6.190999999999999837e-01
-7.520000000000000295e-02
2.758999999999999786e-01
8.014000000000000012e-01
9.667000000000000037e-01
-5.678999999999999604e-01
-4.974000000000000088e-01
-2.746000000000000107e-01
-2.829999999999999877e-02
4.248000000000000109e-01
8.940000000000000169e-01
-5.933000000000000496e-01
-2.776000000000000134e-01
8.205000000000000071e-01
-8.917000000000000481e-01
2.599999999999999881e-02
8.579999999999999849e-01
-2.005000000000000115e-01
-6.838999999999999524e-01
-2.295000000000000095e-01
-5.441000000000000281e-01
9.439999999999999503e-01
-3.894000000000000239e-01
3.644999999999999907e-01
-2.508000000000000229e-01
6.760000000000000453e-01
7.360999999999999766e-01
-6.634999999999999787e-01
3.719000000000000083e-01
-7.387000000000000233e-01
9.869999999999999607e-02
1.381999999999999895e-01
5.965000000000000302e-01
2.731000000000000094e-01
9.899000000000000021e-01
4.804999999999999827e-01
-1.159999999999999920e-02
2.790000000000000119e-02
6.622000000000000108e-01
3.573999999999999955e-01
4.941999999999999726e-01
3.715999999999999859e-01
-1.969999999999999876e-02
-7.862999999999999989e-01
4.817000000000000171e-01
8.386000000000000121e-01
-5.041999999999999815e-01
1.175999999999999962e-01
-6.601000000000000201e-01
-6.763000000000000123e-01
-2.832999999999999963e-01
-5.540000000000000480e-01
1.693000000000000060e-01
-5.948999999999999844e-01
-1.058999999999999941e-01
-8.989999999999999380e-02
4.474000000000000199e-01
-7.913999999999999924e-01
-2.414999999999999925e-01
9.350000000000000533e-01
2.220000000000000029e-01
-9.997000000000000330e-01
2.602999999999999758e-01
5.836000000000000076e-01
-3.638000000000000123e-01
-9.095999999999999641e-01
8.718000000000000194e-01
5.685000000000000053e-01
5.376999999999999558e-01
8.850000000000000089e-01
4.904000000000000026e-01
-6.138000000000000123e-01
5.158000000000000362e-01
-9.677999999999999936e-01
-4.420999999999999930e-01
8.010000000000000453e-01
8.929000000000000270e-01
4.482999999999999763e-01
