8.867000000000000437e-01
-1.127999999999999975e-01
5.502000000000000224e-01
6.199999999999999956e-01
-5.366999999999999549e-01
-6.895000000000000018e-01
-6.303999999999999604e-01
6.973000000000000309e-01
8.668000000000000149e-01
1.721999999999999920e-01
-4.980999999999999872e-01
8.851999999999999869e-01
-9.439999999999999780e-02
-9.839999999999999858e-01
-1.413999999999999979e-01
8.580999999999999739e-01
1.643999999999999906e-01
-2.441000000000000114e-01
5.569999999999999951e-02
8.941000000000000059e-01
-9.660000000000000531e-02
-8.556000000000000272e-01
-5.060999999999999943e-01
3.598999999999999977e-01
-5.778999999999999693e-01
-2.549000000000000155e-01
-6.031999999999999584e-01
-3.699999999999999817e-02
-6.177000000000000268e-01
-8.869000000000000217e-01
-1.501000000000000112e-01
-3.411000000000000143e-01
-3.093000000000000194e-01
5.228000000000000425e-01
9.156999999999999584e-01
-9.173000000000000043e-01
-8.142000000000000348e-01
3.312999999999999834e-01
6.532999999999999918e-01
-7.039999999999999591e-01
2.555999999999999939e-01
-2.016000000000000014e-01
-8.758000000000000229e-01
9.576000000000000068e-01
2.180999999999999883e-01
-8.300000000000000433e-02
-9.879999999999999893e-01
-1.385000000000000120e-01
-3.983999999999999764e-01
-4.835999999999999743e-01
-6.881000000000000449e-01
1.297000000000000097e-01
-1.953000000000000014e-01
-1.590000000000000094e-02
3.098000000000000198e-01
-3.155000000000000027e-01
-7.823999999999999844e-01
5.553000000000000158e-01
-1.716999999999999915e-01
7.691999999999999948e-01
9.537999999999999812e-01
-4.808000000000000052e-01
3.513000000000000012e-01
-1.418000000000000094e-01
2.948999999999999955e-01
5.199000000000000288e-01
-2.197999999999999954e-01
-6.210000000000000242e-02
5.896000000000000130e-01
-8.390000000000000235e-02
-2.060000000000000026e-02
2.863999999999999879e-01
-5.957000000000000073e-01
-7.951000000000000290e-01
9.716000000000000192e-01
-8.778000000000000247e-01
-2.715000000000000191e-01
-7.811000000000000165e-01
