6.595999999999999641e-01
-6.097000000000000197e-01
8.490999999999999659e-01
-7.080000000000000182e-02
-8.032000000000000250e-01
4.003999999999999782e-01
3.066999999999999726e-01
2.802000000000000046e-01
9.539999999999999591e-01
-7.524999999999999467e-01
4.242000000000000215e-01
6.508000000000000451e-01
3.655999999999999805e-01
1.504999999999999949e-01
-4.359999999999999987e-02
-6.933000000000000274e-01
-1.491999999999999993e-01
-3.597000000000000197e-01
-7.308000000000000052e-01
4.857000000000000206e-01
7.761000000000000121e-01
4.501000000000000001e-01
8.602999999999999536e-01
-9.062000000000000055e-01
-7.611999999999999877e-01
-5.026000000000000467e-01
-3.628000000000000114e-01
8.497000000000000108e-01
-9.260000000000000175e-02
-4.750000000000000056e-02
-9.943999999999999506e-01
1.572999999999999954e-01
6.382999999999999785e-01
7.015000000000000124e-01
2.291999999999999871e-01
5.282000000000000028e-01
-1.522000000000000020e-01
5.218000000000000416e-01
-1.600000000000000033e-02
-8.931999999999999940e-01
3.313999999999999724e-01
-2.510000000000000078e-02
5.185999999999999499e-01
-1.535999999999999865e-01
8.288999999999999702e-01
-7.659000000000000252e-01
3.068000000000000171e-01
-4.738999999999999879e-01
2.132999999999999896e-01
5.745999999999999996e-01
-2.510000000000000009e-01
-3.476000000000000201e-01
-3.988999999999999768e-01
1.300000000000000044e-01
4.069999999999999729e-01
9.111000000000000210e-01
4.953000000000000180e-01
8.084000000000000075e-01
-5.542000000000000259e-01
-2.506999999999999784e-01
-9.170000000000000373e-02
9.166999999999999593e-01
-5.319999999999999729e-02
-8.699999999999999400e-03
-4.781000000000000250e-01
6.644999999999999796e-01
7.119999999999999662e-01
7.630000000000000671e-02
-3.205999999999999961e-01
4.731000000000000205e-01
7.633999999999999675e-01
4.243999999999999995e-01
-4.248999999999999999e-01
-7.025000000000000133e-01
3.210000000000000075e-01
9.316999999999999726e-01
-2.016999999999999904e-01
8.678000000000000158e-01
