-4.268000000000000127e-01
7.769000000000000350e-01
7.358000000000000096e-01
-9.769999999999999518e-02
-8.243000000000000327e-01
-1.413999999999999979e-01
2.144000000000000072e-01
1.348999999999999921e-01
2.641000000000000014e-01
-2.258999999999999897e-01
-5.399000000000000465e-01
-3.261999999999999900e-01
4.499000000000000221e-01
2.326000000000000012e-01
6.468000000000000416e-01
-5.648999999999999577e-01
-4.465999999999999970e-01
-3.518999999999999906e-01
-7.300999999999999712e-01
8.326999999999999957e-01
-1.675999999999999990e-01
-5.965000000000000302e-01
-9.475999999999999979e-01
-5.299000000000000377e-01
3.690000000000000224e-02
6.769999999999999629e-02
7.475000000000000533e-01
6.250999999999999890e-01
-7.935999999999999721e-01
4.902000000000000246e-01
2.952000000000000179e-01
5.473000000000000087e-01
-9.513000000000000345e-01
1.842000000000000026e-01
-5.335999999999999632e-01
-3.003000000000000114e-01
5.987999999999999989e-01
-8.764999999999999458e-01
-9.223000000000000087e-01
6.900000000000000577e-02
-4.776000000000000245e-01
-8.046999999999999709e-01
7.719000000000000306e-01
-6.982000000000000428e-01
7.472999999999999643e-01
-1.319999999999999993e-02
-8.807000000000000384e-01
-5.858999999999999764e-01
-1.716000000000000025e-01
3.024000000000000021e-01
8.064000000000000057e-01
-1.895999999999999908e-01
-8.195000000000000062e-01
-7.130999999999999561e-01
5.556999999999999718e-01
-5.656999999999999806e-01
-7.985999999999999766e-01
-1.870000000000000134e-02
-7.423999999999999488e-01
-9.544000000000000261e-01
9.294999999999999929e-01
7.460999999999999854e-01
7.524999999999999467e-01
5.895000000000000240e-01
6.040000000000000230e-02
-7.450999999999999845e-01
8.689000000000000057e-01
1.092999999999999944e-01
-6.333999999999999631e-01
-7.651999999999999913e-01
-9.650000000000000244e-02
-6.437000000000000499e-01
9.820999999999999730e-01
5.430000000000000104e-02
-3.272999999999999798e-01
-4.525000000000000133e-01
3.701999999999999735e-01
1.917000000000000093e-01
