6.646999999999999575e-01
-6.196000000000000396e-01
8.012000000000000233e-01
-1.436000000000000054e-01
-2.555000000000000049e-01
8.632999999999999563e-01
-3.408999999999999808e-01
-9.101000000000000201e-01
-9.744000000000000439e-01
1.403999999999999970e-01
4.215999999999999748e-01
-6.503999999999999782e-01
-7.722999999999999865e-01
2.220000000000000029e-01
-2.358999999999999986e-01
-1.973000000000000032e-01
9.529999999999999583e-01
9.966000000000000414e-01
-4.059999999999999720e-02
-6.784000000000000030e-01
6.375999999999999446e-01
-3.034000000000000030e-01
-2.897000000000000131e-01
-3.146999999999999797e-01
1.194000000000000061e-01
5.666999999999999815e-01
-1.121999999999999942e-01
-8.764999999999999458e-01
3.758000000000000229e-01
-1.034000000000000058e-01
-6.375999999999999446e-01
9.100000000000000450e-03
-4.697999999999999954e-01
-9.356999999999999762e-01
-5.765000000000000124e-01
-6.954000000000000181e-01
4.178000000000000047e-01
4.158999999999999919e-01
6.111999999999999655e-01
4.969000000000000083e-01
-7.219999999999999751e-01
-8.511999999999999567e-01
-5.685999999999999943e-01
-1.295000000000000040e-01
-9.838000000000000078e-01
-5.747999999999999776e-01
-4.038999999999999813e-01
1.622000000000000108e-01
-4.112000000000000099e-01
-5.914000000000000368e-01
8.270999999999999464e-01
-6.079999999999999988e-02
2.169000000000000095e-01
-7.187000000000000055e-01
9.761999999999999567e-01
5.925000000000000266e-01
8.854999999999999538e-01
3.740000000000000269e-02
-5.430000000000000104e-02
-2.982000000000000206e-01
-4.114999999999999769e-01
7.799999999999999642e-03
-2.691999999999999948e-01
3.810999999999999943e-01
8.079999999999999682e-02
5.385999999999999677e-01
6.555999999999999606e-01
7.166000000000000147e-01
-2.467000000000000026e-01
-3.118000000000000216e-01
4.650000000000000244e-01
6.744999999999999885e-01
3.186999999999999833e-01
2.280000000000000082e-01
-7.218999999999999861e-01
9.500000000000000111e-02
-2.534000000000000141e-01
9.074999999999999734e-01
