-1.920999999999999930e-01
-8.466000000000000192e-01
6.051999999999999602e-01
-2.602999999999999758e-01
4.532999999999999807e-01
-2.674000000000000266e-01
-6.796999999999999709e-01
-7.113000000000000433e-01
-6.267000000000000348e-01
-6.050999999999999712e-01
2.000000000000000096e-04
5.087000000000000410e-01
3.936999999999999944e-01
9.352000000000000313e-01
-2.801000000000000156e-01
-1.610999999999999932e-01
-3.575999999999999734e-01
-6.845999999999999863e-01
2.046999999999999931e-01
-6.167000000000000259e-01
-3.260000000000000120e-01
-6.140999999999999792e-01
-6.833000000000000185e-01
3.687000000000000277e-01
-6.579000000000000403e-01
-1.223999999999999949e-01
-3.351000000000000090e-01
3.389999999999999958e-02
7.879000000000000448e-01
-3.810000000000000053e-01
-2.398000000000000131e-01
1.097999999999999948e-01
2.321000000000000008e-01
-7.012000000000000455e-01
8.818000000000000282e-01
9.350000000000000533e-01
5.570000000000000506e-01
-7.128999999999999782e-01
-1.842999999999999916e-01
-1.779000000000000026e-01
-8.780999999999999917e-01
3.489999999999999769e-01
-6.400000000000000133e-02
6.647999999999999465e-01
-1.264000000000000123e-01
-1.510000000000000057e-02
-6.629000000000000448e-01
-6.034000000000000474e-01
-9.625000000000000222e-01
6.000999999999999668e-01
2.817000000000000060e-01
-3.967999999999999861e-01
-5.788999999999999702e-01
-3.173000000000000265e-01
7.838000000000000522e-01
-2.030000000000000138e-01
8.037999999999999590e-01
4.727999999999999980e-01
-6.343999999999999639e-01
5.729999999999999538e-01
1.719999999999999862e-01
3.251000000000000001e-01
4.050000000000000128e-02
-8.158999999999999586e-01
-7.960000000000000409e-02
8.001000000000000334e-01
1.502000000000000002e-01
-7.589000000000000190e-01
-8.454000000000000403e-01
3.783000000000000251e-01
-2.580999999999999961e-01
3.377000000000000002e-01
8.796000000000000485e-01
-3.982999999999999874e-01
-2.960000000000000131e-02
-5.322999999999999954e-01
-3.478999999999999870e-01
-8.891000000000000014e-01
