-6.510000000000000231e-01
2.687999999999999834e-01
-5.949999999999999734e-01
8.939000000000000279e-01
1.975000000000000089e-01
-2.243999999999999884e-01
-5.120000000000000245e-02
-2.555999999999999939e-01
-2.048999999999999988e-01
6.673000000000000043e-01
3.700000000000000164e-03
-8.016999999999999682e-01
2.038000000000000089e-01
-5.921999999999999487e-01
6.550000000000000266e-01
6.663999999999999924e-01
2.482000000000000040e-01
6.967999999999999750e-01
9.335999999999999854e-01
-6.851000000000000423e-01
-4.107999999999999985e-01
-2.879999999999999782e-01
5.124999999999999556e-01
-2.501999999999999780e-01
1.486000000000000099e-01
3.579999999999999849e-02
-4.748999999999999888e-01
9.068000000000000504e-01
2.504000000000000115e-01
-3.014000000000000012e-01
-5.434999999999999831e-01
1.582000000000000073e-01
-9.474000000000000199e-01
4.760000000000000342e-02
5.304999999999999716e-01
-4.545000000000000151e-01
-5.360000000000000181e-02
-2.303999999999999937e-01
8.433000000000000496e-01
5.341000000000000192e-01
-6.222999999999999643e-01
6.159999999999999920e-01
5.890999999999999570e-01
-8.146999999999999797e-01
2.525999999999999912e-01
-8.152000000000000357e-01
1.199999999999999956e-01
-4.096000000000000196e-01
-9.637999999999999901e-01
-2.983999999999999986e-01
-2.893000000000000016e-01
9.189000000000000501e-01
5.991999999999999549e-01
-9.389999999999999458e-01
1.037000000000000005e-01
-9.405999999999999917e-01
7.217999999999999972e-01
-7.963000000000000078e-01
-6.074000000000000510e-01
9.867000000000000215e-01
-1.648999999999999910e-01
-9.959999999999999964e-01
-9.935000000000000497e-01
1.522999999999999909e-01
4.375000000000000000e-01
-5.128000000000000336e-01
8.770999999999999908e-01
-1.282999999999999974e-01
2.768999999999999795e-01
8.027999999999999581e-01
-4.143000000000000016e-01
-6.131999999999999673e-01
-6.953000000000000291e-01
-6.028000000000000025e-01
-3.941000000000000059e-01
5.742000000000000437e-01
8.068999999999999506e-01
-8.033000000000000140e-01
