4.796000000000000263e-01
-6.743999999999999995e-01
6.723000000000000087e-01
5.100000000000000366e-03
-2.726999999999999980e-01
-8.048999999999999488e-01
-9.644000000000000350e-01
6.253999999999999559e-01
5.024999999999999467e-01
8.911999999999999922e-01
-2.676000000000000045e-01
-1.262000000000000066e-01
-3.183000000000000274e-01
7.793999999999999817e-01
6.248000000000000220e-01
-2.018999999999999961e-01
-4.150000000000000216e-02
8.540999999999999703e-01
-5.900999999999999579e-01
-1.705000000000000127e-01
3.271000000000000019e-01
-4.890999999999999792e-01
3.971999999999999975e-01
-2.434999999999999942e-01
3.180000000000000049e-01
2.543000000000000260e-01
3.936000000000000054e-01
4.616000000000000103e-01
-9.725000000000000311e-01
-3.020999999999999797e-01
6.504999999999999671e-01
5.030999999999999917e-01
-8.522999999999999465e-01
-1.171999999999999986e-01
4.218999999999999972e-01
5.653000000000000247e-01
2.126000000000000112e-01
9.821999999999999620e-01
9.040000000000000258e-01
-2.006000000000000005e-01
-5.886000000000000121e-01
3.619999999999999885e-01
-4.385000000000000009e-01
3.798000000000000265e-01
-5.211000000000000076e-01
-8.840000000000000080e-01
-8.390000000000000235e-02
-9.149999999999999800e-02
8.519999999999999796e-01
4.214999999999999858e-01
2.811000000000000165e-01
8.552999999999999492e-01
3.634000000000000008e-01
-9.970999999999999863e-01
-1.030999999999999972e-01
3.235999999999999988e-01
-4.596000000000000085e-01
4.152000000000000135e-01
5.903000000000000469e-01
9.468999999999999639e-01
-1.096000000000000030e-01
4.758000000000000007e-01
7.919000000000000483e-01
6.896999999999999797e-01
9.583000000000000407e-01
4.675000000000000266e-01
1.983000000000000040e-01
-8.961000000000000076e-01
8.749999999999999445e-02
-7.243000000000000549e-01
7.149999999999999412e-02
2.867000000000000104e-01
-7.602999999999999758e-01
-8.379999999999999949e-02
5.416999999999999593e-01
7.890000000000000346e-01
-5.836999999999999966e-01
-6.860000000000000542e-01
