7.348999999999999977e-01
5.666999999999999815e-01
6.431999999999999940e-01
4.170000000000000095e-02
6.239000000000000101e-01
-2.509000000000000119e-01
-3.241999999999999882e-01
-8.883999999999999675e-01
4.000000000000000083e-02
-1.231000000000000011e-01
3.305000000000000160e-01
-4.680000000000000132e-02
4.169999999999999818e-01
-8.426000000000000156e-01
-1.590999999999999914e-01
-3.425000000000000266e-01
-5.900999999999999579e-01
-4.072999999999999954e-01
9.694000000000000394e-01
5.275999999999999579e-01
-8.781999999999999806e-01
9.420000000000000595e-02
-7.953999999999999959e-01
5.995000000000000329e-01
-8.340000000000000191e-02
2.723999999999999755e-01
-4.375000000000000000e-01
2.154999999999999971e-01
-1.516000000000000125e-01
5.072999999999999732e-01
6.803000000000000158e-01
4.744999999999999774e-01
-3.915000000000000147e-01
-5.249999999999999806e-02
9.387999999999999678e-01
-1.653999999999999915e-01
9.446999999999999842e-01
5.501000000000000334e-01
-8.279999999999999583e-01
-6.078999999999999959e-01
-6.651000000000000245e-01
4.339000000000000079e-01
-2.489000000000000101e-01
3.564999999999999836e-01
5.566999999999999726e-01
-3.239999999999999825e-02
-5.859999999999999931e-02
-8.864999999999999547e-01
-2.899999999999999800e-01
-6.306000000000000494e-01
-3.725999999999999868e-01
-2.615000000000000102e-01
8.817000000000000393e-01
9.030000000000000526e-02
-9.002999999999999892e-01
6.716999999999999638e-01
4.698999999999999844e-01
1.617999999999999994e-01
5.795000000000000151e-01
8.436000000000000165e-01
-5.929999999999999855e-02
-2.232999999999999985e-01
8.830999999999999961e-01
8.575000000000000400e-01
-3.119999999999999996e-01
-1.922000000000000097e-01
-1.710000000000000062e-02
4.932000000000000273e-01
-3.857999999999999763e-01
5.376999999999999558e-01
-8.249999999999999556e-01
2.313999999999999946e-01
-3.897999999999999798e-01
2.169000000000000095e-01
5.300000000000000266e-01
3.798000000000000265e-01
9.284999999999999920e-01
-9.255999999999999783e-01
