-9.599999999999999645e-01
5.695999999999999952e-01
-7.907999999999999474e-01
-9.108000000000000540e-01
-5.211999999999999966e-01
4.444000000000000172e-01
-2.637999999999999790e-01
-3.573999999999999955e-01
9.569999999999999341e-02
-6.129000000000000004e-01
9.348999999999999533e-01
6.528000000000000469e-01
1.975999999999999979e-01
-7.923000000000000043e-01
-6.987999999999999767e-01
-1.005999999999999950e-01
-1.131000000000000061e-01
4.535000000000000142e-01
-5.109999999999999959e-02
-6.399000000000000243e-01
6.347000000000000419e-01
-4.117000000000000104e-01
3.372999999999999887e-01
-8.770999999999999908e-01
-5.911999999999999478e-01
8.104000000000000092e-01
-7.158999999999999808e-01
-5.899999999999999689e-02
-7.903000000000000025e-01
3.105999999999999872e-01
-6.225000000000000533e-01
-9.393000000000000238e-01
3.847999999999999754e-01
8.082000000000000295e-01
1.214999999999999969e-01
-2.399999999999999911e-01
1.510000000000000057e-02
-7.193000000000000504e-01
-7.620000000000000384e-02
-4.738999999999999879e-01
-2.574000000000000177e-01
1.313999999999999890e-01
8.672999999999999599e-01
-6.304999999999999494e-01
-5.362000000000000099e-01
5.000999999999999890e-01
3.739000000000000101e-01
-8.387999999999999901e-01
6.864000000000000101e-01
-1.401000000000000023e-01
5.599999999999999943e-03
5.027000000000000357e-01
9.579999999999999627e-02
-5.542000000000000259e-01
-9.395000000000000018e-01
1.902999999999999969e-01
5.757999999999999785e-01
1.559999999999999928e-02
4.907000000000000250e-01
3.289000000000000257e-01
-5.483999999999999986e-01
7.244000000000000439e-01
-3.771999999999999797e-01
-5.157000000000000473e-01
3.266000000000000014e-01
-7.616000000000000547e-01
-9.120000000000000329e-02
6.339000000000000190e-01
6.606999999999999540e-01
-2.731000000000000094e-01
-7.381999999999999673e-01
7.119999999999999662e-01
-7.418000000000000149e-01
-5.610000000000000542e-01
5.583000000000000185e-01
1.365999999999999992e-01
-9.649999999999999689e-01
-6.069999999999999701e-02
