3.301000000000000045e-01
7.499999999999999722e-03
-9.111000000000000210e-01
1.279000000000000137e-01
-9.241000000000000325e-01
-9.768999999999999906e-01
-5.114999999999999547e-01
6.190999999999999837e-01
-3.642000000000000237e-01
1.063000000000000056e-01
-4.769999999999999934e-02
1.111999999999999933e-01
-6.711000000000000298e-01
3.866999999999999882e-01
6.418000000000000371e-01
-1.919999999999999832e-02
-2.614000000000000212e-01
4.380999999999999894e-01
-8.336999999999999966e-01
-2.424000000000000044e-01
8.801999999999999824e-01
2.008999999999999952e-01
9.489999999999999825e-02
-4.467999999999999750e-01
9.450000000000000067e-02
6.219999999999999973e-01
1.100000000000000006e-01
1.340000000000000080e-01
4.181000000000000272e-01
-4.771000000000000241e-01
1.663000000000000034e-01
1.213000000000000050e-01
-8.125000000000000000e-01
-2.869999999999999774e-01
2.404000000000000026e-01
-3.595999999999999752e-01
-9.457999999999999741e-01
5.470000000000000417e-01
2.630000000000000046e-02
9.342000000000000304e-01
-9.492000000000000437e-01
-3.220999999999999974e-01
1.129000000000000004e-01
4.086000000000000187e-01
2.898999999999999910e-01
-5.227000000000000535e-01
-2.679000000000000270e-01
5.582000000000000295e-01
-5.970000000000000306e-02
-9.933999999999999497e-01
-6.771000000000000352e-01
9.653000000000000469e-01
-4.809999999999999831e-01
-2.943999999999999950e-01
5.051999999999999824e-01
-4.093999999999999861e-01
-6.519999999999999407e-02
-3.443999999999999839e-01
-5.296999999999999487e-01
-5.332000000000000073e-01
-3.746999999999999775e-01
-8.129999999999999449e-01
7.302999999999999492e-01
1.381000000000000005e-01
-3.599999999999999728e-02
-4.546999999999999931e-01
2.920000000000000026e-02
7.245000000000000329e-01
-7.920000000000000373e-01
3.836999999999999855e-01
3.820999999999999952e-01
-6.410000000000000142e-01
-7.238999999999999879e-01
-3.450000000000000289e-02
-7.648000000000000353e-01
9.196999999999999620e-01
-8.649999999999999911e-01
-1.638000000000000012e-01
