5.200000000000000178e-01
2.685000000000000164e-01
3.484999999999999765e-01
-3.627000000000000224e-01
-8.961999999999999966e-01
-4.143000000000000016e-01
-8.202000000000000401e-01
8.441999999999999504e-01
-8.997000000000000552e-01
-6.500000000000000222e-01
-5.911999999999999478e-01
-4.250000000000000305e-02
-1.333000000000000018e-01
-1.092999999999999944e-01
-3.840000000000000080e-01
-5.500000000000000444e-01
-3.380000000000000226e-01
9.971999999999999753e-01
-1.044000000000000067e-01
-4.539000000000000257e-01
2.938000000000000056e-01
4.753000000000000003e-01
1.691999999999999893e-01
3.594999999999999862e-01
-2.899999999999999800e-01
-4.339000000000000079e-01
9.673000000000000487e-01
-5.998999999999999888e-01
8.232000000000000428e-01
-5.721000000000000529e-01
-8.401999999999999469e-01
-7.064000000000000279e-01
-8.481999999999999540e-01
-7.190999999999999615e-01
-3.723000000000000198e-01
-7.389999999999999902e-01
-7.215000000000000302e-01
-3.499999999999999778e-01
-6.542999999999999927e-01
7.630000000000000671e-02
6.419999999999999318e-02
-1.170999999999999958e-01
7.436000000000000387e-01
2.328999999999999959e-01
6.047000000000000153e-01
-1.299999999999999940e-03
2.262000000000000122e-01
-5.079000000000000181e-01
-9.341000000000000414e-01
-1.820000000000000090e-02
1.539000000000000090e-01
4.969000000000000083e-01
1.423999999999999988e-01
-2.917000000000000148e-01
1.565999999999999892e-01
-3.549999999999999684e-02
-9.915000000000000480e-01
4.893000000000000127e-01
2.330000000000000127e-02
-6.895000000000000018e-01
3.729999999999999982e-02
-5.454999999999999849e-01
-4.872000000000000219e-01
-5.066000000000000503e-01
2.156000000000000139e-01
3.761999999999999789e-01
9.675000000000000266e-01
-9.102999999999999980e-01
-3.464999999999999747e-01
7.846999999999999531e-01
-5.215999999999999526e-01
-3.936000000000000054e-01
4.611999999999999988e-01
3.090000000000000038e-02
-5.268000000000000460e-01
3.120999999999999885e-01
5.933000000000000496e-01
4.672000000000000042e-01
