-6.892000000000000348e-01
-4.356999999999999762e-01
-9.124999999999999778e-01
-9.306999999999999718e-01
7.884999999999999787e-01
9.055999999999999606e-01
2.366000000000000048e-01
4.451999999999999846e-01
1.784000000000000030e-01
2.795000000000000262e-01
-2.160000000000000114e-02
2.200999999999999901e-01
-9.777000000000000135e-01
5.049000000000000155e-01
-4.177000000000000157e-01
2.020000000000000129e-01
-1.193000000000000033e-01
-6.239999999999999991e-01
4.928000000000000158e-01
7.981000000000000316e-01
3.664999999999999925e-01
6.290000000000000036e-01
-6.212999999999999634e-01
8.491999999999999549e-01
4.783000000000000029e-01
7.116000000000000103e-01
6.121999999999999664e-01
7.559000000000000163e-01
-3.864000000000000212e-01
-3.483999999999999875e-01
7.480000000000000537e-02
-8.719999999999999973e-01
-7.850000000000000311e-01
-3.326999999999999957e-01
7.500000000000000000e-01
7.967999999999999527e-01
-9.842999999999999527e-01
6.796999999999999709e-01
7.798000000000000487e-01
6.481000000000000094e-01
2.058999999999999997e-01
-6.289999999999999758e-02
-6.985000000000000098e-01
8.588999999999999968e-01
-9.333000000000000185e-01
5.343999999999999861e-01
-4.732000000000000095e-01
2.800000000000000266e-01
-9.566000000000000059e-01
3.151999999999999802e-01
-3.017000000000000237e-01
-8.504000000000000448e-01
-5.365999999999999659e-01
2.499000000000000110e-01
-1.358999999999999930e-01
4.451999999999999846e-01
-5.699999999999999512e-01
9.540999999999999481e-01
-5.880999999999999561e-01
4.870999999999999774e-01
6.975000000000000089e-01
-4.285999999999999810e-01
1.038000000000000034e-01
4.844999999999999862e-01
1.418000000000000094e-01
-7.196000000000000174e-01
-1.570000000000000007e-01
5.268000000000000460e-01
7.481999999999999762e-01
-9.256999999999999673e-01
-7.781000000000000139e-01
4.182000000000000162e-01
5.997999999999999998e-01
9.103999999999999870e-01
-6.853000000000000203e-01
-4.687000000000000055e-01
-8.627000000000000224e-01
5.750999999999999446e-01
