8.138999999999999568e-01
-9.349999999999999978e-02
8.440999999999999615e-01
-1.079999999999999988e-01
-2.580000000000000002e-02
-8.406000000000000139e-01
4.612999999999999878e-01
7.727000000000000535e-01
8.135000000000000009e-01
7.572999999999999732e-01
7.739999999999999658e-02
-8.010000000000000453e-02
4.689999999999999725e-02
-9.223000000000000087e-01
-7.580999999999999961e-01
2.101999999999999980e-01
6.370999999999999996e-01
-1.436000000000000054e-01
8.611999999999999655e-01
-8.314000000000000279e-01
-4.214999999999999858e-01
5.766000000000000014e-01
-7.385000000000000453e-01
-2.479000000000000092e-01
2.954999999999999849e-01
5.734000000000000208e-01
1.494000000000000050e-01
1.242000000000000048e-01
-8.813999999999999613e-01
9.618999999999999773e-01
-2.449999999999999956e-01
5.104999999999999538e-01
5.944000000000000394e-01
1.761999999999999955e-01
3.185999999999999943e-01
-9.572000000000000508e-01
-7.612999999999999767e-01
1.930000000000000049e-01
-6.112999999999999545e-01
5.414999999999999813e-01
-8.288999999999999702e-01
-1.159999999999999920e-02
1.098999999999999977e-01
-5.412000000000000144e-01
4.737000000000000099e-01
-8.941999999999999948e-01
2.348999999999999977e-01
2.162000000000000033e-01
6.454999999999999627e-01
-8.488999999999999879e-01
-1.204999999999999960e-01
8.044000000000000039e-01
-3.275000000000000133e-01
4.385000000000000009e-01
8.994999999999999662e-01
-2.535000000000000031e-01
4.421999999999999820e-01
8.700999999999999845e-01
6.863000000000000211e-01
5.648999999999999577e-01
3.366999999999999993e-01
1.039000000000000062e-01
-4.433000000000000274e-01
-2.144999999999999962e-01
-4.435999999999999943e-01
-4.465000000000000080e-01
8.448999999999999844e-01
7.049999999999999323e-02
3.380000000000000226e-01
-8.466000000000000192e-01
7.210999999999999632e-01
-8.940000000000000169e-01
8.826000000000000512e-01
-1.329999999999999932e-02
-3.266000000000000014e-01
6.513999999999999790e-01
-1.560999999999999888e-01
4.811000000000000276e-01
