3.603000000000000091e-01
6.052999999999999492e-01
4.612999999999999878e-01
-5.319000000000000394e-01
5.131000000000000005e-01
7.297000000000000153e-01
1.841000000000000136e-01
-6.955999999999999961e-01
7.197000000000000064e-01
-1.073000000000000065e-01
-4.551999999999999935e-01
2.157000000000000028e-01
-5.546999999999999709e-01
-6.009999999999999787e-01
-7.040999999999999481e-01
8.398999999999999799e-01
3.684999999999999942e-01
-6.000999999999999668e-01
-5.517999999999999572e-01
-8.961000000000000076e-01
1.102000000000000063e-01
-5.084999999999999520e-01
-3.000999999999999779e-01
-5.279000000000000359e-01
9.647000000000000020e-01
5.392000000000000126e-01
6.274999999999999467e-01
-2.906000000000000250e-01
-1.600000000000000033e-02
1.857999999999999929e-01
-3.519999999999999796e-01
6.521000000000000130e-01
6.252999999999999670e-01
-4.869999999999999885e-01
3.490000000000000047e-02
-1.534999999999999976e-01
-2.543000000000000260e-01
7.899000000000000465e-01
1.544999999999999984e-01
2.748999999999999777e-01
-9.455000000000000071e-01
-7.920000000000000651e-02
-3.028000000000000136e-01
1.231000000000000011e-01
3.557000000000000162e-01
6.787999999999999590e-01
5.016000000000000458e-01
9.956000000000000405e-01
3.487000000000000099e-01
1.678000000000000047e-01
5.029999999999999749e-02
8.486000000000000210e-01
-1.811000000000000110e-01
1.862000000000000044e-01
-8.158999999999999586e-01
-7.591999999999999860e-01
-8.550999999999999712e-01
1.710000000000000062e-02
-6.710000000000000686e-02
-5.451000000000000290e-01
9.337999999999999634e-01
8.151000000000000467e-01
-3.138000000000000234e-01
2.472999999999999921e-01
8.115999999999999881e-01
3.165999999999999925e-01
-4.194999999999999840e-01
-3.599999999999999901e-03
3.785999999999999921e-01
-2.023000000000000076e-01
-4.275999999999999801e-01
-4.970000000000000112e-02
3.821999999999999842e-01
-5.573000000000000176e-01
8.899000000000000243e-01
-9.778000000000000025e-01
2.459999999999999964e-01
-7.435000000000000497e-01
