-6.983000000000000318e-01
9.806000000000000272e-01
6.060999999999999721e-01
-6.686999999999999611e-01
9.157999999999999474e-01
1.711999999999999911e-01
-2.516999999999999793e-01
5.904000000000000359e-01
2.144000000000000072e-01
8.597000000000000197e-01
9.965000000000000524e-01
1.738999999999999990e-01
-5.886000000000000121e-01
2.152000000000000024e-01
8.984999999999999654e-01
-7.144000000000000350e-01
-6.502999999999999892e-01
-6.044000000000000483e-01
5.368000000000000549e-01
-8.525000000000000355e-01
5.526999999999999691e-01
4.159999999999999809e-02
6.175000000000000488e-01
5.151999999999999913e-01
9.085999999999999632e-01
-1.958999999999999908e-01
-9.644000000000000350e-01
-7.262999999999999456e-01
-2.894999999999999796e-01
2.346000000000000030e-01
6.629999999999999782e-02
3.249000000000000221e-01
-9.119000000000000439e-01
5.026000000000000467e-01
6.659000000000000474e-01
-2.467000000000000026e-01
-4.036000000000000143e-01
-5.081999999999999851e-01
4.865999999999999770e-01
-4.157000000000000139e-01
3.316999999999999948e-01
-4.935999999999999832e-01
-9.143999999999999906e-01
-7.220999999999999641e-01
-1.718999999999999972e-01
8.508000000000000007e-01
5.173999999999999710e-01
-7.374000000000000554e-01
8.883999999999999675e-01
-8.632999999999999563e-01
5.679999999999999494e-01
5.756999999999999895e-01
5.790999999999999481e-01
8.914999999999999591e-01
-6.929999999999999494e-01
-7.114000000000000323e-01
-7.943999999999999950e-01
9.069000000000000394e-01
7.330999999999999739e-01
7.270000000000000073e-02
3.239999999999999825e-02
5.299000000000000377e-01
1.855999999999999872e-01
2.066000000000000059e-01
9.276999999999999691e-01
-9.810999999999999721e-01
-2.736000000000000099e-01
2.504000000000000115e-01
8.380999999999999561e-01
-7.095000000000000195e-01
6.838999999999999524e-01
-9.890000000000000180e-02
-5.453999999999999959e-01
8.947000000000000508e-01
-3.417999999999999927e-01
-4.447999999999999732e-01
-1.363999999999999935e-01
3.672000000000000264e-01
