-4.698999999999999844e-01
-5.495999999999999774e-01
-6.019999999999999657e-02
8.179999999999999771e-02
-9.149999999999999800e-02
-5.234999999999999654e-01
-4.812000000000000166e-01
8.850999999999999979e-01
-2.429999999999999868e-02
6.857999999999999652e-01
-5.957999999999999963e-01
-7.278999999999999915e-01
1.579000000000000126e-01
-5.705000000000000071e-01
8.379999999999999671e-01
-7.097999999999999865e-01
6.129999999999999893e-01
9.320000000000000506e-02
4.172000000000000153e-01
2.356999999999999929e-01
8.657000000000000250e-01
7.405000000000000471e-01
2.157999999999999918e-01
3.397999999999999909e-01
1.700000000000000122e-01
5.777999999999999803e-01
2.920000000000000026e-02
1.164000000000000035e-01
-5.502000000000000224e-01
7.301999999999999602e-01
-3.009999999999999898e-01
-3.236999999999999877e-01
-4.525000000000000133e-01
-7.379000000000000004e-01
-9.255999999999999783e-01
4.825999999999999734e-01
-1.799000000000000044e-01
2.570999999999999952e-01
-9.416999999999999815e-01
-4.269999999999999907e-01
-3.297999999999999821e-01
3.517000000000000126e-01
7.089999999999999636e-01
-7.077999999999999847e-01
6.308000000000000274e-01
8.205999999999999961e-01
-1.774999999999999911e-01
3.670999999999999819e-01
-9.094999999999999751e-01
2.371999999999999942e-01
2.218999999999999861e-01
-8.640999999999999792e-01
-1.459999999999999909e-01
3.173000000000000265e-01
8.263000000000000345e-01
9.338999999999999524e-01
-8.403000000000000469e-01
9.295999999999999819e-01
4.786000000000000254e-01
-6.894000000000000128e-01
6.322999999999999732e-01
8.123000000000000220e-01
-9.956000000000000405e-01
-8.718000000000000194e-01
-1.302000000000000102e-01
-7.489999999999999436e-02
1.342000000000000137e-01
-4.801000000000000267e-01
-1.365000000000000102e-01
5.864000000000000323e-01
-9.449999999999999512e-01
-1.451000000000000068e-01
-2.275000000000000078e-01
-2.728999999999999759e-01
4.074999999999999734e-01
9.316999999999999726e-01
6.007000000000000117e-01
-5.269999999999999685e-02
