-6.723000000000000087e-01
8.141000000000000458e-01
-9.321000000000000396e-01
-5.432000000000000162e-01
1.288999999999999868e-01
7.269999999999999796e-01
4.380999999999999894e-01
-6.435999999999999499e-01
-8.143000000000000238e-01
-6.988999999999999657e-01
3.760999999999999899e-01
1.705000000000000127e-01
6.996999999999999886e-01
-7.781000000000000139e-01
-8.742999999999999661e-01
-8.629999999999999893e-01
-4.714999999999999747e-01
9.928000000000000158e-01
-4.032000000000000028e-01
-2.043999999999999984e-01
-3.420000000000000262e-01
7.711999999999999966e-01
-2.540000000000000036e-01
-7.589999999999999525e-02
6.197000000000000286e-01
4.753999999999999893e-01
5.718999999999999639e-01
-3.629999999999999893e-01
-4.563999999999999724e-01
6.732000000000000206e-01
5.112999999999999767e-01
-4.310999999999999832e-01
7.052000000000000490e-01
8.077999999999999625e-01
4.621000000000000107e-01
5.391000000000000236e-01
-7.240000000000000602e-02
-2.656999999999999917e-01
-2.366000000000000048e-01
7.126000000000000112e-01
-8.287999999999999812e-01
8.164000000000000146e-01
1.370999999999999996e-01
2.018999999999999961e-01
-3.930000000000000160e-01
-5.463000000000000078e-01
2.688999999999999724e-01
-6.579999999999999738e-02
7.616000000000000547e-01
-1.587000000000000077e-01
9.675000000000000266e-01
-4.502999999999999781e-01
3.876999999999999891e-01
6.369000000000000217e-01
-5.574999999999999956e-01
2.560000000000000053e-01
1.260999999999999899e-01
3.982999999999999874e-01
-3.030999999999999805e-01
4.852000000000000202e-01
9.752999999999999448e-01
2.485999999999999877e-01
-1.460000000000000013e-02
-2.570000000000000062e-02
-5.006000000000000449e-01
2.706999999999999962e-01
4.000000000000000083e-03
6.078000000000000069e-01
-2.247000000000000108e-01
-3.780000000000000027e-02
6.965000000000000080e-01
-2.632999999999999785e-01
8.245000000000000107e-01
1.867999999999999938e-01
5.526999999999999691e-01
4.279999999999999777e-02
5.415999999999999703e-01
7.730000000000000204e-01
