9.328999999999999515e-01
4.541999999999999926e-01
8.770999999999999908e-01
-3.015999999999999792e-01
-6.604999999999999760e-01
4.022999999999999909e-01
-1.864000000000000101e-01
-8.812999999999999723e-01
4.333000000000000185e-01
-7.459999999999999964e-01
-9.344999999999999973e-01
-6.740000000000000158e-02
2.899999999999999800e-03
4.027000000000000024e-01
-1.332000000000000128e-01
-1.158000000000000002e-01
2.939999999999999905e-02
-7.608000000000000318e-01
9.395000000000000018e-01
6.237000000000000322e-01
-1.247000000000000053e-01
9.610000000000000486e-02
-8.174000000000000155e-01
3.144000000000000128e-01
4.096000000000000196e-01
6.850000000000000533e-02
2.753999999999999782e-01
1.938999999999999890e-01
-3.926999999999999935e-01
5.174999999999999600e-01
-2.097999999999999865e-01
-1.975000000000000089e-01
-4.702000000000000068e-01
-9.187999999999999501e-01
7.175000000000000266e-01
9.510999999999999455e-01
-9.062000000000000055e-01
6.693000000000000060e-01
6.004000000000000448e-01
4.395999999999999908e-01
3.971000000000000085e-01
4.647000000000000020e-01
-3.921000000000000041e-01
7.046000000000000041e-01
-6.240999999999999881e-01
8.263000000000000345e-01
1.779000000000000026e-01
8.594000000000000528e-01
2.685000000000000164e-01
-5.870999999999999552e-01
-3.296000000000000041e-01
-7.900000000000000355e-01
2.802000000000000046e-01
-2.531999999999999806e-01
7.413999999999999480e-01
3.756999999999999784e-01
9.280000000000000471e-01
6.241999999999999771e-01
-2.444999999999999951e-01
-1.010999999999999954e-01
-1.376000000000000001e-01
-6.776999999999999691e-01
2.074000000000000010e-01
-1.746999999999999942e-01
-7.801000000000000156e-01
2.384000000000000008e-01
-1.292999999999999983e-01
-4.186000000000000276e-01
-5.926000000000000156e-01
9.841999999999999638e-01
-5.006000000000000449e-01
9.263000000000000123e-01
-4.018999999999999795e-01
3.286000000000000032e-01
-3.997999999999999887e-01
5.079000000000000181e-01
4.304999999999999938e-01
-6.644999999999999796e-01
