-9.093999999999999861e-01
-3.559999999999999831e-01
5.177000000000000490e-01
2.680000000000000160e-01
-9.465000000000000080e-01
-4.677999999999999936e-01
-4.305999999999999828e-01
-1.960999999999999965e-01
-4.512999999999999790e-01
3.956999999999999962e-01
-8.279999999999999860e-02
-4.858000000000000096e-01
-8.098999999999999533e-01
1.953000000000000014e-01
-4.400000000000000022e-01
2.539000000000000146e-01
-3.063000000000000167e-01
-4.998000000000000220e-01
-4.963000000000000189e-01
-2.299999999999999961e-03
-4.863999999999999990e-01
-1.461999999999999966e-01
5.758999999999999675e-01
-7.163000000000000478e-01
-6.357000000000000428e-01
-9.878000000000000114e-01
1.761000000000000065e-01
-7.854999999999999760e-01
8.640999999999999792e-01
8.702999999999999625e-01
8.959999999999999909e-02
-4.244999999999999885e-01
-8.572999999999999510e-01
1.102000000000000063e-01
6.703999999999999959e-01
-9.286999999999999700e-01
-6.422999999999999821e-01
-5.655999999999999917e-01
9.751999999999999558e-01
-2.680000000000000160e-01
6.205000000000000515e-01
-3.241999999999999882e-01
-2.776000000000000134e-01
-4.994999999999999996e-01
-3.299000000000000266e-01
4.272000000000000242e-01
9.948000000000000176e-01
-6.642000000000000126e-01
-5.050000000000000322e-02
-7.849000000000000421e-01
8.921000000000000041e-01
-9.710999999999999632e-01
-3.014000000000000012e-01
-4.739999999999999769e-01
-5.442000000000000171e-01
-6.829999999999999960e-02
-2.040000000000000147e-02
-1.619999999999999912e-02
-2.793999999999999817e-01
-3.891000000000000014e-01
5.487999999999999545e-01
2.141000000000000125e-01
-4.641000000000000125e-01
1.658999999999999919e-01
-4.615000000000000213e-01
-7.814999999999999725e-01
-9.507999999999999785e-01
8.617000000000000215e-01
-8.056999999999999718e-01
8.669999999999999929e-01
2.615000000000000102e-01
2.230000000000000038e-01
5.820999999999999508e-01
2.970000000000000070e-02
7.067999999999999838e-01
-4.103999999999999870e-01
-3.755999999999999894e-01
-4.531000000000000028e-01
