-9.164999999999999813e-01
-9.969000000000000083e-01
-4.860999999999999766e-01
-6.009999999999999787e-01
1.190000000000000085e-02
-3.290000000000000147e-01
4.243000000000000105e-01
-4.653999999999999804e-01
-1.537999999999999923e-01
-3.941000000000000059e-01
4.461999999999999855e-01
8.679000000000000048e-01
-3.099000000000000088e-01
2.409999999999999920e-01
-5.453000000000000069e-01
-8.753999999999999559e-01
4.077999999999999958e-01
8.889000000000000234e-01
8.101000000000000423e-01
-1.260999999999999899e-01
-4.263000000000000123e-01
6.572000000000000064e-01
5.193999999999999728e-01
-2.888999999999999901e-01
-6.779999999999999916e-02
2.659999999999999865e-02
-4.320000000000000229e-02
5.575999999999999845e-01
1.910999999999999921e-01
3.028000000000000136e-01
2.050000000000000086e-02
9.166999999999999593e-01
-3.290000000000000147e-01
3.106999999999999762e-01
-4.233000000000000096e-01
-4.279000000000000026e-01
5.998999999999999888e-01
-4.807000000000000162e-01
-5.706999999999999851e-01
-9.810999999999999721e-01
5.372000000000000108e-01
-3.836999999999999855e-01
-6.973000000000000309e-01
-4.663999999999999813e-01
3.670000000000000345e-02
1.006999999999999978e-01
3.578000000000000069e-01
1.602999999999999980e-01
-5.326999999999999513e-01
-9.154999999999999805e-01
-3.280000000000000138e-01
-2.101999999999999980e-01
-9.063999999999999835e-01
-8.483000000000000540e-01
-4.430999999999999939e-01
6.379999999999999560e-02
4.470999999999999974e-01
7.088999999999999746e-01
-8.113000000000000211e-01
-4.909000000000000030e-01
4.515000000000000124e-01
-9.730999999999999650e-01
4.823000000000000065e-01
-7.925999999999999712e-01
5.812000000000000499e-01
-1.340000000000000080e-01
3.553000000000000047e-01
3.548999999999999932e-01
9.379999999999999449e-01
-4.899999999999999842e-03
9.409999999999999476e-01
8.790000000000000591e-02
5.645999999999999908e-01
3.448999999999999844e-01
1.290999999999999925e-01
7.654999999999999583e-01
-7.456000000000000405e-01
2.756000000000000116e-01
