-1.111000000000000043e-01
4.470000000000000084e-01
-6.508000000000000451e-01
-2.518000000000000238e-01
-5.946000000000000174e-01
-3.832999999999999741e-01
9.243999999999999995e-01
3.013000000000000123e-01
9.959999999999999409e-02
2.612999999999999767e-01
1.766999999999999960e-01
2.268999999999999906e-01
-6.812000000000000277e-01
-6.161999999999999700e-01
-9.705000000000000293e-01
-5.400000000000000355e-01
3.451000000000000179e-01
1.358000000000000040e-01
6.955000000000000071e-01
-4.390000000000000013e-01
3.110999999999999877e-01
-8.325000000000000178e-01
-1.547000000000000042e-01
-6.189999999999999947e-01
-9.224999999999999867e-01
3.669000000000000039e-01
3.763000000000000234e-01
7.183000000000000496e-01
-7.340999999999999748e-01
6.626999999999999558e-01
7.537000000000000366e-01
2.681000000000000050e-01
-9.454000000000000181e-01
1.072000000000000036e-01
-3.967999999999999861e-01
1.049999999999999961e-01
-8.864999999999999547e-01
-9.520999999999999464e-01
6.252999999999999670e-01
-9.032000000000000028e-01
1.449999999999999900e-01
8.921000000000000041e-01
-7.570000000000000062e-01
5.036000000000000476e-01
-3.259999999999999704e-02
7.774999999999999689e-01
-8.819000000000000172e-01
-3.691999999999999726e-01
-1.069999999999999944e-02
-8.040000000000000480e-01
7.227999999999999980e-01
7.895999999999999686e-01
9.159000000000000474e-01
7.354000000000000536e-01
-4.839999999999999858e-01
7.820000000000000562e-02
-9.613000000000000433e-01
-1.213999999999999940e-01
7.190999999999999615e-01
-7.070999999999999508e-01
3.943999999999999728e-01
1.774999999999999911e-01
-2.792000000000000037e-01
2.288000000000000034e-01
6.324999999999999512e-01
-1.034999999999999948e-01
4.938000000000000167e-01
7.389999999999999902e-01
6.781000000000000361e-01
9.711999999999999522e-01
1.675000000000000100e-01
-5.160000000000000003e-02
4.621000000000000107e-01
5.419999999999999818e-02
4.121000000000000218e-01
-2.761000000000000121e-01
-8.832999999999999741e-01
8.702999999999999625e-01
