5.635000000000000009e-01
2.907000000000000139e-01
3.261999999999999900e-01
-1.912000000000000088e-01
-1.963999999999999913e-01
5.369999999999999774e-02
-1.472999999999999865e-01
-4.109999999999999765e-02
2.604000000000000203e-01
8.168999999999999595e-01
4.873999999999999999e-01
8.446000000000000174e-01
3.810000000000000192e-02
9.786000000000000254e-01
-3.650999999999999801e-01
5.263999999999999790e-01
-4.979000000000000092e-01
-9.535000000000000142e-01
5.290000000000000258e-01
-7.532999999999999696e-01
-9.019000000000000350e-01
-7.066999999999999948e-01
7.922000000000000153e-01
-4.627999999999999892e-01
-9.260000000000000453e-01
4.884000000000000008e-01
-5.241000000000000103e-01
3.340000000000000191e-01
-2.096000000000000085e-01
-6.784999999999999920e-01
4.899999999999999842e-03
6.433999999999999719e-01
-9.955000000000000515e-01
-7.214000000000000412e-01
7.609000000000000208e-01
4.163999999999999924e-01
4.529000000000000248e-01
3.482999999999999985e-01
-2.750000000000000014e-02
5.140000000000000124e-02
6.199999999999999956e-02
9.006999999999999451e-01
4.272000000000000242e-01
7.075000000000000178e-01
-2.479999999999999913e-02
1.938999999999999890e-01
1.450000000000000074e-02
7.136000000000000121e-01
2.053000000000000103e-01
5.723000000000000309e-01
-4.142000000000000126e-01
-1.555999999999999883e-01
-6.140999999999999792e-01
6.965999999999999970e-01
9.298999999999999488e-01
8.046999999999999709e-01
-2.452999999999999903e-01
9.281000000000000361e-01
3.615999999999999770e-01
-5.946000000000000174e-01
5.460000000000000270e-02
5.466999999999999638e-01
-5.806000000000000050e-01
-7.628000000000000336e-01
6.209999999999999964e-01
-4.706000000000000183e-01
-1.670000000000000095e-01
-6.155000000000000471e-01
3.562000000000000166e-01
-9.839999999999999858e-01
-8.536000000000000254e-01
-4.706000000000000183e-01
9.533000000000000362e-01
-3.500000000000000073e-03
-6.284999999999999476e-01
4.978000000000000203e-01
6.655999999999999694e-01
-3.397000000000000020e-01
