-8.209999999999999520e-01
2.096000000000000085e-01
2.023000000000000076e-01
-4.371999999999999775e-01
-3.372999999999999887e-01
-9.310000000000000220e-02
6.438000000000000389e-01
-1.055999999999999994e-01
1.925000000000000044e-01
4.440000000000000058e-01
-7.228999999999999870e-01
7.100000000000000408e-03
-2.431999999999999995e-01
8.347999999999999865e-01
5.140000000000000124e-01
-5.970000000000000306e-02
-4.738999999999999879e-01
4.834999999999999853e-01
-8.669999999999999929e-02
-1.270000000000000018e-01
9.065999999999999615e-01
-5.976000000000000201e-01
5.787999999999999812e-01
4.213000000000000078e-01
-3.086999999999999744e-01
-7.237000000000000099e-01
3.902999999999999803e-01
-5.786999999999999922e-01
-8.254000000000000226e-01
3.260000000000000120e-01
9.860999999999999766e-01
7.934999999999999831e-01
-3.902999999999999803e-01
4.007999999999999896e-01
-5.644000000000000128e-01
-5.320000000000000284e-01
-4.580000000000000043e-02
-1.998999999999999944e-01
8.889000000000000234e-01
2.252000000000000113e-01
7.534999999999999476e-01
3.009999999999999898e-01
-7.649999999999999856e-02
1.584000000000000130e-01
8.372000000000000552e-01
7.116999999999999993e-01
1.512000000000000011e-01
4.678999999999999826e-01
8.500000000000000611e-02
-1.060000000000000005e-02
3.099999999999999978e-01
-3.249000000000000221e-01
2.477999999999999925e-01
9.316999999999999726e-01
3.720999999999999863e-01
3.578000000000000069e-01
-8.890000000000000124e-01
-1.940000000000000058e-01
-9.552000000000000490e-01
-1.499999999999999944e-02
-6.404999999999999583e-01
-4.638999999999999790e-01
7.934999999999999831e-01
5.787999999999999812e-01
-9.526000000000000023e-01
-5.419999999999999818e-02
5.776999999999999913e-01
-5.593000000000000194e-01
6.879999999999999449e-01
-1.218999999999999945e-01
6.205000000000000515e-01
-3.701999999999999735e-01
-8.269999999999999574e-02
-4.535000000000000142e-01
-9.758999999999999897e-01
-5.377999999999999448e-01
3.422000000000000042e-01
-3.078000000000000180e-01
