-7.045000000000000151e-01
4.699999999999999734e-01
-1.953999999999999904e-01
3.086999999999999744e-01
-1.832000000000000017e-01
3.670000000000000345e-02
-2.084999999999999909e-01
2.497999999999999943e-01
8.726000000000000423e-01
-3.704999999999999960e-01
8.967000000000000526e-01
1.006999999999999978e-01
9.790999999999999703e-01
-4.200000000000000261e-02
-5.767999999999999794e-01
-9.273000000000000131e-01
6.448000000000000398e-01
-1.131999999999999951e-01
8.166999999999999815e-01
-3.536000000000000254e-01
5.553000000000000158e-01
-7.076999999999999957e-01
1.378000000000000058e-01
-3.902999999999999803e-01
6.008000000000000007e-01
-7.439000000000000057e-01
-4.143000000000000016e-01
-1.744999999999999885e-01
-4.323000000000000176e-01
9.378999999999999559e-01
-4.074999999999999734e-01
-3.951000000000000068e-01
-7.863999999999999879e-01
2.899999999999999800e-03
-8.318999999999999728e-01
-1.028000000000000025e-01
9.199999999999999845e-03
6.021999999999999575e-01
8.700999999999999845e-01
5.908999999999999808e-01
-4.501000000000000001e-01
-1.469999999999999918e-01
3.402000000000000024e-01
-3.664999999999999925e-01
3.091999999999999749e-01
4.254999999999999893e-01
2.089000000000000024e-01
3.497000000000000108e-01
7.904999999999999805e-01
8.954999999999999627e-01
-9.801999999999999602e-01
-6.645999999999999686e-01
-4.209999999999999853e-02
3.724999999999999978e-01
1.620000000000000051e-01
9.699999999999999734e-01
1.545999999999999874e-01
-4.969000000000000083e-01
-8.950000000000000178e-01
-3.350000000000000200e-01
-8.987000000000000544e-01
2.376999999999999946e-01
8.339999999999999636e-01
-6.674999999999999822e-01
-9.508999999999999675e-01
7.136000000000000121e-01
9.879999999999999893e-02
-3.387999999999999901e-01
-9.233000000000000096e-01
-5.637999999999999678e-01
-8.637000000000000233e-01
5.964000000000000412e-01
-5.473999999999999977e-01
-4.480999999999999983e-01
3.187999999999999723e-01
-6.364999999999999547e-01
-6.417000000000000481e-01
5.060999999999999943e-01
