4.284999999999999920e-01
3.271000000000000019e-01
-8.872999999999999776e-01
4.326999999999999735e-01
-5.702000000000000401e-01
4.174999999999999822e-01
-9.883999999999999453e-01
6.639000000000000457e-01
7.399999999999999911e-01
3.517000000000000126e-01
3.009999999999999898e-01
3.618999999999999995e-01
9.922999999999999599e-01
-8.537000000000000144e-01
-1.140999999999999931e-01
-3.426000000000000156e-01
-3.209999999999999659e-02
5.575999999999999845e-01
-9.784000000000000474e-01
-8.627000000000000224e-01
5.683000000000000274e-01
-8.534000000000000474e-01
9.772999999999999465e-01
9.734000000000000430e-01
-2.506999999999999784e-01
-5.399000000000000465e-01
-7.625999999999999446e-01
-1.020999999999999963e-01
2.837000000000000077e-01
4.280999999999999805e-01
-8.135000000000000009e-01
9.790999999999999703e-01
-3.282999999999999807e-01
5.702000000000000401e-01
5.990000000000000185e-02
8.440000000000000280e-02
5.776000000000000023e-01
-7.480999999999999872e-01
6.612000000000000099e-01
3.563000000000000056e-01
-9.918000000000000149e-01
-4.113999999999999879e-01
3.629999999999999893e-01
-6.368000000000000327e-01
-1.396999999999999909e-01
5.503000000000000114e-01
-4.815999999999999726e-01
2.330000000000000127e-01
-1.628000000000000003e-01
7.294000000000000483e-01
-8.156999999999999806e-01
6.713000000000000078e-01
1.959999999999999937e-02
9.204999999999999849e-01
-6.254999999999999449e-01
-3.209999999999999659e-02
3.047000000000000264e-01
-6.165000000000000480e-01
-2.182000000000000051e-01
3.547000000000000153e-01
8.637000000000000233e-01
-5.299000000000000377e-01
5.009999999999999870e-02
9.301000000000000378e-01
-8.639000000000000012e-01
-3.783000000000000251e-01
-5.743000000000000327e-01
-5.939999999999999725e-01
-7.215000000000000302e-01
3.049999999999999933e-01
-7.811000000000000165e-01
9.710999999999999632e-01
5.717999999999999750e-01
4.195999999999999730e-01
-7.536000000000000476e-01
1.791000000000000092e-01
-2.802000000000000046e-01
-8.794999999999999485e-01
