-6.300000000000000044e-03
7.697000000000000508e-01
-7.035000000000000142e-01
6.389999999999999847e-02
-3.192999999999999727e-01
9.943999999999999506e-01
-2.247000000000000108e-01
-3.114999999999999991e-01
-2.359999999999999945e-02
3.820999999999999952e-01
2.625000000000000111e-01
-2.651000000000000023e-01
9.553000000000000380e-01
-6.705999999999999739e-01
-7.217000000000000082e-01
3.251000000000000001e-01
-8.885999999999999455e-01
2.503000000000000225e-01
-6.875000000000000000e-01
-8.123000000000000220e-01
-8.515000000000000346e-01
-7.789999999999999702e-02
-9.921999999999999709e-01
-6.310999999999999943e-01
-5.641000000000000458e-01
6.524999999999999689e-01
9.432000000000000384e-01
-2.879999999999999782e-01
-7.489999999999999991e-01
2.511999999999999789e-01
1.353000000000000036e-01
-3.104999999999999982e-01
9.512000000000000455e-01
7.089999999999999636e-01
-6.764999999999999902e-01
2.200000000000000011e-01
6.604999999999999760e-01
4.334000000000000075e-01
5.195999999999999508e-01
6.697999999999999510e-01
2.487999999999999934e-01
3.849000000000000199e-01
7.068999999999999728e-01
9.606999999999999984e-01
-8.469999999999999751e-01
9.404000000000000137e-01
3.829000000000000181e-01
8.697000000000000286e-01
-9.209000000000000519e-01
-6.019999999999999657e-02
-8.305000000000000160e-01
3.391000000000000125e-01
-7.771000000000000130e-01
2.069000000000000006e-01
-4.526000000000000023e-01
-8.276000000000000023e-01
5.312000000000000055e-01
1.102000000000000063e-01
1.796999999999999986e-01
-7.840000000000000302e-01
6.709000000000000519e-01
7.328999999999999959e-01
-3.855999999999999983e-01
5.717999999999999750e-01
-9.020000000000000240e-01
-1.741999999999999937e-01
4.460999999999999965e-01
8.938000000000000389e-01
2.631999999999999895e-01
-1.307000000000000106e-01
2.374999999999999889e-01
9.299999999999999239e-03
-4.635000000000000231e-01
-9.545000000000000151e-01
-3.870000000000000107e-01
-2.886000000000000232e-01
6.157000000000000250e-01
-7.679999999999999327e-02
