9.083999999999999853e-01
3.401000000000000134e-01
-5.483999999999999986e-01
-8.598999999999999977e-01
2.561999999999999833e-01
-3.809000000000000163e-01
1.337000000000000133e-01
8.673999999999999488e-01
-6.800000000000000488e-02
-7.630000000000000115e-01
-1.909999999999999892e-02
4.576999999999999957e-01
9.324999999999999956e-01
7.670000000000000151e-01
4.309999999999999942e-02
3.756999999999999784e-01
3.331999999999999962e-01
9.483000000000000318e-01
-1.426000000000000045e-01
-4.859999999999999876e-01
-9.351000000000000423e-01
-3.488999999999999879e-01
9.494000000000000217e-01
-8.217999999999999750e-01
9.666000000000000147e-01
-9.737999999999999989e-01
-7.564999999999999503e-01
7.599999999999999985e-03
2.626000000000000001e-01
6.027000000000000135e-01
-1.534999999999999976e-01
6.239000000000000101e-01
-3.442000000000000060e-01
7.208999999999999853e-01
-5.255999999999999561e-01
-5.799999999999999600e-01
-7.641000000000000014e-01
-5.315999999999999615e-01
-7.423999999999999488e-01
-8.439999999999999725e-01
6.441999999999999948e-01
-9.196999999999999620e-01
8.735000000000000542e-01
1.161999999999999977e-01
-6.460000000000000464e-02
3.508000000000000007e-01
-1.123999999999999999e-01
-3.674999999999999933e-01
3.698000000000000176e-01
6.494999999999999662e-01
-3.220000000000000084e-01
5.000999999999999890e-01
1.877000000000000057e-01
2.456000000000000127e-01
-2.792000000000000037e-01
7.863999999999999879e-01
6.140000000000000319e-02
-1.370000000000000037e-02
-9.494000000000000217e-01
8.967000000000000526e-01
4.892000000000000237e-01
-7.092000000000000526e-01
5.333999999999999853e-01
1.179999999999999938e-01
-5.109000000000000208e-01
-6.900000000000000577e-02
7.941000000000000281e-01
-3.718000000000000194e-01
-7.610000000000000098e-02
2.074999999999999900e-01
4.309999999999999942e-01
6.510000000000000508e-02
1.305000000000000049e-01
-8.277999999999999803e-01
-7.116999999999999993e-01
-5.600000000000000533e-01
3.201999999999999846e-01
-5.600000000000000533e-01
