-5.064999999999999503e-01
7.859000000000000430e-01
3.531000000000000250e-01
-6.067000000000000171e-01
-5.455999999999999739e-01
-7.409999999999999920e-02
-5.416999999999999593e-01
-2.641999999999999904e-01
-1.552999999999999936e-01
9.257999999999999563e-01
-5.174999999999999600e-01
-7.859000000000000430e-01
-5.420000000000000373e-01
-2.842000000000000082e-01
-6.122999999999999554e-01
7.084000000000000297e-01
-6.640000000000000069e-02
-7.674999999999999600e-01
7.209999999999999742e-01
5.312999999999999945e-01
6.723000000000000087e-01
3.543000000000000038e-01
-1.313000000000000000e-01
-8.300000000000000086e-03
7.592999999999999750e-01
5.926000000000000156e-01
-6.292999999999999705e-01
1.882999999999999952e-01
-1.559999999999999928e-02
-8.760999999999999899e-01
8.258999999999999675e-01
-4.635000000000000231e-01
8.951000000000000068e-01
-7.366000000000000325e-01
5.215999999999999526e-01
8.328999999999999737e-01
7.059999999999999609e-02
-2.335000000000000131e-01
-4.188999999999999946e-01
-5.191000000000000059e-01
-7.779999999999999416e-02
5.599999999999999943e-03
9.627999999999999892e-01
4.304000000000000048e-01
5.360000000000000181e-02
