8.327999999999999847e-01
-1.769000000000000017e-01
9.293000000000000149e-01
-7.501999999999999780e-01
-4.030000000000000249e-01
-1.370000000000000037e-02
-7.723999999999999755e-01
-4.181000000000000272e-01
8.400000000000000522e-02
7.260999999999999677e-01
7.710000000000000187e-01
1.768000000000000127e-01
-4.688999999999999835e-01
8.688000000000000167e-01
-1.119999999999999989e-02
-4.097000000000000086e-01
2.900000000000000147e-02
9.415000000000000036e-01
4.907000000000000250e-01
9.363000000000000211e-01
-5.829999999999999766e-02
4.920999999999999819e-01
7.707000000000000517e-01
4.742999999999999994e-01
-5.112999999999999767e-01
9.284999999999999920e-01
-1.691999999999999893e-01
7.451999999999999735e-01
5.987000000000000099e-01
-9.743000000000000549e-01
-5.539999999999999786e-02
-1.827000000000000013e-01
-6.055000000000000382e-01
2.955999999999999739e-01
-6.118000000000000105e-01
-6.170999999999999819e-01
8.327999999999999847e-01
6.494999999999999662e-01
-5.060000000000000053e-01
-4.938000000000000167e-01
-7.043000000000000371e-01
-9.569999999999999341e-02
2.584000000000000186e-01
-5.279999999999999971e-02
-6.217000000000000304e-01
