7.320999999999999730e-01
4.809999999999999831e-01
-2.582999999999999741e-01
8.316999999999999948e-01
9.697999999999999954e-01
-8.399999999999999481e-03
-9.953999999999999515e-01
-1.313999999999999890e-01
8.083000000000000185e-01
-1.605000000000000038e-01
-3.235999999999999988e-01
-2.626000000000000001e-01
9.082999999999999963e-01
-2.838999999999999857e-01
3.296999999999999931e-01
3.477999999999999980e-01
7.826999999999999513e-01
-3.387999999999999901e-01
-9.444000000000000172e-01
2.409000000000000030e-01
6.775999999999999801e-01
-3.931000000000000050e-01
-1.335000000000000075e-01
2.871000000000000218e-01
-9.550000000000000155e-02
-1.454999999999999905e-01
1.958999999999999908e-01
4.331999999999999740e-01
7.259999999999999787e-02
3.462000000000000077e-01
-4.389000000000000123e-01
8.205999999999999961e-01
4.309000000000000052e-01
-9.902999999999999581e-01
3.145999999999999908e-01
8.141000000000000458e-01
6.683999999999999941e-01
2.560000000000000053e-01
-3.869000000000000217e-01
4.051000000000000156e-01
9.983999999999999542e-01
2.195999999999999897e-01
-7.019999999999999574e-01
-4.963000000000000189e-01
4.358000000000000207e-01
