7.080000000000000182e-02
9.520000000000000684e-02
-1.970000000000000084e-01
-9.261000000000000343e-01
-8.512999999999999456e-01
2.927000000000000157e-01
-3.383999999999999786e-01
-9.133000000000000007e-01
9.961999999999999744e-01
7.178999999999999826e-01
5.352999999999999980e-01
4.827000000000000179e-01
-7.590000000000000080e-01
4.733999999999999875e-01
6.894000000000000128e-01
4.531000000000000028e-01
7.542999999999999705e-01
5.279000000000000359e-01
-4.126000000000000223e-01
-8.781999999999999806e-01
9.821999999999999620e-01
-3.113000000000000211e-01
-9.485000000000000098e-01
-1.305000000000000049e-01
-2.645000000000000129e-01
-8.427000000000000046e-01
6.892000000000000348e-01
3.300000000000000155e-01
-2.160999999999999865e-01
-4.364000000000000101e-01
8.215000000000000080e-01
-8.358999999999999764e-01
6.743000000000000105e-01
-3.608000000000000096e-01
2.431000000000000105e-01
7.498000000000000220e-01
-9.115999999999999659e-01
-6.642000000000000126e-01
5.229000000000000314e-01
8.063000000000000167e-01
6.520000000000000240e-01
-6.276000000000000467e-01
6.643999999999999906e-01
7.436000000000000387e-01
2.250999999999999945e-01
