-3.961000000000000076e-01
-1.163000000000000006e-01
-1.459000000000000019e-01
-5.100000000000000089e-01
-6.830000000000000515e-01
8.384000000000000341e-01
6.802000000000000268e-01
-8.870000000000000107e-02
-1.346999999999999864e-01
-9.765000000000000346e-01
3.847999999999999754e-01
1.224999999999999978e-01
1.554000000000000103e-01
5.190000000000000169e-01
-1.267999999999999960e-01
8.879000000000000226e-01
-7.191999999999999504e-01
-2.151000000000000134e-01
7.733999999999999764e-01
9.939000000000000057e-01
-2.212000000000000077e-01
-6.040999999999999703e-01
-3.437999999999999945e-01
-7.552999999999999714e-01
-7.620000000000000107e-01
-9.405000000000000027e-01
-8.264000000000000234e-01
-2.305999999999999994e-01
1.013000000000000012e-01
-6.427000000000000490e-01
8.922999999999999821e-01
-3.472999999999999976e-01
-9.367999999999999661e-01
-1.766999999999999960e-01
1.560999999999999888e-01
3.845999999999999974e-01
6.048999999999999932e-01
1.376999999999999891e-01
4.480999999999999983e-01
-6.166000000000000369e-01
-5.739999999999999547e-01
-4.847000000000000197e-01
-6.491999999999999993e-01
9.224999999999999867e-01
-4.348000000000000198e-01
