1.821000000000000119e-01
1.223999999999999949e-01
8.691999999999999726e-01
1.920000000000000040e-01
1.741999999999999937e-01
4.094999999999999751e-01
9.106999999999999540e-01
-8.758000000000000229e-01
-6.541000000000000147e-01
9.210000000000000409e-01
-1.337000000000000133e-01
-5.132999999999999785e-01
-4.167000000000000148e-01
-6.546999999999999487e-01
-4.374000000000000110e-01
-7.630000000000000671e-02
9.757000000000000117e-01
7.639000000000000234e-01
1.342000000000000137e-01
9.502000000000000446e-01
1.786000000000000087e-01
-9.260000000000000175e-02
-1.549999999999999989e-01
3.670000000000000345e-02
-1.570999999999999897e-01
-7.752000000000000002e-01
-8.014999999999999902e-01
1.152999999999999997e-01
-8.609999999999999598e-02
6.433999999999999719e-01
2.763999999999999790e-01
-7.102000000000000535e-01
-6.001999999999999558e-01
3.063000000000000167e-01
-1.499999999999999944e-01
-8.042000000000000259e-01
3.881999999999999895e-01
-6.463999999999999746e-01
4.924999999999999933e-01
5.249999999999999806e-02
7.663999999999999702e-01
-2.212999999999999967e-01
-9.596999999999999975e-01
-9.169000000000000483e-01
3.025999999999999801e-01
