5.806999999999999940e-01
-4.179999999999999688e-02
-2.479999999999999913e-02
2.328999999999999959e-01
-9.629999999999999671e-02
5.979999999999999899e-02
8.169999999999999485e-01
3.870000000000000107e-01
-2.987000000000000210e-01
-4.843000000000000083e-01
-3.099999999999999891e-03
8.456000000000000183e-01
-7.481999999999999762e-01
-9.900999999999999801e-01
2.620000000000000107e-01
-2.368999999999999995e-01
-6.529000000000000359e-01
-4.173000000000000043e-01
-3.227999999999999758e-01
6.875999999999999890e-01
-1.463000000000000134e-01
-2.247000000000000108e-01
-2.765000000000000235e-01
1.653999999999999915e-01
-3.582000000000000184e-01
5.309000000000000385e-01
1.627000000000000113e-01
1.549999999999999989e-02
-7.786999999999999478e-01
5.588999999999999524e-01
-1.234999999999999987e-01
-4.435000000000000053e-01
-6.570000000000000284e-01
-8.669999999999999929e-01
2.681999999999999940e-01
1.212000000000000022e-01
-5.927000000000000046e-01
-8.142000000000000348e-01
-8.827000000000000401e-01
9.126999999999999558e-01
-5.506999999999999673e-01
2.831000000000000183e-01
8.429999999999999993e-02
6.711000000000000298e-01
-9.362000000000000322e-01
