3.219000000000000195e-01
8.266999999999999904e-01
-4.640000000000000235e-01
4.062999999999999945e-01
-3.245000000000000107e-01
-9.264999999999999902e-01
1.310999999999999943e-01
1.287000000000000088e-01
-7.865999999999999659e-01
3.139000000000000123e-01
5.245999999999999552e-01
1.978000000000000036e-01
2.531999999999999806e-01
-4.345999999999999863e-01
3.921999999999999931e-01
-7.425000000000000488e-01
-8.010000000000000453e-02
-5.990999999999999659e-01
-6.227000000000000313e-01
2.801000000000000156e-01
7.147999999999999909e-01
8.500000000000000611e-03
-1.231000000000000011e-01
-6.047000000000000153e-01
8.832999999999999741e-01
5.144999999999999574e-01
4.808999999999999941e-01
1.920999999999999930e-01
4.127000000000000113e-01
3.986000000000000099e-01
-8.970000000000000195e-02
-5.072999999999999732e-01
5.081999999999999851e-01
-6.176000000000000378e-01
-1.673000000000000043e-01
2.690000000000000169e-01
-6.022999999999999465e-01
5.014999999999999458e-01
7.492999999999999661e-01
8.495000000000000329e-01
5.988999999999999879e-01
-9.076999999999999513e-01
-5.670000000000000040e-02
-4.868000000000000105e-01
-4.315999999999999837e-01
