-5.097000000000000419e-01
3.118000000000000216e-01
-9.714000000000000412e-01
-8.569999999999999840e-01
-8.743999999999999551e-01
-3.368999999999999773e-01
-4.531000000000000028e-01
4.974000000000000088e-01
6.649000000000000465e-01
8.957000000000000517e-01
-4.707999999999999963e-01
4.346999999999999753e-01
7.546000000000000485e-01
-5.906000000000000139e-01
-4.249999999999999889e-01
2.313999999999999946e-01
6.230000000000000121e-02
-3.551000000000000267e-01
2.126000000000000112e-01
2.030000000000000138e-01
7.803999999999999826e-01
-6.316000000000000503e-01
3.659000000000000030e-01
-9.239000000000000545e-01
3.620000000000000301e-02
-9.688999999999999835e-01
7.964999999999999858e-01
-3.895000000000000129e-01
2.691999999999999948e-01
-1.312000000000000111e-01
9.343000000000000194e-01
5.358000000000000540e-01
6.987999999999999767e-01
-6.842000000000000304e-01
-8.860999999999999988e-01
-7.098999999999999755e-01
5.548999999999999488e-01
1.660000000000000017e-02
-3.304000000000000270e-01
-8.165999999999999925e-01
6.068999999999999950e-01
6.158000000000000140e-01
-3.513000000000000012e-01
1.101000000000000034e-01
-3.019999999999999907e-01
