9.554000000000000270e-01
1.300000000000000044e-01
3.448999999999999844e-01
-8.173000000000000265e-01
-2.881000000000000227e-01
6.019999999999999657e-02
2.610000000000000167e-02
5.691000000000000503e-01
5.165999999999999481e-01
4.632000000000000006e-01
6.199999999999999956e-01
2.210000000000000159e-02
-2.560000000000000123e-02
-4.833000000000000074e-01
-8.548999999999999932e-01
-8.487999999999999989e-01
-3.299999999999999982e-03
-4.833999999999999964e-01
-4.928000000000000158e-01
-6.529999999999999694e-02
-7.653999999999999693e-01
1.360000000000000098e-01
-4.329000000000000070e-01
2.215000000000000024e-01
-7.550000000000000044e-01
5.614000000000000101e-01
-5.380000000000000338e-01
-3.755000000000000004e-01
-6.846999999999999753e-01
-9.143999999999999906e-01
-5.073999999999999622e-01
-3.115999999999999881e-01
-5.930999999999999606e-01
-1.220000000000000077e-02
-3.289999999999999869e-02
7.832999999999999963e-01
-8.325000000000000178e-01
-2.361999999999999933e-01
-3.154000000000000137e-01
-9.215999999999999748e-01
7.990000000000000435e-01
4.436999999999999833e-01
7.083000000000000407e-01
-8.602999999999999536e-01
-5.152999999999999803e-01
