-5.743000000000000327e-01
1.160000000000000059e-01
-9.754000000000000448e-01
4.052000000000000046e-01
-3.941000000000000059e-01
6.620000000000000329e-01
8.964999999999999636e-01
-2.205000000000000016e-01
9.909000000000000030e-01
8.157999999999999696e-01
-6.173999999999999488e-01
-1.274000000000000132e-01
8.608000000000000096e-01
3.467000000000000082e-01
-7.356000000000000316e-01
-1.088999999999999968e-01
-3.871999999999999886e-01
7.733999999999999764e-01
1.091000000000000025e-01
1.872999999999999943e-01
-3.578000000000000069e-01
9.237999999999999545e-01
3.125000000000000000e-01
-6.233999999999999542e-01
9.209000000000000519e-01
3.118000000000000216e-01
-8.269999999999999574e-02
-2.376999999999999946e-01
3.780999999999999917e-01
-6.011999999999999567e-01
6.382999999999999785e-01
-3.269000000000000239e-01
-1.669999999999999957e-02
1.862000000000000044e-01
5.714000000000000190e-01
-7.735999999999999543e-01
2.373999999999999999e-01
2.129999999999999949e-01
3.861999999999999877e-01
-5.318000000000000504e-01
5.850999999999999535e-01
-1.967000000000000137e-01
7.481999999999999762e-01
-2.521999999999999797e-01
-3.806999999999999829e-01
