7.341999999999999638e-01
9.949999999999999956e-01
8.209999999999999520e-01
-9.523000000000000353e-01
-9.966000000000000414e-01
9.014999999999999680e-01
3.721999999999999753e-01
7.379999999999999893e-01
-6.389000000000000234e-01
-1.950000000000000067e-01
7.611999999999999877e-01
-4.193999999999999950e-01
5.439999999999999697e-02
7.571999999999999842e-01
3.936999999999999944e-01
-9.105999999999999650e-01
-3.910000000000000281e-02
-8.343000000000000416e-01
8.406000000000000139e-01
-5.335999999999999632e-01
-6.785999999999999810e-01
-2.106999999999999984e-01
-7.824999999999999734e-01
5.227000000000000535e-01
-2.901000000000000245e-01
4.611999999999999988e-01
-6.086000000000000298e-01
1.433999999999999997e-01
-1.826000000000000123e-01
-7.822999999999999954e-01
-7.681999999999999940e-01
3.125000000000000000e-01
-6.949999999999999512e-01
4.302000000000000268e-01
2.918000000000000038e-01
8.862999999999999767e-01
-1.213999999999999940e-01
-5.636999999999999789e-01
4.183000000000000052e-01
-8.473000000000000531e-01
9.710000000000000575e-02
-4.108999999999999875e-01
-1.092000000000000054e-01
-6.602999999999999980e-01
-7.399999999999999911e-01
3.559999999999999970e-02
2.315000000000000113e-01
-4.932000000000000273e-01
-9.010000000000000231e-01
-4.860999999999999766e-01
1.728000000000000091e-01
-9.807000000000000162e-01
8.179999999999999494e-01
-2.210999999999999910e-01
-8.250999999999999446e-01
-7.205000000000000293e-01
6.521000000000000130e-01
-6.340999999999999970e-01
-2.546999999999999820e-01
2.889999999999999861e-02
-7.522999999999999687e-01
5.314999999999999725e-01
-4.213000000000000078e-01
-1.854999999999999982e-01
-6.932000000000000384e-01
8.346000000000000085e-01
-6.429000000000000270e-01
-2.509000000000000119e-01
1.522999999999999909e-01
2.277000000000000135e-01
1.464000000000000024e-01
7.413999999999999480e-01
9.439999999999999503e-01
-5.677999999999999714e-01
9.462000000000000410e-01
-7.076999999999999957e-01
-4.148999999999999910e-01
4.737000000000000099e-01
-5.029000000000000137e-01
-2.873999999999999888e-01
7.308000000000000052e-01
9.633000000000000451e-01
-1.103999999999999981e-01
-3.359999999999999792e-02
1.063000000000000056e-01
5.799999999999999600e-01
-1.024000000000000049e-01
-6.389999999999999847e-02
-1.610999999999999932e-01
-5.022999999999999687e-01
7.721999999999999975e-01
5.706999999999999851e-01
7.328000000000000069e-01
-2.336000000000000021e-01
8.225000000000000089e-01
6.065000000000000391e-01
2.310999999999999999e-01
-9.533000000000000362e-01
-9.385999999999999899e-01
-1.322000000000000119e-01
2.134000000000000064e-01
3.054999999999999938e-01
4.194999999999999840e-01
-8.812999999999999723e-01
1.297999999999999987e-01
9.750000000000000333e-02
2.913000000000000034e-01
-4.143000000000000016e-01
-4.047999999999999932e-01
-9.344999999999999973e-01
4.568999999999999728e-01
8.836000000000000520e-01
6.000000000000000125e-03
2.649999999999999925e-02
-9.344999999999999973e-01
-1.343000000000000027e-01
3.991000000000000103e-01
-8.285000000000000142e-01
-3.645999999999999797e-01
5.916000000000000147e-01
-4.385999999999999899e-01
1.509000000000000064e-01
-1.386999999999999900e-01
3.748000000000000220e-01
3.321999999999999953e-01
4.539000000000000257e-01
-8.671999999999999709e-01
-9.673000000000000487e-01
4.504000000000000226e-01
6.078999999999999959e-01
-9.326999999999999735e-01
3.119000000000000106e-01
-3.855000000000000093e-01
3.780999999999999917e-01
-3.655999999999999805e-01
5.783000000000000362e-01
5.425999999999999712e-01
-2.349999999999999867e-01
-6.807999999999999607e-01
-3.126999999999999780e-01
-8.293000000000000371e-01
9.215999999999999748e-01
1.292999999999999983e-01
7.058999999999999719e-01
8.790999999999999925e-01
4.650000000000000244e-01
1.832000000000000017e-01
-5.940000000000000141e-02
8.332000000000000517e-01
7.199999999999999734e-01
6.723999999999999977e-01
1.854000000000000092e-01
8.252000000000000446e-01
-1.396000000000000019e-01
-6.044000000000000483e-01
7.483999999999999542e-01
-3.647000000000000242e-01
-1.734999999999999876e-01
-4.484000000000000208e-01
-1.517999999999999905e-01
-3.261000000000000010e-01
9.966000000000000414e-01
-7.049999999999999323e-02
8.535000000000000364e-01
4.951999999999999735e-01
-7.856999999999999540e-01
-9.099999999999999756e-02
-9.586000000000000076e-01
-7.109999999999999654e-02
-4.040000000000000258e-01
-7.884999999999999787e-01
-1.317000000000000115e-01
4.421999999999999820e-01
-2.881000000000000227e-01
7.244000000000000439e-01
5.158000000000000362e-01
-4.213000000000000078e-01
-3.280000000000000138e-01
8.186999999999999833e-01
5.074999999999999512e-01
-8.171000000000000485e-01
5.749999999999999556e-01
-9.247999999999999554e-01
4.109999999999999765e-01
7.099999999999999367e-02
-1.029999999999999943e-01
3.840999999999999970e-01
3.151999999999999802e-01
1.600999999999999923e-01
6.812000000000000277e-01
-5.515999999999999792e-01
-2.500000000000000052e-03
-8.030000000000000471e-01
9.637999999999999901e-01
-2.874999999999999778e-01
-6.018000000000000016e-01
6.542999999999999927e-01
1.494999999999999940e-01
-1.034999999999999948e-01
5.489000000000000545e-01
-8.689000000000000057e-01
-6.018999999999999906e-01
-7.169999999999999707e-01
-5.190000000000000169e-02
-3.532000000000000139e-01
7.671000000000000041e-01
4.565000000000000169e-01
9.795000000000000373e-01
5.513000000000000123e-01
9.109000000000000430e-01
-2.968000000000000083e-01
-1.451999999999999957e-01
5.079000000000000181e-01
-5.483000000000000096e-01
-4.228999999999999981e-01
9.698999999999999844e-01
2.308999999999999941e-01
-3.835000000000000075e-01
-7.119999999999999940e-02
-3.916999999999999926e-01
1.020999999999999963e-01
-1.303999999999999881e-01
7.864999999999999769e-01
-4.133999999999999897e-01
-3.442999999999999949e-01
-5.673000000000000265e-01
9.406999999999999806e-01
1.534000000000000086e-01
5.453000000000000069e-01
4.743999999999999884e-01
3.071999999999999731e-01
6.268000000000000238e-01
2.258000000000000007e-01
1.299999999999999940e-03
8.659999999999999643e-02
-3.890000000000000124e-01
7.338999999999999968e-01
-3.670999999999999819e-01
-5.668999999999999595e-01
-6.007000000000000117e-01
7.348999999999999977e-01
-4.440000000000000197e-02
7.362999999999999545e-01
-3.106999999999999762e-01
6.664999999999999813e-01
7.516000000000000458e-01
-7.795999999999999597e-01
9.488999999999999657e-01
6.247000000000000330e-01
-8.137999999999999678e-01
9.457999999999999741e-01
2.711000000000000076e-01
8.697000000000000286e-01
2.452000000000000013e-01
-1.486999999999999988e-01
-6.310000000000000053e-01
-7.440999999999999837e-01
6.387000000000000455e-01
9.800000000000000377e-02
5.796999999999999931e-01
-3.447000000000000064e-01
-6.282999999999999696e-01
9.649999999999999689e-01
3.864000000000000212e-01
-6.373999999999999666e-01
-3.731999999999999762e-01
-9.328999999999999515e-01
-3.825999999999999956e-01
1.149999999999999981e-02
-2.903000000000000025e-01
8.175000000000000044e-01
-9.326999999999999735e-01
9.089999999999999469e-02
3.054000000000000048e-01
-7.861000000000000210e-01
-5.103999999999999648e-01
4.133999999999999897e-01
-1.302000000000000102e-01
-1.706000000000000016e-01
5.739999999999999547e-01
-2.044999999999999873e-01
-6.832000000000000295e-01
1.600000000000000077e-03
-9.546999999999999931e-01
4.509000000000000230e-01
-4.501999999999999891e-01
-5.076000000000000512e-01
-1.884000000000000119e-01
1.572000000000000064e-01
8.749000000000000110e-01
-1.960000000000000075e-01
-3.724999999999999978e-01
-1.481000000000000094e-01
8.110000000000000542e-02
-2.232000000000000095e-01
4.181000000000000272e-01
-4.055000000000000271e-01
-4.727000000000000091e-01
-4.445000000000000062e-01
-8.952999999999999847e-01
