-4.329999999999999960e-01
-9.396999999999999797e-01
9.647000000000000020e-01
4.499999999999999660e-03
7.700000000000000178e-01
-8.000000000000000167e-02
-6.250999999999999890e-01
3.477000000000000091e-01
3.230999999999999983e-01
-5.435999999999999721e-01
-4.799999999999999822e-01
9.416999999999999815e-01
9.333000000000000185e-01
-9.039999999999999425e-02
-4.678999999999999826e-01
-2.974999999999999867e-01
7.123000000000000442e-01
9.211000000000000298e-01
-4.082000000000000073e-01
4.118999999999999884e-01
1.718999999999999972e-01
-7.392999999999999572e-01
-4.794999999999999818e-01
-1.806999999999999995e-01
1.491999999999999993e-01
7.022000000000000464e-01
1.741999999999999937e-01
4.652999999999999914e-01
8.408999999999999808e-01
7.463999999999999524e-01
-3.721999999999999753e-01
2.679000000000000270e-01
-4.400000000000000265e-03
-3.768000000000000238e-01
6.068999999999999950e-01
8.467000000000000082e-01
-4.839999999999999858e-02
3.619999999999999885e-01
5.322999999999999954e-01
-6.679000000000000492e-01
-4.348000000000000198e-01
-7.134000000000000341e-01
2.093000000000000138e-01
-1.981999999999999873e-01
-3.590999999999999748e-01
3.063000000000000167e-01
2.499000000000000110e-01
-4.385000000000000009e-01
9.036999999999999478e-01
-6.764000000000000012e-01
-7.854999999999999760e-01
8.843999999999999639e-01
-9.003999999999999782e-01
-9.400000000000000022e-02
-2.162000000000000033e-01
3.266999999999999904e-01
6.334999999999999520e-01
-6.794000000000000039e-01
4.000000000000000083e-03
-7.097999999999999865e-01
2.099000000000000032e-01
8.370999999999999552e-01
-4.598999999999999755e-01
-6.380000000000000115e-01
-8.709999999999999964e-01
-5.381000000000000227e-01
3.845999999999999974e-01
-9.590999999999999526e-01
-9.418999999999999595e-01
-5.034999999999999476e-01
7.829000000000000403e-01
-1.448000000000000120e-01
8.617000000000000215e-01
-7.524999999999999467e-01
7.641999999999999904e-01
2.945999999999999730e-01
1.855999999999999872e-01
2.477000000000000035e-01
6.598000000000000531e-01
5.493999999999999995e-01
-2.691999999999999948e-01
-2.854999999999999760e-01
5.493999999999999995e-01
7.546000000000000485e-01
4.953000000000000180e-01
-2.469999999999999973e-01
2.233999999999999875e-01
-9.133000000000000007e-01
-9.299999999999999933e-02
7.556000000000000494e-01
-7.641999999999999904e-01
-5.453000000000000069e-01
-9.827000000000000179e-01
7.599999999999999985e-03
-5.677999999999999714e-01
-2.089000000000000024e-01
-6.148000000000000131e-01
-4.882000000000000228e-01
3.489999999999999769e-01
1.474999999999999922e-01
4.123999999999999888e-01
7.501999999999999780e-01
-5.082999999999999741e-01
7.413999999999999480e-01
4.062999999999999945e-01
-7.620000000000000107e-01
9.883999999999999453e-01
6.344999999999999529e-01
9.655000000000000249e-01
-8.163000000000000256e-01
3.365000000000000213e-01
6.777999999999999581e-01
6.875000000000000000e-01
4.137000000000000122e-01
-3.255000000000000115e-01
2.659999999999999865e-02
-2.132999999999999896e-01
3.558999999999999941e-01
-8.033000000000000140e-01
-7.859000000000000430e-01
-9.402000000000000357e-01
2.795000000000000262e-01
2.610999999999999988e-01
-4.991999999999999771e-01
-5.777999999999999803e-01
-6.125000000000000444e-01
6.309000000000000163e-01
-6.523999999999999799e-01
9.048000000000000487e-01
-1.544000000000000095e-01
-2.989999999999999880e-01
-2.361000000000000043e-01
7.481999999999999762e-01
-4.685000000000000275e-01
2.033000000000000085e-01
-5.360000000000000181e-02
6.050999999999999712e-01
3.158000000000000251e-01
-3.719000000000000083e-01
-6.735999999999999766e-01
-7.720000000000000473e-02
-1.020999999999999963e-01
-9.627999999999999892e-01
4.721000000000000196e-01
-9.429999999999999494e-01
-4.879000000000000004e-01
9.835000000000000409e-01
-2.061999999999999944e-01
-1.221000000000000002e-01
-2.390000000000000110e-02
-4.449000000000000177e-01
-4.753999999999999893e-01
-8.046999999999999709e-01
-4.183000000000000052e-01
1.264000000000000123e-01
5.131000000000000005e-01
7.160999999999999588e-01
1.350999999999999979e-01
-5.152999999999999803e-01
2.881000000000000227e-01
-6.754000000000000004e-01
5.295999999999999597e-01
6.765999999999999792e-01
8.369999999999999662e-02
-7.915999999999999703e-01
-9.429999999999999494e-02
3.778000000000000247e-01
-8.625000000000000444e-01
7.495000000000000551e-01
-9.817000000000000171e-01
9.320000000000000506e-02
-8.408999999999999808e-01
6.918999999999999595e-01
-1.668999999999999928e-01
2.883999999999999897e-01
-8.953999999999999737e-01
9.393000000000000238e-01
1.252000000000000057e-01
2.293000000000000038e-01
6.855999999999999872e-01
9.307999999999999607e-01
-2.726999999999999980e-01
3.427000000000000046e-01
3.649999999999999772e-02
4.149999999999999800e-01
-5.585999999999999854e-01
-1.955999999999999961e-01
-7.432999999999999607e-01
9.284000000000000030e-01
-6.350000000000000089e-02
6.591000000000000192e-01
-3.220999999999999974e-01
1.832999999999999907e-01
6.971000000000000529e-01
-1.203000000000000042e-01
-2.691999999999999948e-01
-3.219999999999999946e-02
6.119999999999999885e-01
9.840999999999999748e-01
9.364999999999999991e-01
5.500000000000000444e-01
9.366999999999999771e-01
8.296000000000000041e-01
7.491999999999999771e-01
-9.972999999999999643e-01
-8.746000000000000441e-01
6.985000000000000098e-01
5.480000000000000149e-02
9.120000000000000329e-02
8.235999999999999988e-01
-8.196999999999999842e-01
-7.174000000000000377e-01
-7.428000000000000158e-01
1.491999999999999993e-01
-1.451000000000000068e-01
2.114999999999999936e-01
4.242000000000000215e-01
5.424999999999999822e-01
4.440999999999999948e-01
6.054000000000000492e-01
-5.591000000000000414e-01
-7.468000000000000194e-01
4.326999999999999735e-01
-4.635000000000000231e-01
5.703000000000000291e-01
-5.759999999999999565e-01
9.196999999999999620e-01
6.302999999999999714e-01
-1.026999999999999996e-01
-4.550000000000000155e-01
-2.995999999999999774e-01
-6.378000000000000336e-01
3.379999999999999671e-02
8.245999999999999996e-01
7.385000000000000453e-01
-5.815000000000000169e-01
8.393000000000000460e-01
-7.130999999999999561e-01
3.165000000000000036e-01
-5.301000000000000156e-01
-3.196999999999999842e-01
8.304000000000000270e-01
5.070000000000000201e-02
-1.799000000000000044e-01
-4.727999999999999980e-01
3.390000000000000235e-01
2.280000000000000082e-01
1.213999999999999940e-01
-9.205999999999999739e-01
-9.161000000000000254e-01
7.822999999999999954e-01
-9.992999999999999661e-01
-9.829999999999999849e-02
3.025999999999999801e-01
9.069000000000000394e-01
-3.299000000000000266e-01
2.605000000000000093e-01
4.395999999999999908e-01
-6.975000000000000089e-01
-3.090000000000000038e-02
8.530999999999999694e-01
2.039999999999999869e-01
-4.830000000000000265e-02
4.800000000000000100e-02
4.646000000000000130e-01
8.094999999999999973e-01
-9.750999999999999668e-01
-6.377000000000000446e-01
-3.642000000000000237e-01
-8.730000000000000260e-02
3.071999999999999731e-01
9.638999999999999790e-01
1.299999999999999940e-02
5.626999999999999780e-01
9.371000000000000441e-01
-7.469000000000000083e-01
5.743000000000000327e-01
-8.917000000000000481e-01
6.291999999999999815e-01
8.266999999999999904e-01
-8.509999999999999787e-01
-2.627999999999999781e-01
3.830000000000000071e-01
1.928999999999999881e-01
7.630000000000000671e-02
-9.882999999999999563e-01
-7.731000000000000094e-01
-5.164999999999999591e-01
2.401999999999999968e-01
-3.397999999999999909e-01
4.264000000000000012e-01
-6.410000000000000420e-02
-1.585999999999999910e-01
4.573999999999999733e-01
-1.582999999999999963e-01
4.431999999999999829e-01
3.623999999999999999e-01
-5.888999999999999790e-01
-4.229999999999999732e-02
-1.151999999999999968e-01
