7.670000000000000429e-02
-5.758999999999999675e-01
-1.537999999999999923e-01
9.792999999999999483e-01
1.698999999999999955e-01
5.543000000000000149e-01
2.063000000000000111e-01
7.622999999999999776e-01
-8.078999999999999515e-01
7.201999999999999513e-01
5.319000000000000394e-01
5.999999999999999778e-02
4.838000000000000078e-01
4.966999999999999749e-01
-1.082000000000000045e-01
-2.046000000000000041e-01
4.768000000000000016e-01
-1.940000000000000058e-01
3.222999999999999754e-01
-2.167000000000000037e-01
8.720999999999999863e-01
7.735999999999999543e-01
-2.559000000000000163e-01
-1.197000000000000008e-01
-2.606999999999999873e-01
-7.083000000000000407e-01
-7.003000000000000336e-01
3.765000000000000013e-01
6.000999999999999668e-01
4.064999999999999725e-01
-6.922000000000000375e-01
-6.641000000000000236e-01
-3.326000000000000068e-01
-7.802000000000000046e-01
5.974000000000000421e-01
-9.589999999999999913e-02
4.061000000000000165e-01
2.245000000000000051e-01
9.699999999999999734e-01
-6.519000000000000350e-01
-4.304999999999999938e-01
9.801999999999999602e-01
4.439000000000000168e-01
-9.325999999999999845e-01
-9.919999999999999929e-01
6.192999999999999616e-01
-2.470999999999999863e-01
3.543999999999999928e-01
3.941999999999999948e-01
-4.793000000000000038e-01
1.098999999999999977e-01
5.451000000000000290e-01
8.528999999999999915e-01
-3.910000000000000142e-01
9.574000000000000288e-01
-4.324999999999999956e-01
-2.121000000000000107e-01
3.691999999999999726e-01
1.250000000000000069e-02
3.649999999999999772e-02
-2.484999999999999987e-01
8.153000000000000247e-01
-7.865999999999999659e-01
3.617000000000000215e-01
1.854000000000000092e-01
9.116999999999999549e-01
-7.000000000000000146e-03
4.958000000000000185e-01
1.622000000000000108e-01
9.651999999999999469e-01
-5.571000000000000396e-01
9.536000000000000032e-01
-4.974999999999999978e-01
9.623000000000000442e-01
5.779999999999999721e-02
-5.222999999999999865e-01
-3.074000000000000066e-01
3.032000000000000250e-01
5.449999999999999983e-02
9.388999999999999568e-01
-8.761999999999999789e-01
-4.380000000000000004e-01
8.129999999999999727e-02
-2.071999999999999953e-01
-3.365000000000000213e-01
-3.603000000000000091e-01
-3.795999999999999930e-01
-5.758999999999999675e-01
5.947000000000000064e-01
2.031999999999999917e-01
9.888000000000000123e-01
-6.415999999999999481e-01
-5.862000000000000544e-01
9.370000000000000551e-02
2.442000000000000004e-01
7.920000000000000373e-01
-3.502000000000000113e-01
-3.473999999999999866e-01
-7.848000000000000531e-01
-7.672999999999999821e-01
-7.590999999999999970e-01
9.829999999999999849e-01
-7.169999999999999707e-01
-7.546000000000000485e-01
6.378000000000000336e-01
6.663000000000000034e-01
-3.266999999999999904e-01
-9.683000000000000496e-01
6.875999999999999890e-01
5.510000000000000314e-02
-8.408999999999999808e-01
1.620000000000000051e-01
1.279000000000000137e-01
6.899999999999999467e-01
-4.760000000000000342e-02
-6.298000000000000265e-01
-8.368999999999999773e-01
6.885000000000000009e-01
1.943000000000000005e-01
8.288999999999999702e-01
2.702999999999999847e-01
-3.947999999999999843e-01
-9.879000000000000004e-01
-4.064999999999999725e-01
-9.959999999999999409e-02
9.113999999999999879e-01
-7.588000000000000300e-01
-2.659999999999999865e-02
-7.540999999999999925e-01
-5.129999999999999838e-02
6.959999999999999520e-02
5.224999999999999645e-01
7.792000000000000037e-01
7.309999999999999831e-02
-5.883000000000000451e-01
-4.410999999999999921e-01
-7.973000000000000087e-01
-7.759000000000000341e-01
9.725000000000000311e-01
-3.980000000000000204e-02
-6.949999999999999512e-01
-9.885000000000000453e-01
2.152999999999999914e-01
1.794999999999999929e-01
8.990000000000000213e-01
5.042999999999999705e-01
9.576999999999999957e-01
5.120999999999999996e-01
-3.040999999999999814e-01
9.976000000000000423e-01
5.020000000000000157e-02
-2.449000000000000066e-01
3.139000000000000123e-01
8.981999999999999984e-01
-2.318000000000000060e-01
7.000000000000000666e-02
4.777000000000000135e-01
-3.074999999999999956e-01
8.856000000000000538e-01
-1.368999999999999939e-01
-2.071999999999999953e-01
-2.721999999999999975e-01
-4.400000000000000265e-03
-2.467000000000000026e-01
1.005999999999999950e-01
3.919000000000000261e-01
5.372999999999999998e-01
-5.693000000000000282e-01
2.253000000000000003e-01
7.375000000000000444e-01
-2.871000000000000218e-01
8.602999999999999536e-01
-4.786000000000000254e-01
-5.002999999999999670e-01
5.531000000000000361e-01
4.257000000000000228e-01
-1.519000000000000072e-01
9.565000000000000169e-01
3.479999999999999760e-02
7.248999999999999888e-01
-9.020000000000000240e-01
4.702000000000000068e-01
9.559999999999999609e-01
-7.897999999999999465e-01
-7.482999999999999652e-01
-7.939000000000000501e-01
8.500000000000000611e-02
9.834000000000000519e-01
4.119999999999999774e-01
-8.417999999999999927e-01
-2.513000000000000234e-01
-4.939999999999999947e-02
5.483999999999999986e-01
1.189000000000000057e-01
3.214000000000000190e-01
6.329000000000000181e-01
-3.368999999999999773e-01
-2.615999999999999992e-01
6.753000000000000114e-01
3.135999999999999899e-01
-8.025999999999999801e-01
-4.398000000000000242e-01
-3.755999999999999894e-01
1.202000000000000013e-01
-7.150999999999999579e-01
1.403000000000000080e-01
-7.184000000000000385e-01
-6.328000000000000291e-01
-4.722999999999999976e-01
9.598999999999999755e-01
-2.949999999999999845e-01
-6.258000000000000229e-01
-1.310000000000000053e-01
-1.948999999999999899e-01
-1.363000000000000045e-01
4.403000000000000247e-01
2.154999999999999971e-01
5.711000000000000520e-01
-3.219000000000000195e-01
4.051000000000000156e-01
8.182000000000000384e-01
-6.870000000000000551e-01
9.600000000000000200e-02
-6.202999999999999625e-01
6.633999999999999897e-01
5.681000000000000494e-01
-7.233000000000000540e-01
-3.745999999999999885e-01
-6.843000000000000194e-01
6.590000000000000024e-02
-7.130999999999999561e-01
-9.456999999999999851e-01
8.043000000000000149e-01
5.959999999999999742e-01
4.849999999999999867e-01
3.070999999999999841e-01
8.489999999999999769e-01
7.833999999999999853e-01
-3.952999999999999847e-01
3.276000000000000023e-01
4.325999999999999845e-01
-1.949999999999999997e-02
-7.854999999999999760e-01
3.231999999999999873e-01
8.437000000000000055e-01
-2.384000000000000008e-01
-9.562000000000000499e-01
-3.919999999999999873e-02
-2.833999999999999853e-01
6.902000000000000357e-01
4.839999999999999858e-01
7.179999999999999716e-01
7.931000000000000272e-01
-8.053000000000000158e-01
5.339000000000000412e-01
1.736999999999999933e-01
-4.149999999999999800e-01
-4.449999999999999789e-02
6.187000000000000277e-01
-3.929000000000000270e-01
-4.312000000000000277e-01
3.086999999999999744e-01
-8.711999999999999744e-01
-3.158000000000000251e-01
9.689999999999999725e-01
-6.415999999999999481e-01
-8.304000000000000270e-01
3.847999999999999754e-01
6.008000000000000007e-01
-9.748999999999999888e-01
7.711000000000000076e-01
8.441999999999999504e-01
-9.333000000000000185e-01
1.642000000000000126e-01
7.999000000000000554e-01
-1.652000000000000135e-01
-7.756999999999999451e-01
4.153000000000000025e-01
6.899999999999999467e-01
-3.413999999999999813e-01
-4.000000000000000192e-04
-7.416000000000000369e-01
-8.296000000000000041e-01
5.332000000000000073e-01
1.120000000000000023e-01
4.701000000000000179e-01
6.934000000000000163e-01
-7.822000000000000064e-01
-1.739999999999999880e-02
5.302999999999999936e-01
-6.712000000000000188e-01
-6.054000000000000492e-01
5.879999999999999810e-02
-7.118999999999999773e-01
9.185999999999999721e-01
1.923999999999999877e-01
7.097999999999999865e-01
6.927999999999999714e-01
5.030999999999999917e-01
5.179000000000000270e-01
