4.549999999999999878e-02
6.802000000000000268e-01
-1.970999999999999974e-01
2.076000000000000068e-01
4.420000000000000040e-01
-3.034000000000000030e-01
-1.544999999999999984e-01
-4.961999999999999744e-01
4.870999999999999774e-01
7.599000000000000199e-01
-6.959999999999999520e-02
-8.703999999999999515e-01
9.860999999999999766e-01
-2.259999999999999856e-02
-2.655000000000000138e-01
-4.405999999999999917e-01
7.281999999999999584e-01
2.796000000000000152e-01
-6.229999999999999982e-01
-7.056000000000000050e-01
7.989999999999999880e-02
-6.715999999999999748e-01
9.350000000000000533e-01
1.393000000000000071e-01
5.899999999999999689e-02
8.730999999999999872e-01
-7.063000000000000389e-01
-9.706000000000000183e-01
-5.997999999999999998e-01
-8.581999999999999629e-01
6.051999999999999602e-01
-9.633000000000000451e-01
9.814000000000000501e-01
3.252999999999999781e-01
9.584000000000000297e-01
6.108999999999999986e-01
-4.451999999999999846e-01
8.600999999999999757e-01
-5.587999999999999634e-01
5.684000000000000163e-01
3.039000000000000035e-01
7.906999999999999584e-01
-1.077000000000000041e-01
5.366999999999999549e-01
-8.151000000000000467e-01
4.688999999999999835e-01
1.388000000000000067e-01
2.814999999999999725e-01
-2.780000000000000249e-01
5.663000000000000256e-01
4.853000000000000091e-01
-6.248000000000000220e-01
9.766000000000000236e-01
5.933000000000000496e-01
4.421999999999999820e-01
-8.202000000000000401e-01
6.311999999999999833e-01
9.999000000000000110e-01
3.326000000000000068e-01
4.087000000000000077e-01
6.640000000000000069e-02
-3.579999999999999849e-02
-5.967999999999999972e-01
-6.172999999999999599e-01
-8.584000000000000519e-01
7.732999999999999874e-01
1.559999999999999928e-02
3.764000000000000123e-01
2.016000000000000014e-01
1.947000000000000119e-01
-6.563999999999999835e-01
1.894000000000000128e-01
4.380000000000000004e-01
-8.592999999999999527e-01
-7.423999999999999488e-01
-9.709999999999999742e-01
8.350999999999999535e-01
3.316999999999999948e-01
-7.219999999999999751e-01
-7.479999999999999982e-01
3.378999999999999782e-01
-3.899999999999999821e-03
-8.042000000000000259e-01
6.530000000000000249e-01
-8.596000000000000307e-01
4.708999999999999853e-01
-9.750999999999999668e-01
5.335999999999999632e-01
3.585999999999999743e-01
7.925999999999999712e-01
9.018000000000000460e-01
-6.408000000000000362e-01
-7.230999999999999650e-01
-2.913000000000000034e-01
-6.370000000000000662e-02
-6.089999999999999858e-01
-9.089000000000000412e-01
6.843000000000000194e-01
-4.904999999999999916e-01
-3.246999999999999886e-01
-5.220000000000000334e-02
8.162000000000000366e-01
1.464000000000000024e-01
2.038999999999999979e-01
9.572000000000000508e-01
-7.639999999999999569e-02
-8.577000000000000179e-01
1.829000000000000070e-01
-8.350000000000000477e-02
4.260999999999999788e-01
2.988000000000000100e-01
-5.298000000000000487e-01
4.146000000000000241e-01
-7.930000000000000382e-01
-6.370999999999999996e-01
-3.743000000000000216e-01
1.766999999999999960e-01
5.376999999999999558e-01
1.870999999999999885e-01
5.665000000000000036e-01
4.275999999999999801e-01
-7.927999999999999492e-01
2.686999999999999944e-01
-3.839999999999999664e-02
-3.934000000000000274e-01
-1.560999999999999888e-01
-7.153000000000000469e-01
-1.069999999999999944e-02
9.761999999999999567e-01
-3.523000000000000020e-01
-3.773000000000000242e-01
-3.049000000000000044e-01
7.463999999999999524e-01
-3.815999999999999948e-01
-8.930000000000000160e-01
2.361999999999999933e-01
-7.080000000000000182e-02
-2.008000000000000063e-01
-9.700000000000000289e-02
-1.824999999999999956e-01
-8.851999999999999869e-01
-4.645000000000000240e-01
-9.052000000000000046e-01
-9.391000000000000458e-01
-3.558999999999999941e-01
-9.840000000000000135e-02
-1.741999999999999937e-01
3.382000000000000006e-01
-6.864999999999999991e-01
-2.709999999999999909e-02
9.119000000000000439e-01
-6.317000000000000393e-01
4.368000000000000216e-01
3.543000000000000038e-01
5.857999999999999874e-01
-5.258000000000000451e-01
-6.851000000000000423e-01
-7.662999999999999812e-01
1.862999999999999934e-01
-3.699999999999999956e-01
2.190000000000000002e-01
3.479999999999999760e-01
-6.549000000000000377e-01
3.577000000000000179e-01
8.404000000000000359e-01
4.499999999999999660e-03
7.092000000000000526e-01
-7.246000000000000218e-01
2.924999999999999822e-01
5.262999999999999901e-01
5.700000000000000205e-03
3.659999999999999920e-01
9.320000000000000506e-02
5.865000000000000213e-01
5.899999999999999863e-03
7.574999999999999512e-01
-2.351999999999999924e-01
-1.095000000000000001e-01
-1.149999999999999981e-02
3.770999999999999908e-01
-5.141000000000000014e-01
3.227999999999999758e-01
8.690000000000000502e-02
-4.807000000000000162e-01
2.769999999999999893e-02
6.432999999999999829e-01
8.712999999999999634e-01
-5.999999999999999778e-02
-2.177999999999999936e-01
2.931000000000000272e-01
6.101999999999999647e-01
-9.728999999999999870e-01
-1.963000000000000023e-01
1.335999999999999965e-01
-8.980000000000000482e-02
6.108999999999999986e-01
1.345999999999999974e-01
8.600999999999999757e-01
-2.565000000000000058e-01
4.964000000000000079e-01
6.844999999999999973e-01
5.931999999999999496e-01
-3.489999999999999769e-01
6.958999999999999631e-01
8.738000000000000211e-01
3.860000000000000236e-02
-6.854000000000000092e-01
-4.590000000000000330e-02
9.043999999999999817e-01
5.137000000000000455e-01
4.320000000000000229e-02
2.056000000000000050e-01
-8.025999999999999801e-01
-9.056999999999999496e-01
4.964000000000000079e-01
-3.150000000000000022e-01
6.962000000000000410e-01
-9.689999999999999725e-01
9.143999999999999906e-01
-8.010000000000000453e-02
-6.289999999999999758e-02
-5.453000000000000069e-01
7.627000000000000446e-01
5.522000000000000242e-01
-2.590999999999999970e-01
-8.385000000000000231e-01
-5.233999999999999764e-01
-5.551000000000000378e-01
-8.428999999999999826e-01
6.183999999999999497e-01
9.532000000000000473e-01
6.985000000000000098e-01
-4.062999999999999945e-01
9.845000000000000417e-01
4.824999999999999845e-01
8.497000000000000108e-01
3.310000000000000164e-01
-5.382000000000000117e-01
-7.145000000000000240e-01
6.099999999999999867e-01
5.353999999999999870e-01
6.566999999999999504e-01
-1.178000000000000019e-01
-1.466999999999999971e-01
5.836999999999999966e-01
-2.508000000000000229e-01
-5.675999999999999934e-01
-5.961999999999999522e-01
8.040000000000000480e-01
-7.592999999999999750e-01
6.796999999999999709e-01
-2.366000000000000048e-01
4.006000000000000116e-01
8.783999999999999586e-01
1.292999999999999983e-01
-5.150000000000000133e-01
8.428999999999999826e-01
1.705000000000000127e-01
6.604999999999999760e-01
8.629999999999999893e-01
-8.505000000000000338e-01
2.719999999999999848e-02
2.122999999999999887e-01
-6.588000000000000522e-01
4.571000000000000063e-01
-2.459999999999999964e-01
-8.516000000000000236e-01
-9.459999999999999520e-01
4.429999999999999910e-02
-3.672000000000000264e-01
-4.077000000000000068e-01
-9.709999999999999742e-01
2.857999999999999985e-01
-1.329999999999999932e-02
-7.199999999999999456e-02
-5.271000000000000130e-01
-3.704000000000000070e-01
8.799000000000000155e-01
-9.943999999999999506e-01
8.473000000000000531e-01
-3.417999999999999927e-01
-7.271999999999999575e-01
-6.621000000000000218e-01
-5.822000000000000508e-01
3.079000000000000070e-01
-3.372999999999999887e-01
-3.189999999999999780e-02
-6.911000000000000476e-01
-5.069000000000000172e-01
-7.425000000000000488e-01
2.513000000000000234e-01
1.598999999999999866e-01
7.422999999999999599e-01
2.250999999999999945e-01
-8.457999999999999963e-01
-4.016000000000000125e-01
2.393000000000000127e-01
-5.473000000000000087e-01
-1.131000000000000061e-01
-1.088999999999999968e-01
