9.482000000000000428e-01
8.877000000000000446e-01
-7.388000000000000123e-01
-6.709000000000000519e-01
-6.205000000000000515e-01
-8.829000000000000181e-01
-6.189999999999999669e-02
-8.790000000000000591e-02
-7.941000000000000281e-01
-5.296999999999999487e-01
6.367000000000000437e-01
-8.860999999999999988e-01
-8.461999999999999522e-01
-3.433999999999999830e-01
8.078999999999999515e-01
-2.404000000000000026e-01
-3.845000000000000084e-01
7.453999999999999515e-01
3.211999999999999855e-01
-8.994999999999999662e-01
6.703000000000000069e-01
4.364999999999999991e-01
8.205000000000000071e-01
6.310000000000000331e-02
9.821999999999999620e-01
5.724000000000000199e-01
9.002000000000000002e-01
7.614999999999999547e-01
-9.446999999999999842e-01
8.089999999999999969e-02
5.120000000000000107e-01
8.005999999999999783e-01
5.442000000000000171e-01
7.292999999999999483e-01
2.401000000000000079e-01
1.811000000000000110e-01
8.155000000000000027e-01
-1.333999999999999908e-01
3.700999999999999845e-01
-3.501000000000000223e-01
4.369000000000000106e-01
1.322000000000000119e-01
-8.224000000000000199e-01
9.005999999999999561e-01
-4.370000000000000273e-02
1.411000000000000032e-01
3.160999999999999921e-01
6.136000000000000343e-01
1.980000000000000093e-01
5.658999999999999586e-01
8.800000000000000044e-01
2.968999999999999972e-01
6.472999999999999865e-01
-9.564000000000000279e-01
9.746000000000000218e-01
-7.387000000000000233e-01
-1.337000000000000133e-01
-9.879000000000000004e-01
4.243999999999999995e-01
2.676999999999999935e-01
4.667999999999999927e-01
7.470000000000000251e-02
-9.874000000000000554e-01
3.212999999999999745e-01
-7.255000000000000338e-01
2.000000000000000042e-02
-5.271000000000000130e-01
-1.685000000000000109e-01
5.179000000000000270e-01
1.388999999999999957e-01
-4.582999999999999852e-01
-1.165000000000000063e-01
-9.907000000000000250e-01
2.011000000000000010e-01
3.299000000000000266e-01
-5.459000000000000519e-01
-3.915000000000000147e-01
5.595999999999999863e-01
4.265999999999999792e-01
-3.335000000000000187e-01
8.021000000000000352e-01
-8.816000000000000503e-01
-3.659000000000000030e-01
-7.830000000000000293e-01
8.768000000000000238e-01
8.488999999999999879e-01
-5.422000000000000153e-01
2.821000000000000174e-01
3.889999999999999708e-02
1.000000000000000021e-03
-6.829999999999999960e-02
2.147000000000000020e-01
-9.086999999999999522e-01
8.381999999999999451e-01
-2.073000000000000120e-01
5.819999999999999618e-01
-9.481000000000000538e-01
-2.759999999999999953e-02
9.032999999999999918e-01
3.128000000000000225e-01
-6.330999999999999961e-01
3.039999999999999925e-01
9.916000000000000369e-01
6.871000000000000441e-01
8.359999999999999376e-02
-9.997000000000000330e-01
-3.367999999999999883e-01
-9.011000000000000121e-01
-2.195999999999999897e-01
-8.110000000000000542e-01
-4.657999999999999918e-01
-2.691999999999999948e-01
-8.862999999999999767e-01
2.048000000000000098e-01
3.902999999999999803e-01
9.009999999999999953e-02
-1.170000000000000068e-01
8.418999999999999817e-01
7.310999999999999721e-01
3.632000000000000228e-01
4.415000000000000036e-01
-1.562000000000000055e-01
-3.559999999999999970e-02
-6.777999999999999581e-01
8.280999999999999472e-01
-3.574999999999999845e-01
6.971000000000000529e-01
-7.896999999999999575e-01
-6.564999999999999725e-01
-1.337000000000000133e-01
-4.989999999999999991e-02
8.438999999999999835e-01
-5.288000000000000478e-01
7.862000000000000099e-01
6.278000000000000247e-01
1.839999999999999969e-01
8.143000000000000238e-01
8.487999999999999989e-01
1.287000000000000088e-01
-9.869999999999999607e-02
9.105999999999999650e-01
1.474000000000000032e-01
3.186999999999999833e-01
1.779999999999999985e-02
-4.467999999999999750e-01
-9.343000000000000194e-01
5.286999999999999478e-01
-1.058000000000000052e-01
-5.323999999999999844e-01
-8.510999999999999677e-01
-3.076999999999999735e-01
4.480999999999999983e-01
1.811000000000000110e-01
-9.540999999999999481e-01
-4.156000000000000250e-01
-7.719000000000000306e-01
-2.564000000000000168e-01
5.605999999999999872e-01
4.642999999999999905e-01
4.022000000000000020e-01
7.096999999999999975e-01
-8.769000000000000128e-01
-8.770000000000000018e-02
-6.772000000000000242e-01
2.120000000000000009e-02
2.589000000000000190e-01
3.592000000000000193e-01
-9.600999999999999535e-01
8.114000000000000101e-01
-7.239999999999999769e-01
4.586000000000000076e-01
-4.616999999999999993e-01
9.907000000000000250e-01
-9.489999999999999547e-01
-1.057000000000000023e-01
5.244999999999999662e-01
-6.746999999999999664e-01
2.592999999999999750e-01
-4.150000000000000216e-02
-9.986000000000000432e-01
-9.787000000000000144e-01
8.742999999999999661e-01
8.083000000000000185e-01
-5.594999999999999973e-01
8.509999999999999787e-01
4.462999999999999745e-01
-2.235999999999999932e-01
9.640999999999999570e-01
-6.955999999999999961e-01
-9.666000000000000147e-01
4.559000000000000274e-01
-9.213999999999999968e-01
6.745999999999999774e-01
-9.569999999999999341e-02
-2.898999999999999910e-01
-5.213999999999999746e-01
8.110000000000000542e-02
-4.366999999999999771e-01
6.487000000000000544e-01
-8.107999999999999652e-01
-2.706999999999999962e-01
6.239999999999999714e-02
-3.073000000000000176e-01
7.663999999999999702e-01
2.414000000000000035e-01
-1.330000000000000071e-01
-9.370000000000000551e-02
7.190000000000000557e-02
1.778000000000000136e-01
2.008999999999999952e-01
9.931999999999999718e-01
7.600000000000000089e-01
-1.282999999999999974e-01
8.749000000000000110e-01
-7.275000000000000355e-01
-3.357999999999999874e-01
-5.358000000000000540e-01
-2.227000000000000091e-01
-8.969000000000000306e-01
-8.915999999999999481e-01
-2.670000000000000151e-01
3.607000000000000206e-01
-1.401000000000000023e-01
1.988999999999999935e-01
-5.614000000000000101e-01
-8.488999999999999879e-01
-9.832999999999999519e-01
-9.321000000000000396e-01
5.201999999999999957e-01
-9.108000000000000540e-01
-3.854000000000000203e-01
-4.223999999999999977e-01
-3.639000000000000012e-01
8.266000000000000014e-01
-4.462999999999999745e-01
-1.943999999999999895e-01
-2.899999999999999800e-03
-4.617999999999999883e-01
4.689999999999999725e-02
-6.460000000000000464e-02
9.418999999999999595e-01
2.554000000000000159e-01
-9.495000000000000107e-01
-2.084999999999999909e-01
-1.789999999999999925e-01
5.009999999999999870e-02
-1.039000000000000062e-01
-7.607000000000000428e-01
8.302000000000000490e-01
-3.164000000000000146e-01
-7.300000000000000065e-03
-6.346000000000000529e-01
-1.852000000000000035e-01
4.279999999999999916e-01
6.159000000000000030e-01
7.989000000000000545e-01
3.724999999999999978e-01
-4.199999999999999740e-03
1.605000000000000038e-01
-6.195000000000000506e-01
-6.542999999999999927e-01
-2.721999999999999975e-01
-9.696000000000000174e-01
4.780000000000000221e-02
7.364000000000000545e-01
-7.197999999999999954e-01
6.815999999999999837e-01
1.009000000000000036e-01
-6.997999999999999776e-01
-7.673999999999999710e-01
-7.862000000000000099e-01
-1.095000000000000001e-01
5.393000000000000016e-01
3.563999999999999946e-01
-1.514999999999999958e-01
2.059999999999999887e-01
7.355000000000000426e-01
2.033000000000000085e-01
8.933999999999999719e-01
-8.576000000000000290e-01
-6.848999999999999533e-01
-7.783999999999999808e-01
1.829999999999999960e-01
-7.399999999999999911e-01
3.719999999999999973e-01
1.549000000000000099e-01
9.840999999999999748e-01
-1.132999999999999979e-01
-5.722000000000000419e-01
-9.279999999999999361e-02
3.709000000000000075e-01
2.999999999999999889e-01
-5.813000000000000389e-01
-1.629999999999999852e-02
-2.399000000000000021e-01
7.943999999999999950e-01
3.101999999999999758e-01
3.014999999999999902e-01
-8.984999999999999654e-01
-8.114999999999999991e-01
