-8.971000000000000085e-01
-9.071000000000000174e-01
-6.066000000000000281e-01
8.559999999999999554e-02
6.339000000000000190e-01
-7.972000000000000197e-01
-7.846999999999999531e-01
7.361999999999999655e-01
3.003000000000000114e-01
-5.370000000000000329e-01
-3.209999999999999659e-02
-7.943999999999999950e-01
2.379999999999999893e-01
6.992000000000000437e-01
-3.259999999999999704e-02
6.306000000000000494e-01
-8.142000000000000348e-01
-8.083000000000000185e-01
-4.796000000000000263e-01
5.192999999999999838e-01
5.601000000000000423e-01
-9.358999999999999542e-01
2.712999999999999856e-01
-5.123999999999999666e-01
5.558999999999999497e-01
8.191000000000000503e-01
-8.485000000000000320e-01
2.205999999999999905e-01
4.873999999999999999e-01
-4.652999999999999914e-01
5.951999999999999513e-01
7.649999999999999856e-02
-2.242999999999999994e-01
-2.298000000000000043e-01
2.119999999999999940e-01
8.333000000000000407e-01
6.225000000000000533e-01
9.226999999999999647e-01
6.313999999999999613e-01
-8.778000000000000247e-01
1.180999999999999966e-01
-3.428999999999999826e-01
8.024000000000000021e-01
-1.421999999999999931e-01
-9.345999999999999863e-01
6.807999999999999607e-01
-6.573999999999999844e-01
1.500000000000000031e-03
2.299999999999999961e-03
-6.875999999999999890e-01
-6.421000000000000041e-01
-9.354000000000000092e-01
-5.958999999999999853e-01
-5.649999999999999467e-01
-9.049000000000000377e-01
1.660000000000000017e-02
-3.670999999999999819e-01
-9.664000000000000368e-01
8.052000000000000268e-01
1.778000000000000136e-01
3.311000000000000054e-01
-8.590999999999999748e-01
-9.052000000000000046e-01
-9.729999999999999760e-01
-9.001000000000000112e-01
9.593000000000000416e-01
9.842999999999999527e-01
-8.074999999999999956e-01
2.574000000000000177e-01
-4.404000000000000137e-01
-3.093000000000000194e-01
-4.077000000000000068e-01
8.456000000000000183e-01
8.541999999999999593e-01
-9.716000000000000192e-01
-9.180000000000000659e-02
7.374000000000000554e-01
7.793999999999999817e-01
9.987000000000000322e-01
-7.802999999999999936e-01
-9.569999999999999341e-02
-2.457999999999999907e-01
-7.766999999999999460e-01
-7.627000000000000446e-01
2.116999999999999993e-01
2.808999999999999830e-01
6.136000000000000343e-01
-1.430000000000000021e-02
-9.600999999999999535e-01
6.121999999999999664e-01
-1.161999999999999977e-01
-5.062999999999999723e-01
6.483999999999999764e-01
4.410000000000000031e-02
-1.365000000000000102e-01
7.611999999999999877e-01
5.880999999999999561e-01
5.094999999999999529e-01
-4.309000000000000052e-01
-2.821000000000000174e-01
-5.153999999999999693e-01
-4.310999999999999832e-01
-3.437000000000000055e-01
8.678000000000000158e-01
-4.186000000000000276e-01
3.280000000000000276e-02
5.399000000000000465e-01
8.923999999999999710e-01
7.580000000000000626e-02
-9.663000000000000478e-01
-4.948000000000000176e-01
8.084000000000000075e-01
-6.080999999999999739e-01
-6.277000000000000357e-01
-6.981000000000000538e-01
-4.124999999999999778e-01
-2.371000000000000052e-01
7.277000000000000135e-01
5.766000000000000014e-01
-8.709999999999999964e-01
-6.999999999999999929e-04
5.612000000000000322e-01
7.095000000000000195e-01
7.683999999999999719e-01
-7.235000000000000320e-01
2.979999999999999871e-01
4.178999999999999937e-01
-7.209999999999999742e-02
3.658000000000000140e-01
8.183000000000000274e-01
8.417000000000000037e-01
5.293999999999999817e-01
-3.501000000000000223e-01
6.955999999999999961e-01
-5.475999999999999757e-01
-2.026000000000000023e-01
-4.827000000000000179e-01
3.972999999999999865e-01
1.534000000000000086e-01
-6.418000000000000371e-01
-5.998999999999999888e-01
8.185999999999999943e-01
-4.334000000000000075e-01
5.842000000000000526e-01
4.546999999999999931e-01
3.710999999999999854e-01
-2.721000000000000085e-01
5.313999999999999835e-01
-4.728999999999999870e-01
5.715999999999999970e-01
-1.953000000000000014e-01
-2.200000000000000011e-01
-4.050000000000000266e-01
-1.771999999999999964e-01
7.553999999999999604e-01
2.582999999999999741e-01
7.885999999999999677e-01
4.047999999999999932e-01
1.527999999999999914e-01
-1.358000000000000040e-01
-1.178000000000000019e-01
-8.655000000000000471e-01
4.025000000000000244e-01
8.399999999999999689e-01
5.285999999999999588e-01
-7.920000000000000651e-02
3.220000000000000084e-01
8.095999999999999863e-01
9.331000000000000405e-01
4.576999999999999957e-01
9.292000000000000259e-01
-8.336999999999999966e-01
-1.686999999999999889e-01
8.949999999999999623e-02
-8.549999999999999822e-01
8.470999999999999641e-01
4.050000000000000266e-01
2.866000000000000214e-01
9.200000000000000400e-01
-9.797000000000000153e-01
6.693000000000000060e-01
-1.250000000000000000e-01
-6.487000000000000544e-01
-6.489000000000000323e-01
4.853000000000000091e-01
-1.343000000000000027e-01
2.506999999999999784e-01
-7.960000000000000409e-01
2.561999999999999833e-01
8.658000000000000140e-01
-3.074000000000000066e-01
-7.883999999999999897e-01
-6.674999999999999822e-01
-8.308999999999999719e-01
-6.317000000000000393e-01
6.019999999999999796e-01
9.111000000000000210e-01
-4.671000000000000152e-01
4.986999999999999766e-01
-7.094000000000000306e-01
8.924999999999999600e-01
4.435999999999999943e-01
-1.681999999999999884e-01
-4.396999999999999797e-01
6.220999999999999863e-01
7.489999999999999436e-02
5.758999999999999675e-01
5.979999999999999760e-01
5.258000000000000451e-01
-7.049999999999999323e-02
-5.252999999999999892e-01
-4.100000000000000346e-03
5.238000000000000433e-01
3.578000000000000069e-01
4.043999999999999817e-01
-8.477999999999999980e-01
6.545999999999999597e-01
2.708999999999999742e-01
-7.737000000000000544e-01
8.891999999999999904e-01
-2.958000000000000074e-01
5.805000000000000160e-01
9.465000000000000080e-01
-6.147000000000000242e-01
-2.696000000000000063e-01
6.199999999999999956e-02
-4.570000000000000173e-01
-8.097999999999999643e-01
6.861000000000000432e-01
7.671999999999999931e-01
7.334000000000000519e-01
-8.196999999999999842e-01
8.158999999999999586e-01
-7.080000000000000182e-02
4.837000000000000188e-01
1.170000000000000068e-01
-1.516000000000000125e-01
1.577999999999999958e-01
9.226999999999999647e-01
6.606999999999999540e-01
-3.551000000000000267e-01
7.190000000000000557e-02
6.118000000000000105e-01
9.518999999999999684e-01
-5.410000000000000364e-01
-9.563000000000000389e-01
-7.887999999999999456e-01
2.154999999999999971e-01
-3.622000000000000219e-01
-8.580000000000000127e-02
2.006999999999999895e-01
1.569999999999999868e-02
-2.249999999999999917e-02
-9.792999999999999483e-01
-5.786999999999999922e-01
9.478999999999999648e-01
-6.418000000000000371e-01
-5.806999999999999940e-01
-3.992999999999999883e-01
-2.950999999999999734e-01
-7.711999999999999966e-01
4.284000000000000030e-01
8.100000000000000533e-01
6.166000000000000369e-01
-8.256999999999999895e-01
-6.034000000000000474e-01
-6.057000000000000162e-01
-9.354999999999999982e-01
3.916000000000000036e-01
-3.925000000000000155e-01
-1.812000000000000000e-01
-5.342999999999999972e-01
-9.683000000000000496e-01
-1.935999999999999943e-01
-1.101000000000000034e-01
-9.244999999999999885e-01
-5.469000000000000528e-01
9.058000000000000496e-01
-2.495999999999999885e-01
-3.431000000000000161e-01
1.282999999999999974e-01
5.862000000000000544e-01
-8.202000000000000401e-01
1.899000000000000132e-01
-2.631999999999999895e-01
-7.907999999999999474e-01
4.800000000000000100e-02
-9.576999999999999957e-01
-7.006000000000000005e-01
-1.724999999999999867e-01
6.608000000000000540e-01
-1.015999999999999959e-01
7.590999999999999970e-01
2.450000000000000094e-02
4.576999999999999957e-01
1.116999999999999937e-01
-7.228999999999999870e-01
3.996000000000000107e-01
-3.981999999999999984e-01
-2.840000000000000163e-02
