6.415999999999999481e-01
7.538000000000000256e-01
4.970000000000000112e-02
7.320999999999999730e-01
-1.330000000000000071e-01
-8.846000000000000529e-01
-3.821999999999999842e-01
3.059999999999999873e-02
5.596999999999999753e-01
-9.400000000000000369e-03
-9.726000000000000201e-01
7.173000000000000487e-01
-2.248999999999999888e-01
1.226000000000000006e-01
1.358000000000000040e-01
5.483000000000000096e-01
3.950000000000000178e-01
-6.458000000000000407e-01
-2.020000000000000129e-01
2.255000000000000060e-01
-8.185999999999999943e-01
-7.762999999999999901e-01
6.253999999999999559e-01
5.813000000000000389e-01
-3.249000000000000221e-01
8.630999999999999783e-01
-4.315999999999999837e-01
7.056000000000000050e-01
9.620999999999999552e-01
9.891999999999999682e-01
1.943000000000000005e-01
-5.020999999999999908e-01
6.917999999999999705e-01
-2.698999999999999733e-01
-1.238999999999999962e-01
2.746999999999999997e-01
-9.358999999999999542e-01
-9.701999999999999513e-01
4.234999999999999876e-01
-3.881999999999999895e-01
-6.892000000000000348e-01
8.053000000000000158e-01
-4.025000000000000244e-01
-3.296999999999999931e-01
9.859999999999999321e-02
-3.830000000000000071e-01
-1.792999999999999872e-01
1.092999999999999944e-01
-2.265999999999999959e-01
8.035999999999999810e-01
-6.928999999999999604e-01
4.431999999999999829e-01
3.094000000000000083e-01
-8.681999999999999718e-01
5.800999999999999490e-01
2.960999999999999743e-01
-5.639999999999999875e-02
-9.260000000000000175e-02
3.059999999999999873e-02
9.636000000000000121e-01
6.230999999999999872e-01
7.640000000000000124e-01
-8.743999999999999551e-01
9.778000000000000025e-01
-6.619999999999999496e-02
-5.042999999999999705e-01
7.120999999999999552e-01
-6.109999999999999876e-01
-8.709999999999999687e-02
-2.479000000000000092e-01
-2.237999999999999989e-01
1.869999999999999996e-01
6.544999999999999707e-01
-8.129999999999999449e-01
2.174000000000000099e-01
2.116999999999999993e-01
-8.640999999999999792e-01
-2.326000000000000012e-01
-1.769999999999999907e-01
3.700999999999999845e-01
-1.580999999999999905e-01
6.995000000000000107e-01
7.436000000000000387e-01
-2.750000000000000014e-02
-1.340000000000000045e-02
-9.649999999999999689e-01
-3.955000000000000182e-01
4.919000000000000039e-01
-6.983000000000000318e-01
9.558999999999999719e-01
4.072999999999999954e-01
-2.832000000000000073e-01
-9.590999999999999526e-01
7.409999999999999920e-02
1.361999999999999877e-01
-5.617999999999999661e-01
6.235000000000000542e-01
5.877000000000000002e-01
8.722999999999999643e-01
8.816000000000000503e-01
5.558999999999999497e-01
-9.817000000000000171e-01
-5.997999999999999998e-01
1.082999999999999935e-01
-8.250999999999999446e-01
-2.369999999999999885e-01
8.150000000000000300e-02
4.849999999999999867e-01
3.594999999999999862e-01
-6.540000000000000258e-01
6.422999999999999821e-01
6.278000000000000247e-01
4.220000000000000140e-02
4.828000000000000069e-01
2.270000000000000143e-02
9.229999999999999316e-02
-8.139999999999999458e-01
5.586999999999999744e-01
4.665000000000000258e-01
8.800000000000000044e-01
-8.600999999999999757e-01
1.937000000000000111e-01
-8.268999999999999684e-01
-6.302999999999999714e-01
8.973999999999999755e-01
-4.354000000000000092e-01
-4.126000000000000223e-01
6.552999999999999936e-01
4.764999999999999791e-01
8.975999999999999535e-01
9.825000000000000400e-01
-8.376000000000000112e-01
5.322000000000000064e-01
9.156999999999999584e-01
3.553000000000000047e-01
2.373000000000000109e-01
-9.845000000000000417e-01
-2.003999999999999948e-01
-7.769000000000000350e-01
-9.971999999999999753e-01
7.194000000000000394e-01
5.174999999999999600e-01
-7.012000000000000455e-01
8.057999999999999607e-01
7.300000000000000065e-03
4.299999999999999656e-02
7.619000000000000217e-01
8.983999999999999764e-01
7.105000000000000204e-01
-2.732999999999999874e-01
6.121999999999999664e-01
-4.490000000000000102e-01
-3.942999999999999838e-01
-1.039000000000000062e-01
5.221999999999999975e-01
-9.651999999999999469e-01
-2.321999999999999897e-01
-1.358999999999999930e-01
3.194000000000000172e-01
3.462999999999999967e-01
-7.291999999999999593e-01
8.873999999999999666e-01
9.074999999999999734e-01
-4.776000000000000245e-01
-3.583999999999999964e-01
2.776000000000000134e-01
2.230999999999999928e-01
-1.632000000000000117e-01
-8.814999999999999503e-01
3.786999999999999811e-01
3.917999999999999816e-01
-4.259000000000000008e-01
4.963000000000000189e-01
-7.227000000000000091e-01
3.279000000000000248e-01
-1.913999999999999868e-01
-6.581000000000000183e-01
1.406000000000000028e-01
5.120000000000000107e-01
-4.011000000000000121e-01
-6.538000000000000478e-01
8.901999999999999913e-01
8.994999999999999662e-01
-1.539999999999999980e-01
-5.076000000000000512e-01
-8.399999999999999689e-01
-9.014999999999999680e-01
-3.735999999999999877e-01
9.451000000000000512e-01
6.926999999999999824e-01
8.168999999999999595e-01
2.409000000000000030e-01
8.780000000000000304e-02
5.561000000000000387e-01
2.622999999999999776e-01
9.437999999999999723e-01
1.857000000000000040e-01
-6.281999999999999806e-01
-3.387000000000000011e-01
7.058999999999999719e-01
4.925999999999999823e-01
-2.389000000000000012e-01
-8.709000000000000075e-01
4.318000000000000171e-01
-4.859999999999999737e-02
4.454000000000000181e-01
-9.979999999999999982e-02
6.300999999999999934e-01
8.738000000000000211e-01
-5.407999999999999474e-01
1.609999999999999973e-02
5.900999999999999579e-01
-1.071000000000000008e-01
2.449999999999999956e-01
-3.759000000000000119e-01
-7.140999999999999570e-01
6.441999999999999948e-01
-8.756000000000000449e-01
1.102000000000000063e-01
4.071000000000000174e-01
4.086000000000000187e-01
5.802000000000000490e-01
-8.067999999999999616e-01
-8.498999999999999888e-01
6.227000000000000313e-01
5.692000000000000393e-01
6.710000000000000686e-02
-6.459000000000000297e-01
5.717999999999999750e-01
4.660000000000000253e-02
-2.962000000000000188e-01
4.691000000000000170e-01
5.224999999999999645e-01
2.250000000000000056e-01
2.330000000000000127e-01
7.177000000000000046e-01
-3.134000000000000119e-01
-1.729999999999999941e-02
2.156000000000000139e-01
8.358999999999999764e-01
6.350000000000000089e-01
-4.193999999999999950e-01
8.757000000000000339e-01
8.224000000000000199e-01
4.272000000000000242e-01
8.267999999999999794e-01
2.031000000000000028e-01
-1.696000000000000008e-01
-8.214000000000000190e-01
7.030000000000000138e-02
4.126000000000000223e-01
7.526000000000000467e-01
8.571999999999999620e-01
8.679999999999999938e-01
-7.274000000000000465e-01
5.251000000000000112e-01
4.491999999999999882e-01
-6.633000000000000007e-01
8.806000000000000494e-01
-2.740000000000000074e-02
-1.930999999999999939e-01
8.982999999999999874e-01
1.454000000000000015e-01
3.492000000000000104e-01
-2.336999999999999911e-01
2.164000000000000090e-01
-5.385999999999999677e-01
2.250999999999999945e-01
-9.731999999999999540e-01
8.519999999999999796e-02
-8.708000000000000185e-01
9.925000000000000488e-01
-4.022000000000000020e-01
2.346000000000000030e-01
8.621999999999999664e-01
-7.344000000000000528e-01
-8.874999999999999556e-01
-6.100999999999999757e-01
7.530999999999999917e-01
-6.845999999999999863e-01
9.206999999999999629e-01
3.577000000000000179e-01
-8.456000000000000183e-01
-6.644999999999999796e-01
-2.293000000000000038e-01
-4.050000000000000128e-02
4.887000000000000233e-01
4.474000000000000199e-01
-8.995999999999999552e-01
-2.641000000000000014e-01
6.479999999999999649e-02
3.599999999999999728e-02
-4.611000000000000099e-01
-4.411999999999999811e-01
9.939999999999999947e-01
-4.174999999999999822e-01
-3.899000000000000243e-01
7.711999999999999966e-01
7.506000000000000449e-01
-6.403999999999999693e-01
