6.020999999999999686e-01
7.397000000000000242e-01
6.459000000000000297e-01
-6.535999999999999588e-01
6.800000000000000488e-02
-3.489999999999999769e-01
8.609999999999999876e-01
6.605999999999999650e-01
-7.487000000000000322e-01
2.903000000000000025e-01
2.973999999999999977e-01
6.389999999999999847e-02
9.454000000000000181e-01
7.594999999999999529e-01
1.265999999999999903e-01
-1.252999999999999947e-01
9.038000000000000478e-01
7.470000000000000251e-02
5.878999999999999782e-01
3.024999999999999911e-01
-2.361999999999999933e-01
4.477999999999999758e-01
3.977999999999999869e-01
-1.439000000000000001e-01
3.379999999999999671e-02
5.223999999999999755e-01
6.758999999999999453e-01
-7.933000000000000052e-01
1.290000000000000001e-02
-6.288000000000000256e-01
-6.524999999999999689e-01
-6.068000000000000060e-01
8.196999999999999842e-01
6.704999999999999849e-01
7.211999999999999522e-01
-9.002999999999999892e-01
3.740000000000000269e-02
-4.840999999999999748e-01
3.266999999999999904e-01
3.851999999999999869e-01
7.993000000000000105e-01
2.960999999999999743e-01
8.671999999999999709e-01
-4.042000000000000037e-01
-8.500000000000000611e-02
-1.297999999999999987e-01
9.919999999999999651e-02
-1.935000000000000053e-01
-6.068999999999999950e-01
1.279000000000000137e-01
6.621000000000000218e-01
4.768000000000000016e-01
-4.667000000000000037e-01
-4.769999999999999934e-02
-5.985000000000000320e-01
-9.360000000000000542e-01
-5.109000000000000208e-01
6.978999999999999648e-01
-2.169999999999999984e-01
2.515000000000000013e-01
-8.443000000000000504e-01
3.331999999999999962e-01
-6.269000000000000128e-01
-4.057999999999999940e-01
2.291999999999999871e-01
-9.794000000000000483e-01
-2.755000000000000226e-01
-3.080000000000000099e-02
-8.285000000000000142e-01
-9.925000000000000488e-01
9.465000000000000080e-01
-7.737000000000000544e-01
-3.526000000000000245e-01
4.716000000000000192e-01
9.283000000000000140e-01
-5.512000000000000233e-01
4.341999999999999749e-01
5.194999999999999618e-01
1.129999999999999928e-02
6.642000000000000126e-01
9.260000000000000175e-02
4.963000000000000189e-01
-4.801000000000000267e-01
-9.388999999999999568e-01
2.356999999999999929e-01
-1.313000000000000000e-01
7.247999999999999998e-01
-1.962000000000000133e-01
-7.354000000000000536e-01
-2.353000000000000091e-01
8.806000000000000494e-01
5.541000000000000369e-01
-5.818999999999999728e-01
4.702999999999999958e-01
-7.292999999999999483e-01
-3.029000000000000026e-01
-2.467999999999999916e-01
2.303999999999999937e-01
4.394000000000000128e-01
-8.747000000000000330e-01
9.992999999999999661e-01
-2.379999999999999893e-01
-4.150000000000000216e-02
9.320000000000000506e-02
-6.374999999999999556e-01
8.434000000000000385e-01
9.656000000000000139e-01
-8.403000000000000469e-01
-6.635999999999999677e-01
9.857000000000000206e-01
-7.312999999999999501e-01
2.298999999999999932e-01
6.516999999999999460e-01
-9.966000000000000414e-01
4.461999999999999855e-01
6.716999999999999638e-01
-7.866999999999999549e-01
-1.890000000000000013e-02
-2.369999999999999885e-02
-8.868000000000000327e-01
-8.366999999999999993e-01
-2.831000000000000183e-01
-6.018000000000000016e-01
-3.544999999999999818e-01
4.853000000000000091e-01
1.092999999999999944e-01
-2.807000000000000051e-01
-2.711000000000000076e-01
-2.929999999999999966e-02
2.363999999999999990e-01
2.948999999999999955e-01
-2.426999999999999991e-01
-3.719000000000000083e-01
-6.719000000000000528e-01
-6.065000000000000391e-01
-8.057999999999999607e-01
-2.606999999999999873e-01
-5.723000000000000309e-01
-1.849000000000000088e-01
-3.650999999999999801e-01
7.156000000000000139e-01
2.823999999999999844e-01
-9.990000000000000269e-02
-3.542000000000000148e-01
-1.348999999999999921e-01
-7.017999999999999794e-01
8.980000000000000204e-01
7.701000000000000068e-01
-9.573000000000000398e-01
-8.207999999999999741e-01
-3.332999999999999852e-01
-9.866000000000000325e-01
-4.678999999999999826e-01
-5.336999999999999522e-01
-3.291999999999999926e-01
8.127999999999999670e-01
4.713999999999999857e-01
-3.417000000000000037e-01
5.917999999999999927e-01
-3.675999999999999823e-01
-1.252000000000000057e-01
7.008999999999999675e-01
-1.100000000000000066e-03
-5.806999999999999940e-01
1.040999999999999981e-01
-4.892000000000000237e-01
2.195999999999999897e-01
-1.116999999999999937e-01
-1.703000000000000069e-01
5.511000000000000343e-01
1.208999999999999936e-01
-4.525000000000000133e-01
9.824000000000000510e-01
9.933999999999999497e-01
9.180000000000000382e-01
3.332999999999999852e-01
1.023000000000000020e-01
2.114000000000000046e-01
-7.069999999999999618e-01
8.806000000000000494e-01
-4.469999999999999668e-02
-3.002000000000000224e-01
7.955999999999999739e-01
-3.562000000000000166e-01
-2.364999999999999880e-01
6.450000000000000178e-01
-7.926999999999999602e-01
-5.178000000000000380e-01
9.142000000000000126e-01
4.053999999999999826e-01
-5.645999999999999908e-01
2.752000000000000002e-01
3.734000000000000097e-01
8.406000000000000139e-01
5.499000000000000554e-01
-6.419000000000000261e-01
4.439000000000000168e-01
8.689000000000000057e-01
-5.686999999999999833e-01
-9.088000000000000522e-01
5.505999999999999783e-01
2.100000000000000130e-02
-4.082000000000000073e-01
5.987999999999999989e-01
-5.933000000000000496e-01
4.514000000000000234e-01
8.387000000000000011e-01
1.590000000000000024e-01
4.320000000000000229e-02
-8.566000000000000281e-01
8.140000000000000013e-02
-3.059999999999999942e-01
6.821000000000000396e-01
-5.934000000000000385e-01
4.340999999999999859e-01
1.154000000000000026e-01
-2.828999999999999848e-01
-6.192999999999999616e-01
-7.040000000000000424e-02
-2.984999999999999876e-01
-6.344999999999999529e-01
9.990999999999999881e-01
1.980000000000000093e-01
5.000000000000000278e-02
9.213999999999999968e-01
-4.899000000000000021e-01
-1.998000000000000054e-01
-1.388000000000000067e-01
-9.847000000000000197e-01
8.297999999999999821e-01
6.477000000000000535e-01
4.948000000000000176e-01
5.573000000000000176e-01
9.666000000000000147e-01
-7.700000000000000247e-03
-4.677000000000000046e-01
1.300999999999999934e-01
2.732999999999999874e-01
9.355999999999999872e-01
-1.693000000000000060e-01
-2.479999999999999982e-01
-8.396000000000000130e-01
6.317000000000000393e-01
6.578000000000000513e-01
4.290000000000000063e-02
-4.260999999999999788e-01
1.885999999999999899e-01
-8.021000000000000352e-01
-7.846999999999999531e-01
-7.374000000000000554e-01
-6.460000000000000187e-01
2.484000000000000097e-01
8.207999999999999741e-01
5.050000000000000322e-02
7.861000000000000210e-01
3.259999999999999704e-02
-3.533999999999999919e-01
-5.575999999999999845e-01
9.199000000000000510e-01
1.683000000000000052e-01
-8.478999999999999870e-01
-9.312000000000000277e-01
2.800000000000000058e-02
-5.416999999999999593e-01
-6.094000000000000528e-01
-8.881000000000000005e-01
1.287999999999999978e-01
3.286999999999999922e-01
-4.171000000000000263e-01
-3.155999999999999917e-01
-1.890999999999999903e-01
1.446000000000000063e-01
6.390000000000000124e-01
-8.034000000000000030e-01
3.678000000000000158e-01
4.617999999999999883e-01
-2.600000000000000089e-01
2.407999999999999863e-01
6.719999999999999585e-02
4.047999999999999932e-01
-7.600999999999999979e-01
-1.229999999999999982e-01
3.453999999999999848e-01
-7.546000000000000485e-01
-3.318999999999999728e-01
3.175000000000000044e-01
-9.907000000000000250e-01
-1.741999999999999937e-01
1.572999999999999954e-01
-8.259999999999999565e-01
1.095000000000000001e-01
5.799999999999999600e-03
-3.946999999999999953e-01
-7.641000000000000014e-01
-1.358999999999999930e-01
5.890999999999999570e-01
3.543000000000000038e-01
5.022999999999999687e-01
8.727000000000000313e-01
-2.720000000000000195e-01
