3.709000000000000075e-01
-8.353000000000000425e-01
-2.736999999999999988e-01
8.050000000000000488e-01
-6.229999999999999982e-01
-8.138999999999999568e-01
-3.180000000000000188e-02
-4.895999999999999797e-01
1.522000000000000020e-01
-5.670000000000000040e-02
-6.710000000000000409e-01
-2.474999999999999978e-01
8.988000000000000433e-01
-8.983999999999999764e-01
-5.000999999999999890e-01
9.566999999999999948e-01
-9.145999999999999686e-01
2.757999999999999896e-01
-3.835000000000000075e-01
6.116000000000000325e-01
1.229999999999999982e-01
4.903000000000000136e-01
-3.352999999999999869e-01
4.440999999999999948e-01
3.145000000000000018e-01
-8.943999999999999728e-01
-1.134000000000000008e-01
-2.340000000000000066e-02
-4.314000000000000057e-01
-9.120000000000000329e-01
2.580000000000000071e-01
1.983000000000000040e-01
1.340000000000000045e-02
4.961999999999999744e-01
6.750000000000000444e-01
-4.171000000000000263e-01
-2.209000000000000130e-01
-5.340000000000000302e-01
7.183000000000000496e-01
9.162000000000000144e-01
-5.923000000000000487e-01
6.791000000000000369e-01
-7.692999999999999838e-01
9.233999999999999986e-01
5.185999999999999499e-01
-8.366000000000000103e-01
-6.913000000000000256e-01
-8.797000000000000375e-01
6.991000000000000547e-01
2.114000000000000046e-01
6.823000000000000176e-01
-8.233000000000000318e-01
-3.691999999999999726e-01
-6.729000000000000536e-01
-2.006000000000000005e-01
2.089000000000000024e-01
-9.360000000000000264e-02
1.885999999999999899e-01
-8.812999999999999723e-01
9.820999999999999730e-01
4.959999999999999964e-01
6.267000000000000348e-01
2.727999999999999869e-01
1.399999999999999986e-03
-1.000999999999999945e-01
-1.698999999999999955e-01
-1.163000000000000006e-01
8.399999999999999689e-01
-5.695000000000000062e-01
-4.217000000000000193e-01
-4.234999999999999876e-01
-3.018000000000000127e-01
5.131000000000000005e-01
6.512000000000000011e-01
3.086999999999999744e-01
-7.691000000000000059e-01
-4.205999999999999739e-01
-7.102000000000000535e-01
4.474000000000000199e-01
-8.677000000000000268e-01
-6.586999999999999522e-01
4.269999999999999907e-01
-5.933000000000000496e-01
-7.159999999999999698e-02
6.286000000000000476e-01
-5.929999999999999855e-02
1.711999999999999911e-01
-2.164000000000000090e-01
-8.051000000000000378e-01
1.738000000000000100e-01
-1.155000000000000054e-01
5.547999999999999599e-01
-3.234000000000000208e-01
4.152000000000000135e-01
-9.559999999999999609e-01
-5.779999999999999721e-02
-5.283999999999999808e-01
3.881999999999999895e-01
7.571999999999999842e-01
-7.763999999999999790e-01
4.979999999999999705e-02
-2.151000000000000134e-01
4.440000000000000197e-02
8.846000000000000529e-01
-5.937999999999999945e-01
-9.690000000000000002e-02
-7.841000000000000192e-01
-9.337999999999999634e-01
-1.349999999999999985e-02
3.771999999999999797e-01
1.799999999999999933e-01
1.203000000000000042e-01
-8.326999999999999957e-01
-8.729000000000000092e-01
-8.240000000000000102e-02
-4.999000000000000110e-01
-2.353000000000000091e-01
-4.729999999999999760e-01
5.476999999999999647e-01
-8.239999999999999547e-01
5.596999999999999753e-01
8.577000000000000179e-01
-8.295000000000000151e-01
9.908000000000000140e-01
2.091000000000000081e-01
-6.809999999999999387e-02
-2.379999999999999893e-01
4.138999999999999901e-01
-7.341999999999999638e-01
7.184000000000000385e-01
5.483000000000000096e-01
2.285999999999999976e-01
-1.975000000000000089e-01
2.892000000000000126e-01
1.252999999999999947e-01
-5.525999999999999801e-01
8.017999999999999572e-01
6.871000000000000441e-01
-4.527999999999999803e-01
1.998000000000000054e-01
7.522999999999999687e-01
-2.518000000000000238e-01
9.012000000000000011e-01
-1.160999999999999949e-01
4.260999999999999788e-01
-7.213000000000000522e-01
-7.207000000000000073e-01
5.987000000000000099e-01
4.223000000000000087e-01
2.220000000000000098e-02
-1.817999999999999894e-01
-4.666000000000000147e-01
-5.619999999999999996e-02
-3.784000000000000141e-01
7.653999999999999693e-01
-3.015999999999999792e-01
-1.943999999999999895e-01
2.591999999999999860e-01
-2.195999999999999897e-01
-3.266999999999999904e-01
8.306000000000000050e-01
-3.989999999999999797e-02
-7.933000000000000052e-01
1.522000000000000020e-01
8.163000000000000256e-01
5.463999999999999968e-01
4.989999999999999991e-02
3.634999999999999898e-01
-9.625000000000000222e-01
-5.999999999999999778e-02
-1.560999999999999888e-01
4.150000000000000216e-02
6.049999999999999822e-01
-9.379999999999999449e-02
-4.803999999999999937e-01
-7.430000000000000493e-02
-2.222999999999999976e-01
-9.416999999999999815e-01
-8.951999999999999957e-01
-1.227000000000000035e-01
-3.950000000000000039e-02
4.964999999999999969e-01
-2.945999999999999730e-01
-4.199999999999999845e-01
7.475000000000000533e-01
-2.348999999999999977e-01
-7.301999999999999602e-01
-8.326000000000000068e-01
-1.779999999999999985e-02
-9.436999999999999833e-01
9.767000000000000126e-01
6.190999999999999837e-01
-7.312999999999999501e-01
2.078000000000000125e-01
9.592000000000000526e-01
7.789999999999999702e-02
7.682999999999999829e-01
-3.271000000000000019e-01
-1.180999999999999966e-01
1.600000000000000033e-02
-6.161999999999999700e-01
-7.458000000000000185e-01
-2.882000000000000117e-01
-5.059000000000000163e-01
6.492999999999999883e-01
3.074000000000000066e-01
8.731999999999999762e-01
-4.938000000000000167e-01
-8.927000000000000490e-01
-9.376999999999999780e-01
4.833999999999999964e-01
-7.961000000000000298e-01
-1.905999999999999917e-01
-2.127000000000000002e-01
-5.170000000000000290e-02
-2.093000000000000138e-01
1.398999999999999966e-01
-5.301000000000000156e-01
4.072999999999999954e-01
-6.972000000000000419e-01
5.494999999999999885e-01
4.205999999999999739e-01
2.730000000000000204e-01
8.809000000000000163e-01
2.852999999999999980e-01
5.191999999999999948e-01
2.726000000000000090e-01
-8.338999999999999746e-01
-2.559000000000000163e-01
9.622000000000000552e-01
-2.069000000000000006e-01
1.557999999999999940e-01
-7.963000000000000078e-01
1.570999999999999897e-01
3.045999999999999819e-01
5.306999999999999496e-01
-2.306999999999999884e-01
7.390999999999999792e-01
-7.177999999999999936e-01
-2.444999999999999951e-01
-6.908999999999999586e-01
-3.679999999999999938e-02
-7.748000000000000442e-01
3.260000000000000120e-01
-4.173999999999999932e-01
-8.247999999999999776e-01
5.760999999999999455e-01
6.684999999999999831e-01
6.555999999999999606e-01
-6.817999999999999616e-01
-4.853999999999999981e-01
-1.383999999999999952e-01
-6.706999999999999629e-01
-6.835999999999999854e-01
-9.450000000000000067e-02
-5.867999999999999883e-01
6.327000000000000401e-01
-4.220999999999999752e-01
-2.909999999999999809e-01
-1.655999999999999972e-01
3.012000000000000233e-01
8.413000000000000478e-01
6.889999999999999458e-01
-7.560000000000000053e-01
5.469999999999999862e-02
8.151000000000000467e-01
-8.134000000000000119e-01
-1.230000000000000017e-02
3.080999999999999850e-01
-2.615999999999999992e-01
-3.482999999999999985e-01
9.607999999999999874e-01
5.620000000000000551e-01
3.306000000000000050e-01
-5.100000000000000089e-01
-7.695999999999999508e-01
8.884999999999999565e-01
-5.588999999999999524e-01
3.286999999999999922e-01
-7.008999999999999675e-01
-3.079000000000000070e-01
-2.086000000000000076e-01
-9.971999999999999753e-01
-1.769999999999999907e-01
8.486000000000000210e-01
5.203999999999999737e-01
8.000000000000000444e-01
2.011999999999999900e-01
9.360000000000000542e-01
-8.973999999999999755e-01
8.045999999999999819e-01
8.212000000000000410e-01
4.495999999999999996e-01
4.711000000000000187e-01
-4.732000000000000095e-01
-6.447000000000000508e-01
-7.320999999999999730e-01
-5.482000000000000206e-01
2.857999999999999985e-01
-8.310999999999999499e-01
