4.979999999999999705e-02
-7.544999999999999485e-01
7.578000000000000291e-01
8.252000000000000446e-01
-2.459999999999999964e-01
-3.724000000000000088e-01
-3.402000000000000024e-01
-1.489000000000000046e-01
-1.711000000000000021e-01
6.404999999999999583e-01
1.277999999999999969e-01
-1.325000000000000067e-01
-4.562999999999999834e-01
9.582000000000000517e-01
4.233999999999999986e-01
1.554000000000000103e-01
-3.449999999999999734e-01
8.810999999999999943e-01
-3.155000000000000027e-01
4.787000000000000144e-01
6.533999999999999808e-01
-1.290000000000000036e-01
5.050000000000000322e-02
8.509999999999999509e-02
8.729000000000000092e-01
-1.466000000000000081e-01
7.324000000000000510e-01
9.883999999999999453e-01
-9.740999999999999659e-01
2.823999999999999844e-01
5.694000000000000172e-01
7.582999999999999741e-01
-6.840000000000000246e-02
1.832000000000000017e-01
-2.599999999999999881e-02
1.880999999999999894e-01
-1.925999999999999934e-01
6.089999999999999858e-01
3.306999999999999940e-01
-6.679000000000000492e-01
7.649000000000000243e-01
-9.749999999999999778e-01
-5.390000000000000346e-01
-1.559000000000000108e-01
5.601000000000000423e-01
6.132999999999999563e-01
6.481999999999999984e-01
-8.467000000000000082e-01
-3.049999999999999933e-01
1.620000000000000051e-01
7.003000000000000336e-01
1.715000000000000135e-01
4.257000000000000228e-01
7.438000000000000167e-01
-3.919000000000000261e-01
-4.798000000000000043e-01
-3.613000000000000100e-01
1.766000000000000070e-01
-1.350000000000000089e-01
2.225999999999999923e-01
9.992999999999999661e-01
3.161999999999999811e-01
-7.597000000000000419e-01
-5.050000000000000044e-01
-4.699999999999999734e-01
8.060000000000000497e-02
-3.311000000000000054e-01
-6.375999999999999446e-01
-9.573000000000000398e-01
-4.442999999999999727e-01
7.707000000000000517e-01
8.278999999999999693e-01
1.630999999999999950e-01
9.574000000000000288e-01
-7.674999999999999600e-01
3.836999999999999855e-01
-5.264999999999999680e-01
6.102999999999999536e-01
-4.710000000000000298e-02
1.947000000000000119e-01
9.025999999999999579e-01
-4.001000000000000112e-01
-5.918999999999999817e-01
2.101999999999999980e-01
1.615000000000000047e-01
-5.585999999999999854e-01
-3.456000000000000183e-01
4.812000000000000166e-01
-8.618000000000000105e-01
1.072000000000000036e-01
7.965999999999999748e-01
5.776000000000000023e-01
6.460000000000000187e-01
-3.493999999999999884e-01
-8.542999999999999483e-01
5.141999999999999904e-01
-4.030000000000000249e-02
-9.620999999999999552e-01
-9.704000000000000403e-01
-3.533000000000000029e-01
-4.580000000000000043e-02
-9.670999999999999597e-01
2.228999999999999870e-01
9.827000000000000179e-01
5.326999999999999513e-01
-4.599999999999999922e-03
4.401999999999999802e-01
5.512000000000000233e-01
-4.370999999999999885e-01
3.946000000000000063e-01
-3.647000000000000242e-01
9.558999999999999719e-01
2.718999999999999750e-01
1.449000000000000010e-01
-9.147999999999999465e-01
-1.441000000000000059e-01
7.195000000000000284e-01
9.841999999999999638e-01
2.237999999999999989e-01
-1.081000000000000016e-01
8.640000000000000457e-02
-6.294999999999999485e-01
-5.239000000000000323e-01
-2.644000000000000239e-01
8.870000000000000107e-01
-7.920000000000000651e-02
-1.000000000000000000e+00
-1.009999999999999960e-02
-3.970000000000000195e-01
-3.200000000000000067e-02
4.173999999999999932e-01
-7.713999999999999746e-01
-4.818000000000000060e-01
7.102000000000000535e-01
4.611999999999999988e-01
-1.450000000000000074e-02
-9.557999999999999829e-01
-9.385999999999999899e-01
5.322999999999999954e-01
6.549000000000000377e-01
-9.338999999999999524e-01
9.444000000000000172e-01
7.429000000000000048e-01
-2.500000000000000139e-02
3.665999999999999814e-01
-6.151999999999999691e-01
-9.073999999999999844e-01
-2.260999999999999954e-01
-7.166000000000000147e-01
-3.582000000000000184e-01
-2.046000000000000041e-01
7.447000000000000286e-01
-1.102000000000000063e-01
-3.946999999999999953e-01
-6.151999999999999691e-01
-7.903000000000000025e-01
-6.624999999999999778e-01
3.099999999999999891e-03
5.655999999999999917e-01
5.944000000000000394e-01
3.809000000000000163e-01
-6.733999999999999986e-01
-8.103000000000000203e-01
6.462999999999999856e-01
-4.000000000000000222e-01
9.587999999999999856e-01
-2.207000000000000073e-01
-5.517999999999999572e-01
6.652000000000000135e-01
-3.506000000000000227e-01
-4.393000000000000238e-01
4.526999999999999913e-01
-5.605999999999999872e-01
6.528000000000000469e-01
3.682000000000000273e-01
-8.400999999999999579e-01
-6.097000000000000197e-01
7.170999999999999597e-01
-4.526000000000000023e-01
-8.942999999999999838e-01
4.825999999999999734e-01
-5.961999999999999522e-01
-6.986999999999999877e-01
-3.229000000000000203e-01
5.933000000000000496e-01
7.530999999999999917e-01
7.500000000000000000e-01
9.615000000000000213e-01
-9.817000000000000171e-01
-6.019999999999999796e-01
-5.840000000000000052e-02
-5.426999999999999602e-01
2.195000000000000007e-01
4.490000000000000102e-01
-5.446999999999999620e-01
-2.580000000000000002e-02
3.966999999999999971e-01
3.259999999999999704e-02
-8.445000000000000284e-01
4.930999999999999828e-01
1.313000000000000000e-01
9.098000000000000531e-01
-5.003999999999999559e-01
-4.782000000000000139e-01
9.746000000000000218e-01
9.134999999999999787e-01
-4.379000000000000115e-01
3.875000000000000111e-01
-2.615000000000000102e-01
-2.887000000000000122e-01
-5.816999999999999948e-01
-2.359999999999999876e-01
4.022999999999999909e-01
4.756000000000000227e-01
1.932000000000000106e-01
4.611999999999999988e-01
2.257000000000000117e-01
-1.199000000000000066e-01
-7.055000000000000160e-01
6.689000000000000501e-01
-5.838999999999999746e-01
8.967000000000000526e-01
-8.266999999999999904e-01
-2.184999999999999998e-01
4.167000000000000148e-01
-1.998000000000000054e-01
7.108999999999999764e-01
1.351999999999999869e-01
8.166999999999999815e-01
-8.277999999999999803e-01
8.730999999999999872e-01
5.240000000000000213e-02
-8.598000000000000087e-01
9.173999999999999932e-01
-5.198000000000000398e-01
8.870999999999999996e-01
-1.643000000000000016e-01
4.290999999999999814e-01
-4.751000000000000223e-01
8.145000000000000018e-01
4.058999999999999830e-01
8.951000000000000068e-01
7.009999999999999565e-01
3.675999999999999823e-01
8.227999999999999758e-01
9.613000000000000433e-01
-7.326000000000000290e-01
-6.951000000000000512e-01
-7.600000000000000089e-01
9.885000000000000453e-01
5.255999999999999561e-01
-9.926000000000000378e-01
-3.098000000000000198e-01
8.229999999999999538e-01
-4.227000000000000202e-01
-4.307000000000000273e-01
7.528000000000000247e-01
-2.320000000000000118e-01
8.241000000000000547e-01
6.250999999999999890e-01
1.698000000000000065e-01
-3.919999999999999873e-02
1.327000000000000124e-01
-6.664999999999999813e-01
-3.033000000000000140e-01
-5.670000000000000040e-02
-1.100000000000000066e-03
9.283000000000000140e-01
-5.878999999999999782e-01
-9.840999999999999748e-01
-6.430000000000000160e-01
-8.872999999999999776e-01
-5.580000000000000238e-02
-1.892000000000000071e-01
-4.859999999999999737e-02
8.034999999999999920e-01
4.900999999999999801e-01
9.922999999999999599e-01
5.453000000000000069e-01
1.549000000000000099e-01
4.227000000000000202e-01
-4.479999999999999954e-02
1.115000000000000019e-01
9.110000000000000320e-01
-6.529999999999999694e-02
3.951999999999999957e-01
1.751999999999999946e-01
6.146000000000000352e-01
-4.239999999999999880e-01
-7.000000000000000666e-02
6.339000000000000190e-01
-3.861999999999999877e-01
7.352999999999999536e-01
-6.243999999999999551e-01
-2.989999999999999949e-02
-9.292000000000000259e-01
-7.602999999999999758e-01
-3.316999999999999948e-01
-8.306999999999999940e-01
7.239999999999999769e-01
