1.544999999999999984e-01
-7.209999999999999742e-02
-5.750999999999999446e-01
-1.718999999999999972e-01
-3.780000000000000027e-02
4.889000000000000012e-01
-9.596000000000000085e-01
8.129999999999999727e-02
-8.398999999999999799e-01
4.616999999999999993e-01
-5.232999999999999874e-01
5.913000000000000478e-01
7.951000000000000290e-01
-7.995999999999999774e-01
9.716000000000000192e-01
2.879999999999999921e-02
-9.420000000000000595e-02
9.985000000000000542e-01
5.702000000000000401e-01
2.364999999999999880e-01
-5.991999999999999549e-01
8.355000000000000204e-01
-3.673000000000000154e-01
-9.474000000000000199e-01
3.472999999999999976e-01
-4.094999999999999751e-01
7.320000000000000118e-02
-5.542000000000000259e-01
-3.351000000000000090e-01
-3.716999999999999749e-01
8.958000000000000407e-01
1.885999999999999899e-01
-4.313000000000000167e-01
7.140999999999999570e-01
7.870000000000000329e-01
6.252999999999999670e-01
-5.583000000000000185e-01
-3.409999999999999837e-02
-3.114999999999999991e-01
3.965000000000000191e-01
5.999999999999999778e-02
5.879999999999999671e-01
2.267000000000000126e-01
5.888999999999999790e-01
-3.486000000000000210e-01
-1.150000000000000050e-01
-6.441999999999999948e-01
8.353000000000000425e-01
2.177000000000000046e-01
-3.860000000000000098e-01
-3.345000000000000195e-01
-7.360999999999999766e-01
2.288999999999999924e-01
5.677999999999999714e-01
4.963000000000000189e-01
7.275000000000000355e-01
8.404000000000000359e-01
9.755000000000000338e-01
2.738999999999999768e-01
2.983999999999999986e-01
5.195999999999999508e-01
4.485000000000000098e-01
-8.800999999999999934e-01
8.154000000000000137e-01
9.199999999999999845e-02
5.298000000000000487e-01
-5.415999999999999703e-01
-9.367999999999999661e-01
-1.250999999999999890e-01
1.179999999999999973e-02
6.903000000000000247e-01
1.260999999999999899e-01
5.594000000000000083e-01
7.731000000000000094e-01
-8.970000000000000195e-02
-5.848999999999999755e-01
-8.217999999999999750e-01
-5.745999999999999996e-01
-9.042999999999999927e-01
8.101000000000000423e-01
9.797000000000000153e-01
7.780000000000000249e-01
3.791999999999999815e-01
-4.061000000000000165e-01
-2.361999999999999933e-01
7.077999999999999847e-01
-7.180999999999999606e-01
8.717000000000000304e-01
-9.540999999999999481e-01
-9.586000000000000076e-01
1.784000000000000030e-01
7.979000000000000536e-01
8.346999999999999975e-01
-5.077000000000000401e-01
2.348000000000000087e-01
-8.454000000000000403e-01
7.560000000000000053e-01
1.529999999999999971e-01
-5.544999999999999929e-01
-1.738000000000000100e-01
-8.900000000000000133e-01
2.790000000000000119e-02
-1.756000000000000061e-01
2.467000000000000026e-01
7.770000000000000517e-02
-5.319000000000000394e-01
4.072999999999999954e-01
-2.700000000000000143e-03
-9.950000000000000511e-02
-3.723000000000000198e-01
-9.970999999999999863e-01
2.998999999999999999e-01
-4.954000000000000070e-01
3.669000000000000039e-01
4.887000000000000233e-01
-6.119999999999999885e-01
-3.607000000000000206e-01
-7.043000000000000371e-01
-2.500999999999999890e-01
9.033999999999999808e-01
3.558000000000000052e-01
5.377999999999999448e-01
-3.347999999999999865e-01
8.044000000000000039e-01
6.821000000000000396e-01
8.780999999999999917e-01
4.348000000000000198e-01
8.206999999999999851e-01
8.604000000000000536e-01
-7.870000000000000606e-02
6.552000000000000046e-01
-8.415000000000000258e-01
-3.367999999999999883e-01
-7.642999999999999794e-01
9.308999999999999497e-01
3.385000000000000231e-01
-3.101999999999999758e-01
6.575999999999999623e-01
-8.161000000000000476e-01
2.160000000000000114e-02
6.010999999999999677e-01
2.044999999999999873e-01
2.401000000000000079e-01
5.819999999999999618e-01
7.667000000000000481e-01
7.034000000000000252e-01
3.491000000000000214e-01
6.001999999999999558e-01
-6.180000000000000077e-02
-2.442000000000000004e-01
-1.696000000000000008e-01
4.808000000000000052e-01
-6.369000000000000217e-01
-7.548000000000000265e-01
-7.701000000000000068e-01
-5.612000000000000322e-01
-3.780000000000000027e-02
-7.338000000000000078e-01
-9.762999999999999456e-01
8.640000000000000457e-02
-8.538000000000000034e-01
-9.214999999999999858e-01
-1.675999999999999990e-01
8.345000000000000195e-01
-4.834999999999999853e-01
6.357000000000000428e-01
5.018000000000000238e-01
-4.188000000000000056e-01
3.081999999999999740e-01
9.200000000000000400e-01
-7.141999999999999460e-01
1.043000000000000038e-01
3.316000000000000059e-01
3.129000000000000115e-01
4.824999999999999845e-01
3.563999999999999946e-01
9.010000000000000231e-01
-4.742999999999999994e-01
9.363000000000000211e-01
-3.698000000000000176e-01
7.354000000000000536e-01
2.791000000000000147e-01
3.749999999999999861e-02
-2.829999999999999738e-01
-5.423999999999999932e-01
9.895000000000000462e-01
4.953000000000000180e-01
4.869999999999999885e-01
-2.520999999999999908e-01
5.209000000000000297e-01
-3.015999999999999792e-01
5.823000000000000398e-01
7.821000000000000174e-01
3.977999999999999869e-01
2.275000000000000078e-01
6.330999999999999961e-01
-5.387999999999999456e-01
1.688000000000000056e-01
-8.478999999999999870e-01
-9.362000000000000322e-01
-9.216999999999999638e-01
6.965999999999999970e-01
-5.224999999999999645e-01
4.121000000000000218e-01
-1.716000000000000025e-01
-5.261000000000000121e-01
-1.872000000000000053e-01
-4.444000000000000172e-01
-4.490000000000000102e-01
-6.107000000000000206e-01
-3.605999999999999761e-01
-9.825000000000000400e-01
3.887999999999999790e-01
8.333000000000000407e-01
7.520000000000000295e-02
2.074999999999999900e-01
1.420000000000000082e-02
-5.532000000000000250e-01
4.894999999999999907e-01
-6.270000000000000573e-02
7.376000000000000334e-01
2.350000000000000006e-02
-6.561000000000000165e-01
7.633999999999999675e-01
-6.410000000000000420e-02
3.482000000000000095e-01
-8.352000000000000535e-01
7.601999999999999869e-01
-6.639000000000000457e-01
8.918000000000000371e-01
-9.727999999999999980e-01
1.110000000000000049e-02
-5.685000000000000053e-01
-7.641999999999999904e-01
-2.610000000000000098e-01
-3.066999999999999726e-01
-8.280999999999999472e-01
4.945999999999999841e-01
1.600000000000000033e-01
7.364000000000000545e-01
4.788000000000000034e-01
-7.282999999999999474e-01
3.440000000000000002e-02
4.489000000000000212e-01
-4.133999999999999897e-01
-5.108000000000000318e-01
2.485999999999999877e-01
-6.679000000000000492e-01
5.181999999999999940e-01
4.069999999999999729e-01
9.360000000000000542e-01
1.322000000000000119e-01
-2.879999999999999921e-02
7.224000000000000421e-01
6.223999999999999533e-01
-7.808000000000000496e-01
4.127000000000000113e-01
3.527000000000000135e-01
-1.549999999999999989e-02
7.769000000000000350e-01
9.715000000000000302e-01
-7.097999999999999865e-01
-4.626000000000000112e-01
-7.307000000000000162e-01
9.943999999999999506e-01
-3.039999999999999994e-02
6.146000000000000352e-01
-9.414000000000000146e-01
-8.346999999999999975e-01
8.921000000000000041e-01
6.940000000000000335e-02
-5.446999999999999620e-01
3.846999999999999864e-01
4.300999999999999823e-01
-3.899999999999999821e-03
-9.583000000000000407e-01
5.122999999999999776e-01
-2.235000000000000042e-01
9.079000000000000403e-01
8.128999999999999559e-01
-8.653999999999999471e-01
1.299999999999999940e-02
3.423999999999999821e-01
7.497000000000000330e-01
4.404000000000000137e-01
4.378000000000000225e-01
6.700000000000000400e-02
-5.635000000000000009e-01
-6.834999999999999964e-01
-5.489000000000000545e-01
-3.356000000000000094e-01
-8.260999999999999455e-01
7.370999999999999774e-01
7.782999999999999918e-01
8.960000000000000187e-01
2.351000000000000034e-01
-8.754999999999999449e-01
6.199999999999999782e-03
-4.314000000000000057e-01
-5.795000000000000151e-01
