-5.011999999999999789e-01
8.226999999999999869e-01
-4.879999999999999893e-01
2.058999999999999997e-01
8.716000000000000414e-01
7.435000000000000497e-01
1.550999999999999879e-01
1.368000000000000049e-01
-4.092000000000000082e-01
-7.107999999999999874e-01
4.601999999999999980e-01
-5.978999999999999870e-01
-6.851000000000000423e-01
3.219999999999999946e-02
9.519999999999999574e-01
9.570999999999999508e-01
-9.453000000000000291e-01
-7.003000000000000336e-01
-2.240999999999999936e-01
4.728999999999999870e-01
8.701999999999999735e-01
3.670000000000000345e-02
6.643000000000000016e-01
-9.420000000000000595e-02
-7.583999999999999631e-01
2.931000000000000272e-01
-6.974000000000000199e-01
9.906000000000000361e-01
-1.953000000000000014e-01
-3.320000000000000173e-01
1.940000000000000058e-02
-7.429000000000000048e-01
8.719000000000000083e-01
-4.976999999999999758e-01
-1.210999999999999993e-01
-8.846000000000000529e-01
5.489000000000000545e-01
-3.558000000000000052e-01
-5.189000000000000279e-01
1.259000000000000119e-01
1.043000000000000038e-01
-7.457000000000000295e-01
2.238999999999999879e-01
4.028999999999999804e-01
9.690999999999999615e-01
1.140000000000000041e-01
6.431000000000000050e-01
-6.774999999999999911e-01
5.165999999999999481e-01
7.240000000000000602e-02
-7.357000000000000206e-01
-1.351999999999999869e-01
2.280000000000000082e-01
-4.632999999999999896e-01
2.073000000000000120e-01
8.505000000000000338e-01
5.159000000000000252e-01
-7.069999999999999618e-01
-4.894999999999999907e-01
-5.106000000000000538e-01
-6.473999999999999755e-01
9.419999999999999485e-01
2.061999999999999944e-01
-7.872000000000000108e-01
-3.427000000000000046e-01
7.589000000000000190e-01
5.272999999999999909e-01
6.421999999999999931e-01
-4.309999999999999942e-01
-3.798000000000000265e-01
-7.559000000000000163e-01
-9.932999999999999607e-01
2.006000000000000005e-01
8.169999999999999485e-01
9.439999999999999780e-02
5.451000000000000290e-01
9.052999999999999936e-01
-6.716999999999999638e-01
-3.135000000000000009e-01
-7.501999999999999780e-01
-4.157000000000000139e-01
1.766000000000000070e-01
8.489999999999999769e-01
-7.342999999999999527e-01
-2.291999999999999871e-01
5.096000000000000529e-01
3.592000000000000193e-01
-9.879999999999999893e-01
-2.182000000000000051e-01
-4.668999999999999817e-01
-3.672000000000000264e-01
-7.100000000000000408e-03
9.565000000000000169e-01
1.799999999999999951e-03
-9.294000000000000039e-01
5.188000000000000389e-01
2.230999999999999928e-01
-1.950000000000000067e-01
3.402000000000000024e-01
7.093000000000000416e-01
-1.690000000000000113e-01
6.407000000000000473e-01
-9.058000000000000496e-01
-4.039999999999999841e-02
-7.250999999999999668e-01
-6.749000000000000554e-01
4.688999999999999835e-01
8.608999999999999986e-01
1.741000000000000048e-01
-6.359000000000000208e-01
5.396999999999999575e-01
1.074999999999999983e-01
-8.438999999999999835e-01
4.047000000000000042e-01
5.361000000000000210e-01
-2.353999999999999981e-01
5.258000000000000451e-01
7.025000000000000133e-01
-8.892999999999999794e-01
-6.539000000000000368e-01
-8.139999999999999458e-01
9.592000000000000526e-01
-1.217000000000000026e-01
-2.288000000000000034e-01
9.664000000000000368e-01
7.946999999999999620e-01
-7.826999999999999513e-01
6.388000000000000345e-01
6.709000000000000519e-01
-9.479999999999999538e-02
-9.475000000000000089e-01
-9.065999999999999615e-01
2.333999999999999964e-01
-8.308999999999999719e-01
4.884000000000000008e-01
5.563000000000000167e-01
4.642999999999999905e-01
2.285999999999999976e-01
4.789999999999999813e-02
-5.321000000000000174e-01
-8.299999999999999600e-01
1.731999999999999929e-01
-8.509999999999999509e-02
-5.938999999999999835e-01
-8.155999999999999917e-01
-5.301000000000000156e-01
-5.856999999999999984e-01
-2.389999999999999902e-01
3.543000000000000038e-01
6.448000000000000398e-01
-7.399000000000000021e-01
8.562999999999999501e-01
-6.943000000000000282e-01
9.488999999999999657e-01
-6.578000000000000513e-01
5.940999999999999615e-01
-7.869000000000000439e-01
-9.895000000000000462e-01
3.784000000000000141e-01
-6.613999999999999879e-01
-5.113999999999999657e-01
3.642000000000000237e-01
-3.169000000000000150e-01
3.069999999999999951e-01
6.985999999999999988e-01
-3.558000000000000052e-01
-8.481999999999999540e-01
6.721000000000000307e-01
4.552999999999999825e-01
-4.662000000000000033e-01
6.293999999999999595e-01
2.295000000000000095e-01
-1.617000000000000104e-01
6.886999999999999789e-01
9.140000000000000346e-01
-1.193000000000000033e-01
5.309000000000000385e-01
1.733000000000000096e-01
2.331000000000000016e-01
7.073000000000000398e-01
-2.564000000000000168e-01
2.003999999999999948e-01
2.939999999999999905e-02
6.051999999999999602e-01
1.270000000000000018e-01
7.487000000000000322e-01
9.765000000000000346e-01
8.786000000000000476e-01
-3.069999999999999951e-01
7.119999999999999940e-02
-6.765999999999999792e-01
-7.979000000000000536e-01
-2.585000000000000075e-01
-1.403000000000000080e-01
4.259000000000000008e-01
-2.058000000000000107e-01
-9.326999999999999735e-01
1.532000000000000028e-01
-4.521999999999999909e-01
6.885999999999999899e-01
7.580999999999999961e-01
9.622000000000000552e-01
-8.486000000000000210e-01
-2.708999999999999742e-01
1.811000000000000110e-01
7.862999999999999989e-01
-1.185999999999999971e-01
-3.452000000000000068e-01
-7.925999999999999712e-01
-6.610000000000000320e-01
-3.968999999999999750e-01
-5.557999999999999607e-01
-8.064999999999999947e-01
6.037000000000000144e-01
4.028999999999999804e-01
8.495000000000000329e-01
-2.867999999999999994e-01
-5.010999999999999899e-01
1.958000000000000018e-01
-4.643999999999999795e-01
3.734999999999999987e-01
1.554000000000000103e-01
-8.446000000000000174e-01
-6.276000000000000467e-01
-3.428999999999999826e-01
-2.212000000000000077e-01
-2.831000000000000183e-01
-3.104000000000000092e-01
8.443000000000000504e-01
-9.453000000000000291e-01
-9.718999999999999861e-01
-7.209999999999999742e-01
-8.335000000000000187e-01
3.301000000000000045e-01
-4.559000000000000274e-01
-1.764000000000000012e-01
-1.715000000000000135e-01
-8.879000000000000226e-01
2.888999999999999901e-01
3.674000000000000044e-01
-9.142000000000000126e-01
2.807999999999999940e-01
6.984000000000000208e-01
-8.229999999999999538e-01
9.035999999999999588e-01
-6.429999999999999605e-02
-9.458999999999999631e-01
-2.620000000000000107e-02
-6.336000000000000520e-01
2.472999999999999921e-01
8.681999999999999718e-01
-9.661999999999999478e-01
6.219999999999999835e-02
-1.809999999999999942e-01
-3.284000000000000252e-01
-8.883999999999999675e-01
-9.895000000000000462e-01
4.027000000000000024e-01
-8.215000000000000080e-01
3.291000000000000036e-01
-2.064999999999999891e-01
-1.630999999999999950e-01
-7.075000000000000178e-01
-7.849000000000000421e-01
-6.048000000000000043e-01
-4.949000000000000066e-01
7.641000000000000014e-01
3.209999999999999659e-02
1.995999999999999996e-01
-4.413000000000000256e-01
-8.551999999999999602e-01
8.820000000000000062e-02
-2.464000000000000079e-01
-2.939999999999999836e-01
6.302999999999999714e-01
4.889999999999999902e-02
-3.624999999999999889e-01
-2.419999999999999929e-02
-6.422999999999999821e-01
7.430999999999999828e-01
8.999999999999999667e-02
-1.865999999999999881e-01
1.222000000000000031e-01
5.693000000000000282e-01
3.541000000000000258e-01
-6.606999999999999540e-01
1.398999999999999966e-01
-7.877999999999999448e-01
-7.593999999999999639e-01
6.473999999999999755e-01
7.620000000000000107e-01
7.609000000000000208e-01
-2.962000000000000188e-01
5.029000000000000137e-01
-3.534999999999999809e-01
-4.974999999999999978e-01
9.857000000000000206e-01
4.479999999999999954e-02
2.998000000000000109e-01
-5.242999999999999883e-01
