4.300000000000000003e-03
6.189999999999999947e-01
-1.841000000000000136e-01
1.938000000000000000e-01
2.510999999999999899e-01
-5.179000000000000270e-01
-3.322999999999999843e-01
-2.396000000000000074e-01
2.318000000000000060e-01
4.138000000000000012e-01
-4.159999999999999809e-02
-8.982999999999999874e-01
9.070000000000000284e-02
-2.474000000000000088e-01
-8.155000000000000027e-01
5.508999999999999453e-01
-9.177999999999999492e-01
4.308000000000000163e-01
-1.799000000000000044e-01
-5.023999999999999577e-01
-9.515000000000000124e-01
8.698000000000000176e-01
2.750000000000000014e-02
3.523000000000000020e-01
9.941999999999999726e-01
5.375999999999999668e-01
-2.848999999999999866e-01
-5.093999999999999639e-01
-2.099000000000000032e-01
-3.680999999999999828e-01
2.735000000000000209e-01
-3.729999999999999982e-02
-3.150999999999999912e-01
-7.868000000000000549e-01
-3.821999999999999842e-01
9.368999999999999551e-01
1.850999999999999868e-01
-4.459000000000000186e-01
2.071999999999999953e-01
5.502000000000000224e-01
-1.575999999999999901e-01
6.189000000000000057e-01
-5.040000000000000036e-01
1.675000000000000100e-01
-8.608000000000000096e-01
9.210000000000000409e-01
-1.287000000000000088e-01
9.449999999999999512e-01
5.850999999999999535e-01
-6.323999999999999622e-01
-3.135000000000000009e-01
8.219999999999999529e-02
-8.751999999999999780e-01
-3.970000000000000195e-01
7.616000000000000547e-01
-1.315000000000000058e-01
-7.613999999999999657e-01
-5.735000000000000098e-01
7.994999999999999885e-01
-7.332999999999999519e-01
-7.957999999999999519e-01
-3.236999999999999877e-01
1.771999999999999964e-01
2.881000000000000227e-01
5.475999999999999757e-01
-3.185999999999999943e-01
4.940999999999999837e-01
5.066000000000000503e-01
-6.420000000000000151e-01
6.387000000000000455e-01
-6.659000000000000474e-01
9.932999999999999607e-01
1.409999999999999969e-02
3.977999999999999869e-01
8.077999999999999625e-01
6.450000000000000178e-02
-6.085000000000000409e-01
2.938999999999999946e-01
-7.167999999999999927e-01
8.205999999999999961e-01
9.375000000000000000e-01
-5.211999999999999966e-01
-6.208000000000000185e-01
-9.767000000000000126e-01
5.550000000000000072e-02
5.584000000000000075e-01
-2.967000000000000193e-01
8.038999999999999480e-01
2.779999999999999832e-02
-7.187999999999999945e-01
8.960000000000000187e-01
8.869000000000000217e-01
-7.391999999999999682e-01
8.632999999999999563e-01
8.337999999999999856e-01
2.570999999999999952e-01
-7.840000000000000302e-01
-1.378999999999999948e-01
2.891000000000000236e-01
9.489999999999999547e-01
8.826000000000000512e-01
9.426999999999999824e-01
-9.997000000000000330e-01
6.464999999999999636e-01
2.089999999999999913e-01
6.844999999999999973e-01
9.920999999999999819e-01
-5.042999999999999705e-01
-3.313999999999999724e-01
-1.203999999999999931e-01
9.750000000000000333e-02
-9.522000000000000464e-01
-5.252000000000000002e-01
-4.173999999999999932e-01
-3.724000000000000088e-01
-7.103000000000000425e-01
2.841000000000000192e-01
4.686000000000000165e-01
6.289999999999999758e-02
5.069000000000000172e-01
5.467999999999999527e-01
-7.330000000000000404e-02
3.867999999999999772e-01
-6.943000000000000282e-01
5.081999999999999851e-01
8.557000000000000162e-01
8.183000000000000274e-01
-3.286999999999999922e-01
9.229000000000000536e-01
3.266000000000000014e-01
3.183000000000000274e-01
9.335999999999999854e-01
-4.880000000000000310e-02
9.845000000000000417e-01
-5.644000000000000128e-01
-8.473000000000000531e-01
4.914999999999999925e-01
-3.643000000000000127e-01
-3.746999999999999775e-01
-6.889999999999999458e-01
-9.598999999999999755e-01
-4.114999999999999769e-01
6.450000000000000178e-02
-3.252999999999999781e-01
9.797000000000000153e-01
-8.349999999999999645e-01
7.187999999999999945e-01
-1.859999999999999848e-02
-8.733999999999999542e-01
4.381999999999999784e-01
-5.403999999999999915e-01
-5.899999999999999863e-03
-5.471000000000000307e-01
-9.268999999999999462e-01
-5.179000000000000270e-01
-6.044000000000000483e-01
8.464000000000000412e-01
8.429999999999999993e-02
6.344999999999999529e-01
5.999999999999999778e-01
1.703000000000000069e-01
-5.682000000000000384e-01
-2.449000000000000066e-01
-7.521999999999999797e-01
-5.323999999999999844e-01
-8.258999999999999675e-01
9.915000000000000480e-01
1.686999999999999889e-01
9.840999999999999748e-01
-8.575000000000000400e-01
-2.909999999999999809e-01
4.439000000000000168e-01
-9.085999999999999632e-01
-1.605000000000000038e-01
-4.586999999999999966e-01
5.944000000000000394e-01
-9.775000000000000355e-01
-8.969000000000000306e-01
2.973999999999999977e-01
-2.672999999999999821e-01
-3.574999999999999845e-01
-7.376000000000000334e-01
9.071000000000000174e-01
6.493999999999999773e-01
-3.846999999999999864e-01
-5.441000000000000281e-01
-2.839999999999999747e-01
7.647000000000000464e-01
4.475000000000000089e-01
-7.700000000000000178e-01
4.637000000000000011e-01
6.433999999999999719e-01
-8.375000000000000222e-01
2.290000000000000022e-02
-3.131999999999999784e-01
9.515000000000000124e-01
-6.091999999999999638e-01
9.013999999999999790e-01
1.160000000000000059e-01
2.660000000000000142e-01
8.648000000000000131e-01
5.556999999999999718e-01
4.999000000000000110e-01
1.401000000000000023e-01
9.180000000000000382e-01
-5.112999999999999767e-01
-1.072000000000000036e-01
-6.420000000000000151e-01
-9.925000000000000488e-01
-4.830000000000000265e-02
8.110000000000000542e-01
7.923999999999999932e-01
-2.119000000000000050e-01
9.805000000000000382e-01
3.810000000000000053e-01
-7.136000000000000121e-01
-3.905000000000000138e-01
-2.268000000000000016e-01
-2.780000000000000249e-01
3.135000000000000009e-01
8.012000000000000233e-01
-2.209000000000000130e-01
3.655999999999999805e-01
8.688000000000000167e-01
-4.669999999999999846e-02
-4.158000000000000029e-01
-8.650999999999999801e-01
9.348999999999999533e-01
-3.559999999999999970e-02
7.270000000000000073e-02
8.206999999999999851e-01
2.156000000000000139e-01
4.485000000000000098e-01
-2.656999999999999917e-01
6.808999999999999497e-01
4.444000000000000172e-01
7.560000000000000053e-02
-4.481999999999999873e-01
4.375000000000000000e-01
6.734999999999999876e-01
7.872000000000000108e-01
-8.791999999999999815e-01
-5.245999999999999552e-01
-2.182999999999999940e-01
2.725000000000000200e-01
-6.599000000000000421e-01
-3.219000000000000195e-01
-2.404999999999999916e-01
8.409999999999999420e-02
6.012999999999999456e-01
2.124999999999999944e-01
1.067000000000000032e-01
2.222999999999999976e-01
-8.300999999999999490e-01
-1.925999999999999934e-01
-7.330999999999999739e-01
7.788000000000000478e-01
-9.768999999999999906e-01
-3.470000000000000168e-02
-7.600000000000000089e-01
-2.030000000000000138e-01
3.603000000000000091e-01
3.320000000000000173e-01
-8.488999999999999879e-01
1.746000000000000052e-01
-8.300000000000000086e-03
-8.807000000000000384e-01
6.555999999999999606e-01
4.753000000000000003e-01
-3.622000000000000219e-01
4.330999999999999850e-01
2.989999999999999880e-01
-6.418000000000000371e-01
4.813999999999999946e-01
4.808999999999999941e-01
-9.130000000000000615e-02
3.791999999999999815e-01
5.997999999999999998e-01
-6.095000000000000417e-01
-2.003999999999999948e-01
-3.358999999999999764e-01
-7.069999999999999896e-02
-6.117000000000000215e-01
-3.827999999999999736e-01
5.870000000000000218e-02
9.363000000000000211e-01
8.229999999999999538e-01
-8.162000000000000366e-01
6.241999999999999771e-01
7.653999999999999693e-01
-9.156999999999999584e-01
4.461999999999999855e-01
4.096000000000000196e-01
7.159999999999999698e-02
6.202999999999999625e-01
2.424000000000000044e-01
2.717999999999999861e-01
-8.850999999999999979e-01
5.355999999999999650e-01
-1.160000000000000059e-01
