9.663000000000000478e-01
-3.371999999999999997e-01
5.190000000000000169e-01
8.245000000000000107e-01
-8.347999999999999865e-01
1.708999999999999964e-01
6.269000000000000128e-01
5.877000000000000002e-01
-7.689000000000000279e-01
3.886999999999999900e-01
5.148000000000000353e-01
9.750000000000000333e-02
-5.290000000000000258e-01
-4.616000000000000103e-01
-1.067000000000000032e-01
-9.272000000000000242e-01
4.431999999999999829e-01
-3.547000000000000153e-01
-5.582000000000000295e-01
-4.783000000000000029e-01
1.025999999999999968e-01
-1.880000000000000004e-01
3.780000000000000027e-02
-2.559000000000000163e-01
-7.537000000000000366e-01
8.023000000000000131e-01
-1.190000000000000085e-02
5.600000000000000117e-02
-6.140999999999999792e-01
-6.267000000000000348e-01
-3.232999999999999763e-01
-8.871999999999999886e-01
1.661999999999999866e-01
2.544000000000000150e-01
-9.669999999999999707e-01
1.857999999999999929e-01
8.244000000000000217e-01
4.158000000000000029e-01
9.891999999999999682e-01
5.778999999999999693e-01
-4.465000000000000080e-01
-3.570000000000000256e-02
6.619999999999999496e-02
-2.710000000000000187e-01
-7.532999999999999696e-01
1.300999999999999934e-01
-5.171000000000000041e-01
-5.999999999999999778e-02
-8.158999999999999586e-01
7.919000000000000483e-01
7.683999999999999719e-01
8.279999999999999860e-02
3.753000000000000225e-01
7.725999999999999535e-01
2.015000000000000124e-01
-6.864999999999999991e-01
5.571000000000000396e-01
-3.901000000000000023e-01
6.260000000000000009e-01
5.315999999999999615e-01
-8.050000000000000488e-01
5.243999999999999773e-01
-8.538000000000000034e-01
-6.025000000000000355e-01
8.781999999999999806e-01
-2.404000000000000026e-01
-4.399999999999999745e-02
9.953999999999999515e-01
-1.365000000000000102e-01
9.199999999999999845e-02
1.260000000000000009e-02
8.827000000000000401e-01
-8.071000000000000396e-01
-7.520000000000000295e-02
8.824999999999999512e-01
4.517999999999999794e-01
6.417000000000000481e-01
-8.859000000000000208e-01
2.220000000000000098e-02
7.358000000000000096e-01
-6.427000000000000490e-01
-4.179999999999999827e-01
1.481000000000000094e-01
-5.810999999999999499e-01
1.111000000000000043e-01
-8.364000000000000323e-01
6.996999999999999886e-01
-5.021999999999999797e-01
-1.942000000000000115e-01
6.575999999999999623e-01
3.667000000000000259e-01
-5.722000000000000419e-01
-6.598000000000000531e-01
-9.751999999999999558e-01
-8.763999999999999568e-01
2.227999999999999980e-01
-2.649999999999999925e-02
4.849999999999999867e-01
6.088000000000000078e-01
-1.088999999999999968e-01
3.062000000000000277e-01
9.300000000000000488e-01
5.662000000000000366e-01
4.222000000000000197e-01
-4.400999999999999912e-01
-5.686999999999999833e-01
3.558999999999999941e-01
6.167000000000000259e-01
-5.936000000000000165e-01
-4.621000000000000107e-01
-4.946999999999999731e-01
8.459999999999999742e-01
-1.049999999999999961e-01
-9.584000000000000297e-01
-3.313999999999999724e-01
-8.970000000000000195e-02
6.500000000000000222e-01
-7.885999999999999677e-01
8.540999999999999703e-01
8.570999999999999730e-01
3.422999999999999932e-01
-9.172000000000000153e-01
6.110999999999999766e-01
-8.166999999999999815e-01
3.563000000000000056e-01
9.342000000000000304e-01
-4.454000000000000181e-01
8.572999999999999510e-01
4.340000000000000108e-02
1.333999999999999908e-01
9.514000000000000234e-01
2.437999999999999889e-01
2.457000000000000017e-01
-4.000000000000000083e-02
2.069999999999999965e-02
5.766999999999999904e-01
4.585000000000000187e-01
6.704999999999999849e-01
1.156999999999999973e-01
4.636000000000000121e-01
2.808999999999999830e-01
6.219999999999999835e-02
3.841999999999999860e-01
1.733000000000000096e-01
5.732000000000000428e-01
-8.273000000000000353e-01
7.058999999999999719e-01
5.890000000000000097e-02
4.161000000000000254e-01
-9.506999999999999895e-01
-7.866999999999999549e-01
8.820000000000000062e-01
5.361000000000000210e-01
-2.242999999999999994e-01
-9.217999999999999527e-01
4.239999999999999880e-01
-4.689999999999999725e-01
-6.430000000000000160e-01
-3.145000000000000018e-01
2.394999999999999907e-01
8.025999999999999801e-01
7.150999999999999579e-01
3.134000000000000119e-01
-8.119999999999999440e-02
5.396999999999999575e-01
-2.398000000000000131e-01
-9.194999999999999840e-01
-2.676000000000000045e-01
-9.019000000000000350e-01
6.995999999999999996e-01
6.560000000000000275e-01
8.394000000000000350e-01
-4.003999999999999782e-01
5.966000000000000192e-01
-9.297999999999999599e-01
9.013999999999999790e-01
-8.776000000000000467e-01
1.386999999999999900e-01
-8.750999999999999890e-01
9.023999999999999799e-01
-4.061000000000000165e-01
4.321999999999999731e-01
-1.593999999999999861e-01
-6.171999999999999709e-01
-2.553000000000000269e-01
6.132999999999999563e-01
-2.000000000000000096e-04
-4.477999999999999758e-01
-9.181000000000000272e-01
-6.300999999999999934e-01
2.000000000000000111e-01
-1.766999999999999960e-01
-5.524000000000000021e-01
-9.739999999999999769e-01
3.837999999999999745e-01
-1.902000000000000079e-01
6.172999999999999599e-01
-6.300000000000000044e-02
1.297999999999999987e-01
-4.719999999999999751e-01
8.890000000000000124e-01
-2.129000000000000059e-01
-4.141000000000000236e-01
8.549999999999999822e-01
6.280000000000000027e-01
7.449999999999999678e-02
9.436999999999999833e-01
8.984999999999999654e-01
3.749000000000000110e-01
5.492000000000000215e-01
-3.189000000000000168e-01
9.919000000000000039e-01
8.435000000000000275e-01
2.771000000000000130e-01
-9.595000000000000195e-01
7.983000000000000096e-01
-8.250999999999999446e-01
4.400999999999999912e-01
7.593999999999999639e-01
9.312000000000000277e-01
-8.399999999999999481e-03
-3.869000000000000217e-01
-6.471000000000000085e-01
3.239999999999999825e-02
9.778999999999999915e-01
8.326000000000000068e-01
2.773999999999999799e-01
-1.497999999999999887e-01
1.970000000000000084e-01
6.798999999999999488e-01
5.827999999999999847e-01
5.221000000000000085e-01
8.767000000000000348e-01
-9.040000000000000258e-01
2.793999999999999817e-01
-5.999999999999999778e-02
-2.745000000000000218e-01
7.220000000000000029e-02
-7.258000000000000007e-01
6.316000000000000503e-01
-8.332000000000000517e-01
-1.625000000000000056e-01
-6.606999999999999540e-01
6.533999999999999808e-01
8.294000000000000261e-01
9.217999999999999527e-01
5.619999999999999996e-02
-7.679999999999999327e-02
-7.442999999999999616e-01
9.310000000000000497e-01
-1.494000000000000050e-01
6.032999999999999474e-01
-4.244999999999999885e-01
-1.514000000000000068e-01
-8.017999999999999572e-01
9.475000000000000089e-01
3.528000000000000025e-01
8.266000000000000014e-01
-2.290000000000000091e-01
6.989999999999999547e-01
-9.484000000000000208e-01
1.439999999999999891e-01
6.202999999999999625e-01
-3.000999999999999779e-01
-1.895000000000000018e-01
1.087999999999999939e-01
-9.888000000000000123e-01
-4.971999999999999753e-01
9.355999999999999872e-01
1.945000000000000062e-01
-9.949999999999999956e-01
-7.499999999999999722e-03
4.026000000000000134e-01
-4.199999999999999740e-03
-9.788000000000000034e-01
-9.145999999999999686e-01
3.378999999999999782e-01
-2.555000000000000049e-01
7.886999999999999567e-01
8.910000000000000142e-01
-5.800999999999999490e-01
5.949999999999999734e-01
9.674000000000000377e-01
-1.539000000000000090e-01
4.806000000000000272e-01
-3.620999999999999774e-01
1.020999999999999963e-01
1.013000000000000012e-01
-1.723000000000000087e-01
4.808999999999999941e-01
2.676000000000000045e-01
9.574000000000000288e-01
4.457999999999999741e-01
1.890999999999999903e-01
3.291999999999999926e-01
-1.203999999999999931e-01
9.850000000000000422e-02
8.917000000000000481e-01
-2.003000000000000058e-01
-5.920999999999999597e-01
