-9.549999999999999600e-01
7.269999999999999796e-01
-3.981000000000000094e-01
-2.398000000000000131e-01
5.934000000000000385e-01
3.537000000000000144e-01
-8.798000000000000265e-01
-9.354999999999999982e-01
1.088999999999999968e-01
-5.069000000000000172e-01
3.271999999999999909e-01
-9.356999999999999762e-01
-2.495999999999999885e-01
-8.093000000000000194e-01
-4.566999999999999948e-01
-6.141999999999999682e-01
-8.838000000000000300e-01
-6.322999999999999732e-01
-2.626999999999999891e-01
-6.741000000000000325e-01
4.328000000000000180e-01
5.362999999999999989e-01
-5.003999999999999559e-01
9.399999999999999467e-01
-6.998999999999999666e-01
-4.979999999999999982e-01
-9.375000000000000000e-01
4.056000000000000161e-01
6.519000000000000350e-01
-5.700000000000000205e-02
8.070000000000000506e-01
-4.633999999999999786e-01
9.633000000000000451e-01
8.516000000000000236e-01
-7.074000000000000288e-01
-8.600000000000000006e-03
-7.036000000000000032e-01
-7.563999999999999613e-01
-9.631999999999999451e-01
-7.229999999999999760e-01
-2.707999999999999852e-01
-9.092999999999999972e-01
7.754999999999999671e-01
4.927000000000000268e-01
3.277999999999999803e-01
-7.193000000000000504e-01
-3.382999999999999896e-01
-6.281999999999999806e-01
2.195999999999999897e-01
5.677999999999999714e-01
4.386999999999999789e-01
-5.610000000000000542e-01
-2.414000000000000035e-01
3.356000000000000094e-01
-2.837000000000000077e-01
-7.800000000000000266e-01
5.725000000000000089e-01
-2.513000000000000234e-01
-9.420000000000000595e-02
-5.746999999999999886e-01
9.991999999999999771e-01
-1.872999999999999943e-01
-8.065999999999999837e-01
-8.217999999999999750e-01
4.625000000000000222e-01
4.025000000000000244e-01
7.235000000000000320e-01
7.865999999999999659e-01
-7.338999999999999968e-01
-2.200000000000000133e-03
-2.631000000000000005e-01
3.104999999999999982e-01
9.396999999999999797e-01
4.128999999999999893e-01
3.590999999999999748e-01
2.437999999999999889e-01
1.053000000000000047e-01
-3.549999999999999822e-01
-5.323999999999999844e-01
-1.522000000000000020e-01
7.122000000000000552e-01
-5.859999999999999931e-02
2.750000000000000014e-02
4.542999999999999816e-01
-2.872999999999999998e-01
-4.611999999999999988e-01
-6.212999999999999634e-01
-8.756000000000000449e-01
5.441000000000000281e-01
-7.346000000000000307e-01
-2.641000000000000014e-01
9.314999999999999947e-01
8.222000000000000419e-01
-7.094000000000000306e-01
-5.229999999999999927e-02
-4.162000000000000144e-01
9.848999999999999977e-01
-9.340000000000000524e-01
7.929000000000000492e-01
-2.033000000000000085e-01
-8.591999999999999638e-01
4.027999999999999914e-01
1.209999999999999964e-01
-5.182999999999999829e-01
8.780999999999999917e-01
2.374999999999999889e-01
2.829999999999999738e-01
-6.151999999999999691e-01
4.954999999999999960e-01
-9.332000000000000295e-01
6.580000000000000293e-01
-6.850000000000000533e-02
3.307999999999999829e-01
-3.487000000000000099e-01
-5.966000000000000192e-01
-1.239999999999999991e-01
6.180999999999999828e-01
-5.134999999999999565e-01
-6.300000000000000044e-03
9.432000000000000384e-01
3.568000000000000060e-01
-2.257000000000000117e-01
-5.356999999999999540e-01
3.377999999999999892e-01
-9.049999999999999711e-02
-2.050000000000000086e-02
3.155999999999999917e-01
-4.171000000000000263e-01
-3.811999999999999833e-01
2.792999999999999927e-01
3.509999999999999926e-02
-9.663000000000000478e-01
6.677999999999999492e-01
-9.668999999999999817e-01
-1.751000000000000056e-01
3.215000000000000080e-01
8.163000000000000256e-01
-3.287999999999999812e-01
-7.650000000000000133e-01
5.794000000000000261e-01
-8.846000000000000529e-01
3.694000000000000061e-01
5.487999999999999545e-01
6.625999999999999668e-01
2.106000000000000094e-01
-4.329999999999999960e-01
5.151000000000000023e-01
5.574999999999999956e-01
-9.600999999999999535e-01
-9.361000000000000432e-01
2.058000000000000107e-01
8.115999999999999881e-01
4.882000000000000228e-01
-1.812000000000000000e-01
-7.592999999999999750e-01
8.770999999999999908e-01
-4.619999999999999801e-02
-3.155000000000000027e-01
-8.294000000000000261e-01
6.621000000000000218e-01
5.301000000000000156e-01
-4.741000000000000214e-01
-9.569999999999999618e-01
2.585000000000000075e-01
9.009000000000000341e-01
-1.683999999999999941e-01
9.893999999999999462e-01
4.935999999999999832e-01
-4.137000000000000122e-01
1.401999999999999913e-01
3.805999999999999939e-01
6.300000000000000044e-03
6.267000000000000348e-01
-9.354000000000000092e-01
-6.397000000000000464e-01
-2.293999999999999928e-01
2.606999999999999873e-01
-9.782999999999999474e-01
-3.251000000000000001e-01
5.694000000000000172e-01
6.978999999999999648e-01
-4.111000000000000210e-01
1.741999999999999937e-01
8.741999999999999771e-01
-3.548000000000000043e-01
-1.150000000000000050e-01
-9.331000000000000405e-01
-2.565000000000000058e-01
7.345000000000000417e-01
3.577000000000000179e-01
-9.741999999999999549e-01
2.154000000000000081e-01
-3.850999999999999979e-01
8.465000000000000302e-01
-2.083000000000000129e-01
-7.432999999999999607e-01
5.665000000000000036e-01
2.989999999999999949e-02
-4.030000000000000249e-02
-7.341999999999999638e-01
5.605999999999999872e-01
6.241999999999999771e-01
-7.330000000000000404e-02
8.286999999999999922e-01
7.299999999999999545e-02
-2.500000000000000139e-02
-3.529999999999999805e-01
-8.007999999999999563e-01
1.612999999999999989e-01
2.379000000000000004e-01
3.617000000000000215e-01
-1.731999999999999929e-01
-6.768999999999999462e-01
-4.672000000000000042e-01
1.092999999999999944e-01
4.593999999999999750e-01
-9.090000000000000302e-01
-9.602000000000000535e-01
8.481999999999999540e-01
-9.433000000000000274e-01
3.402999999999999914e-01
-5.000999999999999890e-01
5.958999999999999853e-01
1.184000000000000052e-01
6.357000000000000428e-01
-5.030000000000000027e-01
-9.018000000000000460e-01
-2.258999999999999897e-01
8.885999999999999455e-01
4.039999999999999841e-02
-9.489999999999999825e-02
-4.348000000000000198e-01
-1.860999999999999877e-01
-2.013999999999999957e-01
3.906999999999999917e-01
-2.235999999999999932e-01
-5.179000000000000270e-01
6.703000000000000069e-01
-8.611999999999999655e-01
2.391999999999999960e-01
-3.725999999999999868e-01
4.625000000000000222e-01
-4.499999999999999660e-03
9.155999999999999694e-01
3.570000000000000256e-02
-6.441000000000000059e-01
-4.171000000000000263e-01
-6.360000000000000098e-01
1.456000000000000072e-01
-2.730000000000000204e-01
-1.360999999999999988e-01
-5.822000000000000508e-01
-5.091999999999999860e-01
-3.256999999999999895e-01
-5.856000000000000094e-01
9.004999999999999671e-01
-9.862999999999999545e-01
9.582000000000000517e-01
1.388000000000000067e-01
-4.961999999999999744e-01
3.989999999999999797e-02
-8.407999999999999918e-01
-3.937999999999999834e-01
-9.363000000000000211e-01
-4.751000000000000223e-01
-9.920999999999999819e-01
6.398000000000000353e-01
3.534999999999999809e-01
-7.217999999999999972e-01
-5.288000000000000478e-01
-8.256000000000000005e-01
-8.397000000000000020e-01
-4.131000000000000227e-01
-4.596999999999999975e-01
-4.744999999999999774e-01
2.829999999999999877e-02
5.063999999999999613e-01
5.199999999999999761e-02
-7.714999999999999636e-01
3.729999999999999982e-01
1.116000000000000048e-01
-4.779999999999999805e-01
9.484000000000000208e-01
-8.640999999999999792e-01
8.521999999999999575e-01
-5.739999999999999547e-01
-7.154000000000000359e-01
5.899999999999999689e-02
8.461999999999999522e-01
7.429000000000000048e-01
-2.902000000000000135e-01
9.469999999999999529e-01
6.268000000000000238e-01
-6.653999999999999915e-01
-6.801000000000000378e-01
6.939999999999999503e-01
-3.066999999999999726e-01
-6.681000000000000272e-01
8.703999999999999515e-01
5.285999999999999588e-01
