-6.429000000000000270e-01
4.510000000000000120e-01
-5.316999999999999504e-01
5.000000000000000000e-01
8.590000000000000413e-02
3.352999999999999869e-01
-9.648999999999999799e-01
-3.899000000000000243e-01
-4.818999999999999950e-01
2.437999999999999889e-01
-2.172999999999999932e-01
-4.323000000000000176e-01
-7.264000000000000457e-01
-3.528000000000000025e-01
-8.426000000000000156e-01
-5.482000000000000206e-01
-4.764999999999999791e-01
6.503999999999999782e-01
-9.395000000000000018e-01
6.909999999999999476e-02
2.076999999999999957e-01
-2.605000000000000093e-01
3.789000000000000146e-01
-6.864999999999999991e-01
7.326000000000000290e-01
2.807000000000000051e-01
5.568999999999999506e-01
-4.219999999999999862e-01
-7.083000000000000407e-01
9.258999999999999453e-01
5.172999999999999821e-01
3.533999999999999919e-01
8.345000000000000195e-01
-3.204000000000000181e-01
-7.066000000000000059e-01
3.229000000000000203e-01
2.288000000000000034e-01
-8.004000000000000004e-01
1.610999999999999932e-01
-3.054999999999999938e-01
3.321999999999999953e-01
-4.344000000000000083e-01
-3.698000000000000176e-01
-3.870000000000000107e-01
-4.597999999999999865e-01
-1.297999999999999987e-01
-2.740000000000000074e-02
6.794999999999999929e-01
-5.163999999999999702e-01
-7.748000000000000442e-01
-8.818000000000000282e-01
1.656999999999999862e-01
-2.200000000000000133e-03
-6.492999999999999883e-01
8.914999999999999591e-01
-8.235000000000000098e-01
2.882000000000000117e-01
5.117000000000000437e-01
-9.596000000000000085e-01
-8.571999999999999620e-01
-3.915000000000000147e-01
-9.199999999999999845e-03
-9.667999999999999927e-01
9.958000000000000185e-01
7.772999999999999909e-01
-9.220000000000000417e-01
7.775999999999999579e-01
-4.202000000000000179e-01
-2.988000000000000100e-01
-5.958999999999999853e-01
8.518999999999999906e-01
-5.434999999999999831e-01
7.655999999999999472e-01
-9.207999999999999519e-01
-9.153999999999999915e-01
-3.628000000000000114e-01
1.497999999999999887e-01
-1.753000000000000114e-01
-7.246000000000000218e-01
3.660999999999999810e-01
3.114000000000000101e-01
-7.499999999999999722e-03
-3.482000000000000095e-01
1.794000000000000039e-01
-3.677000000000000268e-01
-8.308999999999999719e-01
2.646999999999999909e-01
8.415000000000000258e-01
-1.376999999999999891e-01
6.822000000000000286e-01
6.410000000000000420e-02
1.998000000000000054e-01
9.392000000000000348e-01
-7.275000000000000355e-01
8.578000000000000069e-01
-5.060000000000000053e-01
-4.525000000000000133e-01
8.630000000000000171e-02
1.822000000000000008e-01
2.726000000000000090e-01
9.913999999999999480e-01
-2.497000000000000053e-01
6.445999999999999508e-01
9.698999999999999844e-01
-9.741999999999999549e-01
-5.284999999999999698e-01
-7.883000000000000007e-01
-5.141000000000000014e-01
9.694000000000000394e-01
6.286000000000000476e-01
5.330000000000000293e-01
8.696000000000000396e-01
2.260000000000000064e-01
-4.519999999999999712e-02
-1.769999999999999907e-01
-7.137000000000000011e-01
1.620000000000000051e-01
-8.134000000000000119e-01
7.348999999999999977e-01
-2.933999999999999941e-01
6.400000000000000307e-03
-3.352999999999999869e-01
8.031000000000000361e-01
8.407999999999999918e-01
-4.409000000000000141e-01
2.837000000000000077e-01
-7.630000000000000115e-01
2.489000000000000101e-01
-5.443999999999999950e-01
-3.160999999999999921e-01
-7.479999999999999982e-01
4.144999999999999796e-01
-7.989000000000000545e-01
1.441999999999999948e-01
-5.198000000000000398e-01
1.669999999999999957e-02
7.900000000000000078e-02
-2.207000000000000073e-01
7.937999999999999501e-01
-8.668000000000000149e-01
2.494999999999999996e-01
-8.520999999999999686e-01
-8.706000000000000405e-01
4.197000000000000175e-01
-7.519000000000000128e-01
-5.661000000000000476e-01
9.981999999999999762e-01
5.000999999999999890e-01
-1.134000000000000008e-01
-5.835000000000000187e-01
9.517999999999999794e-01
7.438000000000000167e-01
-3.100999999999999868e-01
9.401000000000000467e-01
-6.469000000000000306e-01
6.081999999999999629e-01
9.567999999999999838e-01
-7.386000000000000343e-01
1.107000000000000067e-01
5.158000000000000362e-01
8.450000000000000566e-02
7.653999999999999693e-01
4.350999999999999868e-01
5.291000000000000147e-01
-2.808999999999999830e-01
2.548000000000000265e-01
-3.039999999999999925e-01
5.283999999999999808e-01
-6.999999999999999929e-04
-1.428999999999999992e-01
-7.027999999999999803e-01
-6.943000000000000282e-01
-6.432999999999999829e-01
-9.563000000000000389e-01
6.319000000000000172e-01
-4.393000000000000238e-01
9.845000000000000417e-01
-4.470999999999999974e-01
-6.937999999999999723e-01
-3.246999999999999886e-01
-6.519999999999999407e-02
-6.641000000000000236e-01
-1.188000000000000028e-01
-6.062999999999999501e-01
-5.540000000000000480e-01
1.275000000000000022e-01
8.780000000000000304e-02
2.887000000000000122e-01
3.179000000000000159e-01
-6.867999999999999661e-01
-8.726000000000000423e-01
-5.142999999999999794e-01
-7.691000000000000059e-01
-1.807999999999999885e-01
-2.450000000000000094e-02
6.298000000000000265e-01
1.414999999999999869e-01
6.350000000000000089e-02
-8.945999999999999508e-01
2.038000000000000089e-01
-4.742999999999999994e-01
7.821000000000000174e-01
-8.719999999999999973e-02
6.304999999999999494e-01
8.629999999999999893e-01
-3.027000000000000246e-01
-7.002000000000000446e-01
-9.577999999999999847e-01
9.334999999999999964e-01
-1.482999999999999874e-01
-2.799999999999999972e-03
-3.553000000000000047e-01
7.501999999999999780e-01
-2.043999999999999984e-01
2.514000000000000123e-01
-3.795000000000000040e-01
1.192000000000000004e-01
-5.619999999999999996e-02
-8.719999999999999973e-02
7.770000000000000240e-01
-6.506999999999999451e-01
5.090000000000000080e-02
-1.449999999999999900e-01
-1.608999999999999875e-01
4.018999999999999795e-01
-8.912999999999999812e-01
2.973999999999999977e-01
4.122999999999999998e-01
-9.160000000000000364e-01
7.639999999999999569e-02
-3.070999999999999841e-01
-4.035000000000000253e-01
5.083999999999999631e-01
4.671000000000000152e-01
-8.479999999999999760e-01
-2.649000000000000243e-01
-3.904000000000000248e-01
-7.762000000000000011e-01
9.599999999999999159e-03
3.442000000000000060e-01
4.314999999999999947e-01
-5.344999999999999751e-01
-5.840999999999999526e-01
7.663999999999999702e-01
1.489999999999999936e-01
-5.487999999999999545e-01
9.288999999999999480e-01
8.930000000000000160e-01
3.819999999999999785e-02
8.172000000000000375e-01
-2.726999999999999980e-01
9.869999999999999885e-01
-2.934999999999999831e-01
7.649000000000000243e-01
-5.491000000000000325e-01
3.857999999999999763e-01
1.371999999999999886e-01
-6.633999999999999897e-01
-2.424000000000000044e-01
-9.619999999999999662e-01
6.069999999999999840e-01
2.899999999999999800e-03
-8.449999999999999734e-01
-6.105000000000000426e-01
6.117000000000000215e-01
-4.182000000000000162e-01
1.349999999999999985e-02
-3.123000000000000220e-01
-9.076999999999999513e-01
4.571000000000000063e-01
5.027000000000000357e-01
2.114000000000000046e-01
2.741999999999999993e-01
-7.466000000000000414e-01
1.809000000000000052e-01
-4.324999999999999956e-01
-6.766999999999999682e-01
-5.971999999999999531e-01
-7.790000000000000258e-01
4.642999999999999905e-01
-8.372000000000000552e-01
-3.477000000000000091e-01
8.250999999999999446e-01
2.132000000000000006e-01
9.348999999999999533e-01
-5.112999999999999767e-01
4.475999999999999979e-01
-9.819999999999999563e-02
9.113999999999999879e-01
-4.360999999999999877e-01
5.519999999999999907e-02
-5.795000000000000151e-01
2.209000000000000130e-01
-6.659000000000000474e-01
9.303000000000000158e-01
-9.408999999999999586e-01
1.854000000000000092e-01
9.364000000000000101e-01
4.299000000000000044e-01
7.282999999999999474e-01
