-4.215999999999999748e-01
-5.353999999999999870e-01
-6.804000000000000048e-01
-6.471999999999999975e-01
-3.570999999999999730e-01
6.434999999999999609e-01
-2.424000000000000044e-01
-1.280000000000000061e-02
2.411000000000000087e-01
3.799999999999999906e-02
-6.899999999999999883e-03
1.110000000000000014e-01
1.545999999999999874e-01
-1.466999999999999971e-01
8.192000000000000393e-01
-7.114000000000000323e-01
-2.752999999999999892e-01
-3.277999999999999803e-01
1.129999999999999928e-02
-2.980999999999999761e-01
7.298999999999999932e-01
7.673999999999999710e-01
-3.140999999999999903e-01
-1.290000000000000036e-01
6.892000000000000348e-01
8.833999999999999631e-01
4.722000000000000086e-01
1.474999999999999922e-01
-6.192999999999999616e-01
4.843000000000000083e-01
-1.884000000000000119e-01
4.884000000000000008e-01
-8.181000000000000494e-01
-1.754999999999999893e-01
-3.871999999999999886e-01
5.201000000000000068e-01
-5.031999999999999806e-01
9.024999999999999689e-01
4.650000000000000244e-01
5.521000000000000352e-01
5.790999999999999481e-01
-6.069999999999999701e-02
4.617999999999999883e-01
6.899999999999999883e-03
2.179000000000000103e-01
4.243999999999999995e-01
-6.082999999999999519e-01
-3.119999999999999996e-01
9.981999999999999762e-01
-5.399000000000000465e-01
-3.467999999999999972e-01
6.239000000000000101e-01
9.921999999999999709e-01
4.359999999999999987e-01
-7.080999999999999517e-01
-3.580999999999999739e-01
3.929000000000000270e-01
4.884999999999999898e-01
-3.690999999999999837e-01
-5.602000000000000313e-01
-5.041999999999999815e-01
5.470000000000000417e-01
-5.534999999999999920e-01
9.420000000000000595e-02
7.794999999999999707e-01
7.099999999999999645e-01
-6.301999999999999824e-01
2.016000000000000014e-01
9.028000000000000469e-01
4.229999999999999871e-01
4.737999999999999989e-01
-9.851999999999999647e-01
-4.649999999999999967e-02
-8.410999999999999588e-01
-5.316999999999999504e-01
1.932999999999999996e-01
-4.833000000000000074e-01
-2.422999999999999876e-01
2.273000000000000020e-01
-6.239000000000000101e-01
3.225000000000000089e-01
-3.644000000000000017e-01
-4.660000000000000253e-01
-7.557000000000000384e-01
-1.030000000000000013e-02
7.197000000000000064e-01
-9.335999999999999854e-01
4.823999999999999955e-01
-2.013999999999999957e-01
-9.829999999999999849e-02
3.250000000000000111e-02
-5.797999999999999821e-01
-2.439999999999999947e-01
-7.004000000000000226e-01
-3.921000000000000041e-01
2.549999999999999836e-02
-4.697999999999999954e-01
-1.376000000000000001e-01
7.391999999999999682e-01
-7.165000000000000258e-01
2.447000000000000008e-01
-1.030999999999999972e-01
9.254000000000000004e-01
-8.510999999999999677e-01
-6.045000000000000373e-01
3.325000000000000178e-01
-6.266000000000000458e-01
3.901000000000000023e-01
1.522999999999999909e-01
-9.110000000000000042e-02
3.155999999999999917e-01
-4.870999999999999774e-01
1.902999999999999969e-01
-7.940000000000000391e-01
5.726999999999999869e-01
-5.245999999999999552e-01
-7.528000000000000247e-01
8.258999999999999675e-01
8.438999999999999835e-01
7.798000000000000487e-01
-2.164999999999999980e-01
9.747000000000000108e-01
-8.572999999999999510e-01
9.425999999999999934e-01
6.015000000000000346e-01
3.534999999999999809e-01
9.081000000000000183e-01
-7.145000000000000240e-01
-3.640000000000000180e-02
1.645999999999999963e-01
-5.599999999999999943e-03
-4.207000000000000184e-01
6.180999999999999828e-01
-3.144000000000000128e-01
-7.580000000000000071e-01
6.850000000000000533e-01
-9.045999999999999597e-01
1.524000000000000077e-01
-5.429000000000000492e-01
3.820000000000000062e-01
-1.037000000000000005e-01
-6.875999999999999890e-01
6.012999999999999456e-01
6.615999999999999659e-01
-7.548000000000000265e-01
-1.335000000000000075e-01
2.700000000000000143e-03
-1.512999999999999901e-01
1.764000000000000012e-01
-6.586999999999999522e-01
-5.729999999999999677e-02
-8.097999999999999643e-01
4.076000000000000179e-01
-6.317000000000000393e-01
7.062000000000000499e-01
-4.164999999999999813e-01
6.458000000000000407e-01
-6.410000000000000420e-02
9.710999999999999632e-01
2.571999999999999842e-01
-2.494999999999999996e-01
6.988999999999999657e-01
-8.639000000000000012e-01
-8.939000000000000279e-01
3.554999999999999827e-01
7.830000000000000293e-01
-1.912999999999999978e-01
-3.382000000000000006e-01
4.139999999999999930e-02
3.800999999999999934e-01
7.278999999999999915e-01
6.039999999999999813e-01
-8.457999999999999963e-01
8.167999999999999705e-01
8.943999999999999728e-01
-5.580000000000000238e-02
6.024000000000000465e-01
-9.812999999999999501e-01
-1.160000000000000059e-01
8.930000000000000437e-02
1.267999999999999960e-01
2.948999999999999955e-01
-8.398999999999999799e-01
-3.506000000000000227e-01
7.348999999999999977e-01
4.535000000000000142e-01
-7.376000000000000334e-01
-8.456000000000000183e-01
-9.979999999999999982e-01
6.874000000000000110e-01
4.400000000000000022e-01
7.304000000000000492e-01
-1.009000000000000036e-01
-1.617999999999999994e-01
-3.526000000000000245e-01
8.671999999999999709e-01
-1.013000000000000012e-01
8.640999999999999792e-01
-7.347000000000000197e-01
-3.148000000000000242e-01
-5.220000000000000334e-02
9.906000000000000361e-01
-1.993999999999999939e-01
-5.228000000000000425e-01
-8.838000000000000300e-01
-1.466999999999999971e-01
-4.726000000000000201e-01
-3.160999999999999921e-01
-3.093000000000000194e-01
1.895999999999999908e-01
-8.850000000000000089e-01
1.295000000000000040e-01
-4.053999999999999826e-01
3.306999999999999940e-01
1.254000000000000115e-01
-7.389000000000000012e-01
-9.697999999999999954e-01
2.841000000000000192e-01
-7.900000000000000772e-03
7.733999999999999764e-01
-2.003999999999999948e-01
-6.344999999999999529e-01
-4.882000000000000228e-01
8.390999999999999570e-01
5.712000000000000410e-01
3.660999999999999810e-01
2.336999999999999911e-01
2.562999999999999723e-01
-1.189999999999999947e-01
-5.390000000000000346e-01
9.002000000000000002e-01
3.950000000000000178e-01
8.671999999999999709e-01
5.957999999999999963e-01
2.899999999999999800e-01
9.770999999999999686e-01
-2.089999999999999913e-01
6.270999999999999908e-01
-9.988000000000000211e-01
7.779000000000000359e-01
-9.818000000000000060e-01
3.350000000000000200e-02
4.825999999999999734e-01
-1.792999999999999872e-01
5.627999999999999670e-01
-3.129000000000000115e-01
-5.149000000000000243e-01
-7.461999999999999744e-01
-9.637000000000000011e-01
-5.534999999999999920e-01
2.580000000000000071e-01
-1.869000000000000106e-01
-2.142000000000000015e-01
-3.637000000000000233e-01
6.550000000000000266e-02
4.439000000000000168e-01
8.582999999999999519e-01
4.559000000000000274e-01
-3.382000000000000006e-01
-5.230000000000000204e-01
3.613999999999999990e-01
-2.380000000000000171e-02
-2.606999999999999873e-01
-2.019999999999999921e-02
2.828999999999999848e-01
-8.933999999999999719e-01
7.904999999999999805e-01
7.929000000000000492e-01
-7.993999999999999995e-01
2.366000000000000048e-01
9.908000000000000140e-01
-8.011000000000000343e-01
-2.807999999999999940e-01
-3.724999999999999978e-01
-6.775999999999999801e-01
9.206999999999999629e-01
6.147000000000000242e-01
-7.983000000000000096e-01
3.976999999999999980e-01
-1.930000000000000049e-01
2.521999999999999797e-01
8.617000000000000215e-01
-9.421000000000000485e-01
-4.524000000000000243e-01
6.733000000000000096e-01
1.899999999999999953e-02
9.231000000000000316e-01
6.087000000000000188e-01
2.883999999999999897e-01
-5.780999999999999472e-01
6.293999999999999595e-01
-7.743999999999999773e-01
2.708999999999999742e-01
-7.738000000000000433e-01
7.528000000000000247e-01
-3.760999999999999899e-01
2.529999999999999957e-02
-6.401999999999999913e-01
1.280999999999999917e-01
9.002999999999999892e-01
