-4.021000000000000130e-01
-8.467000000000000082e-01
-1.522999999999999909e-01
4.022000000000000020e-01
1.638999999999999901e-01
4.207000000000000184e-01
6.840000000000000524e-01
-6.813000000000000167e-01
5.973000000000000531e-01
-3.398999999999999799e-01
3.870000000000000107e-01
2.655000000000000138e-01
2.255999999999999950e-01
1.039999999999999952e-01
-9.929999999999999938e-02
-9.240000000000000435e-01
5.846999999999999975e-01
-9.646000000000000130e-01
-5.792000000000000481e-01
-1.718000000000000083e-01
3.810999999999999943e-01
-9.449999999999999512e-01
-3.040999999999999814e-01
-2.310999999999999999e-01
6.034000000000000474e-01
-9.463000000000000300e-01
1.092999999999999944e-01
4.210999999999999743e-01
-2.240999999999999936e-01
1.539999999999999980e-01
-7.080999999999999517e-01
2.215999999999999914e-01
-1.869000000000000106e-01
3.382000000000000006e-01
-7.129999999999999671e-01
-2.078000000000000125e-01
2.293000000000000038e-01
8.054000000000000048e-01
-2.366000000000000048e-01
5.990999999999999659e-01
-2.394000000000000017e-01
-7.943999999999999950e-01
8.584000000000000519e-01
4.611000000000000099e-01
-1.680000000000000104e-01
-8.772999999999999687e-01
-7.506000000000000449e-01
6.756999999999999673e-01
6.086000000000000298e-01
9.454000000000000181e-01
-2.994999999999999885e-01
9.110000000000000320e-01
-6.035000000000000364e-01
-3.346000000000000085e-01
3.594999999999999862e-01
7.693999999999999728e-01
8.034999999999999920e-01
-9.189000000000000501e-01
5.467999999999999527e-01
-7.611999999999999877e-01
2.380000000000000171e-02
7.693999999999999728e-01
-1.615000000000000047e-01
-1.421000000000000041e-01
-9.189000000000000501e-01
-8.508000000000000007e-01
-8.140000000000000013e-02
-7.606000000000000538e-01
3.612000000000000210e-01
-6.018000000000000016e-01
-1.100000000000000066e-03
-9.467999999999999750e-01
1.097000000000000058e-01
4.660000000000000253e-02
-5.776000000000000023e-01
1.086000000000000021e-01
1.405000000000000138e-01
-8.182000000000000384e-01
5.615999999999999881e-01
-4.607999999999999874e-01
-6.790000000000000480e-01
5.800999999999999490e-01
-6.640000000000000346e-01
-2.752999999999999892e-01
-8.509999999999999787e-01
8.344000000000000306e-01
-6.672000000000000153e-01
-2.677999999999999825e-01
3.352999999999999869e-01
4.496999999999999886e-01
-3.221999999999999864e-01
-3.426000000000000156e-01
-6.657999999999999474e-01
-1.827000000000000013e-01
1.444999999999999896e-01
5.725999999999999979e-01
-8.582999999999999519e-01
4.593999999999999750e-01
9.464000000000000190e-01
2.936000000000000276e-01
-9.895000000000000462e-01
9.262000000000000233e-01
-8.811999999999999833e-01
-2.175999999999999879e-01
-3.251000000000000001e-01
-2.207000000000000073e-01
2.132000000000000006e-01
1.129999999999999928e-02
4.531999999999999917e-01
8.055999999999999828e-01
-2.564000000000000168e-01
-3.647000000000000242e-01
6.814000000000000057e-01
9.466999999999999860e-01
-4.526000000000000023e-01
2.809999999999999998e-02
-5.800000000000000294e-02
-3.889000000000000234e-01
2.897000000000000131e-01
-5.414999999999999813e-01
-3.119999999999999996e-01
-7.190000000000000557e-02
8.145000000000000018e-01
-3.859000000000000208e-01
-5.072999999999999732e-01
2.985999999999999766e-01
-5.365999999999999659e-01
4.944999999999999951e-01
-2.353000000000000091e-01
-2.730000000000000135e-02
-7.427000000000000268e-01
-1.024999999999999939e-01
-4.400000000000000265e-03
-9.290000000000000480e-01
-5.816000000000000059e-01
7.520000000000000018e-01
5.731000000000000538e-01
-1.899999999999999996e-03
8.663999999999999480e-01
8.007999999999999563e-01
7.327000000000000179e-01
-1.474999999999999922e-01
-6.598000000000000531e-01
5.735000000000000098e-01
-2.497000000000000053e-01
8.657000000000000250e-01
-1.008000000000000007e-01
-4.079999999999999738e-01
9.020000000000000240e-01
5.806999999999999940e-01
4.922000000000000264e-01
-3.869999999999999829e-02
-4.565000000000000169e-01
2.548000000000000265e-01
-1.141999999999999960e-01
-7.782999999999999918e-01
-7.177000000000000046e-01
9.425000000000000044e-01
-8.210000000000000631e-02
9.744000000000000439e-01
-7.234000000000000430e-01
5.814000000000000279e-01
6.227000000000000313e-01
6.357000000000000428e-01
-3.237999999999999767e-01
-4.284999999999999920e-01
-6.048000000000000043e-01
1.343999999999999917e-01
-8.150000000000000300e-02
6.571000000000000174e-01
6.032999999999999474e-01
-6.010999999999999677e-01
5.601000000000000423e-01
1.920999999999999930e-01
5.593000000000000194e-01
8.163000000000000256e-01
2.227000000000000091e-01
-4.857000000000000206e-01
7.808000000000000496e-01
-1.580000000000000154e-02
-9.877000000000000224e-01
-7.354000000000000536e-01
-3.911999999999999922e-01
-2.288000000000000034e-01
4.400000000000000265e-03
-9.634000000000000341e-01
-3.894000000000000239e-01
-7.641999999999999904e-01
1.112999999999999962e-01
-2.883000000000000007e-01
-1.282000000000000084e-01
-3.430000000000000271e-01
-7.551999999999999824e-01
3.795000000000000040e-01
5.471000000000000307e-01
-1.081000000000000016e-01
9.711999999999999522e-01
-2.827999999999999958e-01
-6.168000000000000149e-01
-7.687000000000000499e-01
-9.179000000000000492e-01
3.799999999999999992e-03
-2.066000000000000059e-01
-4.456999999999999851e-01
9.898000000000000131e-01
-4.247000000000000219e-01
-4.460999999999999965e-01
9.452000000000000401e-01
6.751000000000000334e-01
9.704000000000000403e-01
1.855999999999999872e-01
5.432000000000000162e-01
-3.275000000000000133e-01
-7.295000000000000373e-01
-1.842999999999999916e-01
-7.762000000000000011e-01
2.685000000000000164e-01
-7.103000000000000425e-01
-5.149999999999999717e-02
6.262999999999999678e-01
3.965000000000000191e-01
-6.729999999999999871e-02
-5.949999999999999734e-02
-8.016999999999999682e-01
-9.295999999999999819e-01
-9.779999999999999805e-01
-7.233000000000000540e-01
-6.479000000000000314e-01
-2.083000000000000129e-01
-4.304000000000000048e-01
-6.152999999999999581e-01
-1.476999999999999980e-01
-5.633000000000000229e-01
-7.308999999999999941e-01
-1.000000000000000056e-01
7.284000000000000474e-01
3.316000000000000059e-01
1.557999999999999940e-01
-8.077999999999999625e-01
5.925000000000000266e-01
5.483999999999999986e-01
7.909000000000000474e-01
6.750000000000000444e-01
6.438000000000000389e-01
5.490000000000000435e-01
9.645000000000000240e-01
4.007000000000000006e-01
-4.562999999999999834e-01
-2.646999999999999909e-01
-1.658999999999999919e-01
-7.436000000000000387e-01
2.869999999999999774e-01
5.372999999999999998e-01
8.519999999999999796e-02
-6.909999999999999476e-01
2.479000000000000092e-01
-5.108000000000000318e-01
-4.839999999999999858e-01
6.358000000000000318e-01
2.459000000000000075e-01
-8.418999999999999817e-01
3.234000000000000208e-01
-8.746000000000000441e-01
2.053999999999999992e-01
-2.939999999999999905e-02
-5.775000000000000133e-01
3.699999999999999817e-02
8.162000000000000366e-01
-7.620999999999999996e-01
4.378000000000000225e-01
-9.575000000000000178e-01
-3.751999999999999780e-01
-1.233000000000000068e-01
6.320000000000000062e-01
-1.935000000000000053e-01
-3.012000000000000233e-01
-4.754999999999999782e-01
8.113000000000000211e-01
-2.571999999999999842e-01
1.272000000000000075e-01
-8.661999999999999700e-01
3.610000000000000014e-02
-5.979999999999999760e-01
-4.316999999999999726e-01
8.968000000000000416e-01
-4.080000000000000293e-02
3.300000000000000155e-01
-7.237000000000000099e-01
-3.790000000000000036e-01
-3.205000000000000071e-01
3.064000000000000057e-01
1.084999999999999992e-01
-4.845999999999999752e-01
6.673000000000000043e-01
8.250000000000000389e-02
-1.335000000000000075e-01
6.712000000000000188e-01
6.186000000000000387e-01
5.238000000000000433e-01
1.968999999999999917e-01
