-5.023999999999999577e-01
5.021999999999999797e-01
5.734000000000000208e-01
-7.218999999999999861e-01
-2.827000000000000068e-01
7.056999999999999940e-01
1.895000000000000018e-01
2.215000000000000024e-01
9.415000000000000036e-01
-5.910999999999999588e-01
-6.080999999999999739e-01
-8.968000000000000416e-01
-7.737000000000000544e-01
-6.788999999999999480e-01
-3.372999999999999887e-01
-1.233000000000000068e-01
-7.176000000000000156e-01
-6.312999999999999723e-01
8.562999999999999501e-01
3.741999999999999771e-01
5.752000000000000446e-01
-4.854999999999999871e-01
-7.850000000000000033e-02
4.863999999999999990e-01
4.800000000000000100e-02
-5.056000000000000494e-01
-8.599999999999999867e-01
-4.979000000000000092e-01
2.227000000000000091e-01
4.031000000000000139e-01
-1.638999999999999901e-01
3.552000000000000157e-01
-6.559000000000000385e-01
2.066999999999999948e-01
6.576999999999999513e-01
9.039000000000000368e-01
-4.450000000000000067e-01
4.808999999999999941e-01
-9.815000000000000391e-01
-6.370000000000000107e-01
-5.395999999999999686e-01
-9.028000000000000469e-01
1.171999999999999986e-01
2.775000000000000244e-01
-1.174999999999999933e-01
-5.340000000000000302e-01
-4.329999999999999960e-01
2.741000000000000103e-01
-1.192000000000000004e-01
-5.959999999999999742e-01
-8.237999999999999767e-01
6.068999999999999950e-01
4.845999999999999752e-01
9.650000000000000244e-02
-9.262000000000000233e-01
5.698999999999999622e-01
5.625999999999999890e-01
6.497000000000000552e-01
-9.431000000000000494e-01
-6.094000000000000528e-01
7.354000000000000536e-01
7.642999999999999794e-01
-1.000000000000000021e-02
-2.531999999999999806e-01
2.233999999999999875e-01
4.979000000000000092e-01
8.531999999999999584e-01
-3.185000000000000053e-01
6.508000000000000451e-01
-7.159999999999999698e-02
-3.333999999999999742e-01
3.996000000000000107e-01
-1.603999999999999870e-01
3.275000000000000133e-01
3.942999999999999838e-01
7.167000000000000037e-01
-8.814999999999999503e-01
-6.019999999999999657e-02
-4.390999999999999903e-01
9.476999999999999869e-01
5.764000000000000234e-01
9.237999999999999545e-01
2.889999999999999791e-01
-3.020999999999999797e-01
-8.711999999999999744e-01
9.844000000000000528e-01
-9.110000000000000320e-01
6.317000000000000393e-01
-1.328000000000000014e-01
-7.114000000000000323e-01
9.736000000000000210e-01
-2.259999999999999856e-02
-1.721000000000000030e-01
-6.780000000000000471e-01
3.012000000000000233e-01
8.809999999999999776e-02
-7.066999999999999948e-01
1.441999999999999948e-01
-8.037999999999999590e-01
-1.282999999999999974e-01
8.606000000000000316e-01
-5.160000000000000142e-01
8.576000000000000290e-01
-8.642999999999999572e-01
6.737999999999999545e-01
-2.983000000000000096e-01
-3.972999999999999865e-01
-6.463999999999999746e-01
6.109999999999999876e-01
2.036000000000000032e-01
7.094000000000000306e-01
9.965000000000000524e-01
2.109000000000000041e-01
1.756999999999999951e-01
-6.042999999999999483e-01
-9.156999999999999584e-01
3.212999999999999745e-01
6.550000000000000266e-01
5.832000000000000517e-01
-7.823999999999999844e-01
-5.465999999999999748e-01
-4.616999999999999993e-01
-2.596999999999999864e-01
2.983000000000000096e-01
-2.351999999999999924e-01
2.290999999999999981e-01
-4.156000000000000250e-01
5.322999999999999954e-01
-5.757999999999999785e-01
-4.341999999999999749e-01
8.633999999999999453e-01
-6.024000000000000465e-01
4.974999999999999978e-01
-4.341999999999999749e-01
1.335000000000000075e-01
-8.075999999999999845e-01
6.035000000000000364e-01
1.163000000000000006e-01
9.105999999999999650e-01
-6.489999999999999936e-02
7.346000000000000307e-01
-8.303000000000000380e-01
-4.418000000000000260e-01
5.370000000000000329e-01
-2.567999999999999727e-01
-6.192999999999999616e-01
2.772000000000000020e-01
8.796000000000000485e-01
9.300000000000000488e-01
1.980999999999999983e-01
-1.174000000000000044e-01
-6.654999999999999805e-01
6.168000000000000149e-01
-1.622000000000000108e-01
9.189000000000000501e-01
-9.507999999999999785e-01
2.723999999999999755e-01
5.572000000000000286e-01
5.451000000000000290e-01
-8.290000000000000147e-02
-5.467999999999999527e-01
-9.132000000000000117e-01
-3.316000000000000059e-01
-2.770000000000000240e-01
-7.032000000000000473e-01
6.492999999999999883e-01
6.108999999999999986e-01
8.396000000000000130e-01
-8.816000000000000503e-01
-9.284000000000000030e-01
-1.802999999999999881e-01
4.994000000000000106e-01
-6.128000000000000114e-01
5.872000000000000552e-01
-7.446000000000000396e-01
-9.428999999999999604e-01
7.752000000000000002e-01
8.499999999999999778e-01
6.994000000000000217e-01
-5.656999999999999806e-01
-8.208999999999999631e-01
5.499999999999999681e-03
6.193999999999999506e-01
-7.085000000000000187e-01
4.585000000000000187e-01
-5.945000000000000284e-01
1.066000000000000003e-01
4.329999999999999821e-02
4.475000000000000089e-01
1.955999999999999961e-01
-5.866999999999999993e-01
-6.986999999999999877e-01
2.728999999999999759e-01
-3.783000000000000251e-01
6.309000000000000163e-01
-9.700000000000000289e-03
2.394000000000000017e-01
8.481999999999999540e-01
-7.284000000000000474e-01
3.438999999999999835e-01
-3.392000000000000015e-01
8.909999999999999865e-02
-6.320000000000000062e-01
4.639999999999999680e-02
6.743000000000000105e-01
-8.950000000000000178e-01
-8.608999999999999986e-01
4.672999999999999932e-01
-4.519000000000000239e-01
-5.422000000000000153e-01
7.563999999999999613e-01
-8.036999999999999700e-01
8.760999999999999899e-01
2.248999999999999888e-01
2.442999999999999894e-01
2.644000000000000239e-01
6.412999999999999812e-01
7.945999999999999730e-01
3.360000000000000209e-01
-8.245999999999999996e-01
-9.938000000000000167e-01
9.354999999999999982e-01
5.548999999999999488e-01
8.515000000000000346e-01
-1.492999999999999883e-01
-6.394999999999999574e-01
4.100000000000000172e-02
-2.809999999999999998e-02
2.482000000000000040e-01
-8.780000000000000027e-01
-5.602000000000000313e-01
2.222999999999999976e-01
-3.521000000000000241e-01
-3.713000000000000189e-01
7.603999999999999648e-01
-7.785999999999999588e-01
-5.455999999999999739e-01
3.729000000000000092e-01
-9.223999999999999977e-01
-5.029999999999999749e-02
-4.918000000000000149e-01
1.904000000000000137e-01
-5.863000000000000433e-01
-6.370999999999999996e-01
-7.050999999999999490e-01
-9.637000000000000011e-01
9.028000000000000469e-01
9.603000000000000425e-01
-4.660000000000000253e-01
-3.870999999999999996e-01
9.112000000000000099e-01
-6.930000000000000049e-02
-4.187000000000000166e-01
-6.952000000000000401e-01
-5.614999999999999991e-01
-1.816000000000000114e-01
-2.943000000000000060e-01
-5.943000000000000504e-01
4.599999999999999922e-03
6.592999999999999972e-01
-3.170999999999999930e-01
8.619999999999999885e-01
4.204999999999999849e-01
5.634000000000000119e-01
4.015000000000000235e-01
8.474000000000000421e-01
5.947999999999999954e-01
-3.815000000000000058e-01
8.974999999999999645e-01
9.034999999999999698e-01
-2.829999999999999738e-01
-3.536000000000000254e-01
-7.925999999999999712e-01
-7.257000000000000117e-01
-1.237999999999999934e-01
-5.266999999999999460e-01
9.646000000000000130e-01
3.226999999999999869e-01
3.422999999999999932e-01
-8.148999999999999577e-01
3.249000000000000221e-01
1.726999999999999924e-01
7.704999999999999627e-01
-3.423999999999999821e-01
-2.746999999999999997e-01
3.936000000000000054e-01
4.037999999999999923e-01
6.190999999999999837e-01
-3.287999999999999812e-01
3.071999999999999731e-01
3.442000000000000060e-01
5.783000000000000362e-01
-4.504000000000000226e-01
-6.048999999999999932e-01
7.822000000000000064e-01
-3.518000000000000016e-01
2.944999999999999840e-01
-7.819000000000000394e-01
1.635999999999999954e-01
-5.603000000000000203e-01
