-5.836999999999999966e-01
2.323000000000000065e-01
2.368000000000000105e-01
9.239999999999999603e-02
-5.207000000000000517e-01
9.502000000000000446e-01
-8.044999999999999929e-01
6.991000000000000547e-01
-3.063000000000000167e-01
-7.544999999999999485e-01
4.660000000000000253e-02
-2.691000000000000059e-01
-4.345999999999999863e-01
-9.476999999999999869e-01
-3.481000000000000205e-01
-6.518000000000000460e-01
-3.409999999999999837e-02
-4.941999999999999726e-01
-5.010999999999999899e-01
2.293999999999999928e-01
-1.885000000000000009e-01
-7.832000000000000073e-01
4.265999999999999792e-01
7.378000000000000114e-01
-2.651999999999999913e-01
-1.756000000000000061e-01
1.905999999999999917e-01
3.968999999999999750e-01
-2.979999999999999871e-01
-8.064000000000000057e-01
7.126000000000000112e-01
-3.700999999999999845e-01
-4.621000000000000107e-01
9.217999999999999527e-01
-2.086999999999999966e-01
-5.705999999999999961e-01
6.719999999999999585e-02
-3.901000000000000023e-01
-5.153999999999999693e-01
5.269999999999999685e-02
1.947000000000000119e-01
-4.431999999999999829e-01
-6.339999999999999802e-02
1.111000000000000043e-01
-8.111000000000000432e-01
-1.535999999999999865e-01
3.065999999999999837e-01
-8.678000000000000158e-01
-4.328000000000000180e-01
-6.778999999999999471e-01
-9.684000000000000385e-01
-3.481000000000000205e-01
-6.288000000000000256e-01
-2.575999999999999956e-01
6.258000000000000229e-01
