8.457000000000000073e-01
6.860000000000000542e-01
1.150999999999999940e-01
-1.260000000000000009e-01
6.913000000000000256e-01
7.799000000000000377e-01
3.991000000000000103e-01
-2.162999999999999923e-01
4.680000000000000271e-01
6.742000000000000215e-01
1.731999999999999929e-01
-8.189999999999999503e-01
-6.105000000000000426e-01
5.537999999999999590e-01
-6.914000000000000146e-01
-1.587999999999999967e-01
-5.595999999999999863e-01
-6.650000000000000355e-02
-5.701000000000000512e-01
-2.280999999999999972e-01
5.625999999999999890e-01
9.977000000000000313e-01
2.371000000000000052e-01
-2.137000000000000011e-01
-9.788999999999999924e-01
6.242999999999999661e-01
-6.146000000000000352e-01
9.768999999999999906e-01
-5.816999999999999948e-01
-4.934999999999999942e-01
6.015000000000000346e-01
1.900000000000000022e-01
-9.979999999999999982e-01
2.833999999999999853e-01
-1.345000000000000084e-01
-4.687999999999999945e-01
4.803999999999999937e-01
3.009999999999999898e-01
9.772999999999999465e-01
-3.431000000000000161e-01
-4.418000000000000260e-01
-4.635000000000000231e-01
1.345999999999999974e-01
-4.265999999999999792e-01
-2.505000000000000004e-01
7.830000000000000293e-01
-1.150999999999999940e-01
-6.717999999999999527e-01
7.810000000000000275e-02
-2.285999999999999976e-01
-8.621999999999999664e-01
3.164000000000000146e-01
-6.142999999999999572e-01
4.546000000000000041e-01
-1.587000000000000077e-01
