-5.513000000000000123e-01
-2.243999999999999884e-01
1.009000000000000036e-01
-4.215999999999999748e-01
6.664999999999999813e-01
4.445000000000000062e-01
5.859999999999999654e-01
-9.927000000000000268e-01
-7.117999999999999883e-01
3.452999999999999958e-01
-3.496000000000000218e-01
5.997000000000000108e-01
-3.874000000000000221e-01
-3.796999999999999820e-01
-3.160000000000000031e-01
-3.332999999999999852e-01
4.240999999999999770e-01
7.594999999999999529e-01
7.088999999999999746e-01
-6.251999999999999780e-01
2.369999999999999885e-01
2.612999999999999767e-01
3.421000000000000152e-01
3.249000000000000221e-01
-1.535999999999999865e-01
-1.366999999999999882e-01
9.163999999999999924e-01
9.344999999999999973e-01
-4.900999999999999801e-01
-4.738999999999999879e-01
-5.076000000000000512e-01
7.020999999999999464e-01
9.961999999999999744e-01
6.963000000000000300e-01
2.752999999999999892e-01
3.194000000000000172e-01
6.949999999999999512e-01
-6.646999999999999575e-01
-2.700000000000000143e-03
-6.392999999999999794e-01
-1.787999999999999867e-01
6.137000000000000233e-01
7.430999999999999828e-01
-9.535000000000000142e-01
-3.333999999999999742e-01
5.879999999999999810e-02
3.920000000000000151e-01
7.883999999999999897e-01
3.957999999999999852e-01
2.758999999999999786e-01
5.212999999999999856e-01
-3.986999999999999988e-01
3.533000000000000029e-01
2.041000000000000036e-01
3.659000000000000030e-01
