4.462999999999999745e-01
9.769999999999999796e-01
-1.095000000000000001e-01
1.817999999999999894e-01
-6.759999999999999343e-02
-2.124000000000000055e-01
3.009999999999999828e-02
-1.184999999999999942e-01
1.228999999999999954e-01
-2.809999999999999998e-02
-4.277000000000000246e-01
4.359999999999999987e-01
8.159999999999999476e-01
7.380999999999999783e-01
-8.637000000000000233e-01
2.114000000000000046e-01
-1.608999999999999875e-01
6.062999999999999501e-01
-8.072000000000000286e-01
-9.594000000000000306e-01
2.872999999999999998e-01
3.851999999999999869e-01
1.479000000000000037e-01
8.243000000000000327e-01
-5.076000000000000512e-01
-4.350999999999999868e-01
2.980999999999999761e-01
-6.520000000000000240e-01
5.655000000000000027e-01
-7.963999999999999968e-01
-5.700000000000000205e-03
7.167000000000000037e-01
-5.090000000000000080e-02
-2.812999999999999945e-01
-6.786999999999999700e-01
-6.270000000000000018e-01
5.530000000000000193e-02
1.000999999999999945e-01
3.513000000000000012e-01
7.106000000000000094e-01
-9.952999999999999625e-01
-6.449000000000000288e-01
-4.655000000000000249e-01
2.079000000000000015e-01
7.705999999999999517e-01
-1.474999999999999922e-01
4.232000000000000206e-01
-7.591999999999999860e-01
6.605999999999999650e-01
7.229999999999999760e-01
-8.404000000000000359e-01
-8.780999999999999917e-01
-3.131999999999999784e-01
1.719999999999999862e-01
8.989999999999999380e-02
