1.809000000000000052e-01
-4.727999999999999980e-01
8.214000000000000190e-01
-3.196999999999999842e-01
5.460000000000000270e-02
5.103999999999999648e-01
3.669000000000000039e-01
-3.862999999999999767e-01
7.241999999999999549e-01
6.949999999999999512e-01
-4.596999999999999975e-01
-3.370000000000000079e-02
-9.339999999999999691e-02
-5.907000000000000028e-01
-2.051999999999999935e-01
3.290000000000000147e-01
9.700999999999999623e-01
-2.887000000000000122e-01
-2.207000000000000073e-01
-2.436000000000000110e-01
2.791000000000000147e-01
7.136000000000000121e-01
-2.970999999999999752e-01
-9.395999999999999908e-01
-3.313999999999999724e-01
-2.639999999999999986e-02
-4.630000000000000226e-01
9.364000000000000101e-01
1.480000000000000066e-02
6.510000000000000508e-02
9.353000000000000203e-01
7.779000000000000359e-01
-9.164999999999999813e-01
5.120000000000000107e-01
-9.021000000000000130e-01
-9.470000000000000639e-02
7.488000000000000211e-01
3.416000000000000147e-01
-8.558000000000000052e-01
7.093000000000000416e-01
2.160999999999999865e-01
3.428999999999999826e-01
-8.348999999999999755e-01
5.682000000000000384e-01
9.649999999999999689e-01
7.862999999999999989e-01
6.616999999999999549e-01
4.203000000000000069e-01
9.030000000000000249e-01
3.330000000000000182e-01
-4.671000000000000152e-01
1.845999999999999863e-01
3.936000000000000054e-01
4.595000000000000195e-01
7.749999999999999944e-02
