3.675999999999999823e-01
-2.555999999999999939e-01
2.894999999999999796e-01
6.363999999999999657e-01
-8.578000000000000069e-01
-5.864000000000000323e-01
4.030000000000000249e-02
5.473999999999999977e-01
4.557999999999999829e-01
8.395000000000000240e-01
5.947999999999999954e-01
9.513000000000000345e-01
8.474000000000000421e-01
6.173999999999999488e-01
-1.988999999999999935e-01
9.532000000000000473e-01
1.250000000000000069e-02
-8.758000000000000229e-01
1.166999999999999982e-01
5.459000000000000519e-01
-7.824999999999999734e-01
3.902999999999999803e-01
7.130999999999999561e-01
6.479999999999999649e-02
1.540000000000000049e-02
5.140000000000000124e-02
3.746999999999999775e-01
-1.018000000000000016e-01
-2.782999999999999918e-01
6.710000000000000409e-01
4.263000000000000123e-01
-2.847999999999999976e-01
-4.243999999999999995e-01
-4.335999999999999854e-01
6.464999999999999636e-01
4.369000000000000106e-01
-6.844999999999999973e-01
3.075999999999999845e-01
-4.592999999999999861e-01
8.070000000000000506e-01
-5.141000000000000014e-01
-4.028999999999999804e-01
6.959999999999999520e-02
-1.401999999999999913e-01
-4.863000000000000100e-01
-8.820000000000000062e-02
-4.199999999999999845e-01
-9.165999999999999703e-01
6.410000000000000420e-02
-3.760999999999999899e-01
6.519999999999999407e-02
-4.349000000000000088e-01
-6.845999999999999863e-01
-5.853000000000000425e-01
-2.462000000000000022e-01
