7.740000000000000213e-01
5.590000000000000524e-01
-7.082000000000000517e-01
7.130999999999999561e-01
4.220000000000000140e-02
-3.189000000000000168e-01
-5.809999999999999609e-01
6.158000000000000140e-01
1.690000000000000113e-01
1.507999999999999896e-01
9.760999999999999677e-01
-6.760000000000000453e-01
6.497000000000000552e-01
3.068000000000000171e-01
9.568999999999999728e-01
4.374000000000000110e-01
-4.610000000000000209e-01
-1.239999999999999991e-01
8.111000000000000432e-01
9.126999999999999558e-01
9.068000000000000504e-01
-4.613999999999999768e-01
-3.506000000000000227e-01
8.870000000000000107e-01
3.872999999999999776e-01
6.197000000000000286e-01
-3.215000000000000080e-01
1.955000000000000071e-01
1.884000000000000119e-01
-6.959999999999999520e-02
-6.994000000000000217e-01
5.459000000000000519e-01
-9.878000000000000114e-01
-5.898999999999999799e-01
-5.572000000000000286e-01
7.920000000000000651e-02
-6.074000000000000510e-01
8.448999999999999844e-01
-5.102999999999999758e-01
9.939999999999999947e-01
9.096999999999999531e-01
-8.008999999999999453e-01
-6.273999999999999577e-01
7.681999999999999940e-01
-3.529999999999999805e-02
8.272000000000000464e-01
-6.105000000000000426e-01
1.060999999999999999e-01
-8.122000000000000330e-01
2.422999999999999876e-01
1.507000000000000006e-01
4.469999999999999668e-02
-7.498000000000000220e-01
5.237000000000000544e-01
1.963000000000000023e-01
