-3.638000000000000123e-01
9.366999999999999771e-01
7.729999999999999372e-02
5.888999999999999790e-01
-4.993000000000000216e-01
-7.743999999999999773e-01
-8.930000000000000437e-02
9.522000000000000464e-01
3.333999999999999742e-01
9.121000000000000218e-01
-5.199000000000000288e-01
8.591999999999999638e-01
-5.159000000000000252e-01
2.189999999999999933e-02
-8.099999999999999561e-03
-2.299999999999999961e-03
-5.041999999999999815e-01
-6.040000000000000230e-02
-6.464999999999999636e-01
-7.360999999999999766e-01
5.691000000000000503e-01
-2.227999999999999980e-01
1.099999999999999936e-02
-4.738999999999999879e-01
9.403000000000000247e-01
-8.900000000000000133e-01
-2.195999999999999897e-01
-8.043000000000000149e-01
1.405000000000000138e-01
1.739999999999999880e-01
-3.886000000000000010e-01
-8.680999999999999828e-01
9.163000000000000034e-01
-5.698999999999999622e-01
6.075000000000000400e-01
-1.194000000000000061e-01
-2.454000000000000070e-01
-1.161999999999999977e-01
5.080000000000000071e-01
-9.483000000000000318e-01
-5.559999999999999665e-02
-5.410000000000000364e-01
-5.625999999999999890e-01
8.326999999999999957e-01
-8.373000000000000442e-01
2.982000000000000206e-01
-9.842999999999999527e-01
-7.299999999999999822e-01
-5.084999999999999520e-01
-6.686999999999999611e-01
-3.291999999999999926e-01
3.022000000000000242e-01
-3.922999999999999821e-01
-3.764000000000000123e-01
-9.900000000000000813e-03
