9.755000000000000338e-01
-5.311000000000000165e-01
7.781000000000000139e-01
-6.339999999999999802e-02
8.147999999999999687e-01
-2.061999999999999944e-01
-8.388999999999999790e-01
-2.444999999999999951e-01
7.288000000000000034e-01
8.893999999999999684e-01
-7.533999999999999586e-01
-3.598000000000000087e-01
6.650000000000000355e-02
-8.577000000000000179e-01
6.191999999999999726e-01
-5.766999999999999904e-01
9.370000000000000551e-01
-1.842000000000000026e-01
8.720999999999999863e-01
5.066000000000000503e-01
7.875999999999999668e-01
-6.877999999999999670e-01
4.295999999999999819e-01
5.869999999999999662e-01
-3.659999999999999920e-01
7.874999999999999778e-01
1.849999999999999978e-01
1.463000000000000134e-01
-5.943000000000000504e-01
6.689000000000000501e-01
-3.593999999999999972e-01
-6.392999999999999794e-01
7.624999999999999556e-01
-3.462000000000000077e-01
-8.559999999999999554e-02
6.412999999999999812e-01
-3.985000000000000209e-01
8.500999999999999668e-01
-4.052999999999999936e-01
-2.822000000000000064e-01
-3.181999999999999829e-01
9.608999999999999764e-01
-1.183000000000000024e-01
-3.850000000000000089e-01
-8.044000000000000039e-01
-1.812000000000000000e-01
7.883000000000000007e-01
4.321999999999999731e-01
-6.778999999999999471e-01
4.749999999999999778e-01
9.395999999999999908e-01
6.833000000000000185e-01
-1.814000000000000057e-01
5.968999999999999861e-01
-6.348000000000000309e-01
