5.144999999999999574e-01
-8.830999999999999961e-01
-2.756000000000000116e-01
7.197000000000000064e-01
6.445999999999999508e-01
5.151999999999999913e-01
-2.235999999999999932e-01
-1.580000000000000016e-01
2.782000000000000028e-01
-4.279000000000000026e-01
-7.244000000000000439e-01
-2.285000000000000087e-01
5.799999999999999600e-01
-2.526999999999999802e-01
-5.391000000000000236e-01
-5.040000000000000036e-02
-5.279000000000000359e-01
2.918000000000000038e-01
-9.053999999999999826e-01
-2.114000000000000046e-01
3.165000000000000036e-01
2.777999999999999914e-01
-6.332999999999999741e-01
4.213000000000000078e-01
6.457000000000000517e-01
8.868000000000000327e-01
2.230000000000000038e-02
-7.465000000000000524e-01
1.736000000000000043e-01
9.696000000000000174e-01
-2.200000000000000133e-03
8.829000000000000181e-01
4.133999999999999897e-01
1.872000000000000053e-01
9.941999999999999726e-01
2.711000000000000076e-01
-2.892000000000000126e-01
-3.104000000000000092e-01
-9.958000000000000185e-01
-3.391000000000000125e-01
9.991999999999999771e-01
-8.746000000000000441e-01
1.171999999999999986e-01
3.245000000000000107e-01
2.071000000000000063e-01
-2.753999999999999782e-01
-3.696999999999999731e-01
-3.466000000000000192e-01
1.633999999999999897e-01
-2.844999999999999751e-01
2.263999999999999901e-01
-4.128999999999999893e-01
-2.592999999999999750e-01
-4.828000000000000069e-01
-5.172999999999999821e-01
