8.003000000000000114e-01
9.022000000000000020e-01
7.005000000000000115e-01
-7.408000000000000140e-01
-3.729999999999999982e-02
6.150999999999999801e-01
-6.183999999999999497e-01
4.159999999999999809e-02
-5.999999999999999778e-02
-9.461000000000000520e-01
-4.320000000000000229e-02
2.914999999999999813e-01
-6.477000000000000535e-01
5.840000000000000052e-02
4.416999999999999815e-01
-4.130000000000000338e-02
-6.824000000000000066e-01
-3.534999999999999809e-01
3.904000000000000248e-01
5.837999999999999856e-01
-7.607000000000000428e-01
-3.119000000000000106e-01
-8.444000000000000394e-01
1.739999999999999880e-02
-7.018999999999999684e-01
7.220000000000000029e-02
7.719000000000000306e-01
-1.001999999999999974e-01
4.663999999999999813e-01
-1.327000000000000124e-01
8.420999999999999597e-01
-4.454000000000000181e-01
-9.271000000000000352e-01
8.326000000000000068e-01
9.516000000000000014e-01
-3.313999999999999724e-01
2.550000000000000044e-01
6.216000000000000414e-01
4.321999999999999731e-01
-6.603999999999999870e-01
-3.004000000000000004e-01
5.906000000000000139e-01
5.531000000000000361e-01
2.699999999999999969e-02
7.288999999999999924e-01
6.380000000000000115e-01
9.266999999999999682e-01
-7.057999999999999829e-01
-4.243999999999999995e-01
-6.469999999999999363e-02
2.299999999999999961e-02
3.141999999999999793e-01
4.077999999999999958e-01
-1.864999999999999991e-01
9.770999999999999686e-01
