8.082000000000000295e-01
-7.026999999999999913e-01
4.470000000000000084e-01
1.857999999999999929e-01
7.510000000000000009e-02
9.330000000000000515e-01
3.301000000000000045e-01
3.286999999999999922e-01
-6.966999999999999860e-01
8.909999999999999865e-02
-8.185000000000000053e-01
-2.953000000000000069e-01
-7.366000000000000325e-01
-7.868000000000000549e-01
-9.099000000000000421e-01
-3.981000000000000094e-01
6.926999999999999824e-01
-3.865999999999999992e-01
-7.854999999999999760e-01
7.480000000000000537e-02
1.200000000000000025e-02
7.985999999999999766e-01
6.595999999999999641e-01
4.678999999999999826e-01
-5.925000000000000266e-01
5.396999999999999575e-01
5.329000000000000403e-01
-2.280000000000000082e-02
4.970999999999999863e-01
-4.730000000000000177e-02
-5.544999999999999929e-01
-3.410000000000000253e-01
1.875999999999999890e-01
-9.112000000000000099e-01
7.645999999999999464e-01
5.318000000000000504e-01
-5.129000000000000226e-01
-3.148000000000000242e-01
-2.968999999999999972e-01
6.358000000000000318e-01
-1.584000000000000130e-01
-5.366999999999999549e-01
6.086000000000000298e-01
-7.785999999999999588e-01
7.980000000000000426e-01
-1.806000000000000105e-01
6.210999999999999854e-01
4.329000000000000070e-01
-5.199000000000000288e-01
2.842000000000000082e-01
-3.783000000000000251e-01
-2.777999999999999914e-01
-3.230000000000000232e-02
-3.620999999999999774e-01
4.167000000000000148e-01
