6.250000000000000000e-02
-9.261000000000000343e-01
-5.345999999999999641e-01
-8.225000000000000089e-01
-1.188000000000000028e-01
-2.159000000000000086e-01
4.208000000000000074e-01
-7.105000000000000204e-01
8.389999999999999680e-01
-6.300000000000000044e-02
6.801000000000000378e-01
-8.388999999999999790e-01
-3.261000000000000010e-01
-7.226000000000000201e-01
-5.403000000000000025e-01
-6.723000000000000087e-01
1.359999999999999924e-02
-4.370000000000000273e-02
-6.669000000000000483e-01
-7.374000000000000554e-01
2.903000000000000025e-01
3.237999999999999767e-01
8.786000000000000476e-01
6.994000000000000217e-01
-1.852999999999999925e-01
1.744999999999999885e-01
2.185999999999999888e-01
5.616999999999999771e-01
-4.751000000000000223e-01
7.109999999999999654e-01
-5.960999999999999632e-01
7.490999999999999881e-01
2.212000000000000077e-01
8.094999999999999973e-01
8.154000000000000137e-01
-9.174999999999999822e-01
1.678999999999999937e-01
8.940000000000000169e-01
-6.923000000000000265e-01
-1.619999999999999912e-02
-1.872000000000000053e-01
-1.912000000000000088e-01
-3.740999999999999881e-01
6.170999999999999819e-01
8.224000000000000199e-01
-7.638000000000000345e-01
-3.614999999999999880e-01
9.520999999999999464e-01
-1.237000000000000044e-01
-6.560000000000000553e-02
2.217999999999999972e-01
-8.857000000000000428e-01
5.362999999999999989e-01
7.684999999999999609e-01
-8.203000000000000291e-01
