8.592999999999999527e-01
-2.230000000000000038e-02
-8.286999999999999922e-01
-6.962000000000000410e-01
7.916999999999999593e-01
-1.241000000000000020e-01
-9.796000000000000263e-01
-2.102999999999999869e-01
-3.820999999999999952e-01
-2.258000000000000007e-01
6.928999999999999604e-01
-2.949999999999999845e-02
3.450000000000000289e-02
-2.851000000000000201e-01
-8.838000000000000300e-01
-4.497999999999999776e-01
-4.491999999999999882e-01
-1.409999999999999969e-02
8.302000000000000490e-01
-8.689999999999999947e-01
-9.210000000000000131e-02
1.852000000000000035e-01
3.009999999999999828e-02
9.529999999999999583e-01
3.674999999999999933e-01
-1.199999999999999895e-03
6.881000000000000449e-01
2.592999999999999750e-01
3.345000000000000195e-01
-1.014000000000000040e-01
-3.160999999999999921e-01
2.220000000000000029e-01
5.268000000000000460e-01
-9.446999999999999842e-01
-7.622999999999999776e-01
-3.034999999999999920e-01
-3.294000000000000261e-01
-3.099999999999999978e-01
-3.835000000000000075e-01
9.836000000000000298e-01
-8.576000000000000290e-01
-3.640000000000000180e-02
2.728999999999999759e-01
9.213999999999999968e-01
-2.074999999999999900e-01
6.320999999999999952e-01
5.048000000000000265e-01
2.871000000000000218e-01
-3.971999999999999975e-01
-9.147999999999999465e-01
7.300999999999999712e-01
-8.866000000000000547e-01
-3.009999999999999898e-01
5.975000000000000311e-01
-3.400000000000000244e-02
