5.594999999999999973e-01
-1.602999999999999980e-01
-8.640000000000000457e-02
2.235000000000000042e-01
5.571000000000000396e-01
-6.743999999999999995e-01
-3.335000000000000187e-01
4.845999999999999752e-01
-4.092999999999999972e-01
2.649999999999999925e-02
5.022999999999999687e-01
-8.783999999999999586e-01
4.340999999999999859e-01
9.400000000000000022e-02
2.199000000000000121e-01
6.211999999999999744e-01
-7.465000000000000524e-01
-7.973000000000000087e-01
-6.603999999999999870e-01
-2.788999999999999813e-01
-9.782999999999999474e-01
4.873000000000000109e-01
1.773000000000000131e-01
4.279999999999999916e-01
4.447999999999999732e-01
-4.001000000000000112e-01
-7.633999999999999675e-01
-8.801999999999999824e-01
1.680000000000000104e-01
-4.649999999999999967e-02
8.899999999999999578e-02
1.338000000000000023e-01
4.205999999999999739e-01
-2.074000000000000010e-01
-4.309000000000000052e-01
-3.528999999999999915e-01
-7.838000000000000522e-01
3.855000000000000093e-01
-5.020000000000000157e-02
1.759000000000000008e-01
6.946999999999999842e-01
3.393999999999999795e-01
-2.505000000000000004e-01
6.505999999999999561e-01
-4.672000000000000042e-01
4.522999999999999798e-01
-6.370000000000000662e-02
5.969999999999999751e-01
1.490000000000000005e-02
6.986999999999999877e-01
-7.935999999999999721e-01
2.031000000000000028e-01
-8.921999999999999931e-01
-7.219999999999999751e-01
3.227999999999999758e-01
