4.909999999999999920e-01
-2.993000000000000105e-01
4.849999999999999867e-01
3.790000000000000313e-02
5.691000000000000503e-01
-2.084999999999999909e-01
-7.688000000000000389e-01
3.563999999999999946e-01
-1.125000000000000028e-01
-7.530999999999999917e-01
-9.043999999999999817e-01
3.508999999999999897e-01
1.398000000000000076e-01
8.608000000000000096e-01
4.707000000000000073e-01
-6.619000000000000439e-01
-8.500999999999999668e-01
1.092000000000000054e-01
-8.938000000000000389e-01
-3.256000000000000005e-01
3.951999999999999957e-01
5.266999999999999460e-01
-4.806000000000000272e-01
4.320999999999999841e-01
-2.756000000000000116e-01
6.982000000000000428e-01
-5.421000000000000263e-01
-2.228999999999999870e-01
5.837999999999999856e-01
9.202000000000000179e-01
-8.408999999999999808e-01
-5.351000000000000201e-01
6.699000000000000510e-01
9.469999999999999529e-01
-6.898999999999999577e-01
6.368000000000000327e-01
-8.560999999999999721e-01
1.905999999999999917e-01
-7.076999999999999957e-01
-8.465000000000000302e-01
2.535999999999999921e-01
-1.130000000000000032e-01
-6.914000000000000146e-01
7.569000000000000172e-01
8.951000000000000068e-01
-2.293000000000000038e-01
4.526999999999999913e-01
-8.626000000000000334e-01
3.269999999999999990e-02
9.479999999999999538e-02
-8.699999999999999400e-02
-1.673000000000000043e-01
-4.823999999999999955e-01
5.310000000000000275e-01
1.454000000000000015e-01
