-4.351999999999999758e-01
-4.647000000000000020e-01
3.599999999999999901e-03
-7.341999999999999638e-01
-1.113999999999999990e-01
8.703999999999999515e-01
-7.125000000000000222e-01
-6.138000000000000123e-01
8.615000000000000435e-01
-9.417999999999999705e-01
-6.333999999999999631e-01
7.975999999999999757e-01
6.002999999999999448e-01
1.431000000000000050e-01
6.462999999999999856e-01
5.252999999999999892e-01
1.378999999999999948e-01
3.670999999999999819e-01
-7.933000000000000052e-01
-3.572000000000000175e-01
1.136999999999999955e-01
-2.343000000000000083e-01
3.080999999999999850e-01
1.073000000000000065e-01
-4.400000000000000022e-01
-1.099999999999999936e-02
-2.121999999999999997e-01
2.571999999999999842e-01
3.487999999999999989e-01
5.799999999999999600e-03
-5.728999999999999648e-01
-4.490999999999999992e-01
-8.086999999999999744e-01
-3.059000000000000052e-01
3.978999999999999759e-01
-6.691000000000000281e-01
-9.890999999999999792e-01
-9.536999999999999922e-01
-2.318999999999999950e-01
-7.942000000000000171e-01
3.199000000000000177e-01
8.045999999999999819e-01
-7.439999999999999947e-01
-7.299999999999999822e-01
-1.917999999999999983e-01
-8.157999999999999696e-01
-9.719999999999999751e-01
-7.808000000000000496e-01
6.298000000000000265e-01
-7.391999999999999682e-01
-4.319000000000000061e-01
5.255999999999999561e-01
2.058000000000000107e-01
7.072000000000000508e-01
-3.497999999999999998e-01
