-7.170999999999999597e-01
-4.238999999999999990e-01
1.794000000000000039e-01
5.033999999999999586e-01
9.749999999999999778e-01
8.617000000000000215e-01
-4.958000000000000185e-01
-5.957000000000000073e-01
-3.650999999999999801e-01
-2.838999999999999857e-01
1.932000000000000106e-01
5.083999999999999631e-01
-1.774999999999999911e-01
-5.591000000000000414e-01
5.352000000000000091e-01
-3.224000000000000199e-01
-2.184999999999999998e-01
9.071000000000000174e-01
9.338999999999999524e-01
6.039999999999999813e-01
3.272999999999999798e-01
3.059999999999999942e-01
9.094999999999999751e-01
2.051999999999999935e-01
-2.212999999999999967e-01
7.327000000000000179e-01
7.852000000000000091e-01
-8.841999999999999860e-01
2.414999999999999925e-01
-9.918000000000000149e-01
-7.036000000000000032e-01
-2.660000000000000142e-01
-9.768000000000000016e-01
3.442999999999999949e-01
-1.721000000000000030e-01
3.452000000000000068e-01
-7.886999999999999567e-01
1.434999999999999887e-01
-4.680000000000000132e-02
-2.543000000000000260e-01
-6.809999999999999387e-02
-9.703000000000000513e-01
4.273000000000000131e-01
-7.370000000000000162e-02
8.877000000000000446e-01
-8.778000000000000247e-01
5.809999999999999887e-02
7.892000000000000126e-01
-4.875999999999999779e-01
8.040000000000000480e-01
-8.194000000000000172e-01
5.885000000000000231e-01
-1.849000000000000088e-01
-8.174000000000000155e-01
7.461999999999999744e-01
