6.129000000000000004e-01
-4.546999999999999931e-01
-3.537000000000000144e-01
-9.366999999999999771e-01
3.336999999999999966e-01
6.308000000000000274e-01
2.903999999999999915e-01
5.103999999999999648e-01
-4.636000000000000121e-01
3.069999999999999951e-01
-2.233999999999999875e-01
7.214000000000000412e-01
8.316000000000000059e-01
-3.704000000000000070e-01
-6.851000000000000423e-01
3.982999999999999874e-01
3.130000000000000004e-01
1.282999999999999974e-01
5.739999999999999963e-02
8.369999999999999662e-01
1.259000000000000119e-01
8.477000000000000091e-01
-8.954999999999999627e-01
5.344999999999999751e-01
5.194999999999999618e-01
-6.845999999999999863e-01
2.167999999999999927e-01
3.084999999999999964e-01
-2.240000000000000047e-01
2.509000000000000119e-01
7.137000000000000011e-01
-8.081000000000000405e-01
3.719999999999999696e-02
2.887000000000000122e-01
-3.245999999999999996e-01
-4.176000000000000267e-01
-3.175999999999999934e-01
-5.319999999999999729e-02
3.509999999999999926e-02
7.776999999999999469e-01
-8.884999999999999565e-01
6.519000000000000350e-01
7.336000000000000298e-01
9.327999999999999625e-01
-6.690000000000000391e-01
6.641000000000000236e-01
9.915000000000000480e-01
6.215000000000000524e-01
1.226000000000000006e-01
-3.430000000000000271e-01
9.963999999999999524e-01
1.716999999999999915e-01
-7.502999999999999670e-01
-5.925000000000000266e-01
-6.756999999999999673e-01
-4.233000000000000096e-01
-3.390000000000000235e-01
-6.941000000000000503e-01
-7.717000000000000526e-01
-5.601000000000000423e-01
-3.425000000000000266e-01
-7.170999999999999597e-01
9.015999999999999570e-01
5.643000000000000238e-01
-3.846999999999999864e-01
6.640000000000000346e-01
-4.767000000000000126e-01
3.462000000000000077e-01
1.471999999999999975e-01
4.093999999999999861e-01
-5.140000000000000124e-01
3.967999999999999861e-01
-7.738000000000000433e-01
-1.484000000000000041e-01
9.184999999999999831e-01
6.210999999999999854e-01
7.683999999999999719e-01
-7.288000000000000034e-01
6.448000000000000398e-01
8.444000000000000394e-01
9.156999999999999584e-01
4.282000000000000250e-01
9.080000000000000293e-01
-7.481999999999999762e-01
5.441000000000000281e-01
-3.170999999999999930e-01
6.251999999999999780e-01
2.283000000000000029e-01
-4.954000000000000070e-01
5.399000000000000465e-01
7.701999999999999957e-01
5.530000000000000193e-02
9.633000000000000451e-01
8.794999999999999485e-01
-3.791999999999999815e-01
3.373999999999999777e-01
9.344000000000000083e-01
-4.430000000000000049e-01
6.814000000000000057e-01
3.166999999999999815e-01
4.237000000000000210e-01
-6.881000000000000449e-01
-6.900000000000000577e-02
-9.592000000000000526e-01
1.414999999999999869e-01
5.999999999999999778e-01
1.860999999999999877e-01
-7.680000000000000160e-01
9.308999999999999497e-01
-3.317999999999999838e-01
8.378999999999999782e-01
-3.401000000000000134e-01
1.552000000000000046e-01
-7.278000000000000025e-01
-2.129000000000000059e-01
-3.684999999999999942e-01
9.815000000000000391e-01
-5.160000000000000142e-01
-2.889999999999999791e-01
7.299999999999999545e-02
-8.207999999999999741e-01
5.061999999999999833e-01
9.840999999999999748e-01
2.490999999999999881e-01
6.706999999999999629e-01
9.154999999999999805e-01
6.907999999999999696e-01
5.254999999999999671e-01
-6.943000000000000282e-01
-2.139999999999999958e-01
5.911999999999999478e-01
-5.704000000000000181e-01
3.497000000000000108e-01
-3.158000000000000251e-01
4.950000000000000233e-02
6.627999999999999448e-01
-6.379999999999999560e-02
8.864999999999999547e-01
-1.862999999999999934e-01
9.470000000000000639e-02
-5.548999999999999488e-01
5.249999999999999806e-02
4.374000000000000110e-01
-5.402000000000000135e-01
4.349000000000000088e-01
2.187999999999999945e-01
-5.540000000000000480e-01
-9.011000000000000121e-01
-6.185000000000000497e-01
-8.515000000000000346e-01
8.387999999999999901e-01
-8.616000000000000325e-01
-1.734999999999999876e-01
1.905999999999999917e-01
-1.209999999999999964e-01
-8.215999999999999970e-01
-7.339999999999999858e-01
-5.167000000000000481e-01
5.734000000000000208e-01
6.862000000000000322e-01
-1.945000000000000062e-01
6.050999999999999712e-01
8.820000000000000062e-02
-6.620000000000000329e-01
-6.444999999999999618e-01
-6.965999999999999970e-01
1.053000000000000047e-01
3.820999999999999952e-01
-5.080999999999999961e-01
4.270000000000000184e-02
-3.694000000000000061e-01
-6.329999999999999516e-02
2.719999999999999848e-02
-3.854000000000000203e-01
-1.885000000000000009e-01
6.865999999999999881e-01
7.076999999999999957e-01
-5.816000000000000059e-01
-7.995999999999999774e-01
-1.892000000000000071e-01
-5.589999999999999830e-02
3.450000000000000289e-02
-9.164999999999999813e-01
5.056000000000000494e-01
-2.524000000000000132e-01
8.834999999999999520e-01
-1.272000000000000075e-01
-8.413000000000000478e-01
3.219000000000000195e-01
8.268999999999999684e-01
-4.369999999999999996e-01
-9.768999999999999906e-01
-9.306999999999999718e-01
2.666000000000000036e-01
-2.480999999999999872e-01
-1.983000000000000040e-01
-5.406999999999999584e-01
3.200000000000000067e-01
-2.454000000000000070e-01
2.060000000000000026e-02
7.729999999999999372e-02
-2.321000000000000008e-01
2.366000000000000048e-01
3.139000000000000123e-01
-6.733000000000000096e-01
5.041999999999999815e-01
7.596000000000000529e-01
6.847999999999999643e-01
2.081000000000000072e-01
-4.189999999999999836e-01
-2.346999999999999920e-01
9.423000000000000265e-01
-2.179999999999999993e-01
-1.024000000000000049e-01
-4.547999999999999821e-01
-9.345999999999999863e-01
-3.030000000000000054e-02
1.376000000000000001e-01
-5.987000000000000099e-01
-2.120000000000000009e-02
7.974999999999999867e-01
3.721999999999999753e-01
-6.700000000000000226e-03
-2.860000000000000042e-02
-3.079999999999999960e-01
-5.884000000000000341e-01
6.021999999999999575e-01
6.223999999999999533e-01
7.083000000000000407e-01
7.889999999999999791e-02
-7.389999999999999347e-02
8.660999999999999810e-01
-8.726000000000000423e-01
4.583999999999999742e-01
6.271999999999999797e-01
-4.144999999999999796e-01
1.257000000000000062e-01
-8.044000000000000039e-01
-3.417000000000000037e-01
-1.025999999999999968e-01
-1.985000000000000098e-01
4.689999999999999725e-02
4.850999999999999757e-01
7.469999999999999973e-01
-4.484000000000000208e-01
8.372000000000000552e-01
4.989999999999999991e-02
-2.984999999999999876e-01
-3.070000000000000159e-02
4.144999999999999796e-01
7.663999999999999702e-01
-2.520000000000000018e-01
1.799000000000000044e-01
-3.972999999999999865e-01
9.305999999999999828e-01
5.260000000000000231e-01
7.523999999999999577e-01
8.235000000000000098e-01
8.749999999999999445e-02
3.214000000000000190e-01
6.035000000000000364e-01
1.981999999999999873e-01
1.567000000000000060e-01
5.402000000000000135e-01
-9.334999999999999964e-01
9.728999999999999870e-01
6.311999999999999833e-01
5.242999999999999883e-01
9.113999999999999879e-01
-6.962000000000000410e-01
-4.209999999999999853e-01
5.594000000000000083e-01
-7.403999999999999471e-01
1.482999999999999874e-01
3.779000000000000137e-01
5.518999999999999462e-01
-6.064000000000000501e-01
2.400000000000000050e-02
-9.352000000000000313e-01
-3.815000000000000058e-01
-8.334000000000000297e-01
-3.066999999999999726e-01
2.326999999999999902e-01
1.932999999999999996e-01
3.402999999999999914e-01
6.562000000000000055e-01
