-3.285000000000000142e-01
-6.274999999999999467e-01
-1.414999999999999869e-01
7.823999999999999844e-01
-3.996999999999999997e-01
2.853999999999999870e-01
9.734000000000000430e-01
6.368000000000000327e-01
2.356999999999999929e-01
-7.371999999999999664e-01
-1.962000000000000133e-01
-5.993000000000000549e-01
3.961000000000000076e-01
-7.671000000000000041e-01
-2.837999999999999967e-01
-3.725999999999999868e-01
3.466000000000000192e-01
1.396999999999999909e-01
-5.830999999999999517e-01
-7.731000000000000094e-01
7.178999999999999826e-01
-8.160000000000000586e-02
7.180999999999999606e-01
7.223000000000000531e-01
2.661000000000000032e-01
6.460000000000000187e-01
7.361999999999999655e-01
-1.746000000000000052e-01
-3.004999999999999893e-01
6.189000000000000057e-01
-3.039999999999999994e-02
-5.536999999999999700e-01
2.083000000000000129e-01
-9.956000000000000405e-01
5.600000000000000533e-01
-3.514999999999999791e-01
-8.781999999999999806e-01
-5.475999999999999757e-01
-3.724000000000000088e-01
-8.041000000000000369e-01
7.070999999999999508e-01
6.176000000000000378e-01
-4.789999999999999813e-02
4.349999999999999978e-01
6.301999999999999824e-01
-1.373000000000000054e-01
-9.881999999999999673e-01
-8.904999999999999583e-01
2.846000000000000196e-01
4.639999999999999680e-02
9.909999999999999365e-02
-8.300999999999999490e-01
5.635000000000000009e-01
6.569000000000000394e-01
3.806999999999999829e-01
-8.384000000000000341e-01
-8.468999999999999861e-01
-2.926000000000000267e-01
1.151999999999999968e-01
-7.027999999999999803e-01
-5.911999999999999478e-01
8.171000000000000485e-01
-9.409999999999999476e-01
4.093999999999999861e-01
9.195999999999999730e-01
-7.612999999999999767e-01
-4.692000000000000060e-01
-2.881000000000000227e-01
7.698000000000000398e-01
6.247000000000000330e-01
1.158000000000000002e-01
-5.279999999999999971e-02
7.987999999999999545e-01
-2.277000000000000135e-01
-3.400000000000000244e-01
-3.014000000000000012e-01
5.070000000000000201e-02
-5.353999999999999870e-01
6.794999999999999929e-01
-4.678999999999999826e-01
1.650000000000000078e-02
3.165999999999999925e-01
-8.729999999999999982e-01
-3.159000000000000141e-01
9.891999999999999682e-01
-4.250000000000000305e-02
8.731999999999999762e-01
-1.315999999999999948e-01
3.710000000000000103e-02
-1.726999999999999924e-01
-4.599999999999999922e-03
-9.870999999999999774e-01
7.149999999999999689e-01
7.989000000000000545e-01
-8.444000000000000394e-01
8.359999999999999654e-01
3.377999999999999892e-01
-6.057000000000000162e-01
6.761000000000000343e-01
-7.799999999999999989e-02
-2.924999999999999822e-01
-1.246000000000000024e-01
9.432000000000000384e-01
8.720999999999999863e-01
3.629999999999999893e-01
-8.333000000000000407e-01
-3.245000000000000107e-01
-2.595000000000000084e-01
7.966999999999999638e-01
3.008000000000000118e-01
6.109999999999999876e-01
2.209000000000000130e-01
4.299999999999999933e-01
-4.986999999999999766e-01
1.867999999999999938e-01
2.129999999999999949e-01
1.637000000000000122e-01
-9.850000000000000422e-02
-3.113000000000000211e-01
1.754000000000000004e-01
1.779999999999999916e-01
-7.392999999999999572e-01
5.699999999999999512e-01
7.245000000000000329e-01
-8.014999999999999902e-01
-6.400000000000000307e-03
9.740000000000000047e-02
3.417999999999999927e-01
2.351000000000000034e-01
1.155999999999999944e-01
-7.105000000000000204e-01
-6.489000000000000323e-01
4.632000000000000006e-01
-3.764000000000000123e-01
8.509999999999999787e-01
6.916999999999999815e-01
-5.988999999999999879e-01
-8.444000000000000394e-01
-1.110000000000000049e-02
-2.782000000000000028e-01
7.923000000000000043e-01
8.217999999999999750e-01
-2.790000000000000119e-02
2.610999999999999988e-01
-8.999000000000000332e-01
-3.351000000000000090e-01
8.769000000000000128e-01
-7.768000000000000460e-01
8.169999999999999485e-01
9.992999999999999661e-01
9.871999999999999664e-01
-9.963999999999999524e-01
-9.778999999999999915e-01
9.438999999999999613e-01
9.193000000000000060e-01
-2.149999999999999967e-01
-3.969999999999999918e-02
7.501999999999999780e-01
-2.898000000000000020e-01
2.554000000000000159e-01
-7.197000000000000064e-01
7.769000000000000350e-01
1.895000000000000018e-01
7.435000000000000497e-01
5.059000000000000163e-01
-8.459999999999999465e-02
-5.324999999999999734e-01
-6.523999999999999799e-01
-6.967999999999999750e-01
-8.840999999999999970e-01
-6.834999999999999964e-01
-4.126000000000000223e-01
1.889000000000000123e-01
8.762999999999999678e-01
2.376000000000000056e-01
-7.748000000000000442e-01
-8.901000000000000023e-01
-4.469999999999999668e-02
-7.866999999999999549e-01
-3.337999999999999856e-01
5.602000000000000313e-01
3.221999999999999864e-01
-6.340999999999999970e-01
9.781999999999999584e-01
8.854999999999999538e-01
5.500000000000000444e-01
-8.534000000000000474e-01
-5.879999999999999810e-02
9.446999999999999842e-01
-6.532999999999999918e-01
5.402000000000000135e-01
4.945999999999999841e-01
-2.470999999999999863e-01
6.553999999999999826e-01
-8.370999999999999552e-01
-9.959999999999999409e-02
8.913999999999999702e-01
-5.067000000000000393e-01
3.649999999999999772e-02
-5.990999999999999659e-01
1.443000000000000116e-01
-9.792999999999999483e-01
2.759999999999999953e-02
4.975999999999999868e-01
-2.190999999999999892e-01
-2.179999999999999993e-01
-3.698000000000000176e-01
4.532999999999999807e-01
3.368999999999999773e-01
-7.368000000000000105e-01
-1.239999999999999956e-02
-1.905000000000000027e-01
7.204000000000000403e-01
1.378000000000000058e-01
7.012000000000000455e-01
6.210000000000000242e-02
-3.865999999999999992e-01
-1.975999999999999979e-01
1.451999999999999957e-01
7.524999999999999467e-01
-9.110000000000000042e-02
-9.149999999999999800e-02
2.255999999999999950e-01
3.139999999999999736e-02
2.419999999999999929e-01
6.471000000000000085e-01
6.935000000000000053e-01
8.473000000000000531e-01
2.358999999999999986e-01
2.227000000000000091e-01
-5.525999999999999801e-01
8.881999999999999895e-01
2.897000000000000131e-01
-9.412000000000000366e-01
5.712000000000000410e-01
-3.652000000000000246e-01
9.978000000000000203e-01
-4.894000000000000017e-01
-5.260000000000000231e-01
-7.651999999999999913e-01
-4.561999999999999944e-01
7.833999999999999853e-01
-8.105999999999999872e-01
1.904000000000000137e-01
-4.300000000000000003e-03
-3.320000000000000034e-02
-2.691999999999999948e-01
8.921999999999999931e-01
-4.179999999999999688e-02
-9.576000000000000068e-01
-8.175000000000000044e-01
-8.622999999999999554e-01
-8.477999999999999980e-01
5.709999999999999520e-01
-6.761000000000000343e-01
9.832999999999999519e-01
7.712999999999999856e-01
9.091000000000000192e-01
3.781999999999999806e-01
-9.933999999999999497e-01
6.277000000000000357e-01
3.814000000000000168e-01
4.591000000000000081e-01
-3.845000000000000084e-01
6.679000000000000492e-01
-9.547999999999999821e-01
2.771000000000000130e-01
7.234000000000000430e-01
5.591000000000000414e-01
2.028000000000000080e-01
-7.504999999999999449e-01
-5.382000000000000117e-01
-5.977000000000000091e-01
3.602000000000000202e-01
5.080000000000000071e-01
-6.721000000000000307e-01
-7.967999999999999527e-01
5.775000000000000133e-01
-8.820000000000000062e-02
-5.987999999999999989e-01
-4.541000000000000036e-01
-3.640000000000000180e-02
-9.617999999999999883e-01
-3.511000000000000232e-01
7.197999999999999954e-01
1.791000000000000092e-01
