8.826000000000000512e-01
-6.652000000000000135e-01
-2.172000000000000042e-01
9.516000000000000014e-01
1.620999999999999941e-01
3.664999999999999925e-01
-3.721999999999999753e-01
7.649000000000000243e-01
9.830999999999999739e-01
2.877000000000000113e-01
8.501999999999999558e-01
8.971000000000000085e-01
4.889999999999999902e-01
-5.948999999999999844e-01
-7.798000000000000487e-01
-2.839999999999999747e-01
4.425000000000000044e-01
2.793999999999999817e-01
-3.948999999999999733e-01
-6.578000000000000513e-01
3.204000000000000181e-01
-7.751000000000000112e-01
5.598999999999999533e-01
-7.473999999999999533e-01
8.665000000000000480e-01
9.096999999999999531e-01
2.447999999999999898e-01
2.787000000000000033e-01
-9.549999999999999600e-01
-6.108999999999999986e-01
6.559000000000000385e-01
9.169000000000000483e-01
-6.149000000000000021e-01
-1.057000000000000023e-01
-4.801000000000000267e-01
-3.615999999999999770e-01
5.238000000000000433e-01
5.098000000000000309e-01
-8.057999999999999607e-01
-6.300000000000000044e-02
9.820999999999999730e-01
8.944999999999999618e-01
-3.187999999999999723e-01
-8.770000000000000018e-01
-5.611000000000000432e-01
-5.300000000000000024e-03
3.452999999999999958e-01
8.874999999999999556e-01
4.662000000000000033e-01
-7.440999999999999837e-01
-7.969000000000000528e-01
4.506000000000000005e-01
5.483999999999999986e-01
-9.650999999999999579e-01
5.309000000000000385e-01
-1.187000000000000000e-01
4.490000000000000241e-02
6.250999999999999890e-01
4.444000000000000172e-01
-3.583999999999999964e-01
9.459999999999999520e-01
6.761000000000000343e-01
1.806000000000000105e-01
4.037000000000000033e-01
-9.001000000000000112e-01
-5.332999999999999963e-01
-8.970000000000000195e-01
1.658000000000000029e-01
1.135000000000000037e-01
6.130999999999999783e-01
7.483999999999999542e-01
9.725000000000000311e-01
-1.151999999999999968e-01
-2.303000000000000047e-01
2.442000000000000004e-01
7.589999999999999525e-02
-6.270999999999999908e-01
2.745000000000000218e-01
2.315000000000000113e-01
-2.170999999999999874e-01
-2.677999999999999825e-01
1.146999999999999964e-01
-7.189999999999999725e-01
-6.477000000000000535e-01
1.231000000000000011e-01
-5.387999999999999456e-01
-3.074000000000000066e-01
-2.039999999999999869e-01
7.820000000000000562e-02
3.921000000000000041e-01
6.872000000000000330e-01
9.688999999999999835e-01
9.478999999999999648e-01
-7.916999999999999593e-01
6.318000000000000282e-01
4.722000000000000086e-01
-5.455999999999999739e-01
5.262999999999999901e-01
3.277999999999999803e-01
7.836999999999999522e-01
5.610000000000000542e-01
-2.091000000000000081e-01
3.494999999999999774e-01
7.890000000000000346e-01
2.691999999999999948e-01
3.548000000000000043e-01
-2.857000000000000095e-01
4.902000000000000246e-01
-9.573000000000000398e-01
-6.104000000000000536e-01
5.904000000000000359e-01
-9.070000000000000284e-01
-6.610000000000000597e-02
9.254999999999999893e-01
9.361000000000000432e-01
8.967000000000000526e-01
3.943999999999999728e-01
-2.031000000000000028e-01
3.446000000000000174e-01
9.695000000000000284e-01
-1.460000000000000013e-02
5.383000000000000007e-01
-7.903999999999999915e-01
8.200000000000000344e-02
8.840000000000000635e-02
-8.502999999999999448e-01
-4.441999999999999837e-01
8.867000000000000437e-01
9.879000000000000004e-01
1.348999999999999921e-01
8.332000000000000517e-01
-9.633000000000000451e-01
-2.712999999999999856e-01
-8.696000000000000396e-01
1.272999999999999965e-01
7.237000000000000099e-01
-9.105999999999999650e-01
-7.965999999999999748e-01
-7.654999999999999583e-01
7.197999999999999954e-01
6.330000000000000071e-01
8.618999999999999995e-01
-2.321999999999999897e-01
-6.485999999999999543e-01
-3.467999999999999972e-01
7.592999999999999750e-01
4.063999999999999835e-01
-2.565000000000000058e-01
1.535999999999999865e-01
9.465999999999999970e-01
-2.026999999999999913e-01
9.139000000000000457e-01
-1.378999999999999948e-01
9.492000000000000437e-01
-3.110999999999999877e-01
-7.829999999999999460e-02
-5.700000000000000205e-02
2.661000000000000032e-01
2.192000000000000060e-01
-4.731000000000000205e-01
-1.938999999999999890e-01
-2.141000000000000125e-01
2.515999999999999903e-01
4.885999999999999788e-01
2.819999999999999937e-02
-2.897000000000000131e-01
4.571000000000000063e-01
5.883000000000000451e-01
-1.749999999999999889e-01
3.397999999999999909e-01
-4.704999999999999738e-01
-1.841000000000000136e-01
-7.470999999999999863e-01
-7.774999999999999689e-01
4.000000000000000222e-01
-1.189000000000000057e-01
9.232000000000000206e-01
6.631000000000000227e-01
5.269000000000000350e-01
1.764000000000000012e-01
9.457999999999999741e-01
-4.903000000000000136e-01
8.846000000000000529e-01
-2.988000000000000100e-01
-7.754999999999999671e-01
6.928999999999999604e-01
-4.142000000000000126e-01
7.427000000000000268e-01
-1.264000000000000123e-01
5.390000000000000346e-02
2.762999999999999901e-01
-5.957000000000000073e-01
7.704999999999999627e-01
-8.958000000000000407e-01
7.601999999999999869e-01
-8.707000000000000295e-01
-4.189999999999999974e-02
-3.039999999999999994e-02
-5.456999999999999629e-01
-3.740999999999999881e-01
-4.839999999999999858e-02
8.191000000000000503e-01
7.651000000000000023e-01
3.459999999999999881e-02
3.615999999999999770e-01
1.117999999999999966e-01
8.715000000000000524e-01
-8.625000000000000444e-01
6.279000000000000137e-01
-6.918999999999999595e-01
5.544999999999999929e-01
6.403999999999999693e-01
-1.203999999999999931e-01
6.127000000000000224e-01
-8.481999999999999540e-01
8.789000000000000146e-01
-4.615000000000000213e-01
-2.280000000000000082e-02
-4.627000000000000002e-01
-7.149999999999999689e-01
-1.844999999999999973e-01
-6.571000000000000174e-01
1.295000000000000040e-01
-5.804000000000000270e-01
-6.236000000000000432e-01
9.210000000000000409e-01
-3.084999999999999964e-01
-2.177000000000000046e-01
1.867999999999999938e-01
-9.800000000000000377e-02
6.336000000000000520e-01
-7.112000000000000544e-01
9.832999999999999519e-01
-9.461000000000000520e-01
-1.593999999999999861e-01
1.068999999999999950e-01
6.219000000000000083e-01
-5.324999999999999734e-01
8.548000000000000043e-01
-8.903999999999999693e-01
3.358999999999999764e-01
-4.035000000000000253e-01
3.540000000000000091e-02
-7.129999999999999671e-01
-5.235999999999999543e-01
5.109999999999999959e-02
5.109999999999999959e-02
9.243999999999999995e-01
9.940999999999999837e-01
-3.990000000000000213e-01
2.812000000000000055e-01
-2.790000000000000258e-01
9.475999999999999979e-01
-8.999999999999999320e-03
-5.073999999999999622e-01
3.047000000000000264e-01
-5.043999999999999595e-01
6.483999999999999764e-01
-7.126000000000000112e-01
-5.374999999999999778e-01
-4.089999999999999747e-01
3.634999999999999898e-01
4.051000000000000156e-01
9.603000000000000425e-01
-8.053000000000000158e-01
7.320999999999999730e-01
-7.891000000000000236e-01
-7.294000000000000483e-01
-3.373999999999999777e-01
-6.929999999999999494e-01
2.101000000000000090e-01
1.292000000000000093e-01
-4.910999999999999810e-01
-9.522000000000000464e-01
4.989999999999999991e-01
-6.905999999999999917e-01
-9.086999999999999522e-01
8.768000000000000238e-01
-4.429999999999999910e-02
3.822999999999999732e-01
-2.200000000000000011e-01
-7.325000000000000400e-01
-3.378999999999999782e-01
9.478999999999999648e-01
5.198000000000000398e-01
6.835999999999999854e-01
