-3.190999999999999948e-01
7.583999999999999631e-01
5.474999999999999867e-01
6.884000000000000119e-01
5.137000000000000455e-01
-6.719000000000000528e-01
-6.634999999999999787e-01
-5.254999999999999671e-01
-7.210999999999999632e-01
9.348999999999999533e-01
9.433000000000000274e-01
-9.330000000000000515e-01
7.546000000000000485e-01
-2.752999999999999892e-01
3.960000000000000187e-01
3.316000000000000059e-01
-9.008000000000000451e-01
8.195000000000000062e-01
-3.506000000000000227e-01
3.526000000000000245e-01
-6.036000000000000254e-01
7.789000000000000368e-01
-4.989999999999999991e-02
-6.810000000000000497e-01
-6.111999999999999655e-01
-7.456000000000000405e-01
-9.492000000000000437e-01
-6.877999999999999670e-01
-7.810000000000000275e-02
-4.580000000000000182e-01
-5.306999999999999496e-01
-4.340999999999999859e-01
6.038999999999999924e-01
2.351999999999999924e-01
8.689999999999999947e-01
-9.452000000000000401e-01
7.177999999999999936e-01
8.658000000000000140e-01
-5.673000000000000265e-01
4.979000000000000092e-01
1.847000000000000031e-01
8.984999999999999654e-01
-8.659999999999999643e-02
5.377999999999999448e-01
9.176999999999999602e-01
3.084999999999999964e-01
6.873000000000000220e-01
4.450000000000000067e-01
3.706999999999999740e-01
2.091000000000000081e-01
-8.500000000000000611e-02
3.648000000000000131e-01
4.212000000000000188e-01
-3.836999999999999855e-01
7.415000000000000480e-01
-2.359999999999999876e-01
-1.847999999999999921e-01
-4.838999999999999968e-01
-2.447999999999999898e-01
6.199000000000000066e-01
8.655000000000000471e-01
6.009999999999999787e-01
-9.114999999999999769e-01
-3.492999999999999994e-01
9.747999999999999998e-01
4.747000000000000108e-01
-5.835000000000000187e-01
8.505000000000000338e-01
-2.679000000000000270e-01
5.850999999999999535e-01
-9.969999999999999973e-01
-7.570000000000000062e-01
9.311000000000000387e-01
-4.809999999999999692e-02
-5.430000000000000104e-02
7.708000000000000407e-01
-5.746999999999999886e-01
5.945000000000000284e-01
4.944999999999999951e-01
6.532999999999999918e-01
2.469999999999999973e-01
-6.320000000000000062e-01
-1.126999999999999946e-01
-1.643999999999999906e-01
-3.341000000000000081e-01
4.283000000000000140e-01
4.349999999999999700e-02
-7.719000000000000306e-01
-9.817000000000000171e-01
-7.023000000000000353e-01
-5.120000000000000107e-01
2.079000000000000015e-01
-3.966999999999999971e-01
-9.193000000000000060e-01
3.832999999999999741e-01
-4.905999999999999805e-01
-7.406000000000000361e-01
-4.168999999999999928e-01
-1.559999999999999998e-01
2.019999999999999921e-02
-1.522999999999999909e-01
5.525999999999999801e-01
5.697999999999999732e-01
-6.220999999999999863e-01
-1.345000000000000084e-01
7.552999999999999714e-01
-8.250000000000000389e-02
-1.880000000000000074e-02
-2.249999999999999917e-02
-9.317999999999999616e-01
3.058000000000000163e-01
-6.009999999999999787e-01
1.180999999999999966e-01
3.104999999999999982e-01
7.617000000000000437e-01
-8.992999999999999883e-01
-3.000999999999999779e-01
-5.510000000000000314e-02
5.485999999999999766e-01
-5.554999999999999938e-01
-4.430999999999999939e-01
4.112999999999999989e-01
-4.230999999999999761e-01
3.115999999999999881e-01
4.270000000000000184e-02
6.199999999999999782e-03
2.069999999999999965e-02
1.569000000000000117e-01
2.978999999999999981e-01
4.410000000000000031e-02
-7.661000000000000032e-01
-1.736000000000000043e-01
7.197999999999999954e-01
4.348000000000000198e-01
-3.743000000000000216e-01
7.328999999999999959e-01
-4.315999999999999837e-01
-5.649999999999999467e-01
-1.585999999999999910e-01
-8.666000000000000369e-01
-5.859999999999999931e-02
-4.854999999999999871e-01
5.006000000000000449e-01
5.849999999999999645e-01
-9.567999999999999838e-01
-7.924999999999999822e-01
1.082999999999999935e-01
-6.038999999999999924e-01
-7.579000000000000181e-01
9.547999999999999821e-01
-9.660999999999999588e-01
-3.189999999999999780e-02
8.319999999999999618e-01
-4.760000000000000342e-02
3.059999999999999942e-01
5.577999999999999625e-01
-1.307999999999999996e-01
-6.921000000000000485e-01
-2.492000000000000048e-01
-8.461999999999999522e-01
-4.647999999999999909e-01
4.275999999999999801e-01
6.785999999999999810e-01
2.396000000000000074e-01
-4.340000000000000108e-02
4.953000000000000180e-01
4.778000000000000025e-01
-7.277000000000000135e-01
2.898999999999999910e-01
-8.086999999999999744e-01
8.720999999999999863e-01
-2.071999999999999953e-01
-8.797000000000000375e-01
4.652999999999999914e-01
4.746000000000000218e-01
-1.028000000000000025e-01
2.891000000000000236e-01
-9.784000000000000474e-01
5.097000000000000419e-01
-8.555000000000000382e-01
5.816000000000000059e-01
3.251000000000000001e-01
-3.593999999999999972e-01
-3.844000000000000195e-01
-9.151000000000000245e-01
2.316000000000000003e-01
-2.152999999999999914e-01
-4.128000000000000003e-01
-3.575999999999999734e-01
9.042000000000000037e-01
-1.540999999999999870e-01
8.908000000000000362e-01
-9.305999999999999828e-01
1.683999999999999941e-01
7.252999999999999448e-01
-8.308999999999999719e-01
-5.484999999999999876e-01
1.282999999999999974e-01
1.170000000000000068e-01
5.158000000000000362e-01
-7.157000000000000028e-01
6.522999999999999909e-01
5.479000000000000536e-01
7.008999999999999675e-01
-3.991999999999999993e-01
-5.625000000000000000e-01
-8.222000000000000419e-01
2.592999999999999750e-01
-8.377000000000000002e-01
-2.308999999999999941e-01
2.565999999999999948e-01
-7.053000000000000380e-01
5.255999999999999561e-01
-2.707999999999999852e-01
5.645999999999999908e-01
-6.691000000000000281e-01
7.059999999999999609e-01
3.993999999999999773e-01
2.497000000000000053e-01
9.408999999999999586e-01
1.038000000000000034e-01
2.560000000000000053e-01
-6.261999999999999789e-01
-1.140000000000000041e-02
1.731999999999999929e-01
1.764999999999999902e-01
1.507000000000000006e-01
5.898999999999999799e-01
7.018999999999999684e-01
-1.257999999999999952e-01
9.286999999999999700e-01
2.015000000000000124e-01
-2.240000000000000047e-01
-8.408999999999999808e-01
8.552999999999999492e-01
-7.864999999999999769e-01
-3.352999999999999869e-01
9.170000000000000373e-02
-9.133999999999999897e-01
-3.119999999999999857e-02
4.761000000000000232e-01
6.465999999999999526e-01
4.177000000000000157e-01
8.205000000000000071e-01
-9.102000000000000091e-01
9.475000000000000089e-01
5.175999999999999490e-01
-2.686999999999999944e-01
-4.099999999999999756e-01
9.719999999999999474e-02
-4.131000000000000227e-01
-8.138999999999999568e-01
-7.134000000000000341e-01
5.332999999999999963e-01
1.673000000000000043e-01
1.497999999999999887e-01
6.559000000000000385e-01
-8.642999999999999572e-01
-4.243000000000000105e-01
-6.522000000000000020e-01
-1.579000000000000126e-01
8.536000000000000254e-01
-9.700000000000000289e-03
-6.894000000000000128e-01
-8.847000000000000419e-01
-5.505999999999999783e-01
-2.943999999999999950e-01
1.965000000000000080e-01
5.557999999999999607e-01
-8.577000000000000179e-01
-8.236999999999999877e-01
-8.164000000000000146e-01
9.725000000000000311e-01
-6.750000000000000444e-02
7.063000000000000389e-01
1.140000000000000041e-01
-6.665999999999999703e-01
5.405999999999999694e-01
-9.354999999999999982e-01
-3.210000000000000075e-01
-1.831000000000000127e-01
-3.416000000000000147e-01
3.693000000000000171e-01
-7.485000000000000542e-01
9.155999999999999694e-01
1.852000000000000035e-01
