9.415999999999999925e-01
6.652000000000000135e-01
-3.382000000000000006e-01
2.391000000000000070e-01
-4.210999999999999743e-01
6.102999999999999536e-01
7.751000000000000112e-01
-8.497000000000000108e-01
7.773999999999999799e-01
2.228999999999999870e-01
1.978999999999999926e-01
-3.943999999999999728e-01
2.540999999999999925e-01
1.136999999999999955e-01
1.264000000000000123e-01
5.643000000000000238e-01
5.879999999999999671e-01
7.447000000000000286e-01
-8.804999999999999494e-01
9.236999999999999655e-01
9.755000000000000338e-01
-8.690000000000000502e-02
-6.824999999999999956e-01
3.020000000000000115e-02
-1.386999999999999900e-01
7.681999999999999940e-01
2.829999999999999877e-02
-8.302000000000000490e-01
-8.323000000000000398e-01
1.183000000000000024e-01
-1.778000000000000136e-01
-8.649999999999999911e-01
6.444999999999999618e-01
2.570000000000000062e-02
-5.393999999999999906e-01
-1.277000000000000079e-01
-1.602999999999999980e-01
-4.490999999999999992e-01
4.974999999999999978e-01
2.617999999999999772e-01
-6.844999999999999973e-01
-2.995999999999999774e-01
-8.439999999999999725e-01
1.295999999999999930e-01
-2.549000000000000155e-01
2.949999999999999845e-01
6.358000000000000318e-01
-5.231000000000000094e-01
9.677000000000000046e-01
1.312000000000000111e-01
2.671999999999999931e-01
1.242000000000000048e-01
-8.461999999999999522e-01
9.660000000000000531e-02
6.945000000000000062e-01
8.568000000000000060e-01
2.736999999999999988e-01
-2.205000000000000016e-01
7.110999999999999543e-01
5.240000000000000213e-02
-1.824000000000000066e-01
-1.409999999999999865e-01
-3.704999999999999960e-01
-5.612000000000000322e-01
-7.195000000000000284e-01
1.940999999999999948e-01
8.178999999999999604e-01
1.274000000000000132e-01
1.119999999999999989e-02
-5.728999999999999648e-01
8.076999999999999735e-01
8.810000000000000053e-01
-2.747999999999999887e-01
-5.349000000000000421e-01
-9.199000000000000510e-01
-3.498999999999999888e-01
5.673000000000000265e-01
-5.738999999999999657e-01
6.733999999999999986e-01
7.927999999999999492e-01
2.720000000000000195e-01
-8.431999999999999496e-01
5.110000000000000098e-01
-4.233000000000000096e-01
4.941999999999999726e-01
-1.494000000000000050e-01
8.095999999999999863e-01
2.099000000000000032e-01
-8.388999999999999790e-01
5.846999999999999975e-01
-8.411999999999999478e-01
-2.768999999999999795e-01
5.360000000000000320e-01
8.208999999999999631e-01
6.666999999999999593e-01
2.225999999999999923e-01
2.822000000000000064e-01
-1.230000000000000017e-02
-6.303999999999999604e-01
-9.768000000000000016e-01
2.149999999999999828e-02
9.889000000000000012e-01
1.318999999999999895e-01
8.036999999999999700e-01
-7.065000000000000169e-01
3.588000000000000078e-01
5.712000000000000410e-01
6.777999999999999581e-01
-2.829999999999999877e-02
8.816000000000000503e-01
8.326999999999999957e-01
-1.932999999999999996e-01
6.474999999999999645e-01
-8.595000000000000417e-01
6.946999999999999842e-01
-7.810000000000000275e-02
-8.680000000000000215e-02
-7.455000000000000515e-01
5.927999999999999936e-01
8.918000000000000371e-01
-2.089999999999999844e-02
-9.618999999999999773e-01
5.413999999999999924e-01
1.479999999999999927e-01
4.501999999999999891e-01
-7.118999999999999773e-01
2.590999999999999970e-01
-5.483999999999999986e-01
9.367999999999999661e-01
-8.928000000000000380e-01
-4.782000000000000139e-01
6.364999999999999547e-01
7.317000000000000171e-01
2.358999999999999986e-01
-7.783999999999999808e-01
2.938000000000000056e-01
4.299999999999999656e-02
2.666000000000000036e-01
9.869999999999999885e-01
9.886000000000000343e-01
-4.692000000000000060e-01
-4.910999999999999810e-01
6.851000000000000423e-01
-4.224999999999999867e-01
-3.966000000000000081e-01
-8.481999999999999540e-01
-9.679999999999999716e-01
-5.782000000000000473e-01
6.763000000000000123e-01
6.932000000000000384e-01
-2.805000000000000271e-01
9.040000000000000258e-01
-7.376000000000000334e-01
7.451999999999999735e-01
-3.323999999999999733e-01
7.164000000000000368e-01
-7.259999999999999787e-01
-7.589999999999999525e-02
4.721000000000000196e-01
4.570000000000000173e-01
4.583999999999999742e-01
-8.467999999999999972e-01
-4.359999999999999987e-02
-9.532000000000000473e-01
5.271000000000000130e-01
-8.979000000000000314e-01
5.306999999999999496e-01
2.217000000000000082e-01
-4.639999999999999680e-02
9.499999999999999556e-01
-3.336999999999999966e-01
-3.119000000000000106e-01
-5.779999999999999721e-02
2.159999999999999976e-01
-6.046000000000000263e-01
-2.731000000000000094e-01
-1.509000000000000064e-01
-6.489000000000000323e-01
4.410999999999999921e-01
-1.827999999999999903e-01
1.623999999999999888e-01
-8.403000000000000469e-01
-2.091999999999999971e-01
-5.610000000000000542e-01
3.675999999999999823e-01
6.200999999999999845e-01
7.995999999999999774e-01
-6.306000000000000494e-01
3.899000000000000243e-01
5.974000000000000421e-01
-3.924000000000000266e-01
4.912000000000000255e-01
7.188999999999999835e-01
-7.896999999999999575e-01
7.370000000000000162e-02
8.690999999999999837e-01
8.446000000000000174e-01
5.260000000000000092e-02
-5.427999999999999492e-01
-9.023999999999999799e-01
9.730999999999999650e-01
9.552000000000000490e-01
-2.033000000000000085e-01
-3.849999999999999950e-02
8.319999999999999618e-01
-3.738000000000000211e-01
7.155000000000000249e-01
8.324000000000000288e-01
-3.558000000000000052e-01
-3.569999999999999840e-01
-4.865999999999999770e-01
-6.752000000000000224e-01
8.828000000000000291e-01
5.029999999999999749e-02
-3.292999999999999816e-01
9.657000000000000028e-01
-5.689999999999999919e-02
9.301000000000000378e-01
2.722999999999999865e-01
9.683000000000000496e-01
5.346999999999999531e-01
2.341999999999999915e-01
-2.189000000000000112e-01
-1.033000000000000029e-01
7.456000000000000405e-01
9.862999999999999545e-01
2.003999999999999948e-01
-2.661999999999999922e-01
8.060000000000000497e-02
8.425000000000000266e-01
6.208000000000000185e-01
2.620000000000000107e-01
-4.597999999999999865e-01
-3.376000000000000112e-01
5.531000000000000361e-01
6.400000000000000307e-03
-3.382999999999999896e-01
4.258000000000000118e-01
4.339999999999999969e-01
9.131000000000000227e-01
1.885999999999999899e-01
-6.344999999999999529e-01
5.626999999999999780e-01
-7.744999999999999662e-01
-7.241999999999999549e-01
8.399999999999999689e-01
1.119999999999999989e-02
-2.023000000000000076e-01
-4.867000000000000215e-01
4.877000000000000224e-01
-9.181000000000000272e-01
5.625999999999999890e-01
-3.884000000000000230e-01
-4.277000000000000246e-01
8.110000000000000542e-02
6.753000000000000114e-01
2.570999999999999952e-01
2.587999999999999745e-01
7.087999999999999856e-01
2.030000000000000138e-01
-3.553999999999999937e-01
-3.276999999999999913e-01
-2.580999999999999961e-01
9.586000000000000076e-01
-3.713000000000000189e-01
-6.579999999999999738e-02
5.729999999999999677e-02
-2.162999999999999923e-01
-5.803000000000000380e-01
-8.973999999999999755e-01
-4.047000000000000042e-01
4.660000000000000253e-01
7.915999999999999703e-01
-8.342000000000000526e-01
8.530999999999999694e-01
-3.467000000000000082e-01
-4.299000000000000044e-01
-8.089999999999999969e-02
-2.989999999999999949e-02
-7.015000000000000124e-01
7.338000000000000078e-01
-6.579000000000000403e-01
-5.620000000000000551e-01
-1.758000000000000118e-01
-6.614999999999999769e-01
-8.545000000000000373e-01
