4.189999999999999974e-02
-2.510000000000000078e-02
4.380999999999999894e-01
8.710999999999999854e-01
6.212999999999999634e-01
-2.129999999999999949e-02
-2.654000000000000248e-01
1.501000000000000112e-01
-1.131000000000000061e-01
-5.275999999999999579e-01
-2.283000000000000029e-01
2.626999999999999891e-01
-8.686000000000000387e-01
1.108999999999999986e-01
-1.670000000000000095e-01
7.483999999999999542e-01
6.286000000000000476e-01
-7.999000000000000554e-01
3.909000000000000252e-01
-9.717000000000000082e-01
-1.270999999999999908e-01
-5.731000000000000538e-01
7.237999999999999989e-01
-9.471000000000000529e-01
-9.573000000000000398e-01
-3.215000000000000080e-01
-1.598999999999999866e-01
1.393000000000000071e-01
9.233000000000000096e-01
-7.779999999999999416e-02
-5.161999999999999922e-01
-2.727999999999999869e-01
2.706000000000000072e-01
-6.519000000000000350e-01
5.079999999999999793e-02
3.497000000000000108e-01
6.743000000000000105e-01
-9.648999999999999799e-01
4.385000000000000009e-01
7.965999999999999748e-01
-7.818000000000000504e-01
-7.389999999999999902e-01
-4.920000000000000068e-02
5.996000000000000218e-01
4.239999999999999880e-01
5.088000000000000300e-01
-4.052999999999999936e-01
-3.699999999999999956e-01
3.951999999999999957e-01
1.531000000000000139e-01
1.839999999999999969e-01
8.929000000000000270e-01
8.639000000000000012e-01
5.961999999999999522e-01
-3.052000000000000268e-01
-1.385000000000000120e-01
-8.485000000000000320e-01
-5.046000000000000485e-01
2.676000000000000045e-01
6.401999999999999913e-01
9.564000000000000279e-01
5.571000000000000396e-01
4.611999999999999988e-01
-3.886999999999999900e-01
-6.882000000000000339e-01
-4.423000000000000265e-01
-8.028999999999999471e-01
5.698999999999999622e-01
7.822999999999999954e-01
-6.666999999999999593e-01
-7.788000000000000478e-01
3.100999999999999868e-01
-3.234000000000000208e-01
-9.428999999999999604e-01
1.408000000000000085e-01
2.803999999999999826e-01
-5.064999999999999503e-01
-4.787000000000000144e-01
-3.488999999999999879e-01
-9.411000000000000476e-01
-8.231000000000000538e-01
9.276999999999999691e-01
-2.120000000000000009e-02
8.516000000000000236e-01
-6.252999999999999670e-01
-3.791999999999999815e-01
1.935999999999999943e-01
-5.128000000000000336e-01
-3.005999999999999783e-01
-7.772000000000000020e-01
-7.877999999999999448e-01
-8.404000000000000359e-01
-6.841000000000000414e-01
3.225000000000000089e-01
-7.971000000000000307e-01
5.700000000000000205e-03
-2.089999999999999913e-01
-1.121999999999999942e-01
9.312000000000000277e-01
5.421000000000000263e-01
6.199000000000000066e-01
2.934999999999999831e-01
9.677999999999999936e-01
-6.031999999999999584e-01
-3.630999999999999783e-01
4.505000000000000115e-01
-5.207000000000000517e-01
4.878000000000000114e-01
6.242999999999999661e-01
7.090000000000000469e-02
-3.769999999999999740e-02
3.264000000000000234e-01
-5.921999999999999487e-01
6.529999999999999694e-02
-3.002000000000000224e-01
6.349000000000000199e-01
6.560000000000000275e-01
7.324000000000000510e-01
2.000000000000000096e-04
3.115999999999999881e-01
6.512000000000000011e-01
-3.839999999999999664e-02
-2.797000000000000042e-01
2.782999999999999918e-01
7.408000000000000140e-01
-3.500000000000000333e-02
-9.124999999999999778e-01
2.379999999999999893e-01
9.492000000000000437e-01
-1.227000000000000035e-01
-2.051999999999999935e-01
-2.003999999999999948e-01
6.287000000000000366e-01
4.547999999999999821e-01
-3.907999999999999807e-01
-4.330999999999999850e-01
5.271000000000000130e-01
6.955000000000000071e-01
-6.640000000000000346e-01
8.627000000000000224e-01
3.155999999999999917e-01
-4.259999999999999898e-02
1.968999999999999917e-01
-6.752000000000000224e-01
-4.408000000000000251e-01
4.187000000000000166e-01
2.366999999999999937e-01
-4.100000000000000346e-03
2.452999999999999903e-01
5.746999999999999886e-01
1.305000000000000049e-01
-4.914999999999999925e-01
-1.068999999999999950e-01
7.507000000000000339e-01
1.159000000000000030e-01
7.274000000000000465e-01
-9.596000000000000085e-01
5.699999999999999512e-01
2.449999999999999956e-01
-4.057000000000000051e-01
4.404000000000000137e-01
7.295000000000000373e-01
2.000000000000000042e-03
-3.321999999999999953e-01
5.142999999999999794e-01
7.566000000000000503e-01
9.003999999999999782e-01
1.405000000000000138e-01
-8.921999999999999931e-01
-8.252000000000000446e-01
-8.887000000000000455e-01
-8.122000000000000330e-01
9.751999999999999558e-01
7.870000000000000329e-01
1.640000000000000138e-02
-1.550999999999999879e-01
-5.935000000000000275e-01
6.590000000000000302e-01
-6.449000000000000288e-01
2.316999999999999893e-01
-4.168000000000000038e-01
3.699000000000000066e-01
-7.630000000000000115e-01
2.717999999999999861e-01
7.305000000000000382e-01
8.820000000000000062e-01
-2.484999999999999987e-01
3.942999999999999838e-01
4.908000000000000140e-01
3.360000000000000209e-01
-9.388999999999999568e-01
5.783000000000000362e-01
-8.557000000000000162e-01
5.893000000000000460e-01
8.240000000000000102e-02
2.454999999999999960e-01
4.556000000000000050e-01
4.729999999999999760e-01
2.390000000000000110e-02
-5.787999999999999812e-01
1.668999999999999928e-01
1.534000000000000086e-01
9.241000000000000325e-01
-2.705000000000000182e-01
5.513000000000000123e-01
-4.510000000000000120e-01
2.490999999999999881e-01
4.017000000000000015e-01
-8.473000000000000531e-01
5.063999999999999613e-01
-1.318000000000000005e-01
-7.947999999999999510e-01
1.476000000000000090e-01
-7.386000000000000343e-01
-4.630000000000000088e-02
4.046000000000000152e-01
-6.139000000000000012e-01
-3.634999999999999898e-01
-8.208999999999999631e-01
1.996999999999999886e-01
6.719000000000000528e-01
4.433000000000000274e-01
-9.049000000000000377e-01
8.598999999999999977e-01
6.994000000000000217e-01
7.146000000000000130e-01
-5.423000000000000043e-01
-8.497000000000000108e-01
7.314000000000000501e-01
8.920000000000000151e-02
9.989999999999999991e-01
-5.615999999999999881e-01
-7.661999999999999922e-01
-6.169999999999999929e-01
4.782000000000000139e-01
-9.499999999999999764e-03
7.980000000000000426e-01
9.605000000000000204e-01
5.762000000000000455e-01
-4.529999999999999999e-02
-9.883999999999999453e-01
-5.113999999999999657e-01
-2.686000000000000054e-01
4.007000000000000006e-01
5.708999999999999631e-01
-5.496999999999999664e-01
4.358000000000000207e-01
3.902999999999999803e-01
-5.578999999999999515e-01
-9.466999999999999860e-01
-9.797000000000000153e-01
3.612000000000000210e-01
2.676000000000000045e-01
-7.340999999999999748e-01
-5.235999999999999543e-01
1.675000000000000100e-01
-6.483999999999999764e-01
-7.328999999999999959e-01
3.027000000000000246e-01
-4.716000000000000192e-01
-5.481000000000000316e-01
9.779999999999999805e-02
9.537999999999999812e-01
-7.882000000000000117e-01
4.628999999999999782e-01
8.115999999999999881e-01
-6.489000000000000323e-01
-3.357999999999999874e-01
-4.129999999999999782e-01
-4.638999999999999790e-01
-1.188000000000000028e-01
-7.627000000000000446e-01
-3.299000000000000266e-01
-9.538999999999999702e-01
-7.319999999999999840e-01
8.581999999999999629e-01
3.719000000000000083e-01
-1.100000000000000006e-01
-9.539999999999999591e-01
9.498999999999999666e-01
-6.180999999999999828e-01
-7.532999999999999696e-01
8.718000000000000194e-01
4.662999999999999923e-01
-5.231000000000000094e-01
5.153999999999999693e-01
