1.527999999999999914e-01
-9.346999999999999753e-01
-9.828999999999999959e-01
-8.039999999999999925e-02
-7.498000000000000220e-01
3.277999999999999803e-01
-3.849000000000000199e-01
6.096000000000000307e-01
-9.769999999999999796e-01
8.465000000000000302e-01
-9.653000000000000469e-01
7.405000000000000471e-01
-3.765999999999999903e-01
-9.616000000000000103e-01
-7.700000000000000247e-03
3.860000000000000098e-01
-6.006000000000000227e-01
-7.945999999999999730e-01
-3.950000000000000178e-01
3.619999999999999885e-01
-3.493999999999999884e-01
-4.193000000000000060e-01
-9.775000000000000355e-01
-9.215999999999999748e-01
2.285000000000000087e-01
-5.957999999999999963e-01
2.816000000000000170e-01
-1.166999999999999982e-01
6.061999999999999611e-01
6.402999999999999803e-01
-7.043000000000000371e-01
2.858999999999999875e-01
-7.792999999999999927e-01
4.020000000000000240e-01
-5.705000000000000071e-01
-3.345000000000000195e-01
-9.780999999999999694e-01
-6.313999999999999613e-01
-3.482999999999999985e-01
-2.083000000000000129e-01
2.318000000000000060e-01
-4.440000000000000197e-02
1.433999999999999997e-01
-1.653000000000000025e-01
6.159000000000000030e-01
5.394999999999999796e-01
9.536999999999999922e-01
7.583999999999999631e-01
-8.183000000000000274e-01
1.638000000000000012e-01
7.215000000000000302e-01
2.919999999999999818e-01
4.929999999999999938e-01
-1.118999999999999995e-01
-4.909000000000000030e-01
-6.726999999999999647e-01
-5.003999999999999559e-01
2.247999999999999998e-01
1.582000000000000073e-01
-9.694000000000000394e-01
-7.630000000000000115e-01
-5.430000000000000382e-01
-5.117000000000000437e-01
1.564000000000000112e-01
3.124000000000000110e-01
-3.276999999999999913e-01
-9.708999999999999853e-01
-6.674999999999999822e-01
4.678999999999999826e-01
1.693999999999999950e-01
-8.546000000000000263e-01
2.540000000000000036e-01
5.121999999999999886e-01
3.007000000000000228e-01
9.382000000000000339e-01
-9.230000000000000426e-01
-4.138999999999999901e-01
-8.783999999999999586e-01
-8.508999999999999897e-01
3.442999999999999949e-01
-2.124000000000000055e-01
-8.024000000000000021e-01
2.908000000000000029e-01
4.338000000000000189e-01
9.311000000000000387e-01
-3.685999999999999832e-01
1.302999999999999992e-01
9.737000000000000099e-01
2.637999999999999790e-01
6.869999999999999718e-02
-6.450000000000000178e-01
-9.539999999999999869e-02
1.242000000000000048e-01
-6.124000000000000554e-01
9.976000000000000423e-01
5.007000000000000339e-01
-4.697000000000000064e-01
-6.695999999999999730e-01
6.752000000000000224e-01
7.718000000000000416e-01
-4.918000000000000149e-01
2.948999999999999955e-01
-7.547000000000000375e-01
7.589000000000000190e-01
-8.012000000000000233e-01
8.610999999999999766e-01
-8.448999999999999844e-01
1.970000000000000084e-01
-2.751000000000000112e-01
8.193000000000000282e-01
8.259999999999999565e-01
2.215000000000000024e-01
-8.390999999999999570e-01
-3.323999999999999733e-01
-6.501000000000000112e-01
-7.026999999999999913e-01
-3.991000000000000103e-01
-8.319999999999999618e-01
9.877000000000000224e-01
-5.905000000000000249e-01
-4.083999999999999853e-01
5.553000000000000158e-01
4.030000000000000249e-01
-5.469000000000000528e-01
-6.533999999999999808e-01
-1.733999999999999986e-01
1.519999999999999962e-01
1.958000000000000018e-01
6.177000000000000268e-01
2.753999999999999782e-01
1.081000000000000016e-01
-3.412999999999999923e-01
2.298999999999999932e-01
5.702000000000000401e-01
-1.629999999999999852e-02
4.384000000000000119e-01
2.180999999999999883e-01
-1.693000000000000060e-01
-2.642999999999999794e-01
-1.072000000000000036e-01
1.335999999999999965e-01
6.700000000000000400e-02
-3.200000000000000067e-01
-9.448999999999999622e-01
-1.423000000000000098e-01
6.066000000000000281e-01
5.265999999999999570e-01
-3.366999999999999993e-01
1.814999999999999947e-01
5.819999999999999618e-01
-8.689000000000000057e-01
6.197000000000000286e-01
7.390999999999999792e-01
-2.129999999999999949e-02
-3.825999999999999956e-01
-9.483000000000000318e-01
-3.544999999999999818e-01
1.585999999999999910e-01
7.741000000000000103e-01
7.966999999999999638e-01
-5.131999999999999895e-01
6.309000000000000163e-01
2.786000000000000143e-01
-8.202000000000000401e-01
-1.653999999999999915e-01
-9.165999999999999703e-01
-2.670000000000000151e-02
1.736999999999999933e-01
9.757000000000000117e-01
-5.349000000000000421e-01
-8.737000000000000322e-01
-8.085999999999999854e-01
1.764999999999999902e-01
-5.312000000000000055e-01
-3.437999999999999945e-01
9.607999999999999874e-01
-9.515000000000000124e-01
8.419999999999999707e-01
2.659999999999999865e-02
-5.773000000000000353e-01
-9.217999999999999527e-01
-7.826999999999999513e-01
8.219999999999999529e-02
3.381000000000000116e-01
-5.252000000000000002e-01
7.853999999999999870e-01
-1.904000000000000137e-01
-3.695999999999999841e-01
9.152000000000000135e-01
-2.283999999999999919e-01
-1.039999999999999952e-02
5.602000000000000313e-01
4.873999999999999999e-01
7.507000000000000339e-01
-4.193999999999999950e-01
-4.939999999999999947e-01
-9.796000000000000263e-01
1.570000000000000007e-01
1.701000000000000012e-01
6.700000000000000226e-03
3.721999999999999753e-01
3.210000000000000075e-01
9.352000000000000313e-01
-1.879000000000000115e-01
3.221999999999999864e-01
6.375999999999999446e-01
-1.391000000000000014e-01
6.352999999999999758e-01
-6.462999999999999856e-01
1.660999999999999976e-01
4.089999999999999747e-01
5.997999999999999998e-01
9.018000000000000460e-01
-9.288999999999999480e-01
-6.100000000000000387e-03
-1.983000000000000040e-01
2.730000000000000204e-01
-4.850000000000000144e-02
6.750000000000000444e-02
1.122999999999999970e-01
-8.686000000000000387e-01
-9.180000000000000659e-02
7.792000000000000037e-01
-8.240000000000000102e-02
-7.237999999999999989e-01
1.660999999999999976e-01
-5.000999999999999890e-01
-9.040000000000000258e-01
1.358999999999999930e-01
-9.003999999999999782e-01
-7.911000000000000254e-01
7.749000000000000332e-01
5.522000000000000242e-01
6.649000000000000465e-01
-5.689999999999999919e-02
-9.771999999999999575e-01
-5.365999999999999659e-01
-6.364999999999999547e-01
7.953000000000000069e-01
-1.439000000000000001e-01
4.188000000000000056e-01
-1.574000000000000121e-01
-3.729999999999999982e-02
-1.295999999999999930e-01
3.867999999999999772e-01
-6.408000000000000362e-01
-7.255000000000000338e-01
-5.969999999999999751e-01
5.637999999999999678e-01
2.005000000000000115e-01
6.679999999999999827e-02
-9.781999999999999584e-01
4.378000000000000225e-01
1.892999999999999960e-01
-6.897999999999999687e-01
-8.000000000000000167e-02
7.687000000000000499e-01
-6.877999999999999670e-01
1.968999999999999917e-01
8.436000000000000165e-01
3.366999999999999993e-01
5.812000000000000499e-01
3.493999999999999884e-01
6.863000000000000211e-01
5.336999999999999522e-01
-9.324999999999999956e-01
4.343000000000000194e-01
9.173000000000000043e-01
-8.878000000000000336e-01
-1.238999999999999962e-01
6.238000000000000211e-01
3.179000000000000159e-01
3.332999999999999852e-01
6.971000000000000529e-01
3.540000000000000091e-02
2.802999999999999936e-01
1.275000000000000022e-01
5.318000000000000504e-01
3.814000000000000168e-01
9.950000000000000511e-02
9.161000000000000254e-01
-1.494999999999999940e-01
-7.203000000000000513e-01
4.490000000000000241e-02
6.342999999999999750e-01
-3.060999999999999832e-01
