1.909999999999999892e-02
5.494999999999999885e-01
-4.341999999999999749e-01
4.741000000000000214e-01
-8.463000000000000522e-01
-9.422000000000000375e-01
-7.403999999999999471e-01
-1.151999999999999968e-01
-1.889000000000000123e-01
4.013999999999999790e-01
9.297999999999999599e-01
-4.102999999999999980e-01
1.532999999999999918e-01
9.646000000000000130e-01
9.933999999999999497e-01
9.310000000000000497e-01
-9.710000000000000575e-02
-6.553999999999999826e-01
9.439999999999999780e-02
1.156999999999999973e-01
-9.137999999999999456e-01
-2.862999999999999989e-01
8.053000000000000158e-01
2.873999999999999888e-01
2.913000000000000034e-01
4.779999999999999805e-01
-3.829000000000000181e-01
-9.482000000000000428e-01
-2.074999999999999900e-01
1.069999999999999979e-01
8.793999999999999595e-01
-4.398000000000000242e-01
-9.509999999999999565e-01
-3.189000000000000168e-01
-5.290000000000000258e-02
-9.519999999999999574e-01
-9.272000000000000242e-01
-2.404999999999999916e-01
6.149999999999999911e-02
2.078000000000000125e-01
3.133000000000000229e-01
1.959999999999999937e-02
-5.708999999999999631e-01
-5.657999999999999696e-01
9.338999999999999524e-01
4.813000000000000056e-01
9.950999999999999845e-01
-1.272999999999999965e-01
-8.695000000000000506e-01
2.853999999999999870e-01
-8.721999999999999753e-01
8.910000000000000142e-01
9.817000000000000171e-01
9.191000000000000281e-01
-7.599000000000000199e-01
-2.666999999999999926e-01
1.013000000000000012e-01
-7.751000000000000112e-01
-5.588999999999999524e-01
-5.433999999999999941e-01
-9.698999999999999844e-01
-7.662999999999999812e-01
-6.683000000000000052e-01
4.798999999999999932e-01
2.025000000000000133e-01
3.194000000000000172e-01
7.013000000000000345e-01
-5.183999999999999719e-01
1.000000000000000000e+00
-9.825000000000000400e-01
9.938000000000000167e-01
-9.893999999999999462e-01
5.809999999999999609e-01
6.923000000000000265e-01
4.170000000000000095e-02
-7.249999999999999500e-02
8.380999999999999561e-01
-6.149999999999999911e-02
-1.927999999999999992e-01
-3.284000000000000252e-01
1.580000000000000154e-02
-4.510000000000000120e-02
-4.917000000000000259e-01
-9.378999999999999559e-01
-7.007999999999999785e-01
-2.184000000000000108e-01
1.570999999999999897e-01
9.429999999999999494e-01
-7.066000000000000059e-01
9.116999999999999549e-01
9.695000000000000284e-01
-7.881000000000000227e-01
7.368000000000000105e-01
-4.904000000000000026e-01
-8.188999999999999613e-01
7.663999999999999702e-01
-3.080000000000000099e-02
9.202000000000000179e-01
-8.188999999999999613e-01
-1.365000000000000102e-01
-1.703999999999999959e-01
-1.179999999999999973e-02
-6.706999999999999629e-01
6.788999999999999480e-01
1.917000000000000093e-01
9.963999999999999524e-01
5.510000000000000453e-01
9.193999999999999950e-01
-8.057999999999999607e-01
6.042999999999999483e-01
9.093999999999999861e-01
-7.915999999999999703e-01
-5.231999999999999984e-01
8.429999999999999716e-01
-8.609999999999999876e-01
-4.526000000000000023e-01
2.124000000000000055e-01
-9.899000000000000021e-01
3.810999999999999943e-01
-5.308000000000000496e-01
7.336000000000000298e-01
1.418999999999999984e-01
-7.305000000000000382e-01
-4.475999999999999979e-01
-5.727999999999999758e-01
-1.106000000000000039e-01
-2.028000000000000080e-01
9.339999999999999691e-02
9.999000000000000110e-01
7.610000000000000098e-02
-7.552999999999999714e-01
-4.300999999999999823e-01
3.125999999999999890e-01
6.945999999999999952e-01
-5.997000000000000108e-01
4.692000000000000060e-01
2.629000000000000226e-01
6.021999999999999575e-01
8.434000000000000385e-01
-1.396000000000000019e-01
-4.682999999999999940e-01
-3.135999999999999899e-01
-6.952000000000000401e-01
2.661999999999999922e-01
7.892000000000000126e-01
-9.646000000000000130e-01
-9.868000000000000105e-01
-4.637000000000000011e-01
-4.460000000000000075e-02
4.571999999999999953e-01
-2.110000000000000070e-02
-9.154999999999999805e-01
6.873000000000000220e-01
-9.064999999999999725e-01
9.552000000000000490e-01
-6.653000000000000025e-01
3.302999999999999825e-01
2.071999999999999953e-01
8.951999999999999957e-01
-2.079999999999999905e-02
-2.979999999999999871e-01
8.447000000000000064e-01
1.969999999999999876e-02
-8.405000000000000249e-01
9.193000000000000060e-01
-7.600999999999999979e-01
7.577000000000000401e-01
-9.342000000000000304e-01
2.280999999999999972e-01
-8.055999999999999828e-01
-8.572999999999999510e-01
1.047000000000000014e-01
-7.677000000000000490e-01
-7.724999999999999645e-01
2.931000000000000272e-01
-3.906999999999999917e-01
8.587000000000000188e-01
6.757999999999999563e-01
-7.903000000000000025e-01
-5.111999999999999877e-01
-2.247999999999999998e-01
8.576000000000000290e-01
9.145999999999999686e-01
5.533000000000000140e-01
1.089999999999999997e-02
5.213999999999999746e-01
6.188000000000000167e-01
3.558999999999999941e-01
-7.580999999999999961e-01
-8.427000000000000046e-01
-1.343000000000000027e-01
7.617000000000000437e-01
5.739999999999999547e-01
3.660999999999999810e-01
9.053999999999999826e-01
-3.921999999999999931e-01
-5.779999999999999721e-02
-8.626000000000000334e-01
-7.030000000000000138e-02
1.257999999999999952e-01
2.973999999999999977e-01
8.822999999999999732e-01
-1.449999999999999900e-01
7.002000000000000446e-01
-9.030000000000000526e-02
7.743999999999999773e-01
3.039000000000000035e-01
1.804999999999999938e-01
9.109000000000000430e-01
5.123999999999999666e-01
-3.785000000000000031e-01
-1.232000000000000040e-01
6.553999999999999826e-01
8.848000000000000309e-01
4.662000000000000033e-01
-2.691000000000000059e-01
-4.511999999999999900e-01
3.570999999999999730e-01
3.786999999999999811e-01
-1.928999999999999881e-01
6.984000000000000208e-01
-4.264000000000000012e-01
-8.883999999999999675e-01
-2.765000000000000235e-01
-6.099999999999999867e-02
4.025000000000000244e-01
4.762000000000000122e-01
2.550000000000000044e-01
4.722999999999999976e-01
-9.772999999999999465e-01
-6.794999999999999929e-01
-9.179000000000000492e-01
6.045000000000000373e-01
-2.368999999999999995e-01
1.784000000000000030e-01
-4.652000000000000024e-01
2.323000000000000065e-01
-9.809999999999999831e-01
-7.104000000000000314e-01
-4.091000000000000192e-01
-3.895000000000000129e-01
1.204999999999999960e-01
-7.782999999999999918e-01
9.262000000000000233e-01
6.912000000000000366e-01
-6.046000000000000263e-01
5.897000000000000020e-01
-3.335000000000000187e-01
2.472999999999999921e-01
5.197000000000000508e-01
-1.872999999999999943e-01
8.981999999999999984e-01
-2.010000000000000120e-01
-1.786999999999999977e-01
-6.735999999999999766e-01
-9.394000000000000128e-01
5.256999999999999451e-01
6.875000000000000000e-01
2.110000000000000070e-02
-7.973999999999999977e-01
2.528000000000000247e-01
1.549999999999999989e-01
2.906000000000000250e-01
6.667999999999999483e-01
6.797999999999999599e-01
3.216999999999999860e-01
-7.490999999999999881e-01
1.159999999999999920e-02
8.507000000000000117e-01
-6.370000000000000662e-02
-9.645000000000000240e-01
3.049999999999999933e-02
-3.738000000000000211e-01
3.472999999999999976e-01
-2.558000000000000274e-01
1.350999999999999979e-01
-1.643999999999999906e-01
-9.170000000000000373e-02
4.259999999999999898e-01
9.143999999999999906e-01
6.713000000000000078e-01
8.082000000000000295e-01
5.322000000000000064e-01
-5.451000000000000290e-01
-7.702999999999999847e-01
2.570000000000000062e-01
