1.356999999999999873e-01
5.794000000000000261e-01
9.231000000000000316e-01
-1.877999999999999947e-01
1.118999999999999995e-01
-9.639999999999999680e-01
2.723999999999999755e-01
-2.199999999999999872e-02
-7.214000000000000412e-01
6.109999999999999876e-01
-6.824000000000000066e-01
-2.731000000000000094e-01
-7.187000000000000055e-01
6.560000000000000275e-01
5.402000000000000135e-01
-3.803000000000000269e-01
-7.759000000000000341e-01
4.257000000000000228e-01
5.000999999999999890e-01
-9.674000000000000377e-01
9.711999999999999522e-01
1.953000000000000014e-01
-6.000000000000000125e-03
8.588000000000000078e-01
-4.521000000000000019e-01
-1.089999999999999997e-01
-1.582999999999999963e-01
8.367999999999999883e-01
5.785000000000000142e-01
-1.514999999999999958e-01
6.336000000000000520e-01
-9.033999999999999808e-01
5.444999999999999840e-01
-2.374999999999999889e-01
8.156999999999999806e-01
-6.883000000000000229e-01
-5.506999999999999673e-01
1.849999999999999908e-02
-4.181000000000000272e-01
3.921999999999999931e-01
-7.914999999999999813e-01
5.022999999999999687e-01
-4.308000000000000163e-01
6.415999999999999481e-01
-5.114999999999999547e-01
-8.163000000000000256e-01
5.728999999999999648e-01
-1.642000000000000126e-01
4.188999999999999946e-01
-4.391999999999999793e-01
-7.939999999999999836e-02
-5.999999999999999778e-02
-2.248999999999999888e-01
-3.538999999999999924e-01
-1.120000000000000023e-01
-2.489000000000000101e-01
1.807999999999999885e-01
-6.266000000000000458e-01
-2.821000000000000174e-01
5.108000000000000318e-01
8.212000000000000410e-01
1.254000000000000115e-01
-9.887000000000000233e-01
-5.310000000000000137e-02
6.997999999999999776e-01
3.966999999999999971e-01
-5.399999999999999939e-02
3.839999999999999664e-02
-4.057000000000000051e-01
-4.224999999999999867e-01
-6.444999999999999618e-01
-7.580999999999999961e-01
8.428999999999999826e-01
-2.228999999999999870e-01
1.839999999999999969e-01
-9.647000000000000020e-01
8.938000000000000389e-01
-1.439999999999999961e-02
-6.827999999999999625e-01
7.150999999999999579e-01
-3.104999999999999982e-01
-5.977000000000000091e-01
-5.016000000000000458e-01
1.743000000000000105e-01
7.506000000000000449e-01
5.008000000000000229e-01
-9.758999999999999897e-01
-2.217000000000000082e-01
-6.491000000000000103e-01
-6.912000000000000366e-01
-3.189999999999999780e-02
-3.518000000000000016e-01
-7.079999999999999627e-01
8.872999999999999776e-01
-8.930000000000000160e-01
2.031999999999999917e-01
-2.926000000000000267e-01
-6.633000000000000007e-01
7.495000000000000551e-01
-5.393000000000000016e-01
7.882000000000000117e-01
-5.626999999999999780e-01
8.375000000000000222e-01
3.080000000000000099e-02
5.612000000000000322e-01
-9.729999999999999760e-01
-6.854999999999999982e-01
-3.730999999999999872e-01
9.674000000000000377e-01
-1.048000000000000043e-01
-6.713000000000000078e-01
-8.722999999999999643e-01
4.164999999999999813e-01
5.518999999999999462e-01
-3.553000000000000047e-01
-8.578999999999999959e-01
-7.561999999999999833e-01
4.622999999999999887e-01
-9.164999999999999813e-01
2.572999999999999732e-01
1.930000000000000049e-01
5.443000000000000060e-01
3.280000000000000276e-02
-6.360000000000000098e-01
-7.169999999999999984e-02
6.519000000000000350e-01
-8.769000000000000128e-01
-6.659000000000000474e-01
4.668999999999999817e-01
-9.395000000000000018e-01
-2.172999999999999932e-01
-3.408999999999999808e-01
-6.852000000000000313e-01
9.220000000000000417e-02
-6.895000000000000018e-01
7.092000000000000526e-01
-9.768999999999999906e-01
5.987000000000000099e-01
3.232999999999999763e-01
6.838999999999999524e-01
-9.357999999999999652e-01
-9.900000000000000813e-03
-9.925000000000000488e-01
3.099999999999999978e-02
1.650999999999999968e-01
-3.461000000000000187e-01
2.634000000000000230e-01
5.705000000000000071e-01
-4.560000000000000164e-02
6.329000000000000181e-01
7.620000000000000384e-02
-7.109999999999999654e-01
8.128999999999999559e-01
4.279999999999999777e-02
2.662999999999999812e-01
-3.044000000000000039e-01
7.815999999999999615e-01
-9.600999999999999535e-01
2.039999999999999869e-01
5.675000000000000044e-01
-8.509999999999999509e-02
-6.696999999999999620e-01
2.069999999999999896e-01
3.938999999999999724e-01
-7.942000000000000171e-01
8.591999999999999638e-01
-9.589999999999999636e-01
-3.109999999999999987e-01
-4.420000000000000040e-01
-2.706000000000000072e-01
2.489000000000000101e-01
4.164999999999999813e-01
7.985999999999999766e-01
8.979000000000000314e-01
-4.619999999999999801e-02
-7.334000000000000519e-01
-1.448000000000000120e-01
-2.036999999999999922e-01
3.210000000000000075e-01
4.096000000000000196e-01
-1.351999999999999869e-01
2.692999999999999838e-01
8.953999999999999737e-01
-3.255000000000000115e-01
2.932000000000000162e-01
-7.366000000000000325e-01
-8.012000000000000233e-01
3.926000000000000045e-01
-9.258999999999999453e-01
5.039000000000000146e-01
-4.072999999999999954e-01
-5.953000000000000513e-01
-5.970999999999999641e-01
6.755999999999999783e-01
-4.590000000000000191e-01
-1.801999999999999991e-01
6.975999999999999979e-01
7.741000000000000103e-01
-5.584000000000000075e-01
-5.752000000000000446e-01
-1.933999999999999886e-01
-4.499999999999999833e-02
6.149999999999999911e-01
-5.748999999999999666e-01
-7.598000000000000309e-01
-9.106999999999999540e-01
-1.477999999999999869e-01
1.395000000000000129e-01
4.343000000000000194e-01
1.915999999999999925e-01
-6.330000000000000071e-01
-7.409999999999999920e-02
-3.416000000000000147e-01
-9.998000000000000220e-01
3.045999999999999819e-01
-4.689999999999999725e-02
2.469000000000000083e-01
5.890000000000000097e-02
9.653000000000000469e-01
4.445000000000000062e-01
6.477000000000000535e-01
9.810000000000000664e-02
-5.061999999999999833e-01
3.084000000000000075e-01
2.110000000000000070e-02
5.244999999999999662e-01
-5.260000000000000231e-01
-1.180999999999999966e-01
-3.178000000000000269e-01
6.329000000000000181e-01
-7.180999999999999606e-01
-7.416000000000000369e-01
-7.563999999999999613e-01
4.056000000000000161e-01
-4.571000000000000063e-01
-3.955000000000000182e-01
3.452999999999999958e-01
2.536999999999999811e-01
3.487999999999999989e-01
-2.525999999999999912e-01
-4.595000000000000195e-01
-6.493999999999999773e-01
-4.243000000000000105e-01
7.361999999999999655e-01
-5.282000000000000028e-01
6.741000000000000325e-01
-7.873999999999999888e-01
-2.574000000000000177e-01
-6.199999999999999782e-03
4.640000000000000235e-01
-2.460000000000000034e-02
9.395999999999999908e-01
9.310000000000000220e-02
-6.990000000000000380e-02
4.287000000000000255e-01
9.901999999999999691e-01
-9.634000000000000341e-01
-3.670000000000000345e-02
7.264000000000000457e-01
1.799999999999999933e-01
-8.459999999999999742e-01
3.462000000000000077e-01
6.631000000000000227e-01
8.273000000000000353e-01
2.043999999999999984e-01
-6.709000000000000519e-01
6.343999999999999639e-01
5.282999999999999918e-01
-7.334000000000000519e-01
4.742000000000000104e-01
6.800000000000000488e-02
6.350999999999999979e-01
1.579000000000000126e-01
6.072999999999999510e-01
1.287000000000000088e-01
7.902000000000000135e-01
-6.813000000000000167e-01
5.386999999999999567e-01
2.872999999999999998e-01
2.840000000000000163e-02
9.911999999999999700e-01
-9.463000000000000300e-01
2.720000000000000195e-01
5.393000000000000016e-01
-4.626000000000000112e-01
5.368000000000000549e-01
