-4.047000000000000042e-01
-1.877999999999999947e-01
-7.397000000000000242e-01
-2.747999999999999887e-01
-4.002000000000000002e-01
4.698999999999999844e-01
-8.812999999999999723e-01
-1.305000000000000049e-01
-5.780999999999999472e-01
-3.824000000000000177e-01
3.452999999999999958e-01
-8.073000000000000176e-01
1.575000000000000011e-01
5.159000000000000252e-01
9.713000000000000522e-01
-9.646000000000000130e-01
-8.003000000000000114e-01
1.269999999999999948e-02
5.604999999999999982e-01
3.212999999999999745e-01
-6.500000000000000222e-01
-5.123999999999999666e-01
8.701999999999999735e-01
-6.593999999999999861e-01
4.769999999999999934e-02
9.312000000000000277e-01
-2.620000000000000107e-01
-4.682000000000000051e-01
-9.819999999999999840e-01
-9.409999999999999476e-01
-3.770999999999999908e-01
2.169999999999999984e-01
-5.609999999999999709e-02
-8.293000000000000371e-01
-8.083000000000000185e-01
9.734000000000000430e-01
-6.861000000000000432e-01
9.196999999999999620e-01
-6.080999999999999739e-01
-3.034999999999999920e-01
-6.622999999999999998e-01
-8.135000000000000009e-01
8.712999999999999634e-01
-6.492999999999999883e-01
4.658999999999999808e-01
9.022000000000000020e-01
-4.938000000000000167e-01
1.150000000000000050e-01
5.050000000000000044e-01
2.399000000000000021e-01
9.736000000000000210e-01
-5.701000000000000512e-01
5.167000000000000481e-01
8.991999999999999993e-01
-4.803000000000000047e-01
-5.475999999999999757e-01
-6.400000000000000307e-03
5.797999999999999821e-01
3.710000000000000103e-02
-5.229999999999999927e-02
9.122000000000000108e-01
6.758999999999999453e-01
-1.821000000000000119e-01
-6.440000000000000169e-01
7.952000000000000179e-01
8.235000000000000098e-01
1.297000000000000097e-01
4.704999999999999738e-01
8.131000000000000449e-01
-3.654000000000000026e-01
-4.839999999999999858e-02
4.900999999999999801e-01
-5.243999999999999773e-01
-7.761000000000000121e-01
3.557000000000000162e-01
9.424000000000000155e-01
3.057000000000000273e-01
-5.581000000000000405e-01
3.153000000000000247e-01
2.182999999999999940e-01
3.865000000000000102e-01
1.385000000000000120e-01
2.974999999999999867e-01
4.581000000000000072e-01
-2.238999999999999879e-01
-6.221999999999999753e-01
-2.997000000000000219e-01
4.470999999999999974e-01
4.287000000000000255e-01
-2.023999999999999966e-01
4.067000000000000060e-01
2.719999999999999848e-02
8.211000000000000520e-01
6.721000000000000307e-01
-1.092000000000000054e-01
-2.311999999999999889e-01
-9.819999999999999563e-02
-6.320000000000000617e-02
5.859999999999999931e-02
8.084000000000000075e-01
-8.495000000000000329e-01
3.014000000000000012e-01
1.711999999999999911e-01
4.218000000000000083e-01
-9.190000000000000391e-01
-6.631000000000000227e-01
-6.445999999999999508e-01
-5.465999999999999748e-01
1.668000000000000038e-01
1.640999999999999959e-01
5.729999999999999677e-02
8.386000000000000121e-01
4.529000000000000248e-01
-6.455999999999999517e-01
-5.790000000000000008e-02
-6.429000000000000270e-01
-6.672000000000000153e-01
1.959999999999999937e-02
-2.093000000000000138e-01
-6.606999999999999540e-01
-1.695000000000000118e-01
4.103999999999999870e-01
-6.230999999999999872e-01
6.147000000000000242e-01
-6.088000000000000078e-01
-2.263000000000000012e-01
6.212999999999999634e-01
8.800999999999999934e-01
7.280999999999999694e-01
9.220000000000000417e-01
5.764000000000000234e-01
8.678000000000000158e-01
-7.370999999999999774e-01
-4.142000000000000126e-01
-7.000000000000000666e-02
-2.659999999999999865e-02
2.270999999999999963e-01
7.721999999999999975e-01
6.401000000000000023e-01
-6.082999999999999519e-01
4.200000000000000261e-02
-6.633999999999999897e-01
-6.230999999999999872e-01
-1.660000000000000087e-01
9.547999999999999821e-01
-9.655000000000000249e-01
6.552999999999999936e-01
6.543999999999999817e-01
8.270999999999999464e-01
4.459000000000000186e-01
-8.374000000000000332e-01
4.516999999999999904e-01
9.013999999999999790e-01
4.742999999999999994e-01
-2.494000000000000106e-01
5.026000000000000467e-01
2.857999999999999985e-01
-8.696000000000000396e-01
-7.140999999999999570e-01
-4.312000000000000277e-01
-5.539999999999999786e-02
-6.385999999999999455e-01
3.663000000000000145e-01
1.464000000000000024e-01
-6.190999999999999837e-01
1.695000000000000118e-01
-8.426000000000000156e-01
8.126999999999999780e-01
7.147000000000000020e-01
4.711000000000000187e-01
-7.489999999999999991e-01
-3.633000000000000118e-01
-2.978999999999999981e-01
-3.020000000000000115e-02
5.512000000000000233e-01
4.410999999999999921e-01
-3.104000000000000092e-01
-2.197000000000000064e-01
-3.987999999999999878e-01
3.300000000000000155e-02
3.749999999999999861e-02
7.375000000000000444e-01
-3.109000000000000097e-01
-5.680000000000000326e-02
3.018000000000000127e-01
6.875000000000000000e-01
-8.657000000000000250e-01
7.094000000000000306e-01
2.066000000000000059e-01
1.127999999999999975e-01
-4.737000000000000099e-01
-3.629999999999999893e-02
9.375999999999999890e-01
8.002000000000000224e-01
3.635999999999999788e-01
-2.156000000000000139e-01
6.058999999999999941e-01
4.170000000000000095e-02
-7.971000000000000307e-01
-4.127000000000000113e-01
1.217000000000000026e-01
7.047999999999999821e-01
4.586000000000000076e-01
-1.643000000000000016e-01
8.072000000000000286e-01
-7.194000000000000394e-01
3.397000000000000020e-01
5.272000000000000020e-01
9.779999999999999805e-02
1.255999999999999894e-01
-1.250999999999999890e-01
-8.941999999999999948e-01
-5.362000000000000099e-01
-6.280999999999999917e-01
3.625999999999999779e-01
-9.105999999999999650e-01
5.080000000000000071e-01
1.069999999999999944e-02
6.736999999999999655e-01
5.748999999999999666e-01
-7.083000000000000407e-01
-6.932000000000000384e-01
-3.895000000000000129e-01
2.635000000000000120e-01
-4.366999999999999771e-01
7.247999999999999998e-01
1.957000000000000128e-01
-7.113000000000000433e-01
-3.111999999999999766e-01
-4.953000000000000180e-01
-1.967000000000000137e-01
1.766000000000000070e-01
-3.805000000000000049e-01
-5.889999999999999680e-01
6.729999999999999871e-02
7.186000000000000165e-01
-8.828000000000000291e-01
7.803999999999999826e-01
1.368000000000000049e-01
-9.918000000000000149e-01
-4.030000000000000249e-01
-5.132999999999999785e-01
-2.447999999999999898e-01
-8.917000000000000481e-01
1.189000000000000057e-01
3.477000000000000091e-01
-9.636000000000000121e-01
-2.310999999999999999e-01
2.179999999999999993e-02
6.802000000000000268e-01
-9.991999999999999771e-01
2.227000000000000091e-01
-9.850999999999999757e-01
9.590999999999999526e-01
-6.847999999999999643e-01
9.078000000000000513e-01
-6.060000000000000109e-02
3.125999999999999890e-01
-2.351000000000000034e-01
-4.341999999999999749e-01
-8.779000000000000137e-01
-8.092000000000000304e-01
-9.040000000000000258e-01
-1.524999999999999967e-01
-5.738999999999999657e-01
8.519999999999999796e-01
1.796999999999999986e-01
9.385999999999999899e-01
9.989999999999999991e-01
3.392000000000000015e-01
-4.536999999999999922e-01
-6.827999999999999625e-01
-7.824999999999999734e-01
1.865999999999999881e-01
-4.363000000000000211e-01
6.649000000000000465e-01
8.584000000000000519e-01
-8.577000000000000179e-01
-8.433000000000000496e-01
-2.467999999999999916e-01
-9.559999999999999609e-01
1.310000000000000053e-02
-1.857999999999999929e-01
9.171000000000000263e-01
3.479999999999999760e-02
-3.941000000000000059e-01
