-7.610000000000000098e-01
-6.471000000000000085e-01
9.354999999999999982e-01
9.900999999999999801e-01
-7.186000000000000165e-01
7.820000000000000562e-02
7.829000000000000403e-01
-5.362999999999999989e-01
1.149999999999999981e-02
4.433000000000000274e-01
-6.404999999999999583e-01
6.846999999999999753e-01
-6.685999999999999721e-01
4.149999999999999800e-01
-2.767999999999999905e-01
-4.435000000000000053e-01
3.089999999999999969e-01
2.740000000000000213e-01
5.652000000000000357e-01
4.240000000000000019e-02
-8.921000000000000041e-01
-5.167000000000000481e-01
5.272999999999999909e-01
9.389999999999999458e-01
-6.200999999999999845e-01
-5.081999999999999851e-01
7.753999999999999782e-01
-6.816999999999999726e-01
3.371999999999999997e-01
3.175000000000000044e-01
5.855000000000000204e-01
-8.257999999999999785e-01
9.650999999999999579e-01
6.039999999999999813e-01
7.409000000000000030e-01
-8.568999999999999950e-01
7.197000000000000064e-01
3.664000000000000035e-01
-3.256000000000000005e-01
-3.593999999999999972e-01
-9.292000000000000259e-01
-6.226000000000000423e-01
4.030000000000000249e-02
3.847999999999999754e-01
-2.388000000000000123e-01
4.442999999999999727e-01
-1.078999999999999959e-01
-8.690000000000000502e-02
1.993999999999999939e-01
-2.617999999999999772e-01
1.050000000000000065e-02
-6.028999999999999915e-01
-6.992000000000000437e-01
3.459999999999999881e-02
9.410000000000000309e-02
-9.156999999999999584e-01
7.618000000000000327e-01
-8.396000000000000130e-01
-8.620999999999999774e-01
7.252999999999999448e-01
-9.580999999999999517e-01
-9.891999999999999682e-01
-5.340000000000000302e-02
1.539000000000000090e-01
-4.571000000000000063e-01
-5.532000000000000250e-01
-7.455000000000000515e-01
-1.864000000000000101e-01
-5.224999999999999645e-01
9.629999999999999671e-01
-5.521000000000000352e-01
-8.440999999999999615e-01
-5.544000000000000039e-01
2.399000000000000021e-01
1.517000000000000015e-01
2.083000000000000129e-01
-4.267000000000000237e-01
-1.514999999999999958e-01
5.946000000000000174e-01
-6.349000000000000199e-01
-5.028000000000000247e-01
6.743000000000000105e-01
8.739000000000000101e-01
3.185000000000000053e-01
-7.894999999999999796e-01
-7.180000000000000271e-02
-9.227999999999999536e-01
4.297000000000000264e-01
-2.111000000000000099e-01
-8.716000000000000414e-01
5.919999999999999707e-01
-4.662999999999999923e-01
1.791000000000000092e-01
-9.700000000000000289e-02
9.846000000000000307e-01
8.208999999999999631e-01
8.096999999999999753e-01
-6.611000000000000210e-01
-3.422999999999999932e-01
-6.190999999999999837e-01
-1.237000000000000044e-01
5.411000000000000254e-01
1.950999999999999956e-01
1.890000000000000013e-01
-3.033000000000000140e-01
2.541999999999999815e-01
-4.509000000000000230e-01
3.156999999999999806e-01
-6.666999999999999593e-01
1.683000000000000052e-01
2.308000000000000052e-01
-9.063999999999999835e-01
-1.158000000000000002e-01
2.771000000000000130e-01
4.535000000000000142e-01
5.009999999999999870e-02
-1.791000000000000092e-01
-1.020000000000000073e-02
5.678999999999999604e-01
-9.414000000000000146e-01
-9.546000000000000041e-01
9.348999999999999533e-01
7.096000000000000085e-01
-8.505000000000000338e-01
8.284000000000000252e-01
-3.310000000000000164e-01
9.645000000000000240e-01
-9.381000000000000449e-01
1.831000000000000127e-01
-9.005999999999999561e-01
-2.818999999999999839e-01
-2.919999999999999818e-01
-5.559999999999999665e-02
-3.582000000000000184e-01
8.820000000000000062e-01
-6.419000000000000261e-01
2.383000000000000118e-01
-8.500000000000000611e-02
-8.043000000000000149e-01
6.008999999999999897e-01
8.299999999999999600e-01
-7.281999999999999584e-01
1.200999999999999984e-01
5.462000000000000188e-01
-3.690000000000000224e-02
8.730000000000000260e-02
9.856000000000000316e-01
-8.955999999999999517e-01
7.710000000000000187e-02
-7.915999999999999703e-01
-6.491000000000000103e-01
5.341000000000000192e-01
1.802999999999999881e-01
9.432000000000000384e-01
-9.969999999999999973e-01
-8.373000000000000442e-01
-6.523999999999999799e-01
6.513999999999999790e-01
-2.627999999999999781e-01
-3.204000000000000181e-01
3.493999999999999884e-01
-2.447999999999999898e-01
5.189000000000000279e-01
-4.433000000000000274e-01
5.813000000000000389e-01
2.555999999999999939e-01
5.195999999999999508e-01
-1.910000000000000031e-01
7.858000000000000540e-01
-5.231000000000000094e-01
9.039000000000000368e-01
9.821999999999999620e-01
-1.975999999999999979e-01
6.959999999999999520e-01
8.430999999999999606e-01
8.290999999999999481e-01
6.312999999999999723e-01
-5.516999999999999682e-01
-2.456000000000000127e-01
-3.499999999999999778e-01
8.742999999999999661e-01
9.879999999999999893e-01
4.587999999999999856e-01
4.551000000000000045e-01
2.479000000000000092e-01
9.792999999999999483e-01
6.512999999999999901e-01
-2.110000000000000070e-02
8.434000000000000385e-01
-7.962000000000000188e-01
8.338999999999999746e-01
8.827000000000000401e-01
4.249999999999999889e-01
-7.614999999999999547e-01
-7.722999999999999865e-01
-1.308999999999999886e-01
5.456999999999999629e-01
6.187000000000000277e-01
-3.039000000000000035e-01
8.075999999999999845e-01
-9.346999999999999753e-01
-7.930000000000000382e-01
-2.041000000000000036e-01
9.798000000000000043e-01
5.441000000000000281e-01
1.630999999999999950e-01
9.679999999999999716e-01
8.198999999999999622e-01
-5.248000000000000442e-01
9.297999999999999599e-01
5.102999999999999758e-01
-2.864999999999999769e-01
5.753000000000000336e-01
-5.643000000000000238e-01
7.779999999999999416e-02
1.540000000000000049e-02
-4.939000000000000057e-01
1.509999999999999953e-01
-8.914999999999999591e-01
-7.812000000000000055e-01
2.888999999999999901e-01
-5.847999999999999865e-01
6.482999999999999874e-01
-1.389999999999999916e-02
3.991000000000000103e-01
-8.997000000000000552e-01
-3.160000000000000031e-01
-7.570000000000000340e-02
-7.197999999999999954e-01
-5.383999999999999897e-01
8.110000000000000542e-01
9.463000000000000300e-01
7.433999999999999497e-01
-8.160000000000000586e-02
6.912000000000000366e-01
6.298000000000000265e-01
-4.668999999999999817e-01
7.186000000000000165e-01
-3.034000000000000030e-01
5.390000000000000346e-02
2.753999999999999782e-01
-6.385999999999999455e-01
3.937999999999999834e-01
-2.848999999999999866e-01
1.000000000000000048e-04
4.551000000000000045e-01
-6.471999999999999975e-01
4.340999999999999859e-01
-4.380000000000000004e-01
-4.979000000000000092e-01
-1.913999999999999868e-01
2.152999999999999914e-01
-6.971000000000000529e-01
5.204999999999999627e-01
1.155999999999999944e-01
-8.167999999999999705e-01
-1.547000000000000042e-01
-7.306000000000000272e-01
-5.220000000000000195e-01
-6.978999999999999648e-01
-4.929999999999999660e-02
-6.564999999999999725e-01
-4.697000000000000064e-01
-2.543000000000000260e-01
-9.322000000000000286e-01
-5.513000000000000123e-01
-5.149999999999999717e-02
-7.244000000000000439e-01
-3.494999999999999774e-01
-9.727999999999999980e-01
-5.447999999999999510e-01
-1.255000000000000004e-01
6.459000000000000297e-01
5.997999999999999998e-01
1.386000000000000010e-01
2.321999999999999897e-01
4.470000000000000084e-01
-2.943000000000000060e-01
4.056000000000000161e-01
8.860999999999999988e-01
5.933000000000000496e-01
2.529999999999999957e-02
9.475000000000000089e-01
-8.783999999999999586e-01
-9.895000000000000462e-01
3.810000000000000192e-02
