-8.052000000000000268e-01
-8.459999999999999742e-01
-9.935000000000000497e-01
-1.132999999999999979e-01
9.726000000000000201e-01
-4.259000000000000008e-01
5.514000000000000012e-01
2.888999999999999901e-01
4.879999999999999893e-01
-2.288999999999999924e-01
-3.326999999999999957e-01
7.510999999999999899e-01
6.560000000000000275e-01
1.269000000000000128e-01
-5.104999999999999538e-01
8.437999999999999945e-01
-1.208999999999999936e-01
8.536000000000000254e-01
-2.417999999999999872e-01
-6.795999999999999819e-01
7.316000000000000281e-01
6.360999999999999988e-01
-3.765999999999999903e-01
4.399999999999999745e-02
-5.480000000000000426e-01
-8.559999999999999831e-01
8.255000000000000115e-01
6.061999999999999611e-01
-5.224999999999999645e-01
-3.452000000000000068e-01
-7.207999999999999963e-01
2.398000000000000131e-01
2.604000000000000203e-01
-9.347999999999999643e-01
1.490000000000000005e-02
-3.099999999999999891e-03
-1.862999999999999934e-01
6.954000000000000181e-01
-6.653999999999999915e-01
4.474000000000000199e-01
-1.912999999999999978e-01
-3.497999999999999998e-01
7.892000000000000126e-01
-3.834000000000000186e-01
3.296000000000000041e-01
8.175000000000000044e-01
-8.827000000000000401e-01
8.128999999999999559e-01
-4.501000000000000001e-01
4.199999999999999740e-03
-7.375000000000000444e-01
7.368999999999999995e-01
4.343000000000000194e-01
9.327999999999999625e-01
4.138999999999999901e-01
-9.900000000000000813e-03
9.537999999999999812e-01
2.810000000000000275e-01
-1.949999999999999997e-02
-3.212999999999999745e-01
4.131000000000000227e-01
-1.399999999999999986e-03
-3.780000000000000027e-02
3.225000000000000089e-01
3.793000000000000260e-01
7.028999999999999693e-01
-2.595999999999999974e-01
-8.817000000000000393e-01
5.983000000000000540e-01
-8.631999999999999673e-01
-7.080000000000000182e-02
5.198000000000000398e-01
-5.971999999999999531e-01
6.000999999999999668e-01
9.834000000000000519e-01
3.593999999999999972e-01
-1.219999999999999973e-01
5.839999999999999636e-01
3.699000000000000066e-01
-4.371999999999999775e-01
1.312000000000000111e-01
-3.587000000000000188e-01
1.168000000000000010e-01
2.610999999999999988e-01
6.196000000000000396e-01
-2.021999999999999909e-01
-8.289999999999999591e-01
2.192999999999999949e-01
5.906000000000000139e-01
1.308999999999999886e-01
-3.503999999999999893e-01
8.530999999999999694e-01
1.431000000000000050e-01
-2.879999999999999782e-01
-3.577000000000000179e-01
1.459000000000000019e-01
8.374000000000000332e-01
2.437999999999999889e-01
9.260000000000000453e-01
3.969999999999999918e-02
5.371000000000000218e-01
-9.876000000000000334e-01
4.299000000000000044e-01
-9.560999999999999499e-01
-5.145999999999999464e-01
-1.875000000000000000e-01
3.630999999999999783e-01
5.016000000000000458e-01
-6.515999999999999570e-01
5.260000000000000231e-01
2.459000000000000075e-01
-4.877000000000000224e-01
2.819999999999999729e-01
7.950000000000000400e-01
-3.191999999999999837e-01
-4.447999999999999732e-01
3.805000000000000049e-01
-2.917000000000000148e-01
-8.555000000000000382e-01
3.410000000000000253e-01
-3.332999999999999852e-01
-7.479999999999999982e-01
7.137000000000000011e-01
8.891000000000000014e-01
7.356000000000000316e-01
6.133999999999999453e-01
-4.707000000000000073e-01
-9.277999999999999581e-01
-2.169000000000000095e-01
-7.901000000000000245e-01
-6.930000000000000049e-02
-7.258999999999999897e-01
7.995999999999999774e-01
9.942999999999999616e-01
-5.506999999999999673e-01
-6.734999999999999876e-01
-2.869999999999999982e-02
2.227999999999999980e-01
-3.735999999999999877e-01
9.774000000000000465e-01
5.414999999999999813e-01
-8.481999999999999540e-01
7.191999999999999504e-01
-3.348999999999999755e-01
9.727000000000000091e-01
2.384000000000000008e-01
1.700000000000000122e-01
9.459999999999999520e-01
-6.889999999999999458e-01
9.426999999999999824e-01
4.600000000000000200e-01
5.010999999999999899e-01
5.866999999999999993e-01
-3.650999999999999801e-01
-3.486000000000000210e-01
-7.910000000000000364e-02
-2.381999999999999951e-01
-2.089000000000000024e-01
5.571000000000000396e-01
3.336999999999999966e-01
-9.615000000000000213e-01
7.400000000000000328e-03
-2.540999999999999925e-01
-9.446999999999999842e-01
-2.393000000000000127e-01
-7.829999999999999460e-02
-3.071999999999999731e-01
-5.063999999999999613e-01
-3.337999999999999856e-01
-3.442000000000000060e-01
8.250000000000000389e-02
-2.938000000000000056e-01
3.735999999999999877e-01
-6.615999999999999659e-01
4.973000000000000198e-01
-9.110000000000000042e-02
-5.485999999999999766e-01
-9.202000000000000179e-01
5.997000000000000108e-01
-1.789999999999999925e-02
-9.213000000000000078e-01
1.899999999999999953e-02
9.998000000000000220e-01
-8.450000000000000566e-02
7.758000000000000451e-01
5.330000000000000293e-01
1.567000000000000060e-01
-5.759999999999999565e-01
1.381999999999999895e-01
3.608999999999999986e-01
6.771000000000000352e-01
5.052999999999999714e-01
4.461999999999999855e-01
-8.820000000000000062e-01
-6.984000000000000208e-01
-7.599000000000000199e-01
-2.102999999999999869e-01
7.811000000000000165e-01
4.233000000000000096e-01
-8.454000000000000403e-01
6.980000000000000093e-02
2.487999999999999934e-01
-1.638000000000000012e-01
2.867999999999999994e-01
-8.556000000000000272e-01
-9.532000000000000473e-01
1.001999999999999974e-01
6.673999999999999932e-01
9.555000000000000160e-01
2.822000000000000064e-01
9.102999999999999980e-01
-9.912999999999999590e-01
-1.557999999999999940e-01
-8.413000000000000478e-01
6.443999999999999728e-01
-8.873999999999999666e-01
9.239999999999999603e-02
7.553999999999999604e-01
5.991999999999999549e-01
3.687000000000000277e-01
3.905000000000000138e-01
5.572000000000000286e-01
5.290000000000000258e-01
-6.225000000000000533e-01
-4.591000000000000081e-01
-3.739999999999999991e-01
4.839999999999999858e-02
-4.462999999999999745e-01
5.071999999999999842e-01
9.144999999999999796e-01
5.729999999999999538e-01
-1.005999999999999950e-01
9.949000000000000066e-01
-3.019000000000000017e-01
-3.724999999999999978e-01
-7.190999999999999615e-01
-7.876999999999999558e-01
-5.484999999999999876e-01
8.417000000000000037e-01
-6.454999999999999627e-01
7.603999999999999648e-01
7.449999999999999678e-02
1.175999999999999962e-01
-4.605000000000000204e-01
-9.650000000000000244e-02
-6.099999999999999867e-02
3.978999999999999759e-01
-5.584000000000000075e-01
1.890999999999999903e-01
6.435999999999999499e-01
-3.220000000000000084e-01
-3.149000000000000132e-01
9.689999999999999725e-01
-7.618000000000000327e-01
9.403000000000000247e-01
1.879000000000000115e-01
5.655999999999999917e-01
-3.312999999999999834e-01
3.422999999999999932e-01
-5.283999999999999808e-01
-1.242000000000000048e-01
-8.254000000000000226e-01
7.600000000000000089e-01
-5.753000000000000336e-01
-3.628000000000000114e-01
9.546000000000000041e-01
-4.667999999999999927e-01
-8.657000000000000250e-01
8.820000000000000062e-01
-8.541999999999999593e-01
3.645999999999999797e-01
5.505999999999999783e-01
-7.318000000000000060e-01
-7.561999999999999833e-01
-9.939999999999999947e-01
-6.290999999999999925e-01
-2.914999999999999813e-01
-9.743000000000000549e-01
6.156000000000000361e-01
5.769999999999999574e-01
1.353000000000000036e-01
9.656000000000000139e-01
-8.171000000000000485e-01
-8.559999999999999554e-02
1.839999999999999969e-02
6.441000000000000059e-01
