9.460000000000000353e-02
-4.395999999999999908e-01
-8.925999999999999490e-01
3.377999999999999892e-01
-8.480999999999999650e-01
1.778000000000000136e-01
-4.974000000000000088e-01
8.622999999999999554e-01
-4.739999999999999769e-01
-9.529999999999999583e-02
-4.208999999999999964e-01
1.323000000000000009e-01
1.580000000000000016e-01
9.979000000000000092e-01
-9.631999999999999451e-01
-9.193000000000000060e-01
-8.307999999999999829e-01
-6.911000000000000476e-01
2.958000000000000074e-01
2.887000000000000122e-01
5.877000000000000002e-01
5.584000000000000075e-01
1.466999999999999971e-01
7.673999999999999710e-01
-9.046999999999999487e-01
9.129000000000000448e-01
-5.986000000000000210e-01
5.202999999999999847e-01
-2.612999999999999767e-01
3.655999999999999805e-01
1.426999999999999935e-01
-2.129000000000000059e-01
3.350000000000000200e-01
-3.556000000000000272e-01
5.792000000000000481e-01
7.763999999999999790e-01
-3.043000000000000149e-01
6.857999999999999652e-01
-6.815999999999999837e-01
-6.069999999999999701e-02
-3.529999999999999805e-02
-9.684000000000000385e-01
-7.854999999999999760e-01
-7.717000000000000526e-01
6.844000000000000083e-01
8.951000000000000068e-01
9.092000000000000082e-01
-4.168000000000000038e-01
-8.146999999999999797e-01
7.916999999999999593e-01
-3.341999999999999971e-01
4.209999999999999853e-01
4.849999999999999867e-01
-8.701999999999999735e-01
7.022000000000000464e-01
-1.708999999999999964e-01
-4.324999999999999956e-01
-7.052000000000000490e-01
1.058000000000000052e-01
5.961999999999999522e-01
-6.370000000000000107e-01
5.413999999999999924e-01
7.324000000000000510e-01
6.049999999999999822e-02
-1.150000000000000050e-01
-6.304999999999999494e-01
-7.943999999999999950e-01
9.618999999999999773e-01
7.659000000000000252e-01
-7.846999999999999531e-01
-5.636999999999999789e-01
-3.010999999999999788e-01
-7.558000000000000274e-01
1.733999999999999986e-01
-4.606999999999999984e-01
-9.516999999999999904e-01
9.858999999999999986e-01
9.377999999999999670e-01
6.492999999999999883e-01
-4.898000000000000131e-01
7.965999999999999748e-01
3.204000000000000181e-01
8.444000000000000394e-01
7.510000000000000009e-02
4.753999999999999893e-01
-6.856999999999999762e-01
-5.415999999999999703e-01
-5.925000000000000266e-01
3.735999999999999877e-01
-5.102999999999999758e-01
8.663999999999999480e-01
-3.387000000000000011e-01
-2.116999999999999993e-01
6.370999999999999996e-01
9.031000000000000139e-01
6.444999999999999618e-01
-7.844999999999999751e-01
-6.691000000000000281e-01
1.643000000000000016e-01
3.689000000000000057e-01
-6.660000000000000364e-01
5.752000000000000446e-01
1.877999999999999947e-01
-2.290999999999999981e-01
-3.371999999999999997e-01
-3.901000000000000023e-01
-7.762999999999999901e-01
9.378999999999999559e-01
7.409999999999999920e-02
1.741999999999999937e-01
-1.791000000000000092e-01
1.820000000000000090e-02
-6.875999999999999890e-01
7.166000000000000147e-01
-3.519999999999999796e-01
-2.263999999999999901e-01
-9.494000000000000217e-01
7.045000000000000151e-01
-9.655000000000000249e-01
8.662999999999999590e-01
-8.899999999999999578e-02
1.375000000000000111e-01
5.079000000000000181e-01
2.212000000000000077e-01
-5.787999999999999812e-01
4.757000000000000117e-01
-8.646000000000000352e-01
-2.110000000000000070e-02
6.898999999999999577e-01
1.653000000000000025e-01
7.560000000000000053e-02
-7.039999999999999591e-01
-7.953000000000000069e-01
-3.438999999999999835e-01
8.469999999999999751e-01
5.489000000000000545e-01
5.167000000000000481e-01
1.542999999999999927e-01
-6.024000000000000465e-01
-5.725000000000000089e-01
5.373999999999999888e-01
1.267000000000000071e-01
-6.959999999999999520e-01
6.600000000000000311e-01
3.148000000000000242e-01
2.580999999999999961e-01
3.734999999999999987e-01
-6.661000000000000254e-01
1.683000000000000052e-01
-2.079000000000000015e-01
-1.373000000000000054e-01
-8.548999999999999932e-01
-7.349999999999999867e-01
4.966999999999999749e-01
-2.053000000000000103e-01
3.377999999999999892e-01
8.304000000000000270e-01
4.680000000000000132e-02
-6.844000000000000083e-01
-8.337999999999999856e-01
6.965999999999999970e-01
-7.050999999999999490e-01
6.394999999999999574e-01
-2.306999999999999884e-01
-7.470999999999999863e-01
-8.689000000000000057e-01
1.454000000000000015e-01
-5.772000000000000464e-01
9.239999999999999603e-02
-6.090999999999999748e-01
-4.838000000000000078e-01
1.754000000000000004e-01
-5.532000000000000250e-01
-4.782000000000000139e-01
-7.086000000000000076e-01
-3.582000000000000184e-01
8.518999999999999906e-01
-9.029000000000000359e-01
-7.136000000000000121e-01
-4.749999999999999778e-01
-3.915000000000000147e-01
-2.525999999999999912e-01
6.935999999999999943e-01
-6.761000000000000343e-01
-3.543999999999999928e-01
9.965000000000000524e-01
1.768000000000000127e-01
-5.150000000000000133e-01
2.394999999999999907e-01
-2.444999999999999951e-01
4.672000000000000042e-01
-3.714000000000000079e-01
8.398999999999999799e-01
-6.800000000000000488e-01
-7.681999999999999940e-01
6.573999999999999844e-01
-9.336999999999999744e-01
9.415000000000000036e-01
-5.000000000000000278e-02
8.799000000000000155e-01
7.539999999999999480e-02
-2.657999999999999807e-01
4.254999999999999893e-01
1.728999999999999981e-01
6.400000000000000307e-03
9.127999999999999448e-01
-8.893999999999999684e-01
2.626000000000000001e-01
3.965000000000000191e-01
6.868999999999999551e-01
2.247000000000000108e-01
-3.870999999999999996e-01
3.531000000000000250e-01
4.516000000000000014e-01
8.000000000000000167e-03
8.685000000000000497e-01
-4.495999999999999996e-01
-7.510000000000000009e-01
-5.735999999999999988e-01
6.561000000000000165e-01
-9.985000000000000542e-01
4.600000000000000200e-01
-8.709999999999999964e-01
4.479999999999999954e-02
-5.000000000000000000e-01
6.499999999999999702e-03
-7.324000000000000510e-01
9.429999999999999494e-01
1.542999999999999927e-01
1.837999999999999912e-01
-5.276999999999999469e-01
4.502999999999999781e-01
-2.132999999999999896e-01
8.279999999999999583e-01
-8.699999999999999400e-03
3.476000000000000201e-01
-3.039999999999999925e-01
6.525999999999999579e-01
-2.313999999999999946e-01
-1.048000000000000043e-01
7.356000000000000316e-01
-8.314000000000000279e-01
5.168000000000000371e-01
6.485999999999999543e-01
2.686000000000000054e-01
-8.740999999999999881e-01
-1.612000000000000099e-01
6.589000000000000412e-01
-5.142999999999999794e-01
-3.563999999999999946e-01
-1.990000000000000102e-02
5.521000000000000352e-01
8.706000000000000405e-01
5.735999999999999988e-01
7.695999999999999508e-01
6.212999999999999634e-01
-8.203000000000000291e-01
-9.567999999999999838e-01
2.793999999999999817e-01
2.679000000000000270e-01
-8.649999999999999911e-01
-7.369999999999999885e-01
-3.313999999999999724e-01
-4.278000000000000136e-01
-3.028000000000000136e-01
-6.219999999999999973e-01
-8.682999999999999607e-01
3.412999999999999923e-01
-1.784999999999999920e-01
9.925000000000000488e-01
2.585999999999999965e-01
-9.500000000000000111e-02
5.700000000000000205e-02
-4.107000000000000095e-01
-9.257999999999999563e-01
8.532999999999999474e-01
7.197999999999999954e-01
6.677999999999999492e-01
5.209000000000000297e-01
-9.303000000000000158e-01
-4.114999999999999769e-01
2.127000000000000002e-01
-9.577999999999999847e-01
2.137000000000000011e-01
6.118999999999999995e-01
7.451999999999999735e-01
