7.102000000000000535e-01
5.921999999999999487e-01
-4.152000000000000135e-01
9.619999999999999385e-02
-7.499000000000000110e-01
-3.189999999999999780e-02
7.966999999999999638e-01
4.991999999999999771e-01
-9.279999999999999361e-02
6.826999999999999735e-01
-7.711999999999999966e-01
1.270000000000000018e-01
-8.435000000000000275e-01
-9.637999999999999901e-01
5.659999999999999476e-01
-9.287999999999999590e-01
3.098000000000000198e-01
6.875999999999999890e-01
4.284999999999999920e-01
4.072000000000000064e-01
-8.971999999999999975e-01
5.967999999999999972e-01
-8.193000000000000282e-01
-8.094999999999999973e-01
2.076999999999999957e-01
-2.407999999999999863e-01
5.029999999999999749e-02
1.612999999999999989e-01
7.715999999999999526e-01
9.032999999999999918e-01
-5.446999999999999620e-01
6.432999999999999829e-01
-8.266000000000000014e-01
-8.355000000000000204e-01
2.889999999999999861e-02
-1.285000000000000031e-01
2.141000000000000125e-01
-2.469999999999999973e-01
-6.130999999999999783e-01
-6.656999999999999584e-01
-5.681000000000000494e-01
-1.983999999999999930e-01
9.633000000000000451e-01
9.711999999999999522e-01
-2.884999999999999787e-01
5.978999999999999870e-01
6.489000000000000323e-01
-8.189999999999999503e-01
4.500000000000000111e-01
1.582000000000000073e-01
-3.000000000000000062e-03
9.566999999999999948e-01
-5.000000000000000278e-02
8.216999999999999860e-01
8.300000000000000433e-02
-4.581999999999999962e-01
-8.124000000000000110e-01
-3.578999999999999959e-01
-8.021000000000000352e-01
-8.732999999999999652e-01
-5.000999999999999890e-01
3.080999999999999850e-01
3.472000000000000086e-01
7.255000000000000338e-01
1.569000000000000117e-01
