-9.404000000000000137e-01
7.004000000000000226e-01
-2.404999999999999916e-01
2.174000000000000099e-01
2.759999999999999953e-02
-8.871999999999999886e-01
1.690000000000000113e-01
-3.099999999999999978e-01
1.330000000000000071e-01
-5.254999999999999671e-01
1.409999999999999865e-01
-8.060000000000000497e-02
1.129000000000000004e-01
5.353999999999999870e-01
4.781000000000000250e-01
-5.967999999999999972e-01
5.574999999999999956e-01
5.577999999999999625e-01
8.555000000000000382e-01
8.968000000000000416e-01
-2.010000000000000120e-01
6.814000000000000057e-01
3.700000000000000164e-03
-1.580000000000000016e-01
3.533999999999999919e-01
-8.904999999999999583e-01
9.229999999999999316e-02
-2.877000000000000113e-01
-1.048000000000000043e-01
-8.686000000000000387e-01
-4.811000000000000276e-01
-3.536000000000000254e-01
6.998999999999999666e-01
-9.579999999999999627e-02
-4.269000000000000017e-01
1.754000000000000004e-01
6.560000000000000275e-01
3.331000000000000072e-01
1.287999999999999978e-01
9.314999999999999947e-01
4.838000000000000078e-01
3.235999999999999988e-01
-4.195999999999999730e-01
6.357000000000000428e-01
4.329999999999999960e-01
9.058000000000000496e-01
9.277999999999999581e-01
5.768999999999999684e-01
-3.380000000000000226e-01
1.008000000000000007e-01
1.335999999999999965e-01
-8.205999999999999961e-01
-3.328999999999999737e-01
2.081999999999999962e-01
5.127000000000000446e-01
-5.715999999999999970e-01
-4.586000000000000076e-01
1.434999999999999887e-01
9.818000000000000060e-01
6.483999999999999764e-01
2.761000000000000121e-01
-2.979999999999999871e-01
-4.843000000000000083e-01
4.124999999999999778e-01
-3.030999999999999805e-01
