7.355000000000000426e-01
9.537999999999999812e-01
-9.624000000000000332e-01
-3.311999999999999944e-01
1.340000000000000080e-01
-6.756999999999999673e-01
5.780999999999999472e-01
-9.600000000000000200e-02
3.794000000000000150e-01
-4.573999999999999733e-01
-8.052000000000000268e-01
5.872000000000000552e-01
-8.243000000000000327e-01
8.630999999999999783e-01
4.242000000000000215e-01
-3.548000000000000043e-01
-5.746999999999999886e-01
-1.370999999999999996e-01
5.854000000000000314e-01
-3.207999999999999741e-01
-7.185000000000000275e-01
8.181000000000000494e-01
7.178999999999999826e-01
-9.657999999999999918e-01
3.719999999999999696e-02
9.462000000000000410e-01
-3.327999999999999847e-01
-5.600000000000000117e-02
-6.672000000000000153e-01
5.503000000000000114e-01
2.983999999999999986e-01
-9.758999999999999897e-01
6.112999999999999545e-01
2.854999999999999760e-01
7.380999999999999783e-01
-9.636000000000000121e-01
-3.503999999999999893e-01
2.172999999999999932e-01
-9.125999999999999668e-01
-5.395999999999999686e-01
-7.922000000000000153e-01
6.390000000000000124e-01
-1.375000000000000111e-01
3.409999999999999837e-02
-4.017000000000000015e-01
-7.324000000000000510e-01
2.973000000000000087e-01
9.883999999999999453e-01
3.593000000000000083e-01
-5.290000000000000258e-01
-3.629999999999999893e-01
3.874000000000000221e-01
7.660000000000000142e-01
-3.185000000000000053e-01
3.750000000000000000e-01
8.417999999999999927e-01
-3.271999999999999909e-01
7.849000000000000421e-01
7.408000000000000140e-01
1.673000000000000043e-01
-3.018000000000000127e-01
-2.554000000000000159e-01
3.066999999999999726e-01
-4.199999999999999740e-03
-7.259999999999999787e-01
