-1.288999999999999868e-01
-4.057999999999999940e-01
-9.668999999999999817e-01
-4.894999999999999907e-01
4.658999999999999808e-01
-1.226000000000000006e-01
-1.980000000000000093e-01
-9.920999999999999819e-01
-2.429999999999999868e-02
-2.505999999999999894e-01
-4.212000000000000188e-01
5.010000000000000009e-01
-3.179000000000000159e-01
-1.428000000000000103e-01
-4.867000000000000215e-01
-4.571999999999999953e-01
4.555000000000000160e-01
-2.489000000000000101e-01
3.065999999999999837e-01
-2.809999999999999998e-02
-1.905999999999999917e-01
-2.983999999999999986e-01
5.702000000000000401e-01
-3.039999999999999925e-01
4.949999999999999956e-01
5.934000000000000385e-01
5.401000000000000245e-01
2.943999999999999950e-01
1.363000000000000045e-01
-1.842999999999999916e-01
-5.648999999999999577e-01
6.892000000000000348e-01
8.598999999999999977e-01
8.186999999999999833e-01
4.728999999999999870e-01
-9.717999999999999972e-01
-6.899999999999999467e-01
8.451999999999999513e-01
7.013000000000000345e-01
2.142999999999999905e-01
8.741999999999999771e-01
-2.681999999999999940e-01
-8.038999999999999480e-01
2.580000000000000071e-01
-8.239999999999999547e-01
-5.191999999999999948e-01
-1.466999999999999971e-01
-7.106000000000000094e-01
9.082000000000000073e-01
-6.955999999999999961e-01
2.640000000000000124e-01
2.675000000000000155e-01
-8.807000000000000384e-01
5.073999999999999622e-01
-3.315000000000000169e-01
-6.639000000000000457e-01
-1.461000000000000076e-01
4.677000000000000046e-01
6.082999999999999519e-01
-4.333000000000000185e-01
9.482000000000000428e-01
-8.394000000000000350e-01
-4.939000000000000057e-01
6.072999999999999510e-01
-5.362999999999999989e-01
