1.716000000000000025e-01
6.680000000000000382e-01
-4.655000000000000249e-01
-8.293000000000000371e-01
6.488000000000000433e-01
3.847999999999999754e-01
-2.442000000000000004e-01
7.774999999999999689e-01
7.465000000000000524e-01
8.147999999999999687e-01
-4.425000000000000044e-01
5.114999999999999547e-01
1.307000000000000106e-01
-3.039999999999999994e-02
2.743999999999999773e-01
-3.870999999999999996e-01
-2.263999999999999901e-01
-4.863999999999999990e-01
-4.041000000000000147e-01
-3.755999999999999894e-01
-3.544999999999999818e-01
7.816999999999999504e-01
8.000000000000000444e-01
-8.656000000000000361e-01
8.275000000000000133e-01
-1.552999999999999936e-01
5.494999999999999885e-01
2.440000000000000155e-02
9.999000000000000110e-01
-7.389999999999999347e-02
-4.285999999999999810e-01
-5.097000000000000419e-01
-9.818000000000000060e-01
-5.000000000000000000e-01
8.851999999999999869e-01
-6.631000000000000227e-01
-8.529999999999999805e-01
2.396999999999999964e-01
-6.693999999999999950e-01
-5.625000000000000000e-01
6.082999999999999519e-01
-3.985000000000000209e-01
6.266000000000000458e-01
3.734999999999999987e-01
-3.874000000000000221e-01
-7.306000000000000272e-01
6.569999999999999452e-02
-4.917000000000000259e-01
-8.669999999999999929e-01
-4.823000000000000065e-01
1.799000000000000044e-01
6.544999999999999707e-01
-6.978999999999999648e-01
2.680000000000000090e-02
-4.375999999999999890e-01
-8.766000000000000458e-01
-3.659000000000000030e-01
-4.381999999999999784e-01
-4.541000000000000036e-01
-4.067000000000000060e-01
-1.199999999999999956e-01
6.160000000000000198e-02
-1.504999999999999949e-01
6.202999999999999625e-01
5.704000000000000181e-01
