-7.614999999999999547e-01
1.603999999999999870e-01
4.697999999999999954e-01
1.080000000000000057e-02
2.283000000000000029e-01
7.689999999999999614e-02
8.229999999999999538e-01
7.617000000000000437e-01
-5.533000000000000140e-01
9.318999999999999506e-01
1.844000000000000083e-01
5.934000000000000385e-01
-3.442000000000000060e-01
4.006000000000000116e-01
4.375999999999999890e-01
-9.499999999999999556e-01
-1.176999999999999991e-01
1.155999999999999944e-01
-8.518999999999999906e-01
-4.642999999999999905e-01
-2.454000000000000070e-01
2.626000000000000001e-01
-5.084999999999999520e-01
-8.528999999999999915e-01
-9.144999999999999796e-01
7.679000000000000270e-01
6.868999999999999551e-01
4.210999999999999743e-01
-5.430000000000000104e-02
-2.272000000000000131e-01
5.750999999999999446e-01
9.717999999999999972e-01
-4.146000000000000241e-01
1.491999999999999993e-01
2.780000000000000249e-01
-7.639000000000000234e-01
-4.692000000000000060e-01
7.211999999999999522e-01
9.516999999999999904e-01
-5.988999999999999879e-01
-5.759999999999999842e-02
3.330000000000000321e-02
6.683000000000000052e-01
9.074999999999999734e-01
-3.034999999999999920e-01
-1.282999999999999974e-01
-2.650000000000000133e-01
5.767999999999999794e-01
-3.037000000000000255e-01
9.459999999999999520e-01
8.089999999999999969e-02
-6.500000000000000222e-02
4.022000000000000020e-01
4.999000000000000110e-01
2.666000000000000036e-01
-3.916999999999999926e-01
2.706999999999999962e-01
6.132999999999999563e-01
1.150000000000000050e-01
-1.557000000000000051e-01
2.917000000000000148e-01
-1.978000000000000036e-01
-8.567000000000000171e-01
-6.088999999999999968e-01
-8.867000000000000437e-01
