3.200000000000000153e-03
-9.970999999999999863e-01
4.859999999999999737e-02
3.911999999999999922e-01
6.262999999999999678e-01
6.629999999999999782e-02
6.067000000000000171e-01
3.563999999999999946e-01
-1.063000000000000056e-01
6.826999999999999735e-01
-9.180000000000000659e-02
8.649000000000000021e-01
-3.210999999999999965e-01
-3.801999999999999824e-01
-4.400000000000000265e-03
9.038000000000000478e-01
7.280000000000000360e-02
-6.824000000000000066e-01
7.499000000000000110e-01
-9.743000000000000549e-01
9.669999999999999429e-02
-3.211999999999999855e-01
2.819999999999999729e-01
-9.947000000000000286e-01
-7.512999999999999678e-01
-2.470999999999999863e-01
5.627999999999999670e-01
6.068999999999999950e-01
5.489999999999999741e-02
-7.430000000000000493e-02
8.555000000000000382e-01
1.416000000000000036e-01
-8.732999999999999652e-01
4.627000000000000002e-01
1.799999999999999864e-02
-5.522000000000000242e-01
-7.516000000000000458e-01
-7.850000000000000311e-01
5.829999999999999627e-01
9.032000000000000028e-01
8.931000000000000050e-01
-1.126999999999999946e-01
-1.691999999999999893e-01
-9.794000000000000483e-01
-8.689000000000000057e-01
2.697999999999999843e-01
5.069000000000000172e-01
8.203000000000000291e-01
8.598000000000000087e-01
-5.508999999999999453e-01
-6.512999999999999901e-01
-1.970000000000000084e-01
9.123999999999999888e-01
8.173000000000000265e-01
7.209999999999999742e-02
-2.520999999999999908e-01
-9.768000000000000016e-01
-3.385000000000000231e-01
-1.421000000000000041e-01
-9.267999999999999572e-01
6.957999999999999741e-01
-2.550999999999999934e-01
-2.172000000000000042e-01
1.933999999999999886e-01
-6.130000000000000032e-02
