1.343000000000000027e-01
-7.004000000000000226e-01
7.859000000000000430e-01
8.879000000000000226e-01
9.678999999999999826e-01
4.052000000000000046e-01
8.006999999999999673e-01
-9.220000000000000417e-01
9.431000000000000494e-01
3.025999999999999801e-01
-7.814999999999999725e-01
9.835000000000000409e-01
1.010999999999999954e-01
-9.118000000000000549e-01
-2.371000000000000052e-01
1.348999999999999921e-01
-1.937000000000000111e-01
5.070000000000000062e-01
3.529999999999999805e-02
-9.009000000000000341e-01
1.655999999999999972e-01
-1.378999999999999948e-01
-4.857000000000000206e-01
-1.789999999999999925e-02
-9.600000000000000200e-02
4.585000000000000187e-01
4.711000000000000187e-01
2.693999999999999728e-01
5.133999999999999675e-01
9.805000000000000382e-01
-2.179999999999999993e-02
-7.489000000000000101e-01
-2.411000000000000087e-01
-9.019000000000000350e-01
-5.788999999999999702e-01
-1.514000000000000068e-01
-9.050000000000000266e-01
2.521999999999999797e-01
6.289999999999999758e-02
4.046000000000000152e-01
3.941000000000000059e-01
-2.192999999999999949e-01
-9.125999999999999668e-01
-8.698000000000000176e-01
-9.229000000000000536e-01
-3.972999999999999865e-01
4.008999999999999786e-01
-7.719000000000000306e-01
-8.690999999999999837e-01
-9.499999999999999556e-01
7.129999999999999671e-01
9.130000000000000338e-01
2.434999999999999942e-01
-5.252999999999999892e-01
1.504000000000000059e-01
-1.057000000000000023e-01
-1.150999999999999940e-01
8.189999999999999503e-01
2.809999999999999998e-02
-1.353000000000000036e-01
5.602000000000000313e-01
-8.742999999999999661e-01
9.254000000000000004e-01
-3.379999999999999671e-02
-6.667999999999999483e-01
