-6.975000000000000089e-01
1.247000000000000053e-01
-3.312999999999999834e-01
-1.580999999999999905e-01
-9.072000000000000064e-01
-5.029000000000000137e-01
2.636999999999999900e-01
-4.446999999999999842e-01
-4.166000000000000258e-01
2.898999999999999910e-01
7.914999999999999813e-01
-8.127999999999999670e-01
3.760000000000000148e-02
-5.064999999999999503e-01
-8.633999999999999453e-01
2.506999999999999784e-01
6.926999999999999824e-01
-7.469999999999999973e-01
6.171999999999999709e-01
6.329000000000000181e-01
6.217000000000000304e-01
7.662999999999999812e-01
3.397999999999999909e-01
7.139999999999999680e-01
7.100999999999999535e-01
-2.066999999999999948e-01
7.267000000000000126e-01
1.625999999999999945e-01
-2.240999999999999936e-01
-8.348999999999999755e-01
-1.510000000000000057e-02
-2.144999999999999962e-01
6.531000000000000139e-01
9.264999999999999902e-01
-8.379999999999999949e-02
-7.439999999999999392e-02
6.787999999999999590e-01
6.340999999999999970e-01
-3.405000000000000249e-01
3.095999999999999863e-01
6.451000000000000068e-01
8.113000000000000211e-01
9.834000000000000519e-01
-1.995000000000000107e-01
5.253999999999999782e-01
7.389999999999999347e-02
2.154000000000000081e-01
9.074999999999999734e-01
6.780000000000000471e-01
1.908999999999999864e-01
-1.653999999999999915e-01
-1.208000000000000046e-01
-8.016999999999999682e-01
-3.116999999999999771e-01
7.499999999999999722e-02
3.910000000000000142e-01
-6.421000000000000041e-01
7.177000000000000046e-01
-6.983000000000000318e-01
-7.984999999999999876e-01
8.806000000000000494e-01
-2.829999999999999877e-02
6.119999999999999885e-01
9.464000000000000190e-01
8.279999999999999860e-02
