1.327000000000000124e-01
4.097999999999999976e-01
-7.093000000000000416e-01
9.829999999999999849e-01
4.146000000000000241e-01
7.547000000000000375e-01
1.549999999999999989e-02
8.892999999999999794e-01
7.630000000000000115e-01
-8.872999999999999776e-01
-6.842000000000000304e-01
-4.994999999999999996e-01
4.839999999999999858e-01
-8.629000000000000004e-01
7.429000000000000048e-01
6.530000000000000249e-01
-3.048000000000000154e-01
-9.821999999999999620e-01
-4.848000000000000087e-01
3.729000000000000092e-01
-3.049999999999999933e-01
5.290000000000000258e-02
-5.354999999999999760e-01
-3.886999999999999900e-01
-2.321000000000000008e-01
6.783000000000000140e-01
-9.818000000000000060e-01
-5.569999999999999951e-02
7.850000000000000033e-02
7.639999999999999569e-02
2.625000000000000111e-01
-3.158000000000000251e-01
-6.778999999999999471e-01
6.337000000000000410e-01
9.766000000000000236e-01
-6.441999999999999948e-01
4.511000000000000010e-01
-9.569999999999999341e-02
-1.386000000000000010e-01
9.147999999999999465e-01
-7.517000000000000348e-01
5.599999999999999943e-03
2.341999999999999915e-01
-2.576999999999999846e-01
-3.533000000000000029e-01
3.216999999999999860e-01
-4.046000000000000152e-01
3.412000000000000033e-01
1.955000000000000071e-01
3.680999999999999828e-01
-6.090000000000000274e-02
-3.488999999999999879e-01
2.439999999999999947e-01
-1.060999999999999999e-01
-6.780000000000000471e-01
-9.404000000000000137e-01
1.463000000000000134e-01
-9.683000000000000496e-01
-8.518000000000000016e-01
6.771000000000000352e-01
3.199000000000000177e-01
-7.197999999999999954e-01
-2.359999999999999876e-01
4.516999999999999904e-01
-6.364999999999999547e-01
