-9.982999999999999652e-01
5.568999999999999506e-01
-5.927999999999999936e-01
-8.769000000000000128e-01
4.510000000000000120e-02
-1.597000000000000086e-01
7.260999999999999677e-01
6.099999999999999867e-02
3.242999999999999772e-01
6.622000000000000108e-01
-3.593999999999999972e-01
-9.794000000000000483e-01
4.063999999999999835e-01
3.921999999999999931e-01
-2.139999999999999958e-01
-4.581999999999999962e-01
6.522000000000000020e-01
-5.840999999999999526e-01
-5.410000000000000225e-02
3.699999999999999956e-01
-2.129999999999999949e-01
3.559999999999999970e-02
2.197000000000000064e-01
-2.316000000000000003e-01
-3.391000000000000125e-01
-1.907000000000000084e-01
3.479999999999999760e-01
5.419999999999999818e-02
8.971999999999999975e-01
-7.883000000000000007e-01
7.399000000000000021e-01
-7.599999999999999811e-02
-9.859999999999999876e-01
-3.131999999999999784e-01
-7.619000000000000217e-01
-8.177999999999999714e-01
7.450999999999999845e-01
-9.771999999999999575e-01
-8.020000000000000462e-01
2.545000000000000040e-01
4.348000000000000198e-01
-3.057000000000000273e-01
5.404999999999999805e-01
-4.890999999999999792e-01
4.491999999999999882e-01
-1.721999999999999920e-01
2.780000000000000249e-01
2.932000000000000162e-01
-6.774000000000000021e-01
-1.366999999999999882e-01
7.831000000000000183e-01
2.225999999999999923e-01
-4.800000000000000100e-02
3.763000000000000234e-01
6.820000000000000506e-01
4.213999999999999968e-01
-9.820999999999999730e-01
-2.010000000000000120e-01
1.981999999999999873e-01
-2.006999999999999895e-01
-3.624999999999999889e-01
-9.419999999999999485e-01
7.123000000000000442e-01
-8.298999999999999710e-01
-9.157999999999999474e-01
